# n  list(x)  list(y)
13    4    5    6    7    8    9   10   11   12   13   14   15   17    4   97  468  587  539  382  201  118   58   29   10    5    2
10    4    5    6    7    8    9   10   11   12   13    5  146  509  573  523  354  189  110   49   17
10    3    4    5    6    7    8    9   10   11   12    1   22  180  524  582  497  328  181   99   36
10    3    4    5    6    7    8    9   10   11   12    2   30  219  541  580  493  299  170   86    5
 9    3    4    5    6    7    8    9   10   11    2   48  255  570  552  479  279  155   60
 9    3    4    5    6    7    8    9   10   11    4   59  292  583  547  470  260  135   25
 8    3    4    5    6    7    8    9   10    6   75  343  577  543  444  244  118
 9    2    3    4    5    6    7    8    9   10    1    9   96  377  572  548  420  222   80
 9    2    3    4    5    6    7    8    9   10    1   16  121  398  571  545  414  193   41
 9    2    3    4    5    6    7    8    9   10    1   21  142  427  579  551  368  179    7
 8    2    3    4    5    6    7    8    9    1   29  177  454  568  530  342  149
 8    2    3    4    5    6    7    8    9    2   40  202  471  581  497  328  104
 8    2    3    4    5    6    7    8    9    3   51  224  489  594  479  295   65
 8    2    3    4    5    6    7    8    9    3   64  243  511  611  449  268   26
 7    2    3    4    5    6    7    8    5   73  279  522  608  429  234
 8    1    2    3    4    5    6    7    8    1    9   88  304  534  599  405  185
 8    1    2    3    4    5    6    7    8    3   13  106  337  534  583  377  147
 8    1    2    3    4    5    6    7    8    4   21  123  365  541  560  350  111
 8    1    2    3    4    5    6    7    8    5   30  130  389  565  542  322   67
 8    1    2    3    4    5    6    7    8    6   35  145  427  567  519  298   28
 7    1    2    3    4    5    6    7    6   39  169  450  587  485  264
 7    1    2    3    4    5    6    7    7   44  207  471  570  448  228
 7    1    2    3    4    5    6    7   10   57  222  501  559  412  189
 7    1    2    3    4    5    6    7   15   74  244  503  553  390  146
 7    1    2    3    4    5    6    7   15   82  263  527  550  362   98
 7    1    2    3    4    5    6    7   17   97  288  543  537  328   62
 7    1    2    3    4    5    6    7   19  117  310  557  515  305   24
 6    1    2    3    4    5    6   22  130  350  553  496  271
 6    1    2    3    4    5    6   25  159  380  535  461  237
 6    1    2    3    4    5    6   31  177  397  539  432  193
 6    1    2    3    4    5    6   44  190  419  534  403  153
 6    1    2    3    4    5    6   53  209  435  529  388  103
 6    1    2    3    4    5    6   62  228  456  528  350   67
 6    1    2    3    4    5    6   72  243  475  533  317   25
 5    1    2    3    4    5   83  265  488  529  275
 5    1    2    3    4    5  101  287  490  492  241
 5    1    2    3    4    5  115  313  493  457  204
 5    1    2    3    4    5  135  334  484  427  171
 5    1    2    3    4    5  149  360  482  407  125
 5    1    2    3    4    5  171  369  489  380   84
 5    1    2    3    4    5  183  392  500  346   43
 5    1    2    3    4    5  202  426  496  301   14
 4    1    2    3    4  210  431  472  270
 4    1    2    3    4  197  408  415  230
 4    1    2    3    4  176  354  352  196
 4    1    2    3    4  157  323  317  156
 4    1    2    3    4  115  225  243  110
 4    1    2    3    4  108  204  200   74
 4    1    2    3    4   86  159  142   37
 3    1    2    3   47   68   63
 3    1    2    3   47   68   63
 3    1    2    3   47   68   63
 3    1    2    3   45   66   61
 3    1    2    3   31   50   45
 3    1    2    3   24   30   28
 3    1    2    3   12   12   14
 3    1    2    3    4    9    2
 2    1    2    2    7
 2    1    2    2    7
 2    1    2    2    7
 2    1    2    2    7
 2    1    2    2    7
 2    1    2    2    7
 2    1    2    2    4
