# n  list(x)  list(y)
19    4    5    6    7    8    9   10   11   12   13   14   15   16   17   18   19   20   22   30    4  116  712  536  386  258  183  106   68   45   24   26   10    9    8    2    5    1    1
19    4    5    6    7    8    9   10   11   12   13   14   15   16   17   18   19   20   21   30   12  162  693  520  372  252  176  101   57   45   26   26    7    9    8    4    3    1    1
18    4    5    6    7    8    9   10   11   12   13   14   15   16   17   18   19   20   30   21  178  700  512  356  244  168   97   56   39   25   23    9    7    7    4    3    1
19    3    4    5    6    7    8    9   10   11   12   13   14   15   16   17   18   19   20   30    1   33  200  677  502  353  237  160   92   55   37   27   21    8    8    7    4    2    1
19    3    4    5    6    7    8    9   10   11   12   13   14   15   16   17   18   19   20   29    3   46  226  665  479  344  238  148   88   54   35   26   20    8    8    5    4    2    1
19    3    4    5    6    7    8    9   10   11   12   13   14   15   16   17   18   19   20   29    2   65  266  640  461  341  225  137   87   49   35   23   18   10    4    6    3    2    1
19    3    4    5    6    7    8    9   10   11   12   13   14   15   16   17   18   19   20   28    2   77  297  624  452  327  218  132   81   49   27   23   16   11    4    5    3    1    1
19    3    4    5    6    7    8    9   10   11   12   13   14   15   16   17   18   19   20   28    5   87  328  606  437  318  207  121   86   44   23   24   16    9    6    4    2    1    1
19    3    4    5    6    7    8    9   10   11   12   13   14   15   16   17   18   19   20   28    9   98  352  604  419  306  193  115   83   41   22   22   16    8    7    2    1    1    1
19    3    4    5    6    7    8    9   10   11   12   13   14   15   16   17   18   19   20   27   10  112  372  593  412  289  181  111   78   40   22   20   17    8    6    1    1    1    1
19    3    4    5    6    7    8    9   10   11   12   13   14   15   16   17   18   19   20   27   15  123  391  582  399  268  183  102   77   36   23   22   11    9    5    1    1    1    1
19    3    4    5    6    7    8    9   10   11   12   13   14   15   16   17   18   19   20   25   20  142  397  565  393  259  174   97   73   38   21   18   13    6    5    1    1    1    1
19    2    3    4    5    6    7    8    9   10   11   12   13   14   15   16   17   18   19   25    1   24  156  407  552  384  255  160   92   69   39   18   19   10    7    3    1    2    1
19    2    3    4    5    6    7    8    9   10   11   12   13   14   15   16   17   18   19   23    1   36  174  413  532  365  254  147   91   65   38   18   17   13    5    2    1    2    1
19    2    3    4    5    6    7    8    9   10   11   12   13   14   15   16   17   18   19   23    3   42  189  417  509  371  228  148   89   62   38   15   17   12    6    1    1    1    1
19    2    3    4    5    6    7    8    9   10   11   12   13   14   15   16   17   18   19   23    4   45  210  411  499  364  213  151   78   63   35   18   16    9    5    1    1    1    1
19    2    3    4    5    6    7    8    9   10   11   12   13   14   15   16   17   18   19   23    6   53  219  413  494  350  204  144   78   56   36   16   13    9    5    1    1    1    1
18    2    3    4    5    6    7    8    9   10   11   12   13   14   15   16   17   19   23    7   61  234  408  487  340  198  133   78   51   35   14   12    9    4    2    1    1
18    2    3    4    5    6    7    8    9   10   11   12   13   14   15   16   17   19   23    9   68  243  402  483  327  193  129   73   45   37   12   13   11    1    2    1    1
18    1    2    3    4    5    6    7    8    9   10   11   12   13   14   15   16   18   23    1   10   72  254  429  460  303  188  121   71   42   35   13   12   10    2    1    1
18    1    2    3    4    5    6    7    8    9   10   11   12   13   14   15   16   18   22    1   13   85  272  417  460  278  184  113   70   37   32   13   13    8    2    1    1
18    1    2    3    4    5    6    7    8    9   10   11   12   13   14   15   16   18   21    3   16   98  281  412  441  264  188  100   70   35   30   16   10    7    2    1    1
17    1    2    3    4    5    6    7    8    9   10   11   12   13   14   15   18   21    4   23   97  293  416  424  257  183   87   70   35   28   14    8    9    1    1
17    1    2    3    4    5    6    7    8    9   10   11   12   13   14   15   18   21    5   24  110  306  424  395  247  179   77   66   37   26   13    6    8    1    1
17    1    2    3    4    5    6    7    8    9   10   11   12   13   14   15   18   21    5   28  120  314  422  380  240  164   80   63   33   23   12    7    7    1    1
17    1    2    3    4    5    6    7    8    9   10   11   12   13   14   15   18   20    6   29  133  316  421  364  243  153   77   53   31   23   11    7    6    1    1
17    1    2    3    4    5    6    7    8    9   10   11   12   13   14   15   18   19    6   35  145  325  420  352  227  144   72   51   26   24    9    6    6    1    1
17    1    2    3    4    5    6    7    8    9   10   11   12   13   14   15   17   19    9   38  158  326  418  335  224  133   65   49   23   27    6    7    5    1    1
17    1    2    3    4    5    6    7    8    9   10   11   12   13   14   15   17   19    9   41  170  321  409  338  217  114   68   45   24   24    6    7    5    1    1
17    1    2    3    4    5    6    7    8    9   10   11   12   13   14   15   17   19   10   47  180  328  403  339  192  102   66   43   25   20    8    6    4    1    1
17    1    2    3    4    5    6    7    8    9   10   11   12   13   14   15   17   19   12   51  196  327  402  318  181  103   61   40   20   19   10    4    4    1    1
17    1    2    3    4    5    6    7    8    9   10   11   12   13   14   15   17   19   14   61  203  324  397  311  172   97   57   33   21   18   10    3    2    1    1
17    1    2    3    4    5    6    7    8    9   10   11   12   13   14   15   17   19   16   65  222  325  384  299  167   86   51   31   21   19    7    3    2    1    1
17    1    2    3    4    5    6    7    8    9   10   11   12   13   14   15   17   19   17   70  229  323  379  288  157   81   50   30   19   18    7    3    2    1    1
17    1    2    3    4    5    6    7    8    9   10   11   12   13   14   15   17   19   17   79  242  316  386  268  144   77   44   31   20   15    5    2    2    1    1
17    1    2    3    4    5    6    7    8    9   10   11   12   13   14   15   17   19   18   84  255  316  387  243  137   68   43   33   17   13    6    2    1    1    1
17    1    2    3    4    5    6    7    8    9   10   11   12   13   14   15   17   18   22   91  263  326  355  236  133   69   36   29   17   13    6    1    1    1    1
17    1    2    3    4    5    6    7    8    9   10   11   12   13   14   15   17   18   23  110  256  326  337  233  122   66   37   27   15   13    6    1    1    1    1
17    1    2    3    4    5    6    7    8    9   10   11   12   13   14   15   16   18   26  120  262  330  323  221  114   64   29   24   19    8    6    1    1    1    1
17    1    2    3    4    5    6    7    8    9   10   11   12   13   14   15   16   18   31  127  271  316  312  215  108   63   29   18   17   11    3    1    1    1    1
16    1    2    3    4    5    6    7    8    9   10   11   12   13   15   16   18   35  133  277  321  290  207  103   55   28   19   16   11    2    1    1    1
15    1    2    3    4    5    6    7    8    9   10   11   12   13   15   18   43  139  273  326  280  191   97   54   25   19   15    9    2    1    1
15    1    2    3    4    5    6    7    8    9   10   11   12   13   15   18   44  139  273  331  266  189   87   51   22   17   16    8    1    1    1
14    1    2    3    4    5    6    7    8    9   10   11   12   13   17   49  139  275  332  259  173   86   45   21   20   11    8    2    1
14    1    2    3    4    5    6    7    8    9   10   11   12   13   17   54  145  273  327  247  162   82   43   23   19   10    7    2    1
14    1    2    3    4    5    6    7    8    9   10   11   12   13   17   57  144  280  316  239  158   76   39   21   19   10    6    2    1
14    1    2    3    4    5    6    7    8    9   10   11   12   13   17   63  154  274  309  235  148   69   34   21   17    9    6    2    1
14    1    2    3    4    5    6    7    8    9   10   11   12   13   17   67  166  269  308  223  134   67   33   19   13    9    7    1    1
14    1    2    3    4    5    6    7    8    9   10   11   12   13   17   66  174  266  304  219  123   63   29   20    9   10    5    1    1
14    1    2    3    4    5    6    7    8    9   10   11   12   13   15   70  182  259  298  219  104   60   28   20    9    8    5    1    1
14    1    2    3    4    5    6    7    8    9   10   11   12   13   15   79  189  254  294  202   96   56   28   17    8    8    4    1    1
14    1    2    3    4    5    6    7    8    9   10   11   12   13   14   85  197  261  270  197   89   48   25   16    9    6    4    1    1
13    1    2    3    4    5    6    7    8    9   10   11   12   13   88  202  270  242  195   81   45   22   15    5    7    3    2
13    1    2    3    4    5    6    7    8    9   10   11   12   13   91  213  262  243  174   79   42   21   11    5    7    3    1
13    1    2    3    4    5    6    7    8    9   10   11   12   13   92  214  253  247  159   73   39   20   10    8    4    3    1
12    1    2    3    4    5    6    7    8    9   10   11   12   96  220  254  237  145   71   34   16   11    6    2    4
12    1    2    3    4    5    6    7    8    9   10   11   12   97  230  251  225  134   67   31   15    8    7    1    4
12    1    2    3    4    5    6    7    8    9   10   11   12  109  233  240  212  126   62   30   12   10    4    1    4
12    1    2    3    4    5    6    7    8    9   10   11   12  111  241  228  200  114   58   25   11    9    4    1    4
12    1    2    3    4    5    6    7    8    9   10   11   12  110  239  222  192  104   53   23   10    8    5    1    2
12    1    2    3    4    5    6    7    8    9   10   11   12  114  236  214  191   97   42   25    9    5    5    1    2
12    1    2    3    4    5    6    7    8    9   10   11   12  122  228  217  179   81   39   24    7    6    4    2    1
12    1    2    3    4    5    6    7    8    9   10   11   12  119  238  207  167   74   37   21    7    7    3    2    1
11    1    2    3    4    5    6    7    8    9   10   11  124  235  195  160   59   39   19    6    6    3    3
11    1    2    3    4    5    6    7    8    9   10   11  126  219  187  145   57   35   16    6    7    3    1
11    1    2    3    4    5    6    7    8    9   10   11  120  225  175  141   46   30   17    5    5    3    1
11    1    2    3    4    5    6    7    8    9   10   11  124  218  168  126   44   29   13    6    4    2    1
10    1    2    3    4    5    6    7    8    9   10  126  219  158  111   42   27    8    6    4    2
10    1    2    3    4    5    6    7    8    9   10  127  221  152  105   37   21    6    6    2    2
10    1    2    3    4    5    6    7    8    9   10  132  208  146   97   33   19    5    6    2    1
 9    1    2    3    4    5    6    7    8    9  127  203  140   91   33   12    4    7    2
 9    1    2    3    4    5    6    7    8    9  130  203  132   79   24   11    5    6    1
 8    1    2    3    4    5    6    7    8  125  182  129   71   16    9    6    5
 8    1    2    3    4    5    6    7    8  124  181  114   63   17    7    7    2
 8    1    2    3    4    5    6    7    8  112  172  105   56   17    6    4    2
 7    1    2    3    4    5    6    7  115  165   99   42   12    8    4
 7    1    2    3    4    5    6    7   93  133   80   30    9    7    4
 7    1    2    3    4    5    6    7   75  105   66   22    9    4    4
 7    1    2    3    4    5    6    7   63   91   54   19    7    4    4
 7    1    2    3    4    5    6    7   62   75   45   14    7    4    2
 6    1    2    3    4    5    6   49   71   34   12    5    5
 6    1    2    3    4    5    6   46   67   30   13    4    4
 4    1    2    3    4   17   26   13    3
 4    1    2    3    4   13   25   11    1
 4    1    2    3    4    9   22    7    1
 4    1    2    3    4    9   21    5    1
 3    1    2    3    6   17    4
 3    1    2    3    5   11    3
 5    1    2    3    4    6    5    5    3    1    1
 3    1    2    3    3   10    1
 3    1    2    5    5    2    1
 3    1    2    3    3    4    1
 3    1    2    4    4    2    1
 3    1    2    4    4    2    1
 3    1    2    3    3    2    1
 3    1    2    3    3    2    1
 3    1    2    3    3    2    1
 3    1    2    3    3    2    1
