# n  list(x)  list(y)
18    4    5    6    7    8    9   10   11   12   13   14   15   16   17   18   19   20   21    4  127  708  541  378  240  171  112   78   59   25   26    6   14    3    5    1    2
18    4    5    6    7    8    9   10   11   12   13   14   15   16   17   18   19   20   21   10  155  708  516  372  234  163  112   73   53   24   25    9   10    3    5    1    2
18    3    4    5    6    7    8    9   10   11   12   13   14   15   16   17   18   19   21    1   20  189  693  487  365  229  168  107   68   46   25   23    8   10    3    6    2
19    3    4    5    6    7    8    9   10   11   12   13   14   15   16   17   18   19   20   21    3   28  213  685  478  348  222  167  102   60   48   23   20    9    8    4    5    1    1
19    3    4    5    6    7    8    9   10   11   12   13   14   15   16   17   18   19   20   21    4   40  240  663  474  332  218  159   97   59   48   22   16   13    4    5    4    1    1
18    3    4    5    6    7    8    9   10   11   12   13   14   15   16   17   18   19   21    5   56  257  654  459  315  222  157   84   59   45   20   15   12    4    6    4    1
18    3    4    5    6    7    8    9   10   11   12   13   14   15   16   17   18   19   20    9   66  283  633  453  306  216  149   85   56   36   22   12    9    5    6    3    1
18    3    4    5    6    7    8    9   10   11   12   13   14   15   16   17   18   19   20   14   80  305  624  438  293  216  135   80   54   32   21    9   12    3    5    3    1
18    3    4    5    6    7    8    9   10   11   12   13   14   15   16   17   18   19   20   16   90  327  611  429  286  212  124   72   50   37   16    8   10    5    4    2    1
18    3    4    5    6    7    8    9   10   11   12   13   14   15   16   17   18   19   20   22   90  366  581  422  279  203  114   77   42   36   14    8   10    6    2    2    1
18    3    4    5    6    7    8    9   10   11   12   13   14   15   16   17   18   19   20   25  109  384  572  399  266  200  112   67   42   34   12    8   10    5    2    2    1
19    2    3    4    5    6    7    8    9   10   11   12   13   14   15   16   17   18   19   20    3   24  127  412  541  397  252  184  111   63   44   27   14    7   10    4    2    2    1
19    2    3    4    5    6    7    8    9   10   11   12   13   14   15   16   17   18   19   20    4   33  146  418  525  382  249  171  105   58   48   22   17    5   10    2    3    1    1
19    2    3    4    5    6    7    8    9   10   11   12   13   14   15   16   17   18   19   20    5   32  159  432  517  376  244  164   88   55   45   21   17    5   10    2    1    1    1
19    2    3    4    5    6    7    8    9   10   11   12   13   14   15   16   17   18   19   20    6   39  174  447  496  364  233  154   90   56   38   18   18    4    9    1    1    1    1
19    1    2    3    4    5    6    7    8    9   10   11   12   13   14   15   16   17   18   19    1    8   43  191  457  485  348  231  143   79   54   37   16   18    1    9    1    1    2
19    1    2    3    4    5    6    7    8    9   10   11   12   13   14   15   16   17   18   19    1   10   46  206  457  488  332  217  135   78   48   37   15   17    1    8    1    1    2
18    1    2    3    4    5    6    7    8    9   10   11   12   13   14   15   16   18   19    1   12   57  228  454  480  317  208  121   77   47   32   15   13    2    8    1    2
18    1    2    3    4    5    6    7    8    9   10   11   12   13   14   15   16   18   19    3   10   65  242  457  469  309  191  124   70   39   32   19    8    6    3    1    2
18    1    2    3    4    5    6    7    8    9   10   11   12   13   14   15   16   18   19    3   11   76  264  452  458  293  187  112   70   35   31   16    8    4    2    2    1
18    1    2    3    4    5    6    7    8    9   10   11   12   13   14   15   16   17   18    6   15   85  275  451  440  286  174  104   69   35   28   21    5    3    1    1    1
18    1    2    3    4    5    6    7    8    9   10   11   12   13   14   15   16   17   18    7   17   93  284  452  425  285  158   99   65   36   25   18    7    1    1    1    1
17    1    2    3    4    5    6    7    8    9   10   11   12   13   14   15   16   18    6   21  101  291  458  408  284  148   87   62   37   18   18    6    1    2    1
17    1    2    3    4    5    6    7    8    9   10   11   12   13   14   15   16   18    6   24  115  303  446  395  270  145   86   59   32   17   16    6    1    2    1
17    1    2    3    4    5    6    7    8    9   10   11   12   13   14   15   16   17    6   28  128  311  441  380  264  133   84   52   33   13   17    5    2    1    1
16    1    2    3    4    5    6    7    8    9   10   11   12   13   14   15   16    6   34  145  317  426  373  259  121   76   51   29   13   16    4    3    1
16    1    2    3    4    5    6    7    8    9   10   11   12   13   14   15   16    6   43  153  321  425  354  250  114   77   45   26   14   13    5    2    1
15    1    2    3    4    5    6    7    8    9   10   11   12   13   14   15    7   47  166  324  420  348  238   97   76   41   25   16   10    6    2
15    1    2    3    4    5    6    7    8    9   10   11   12   13   14   15    8   56  162  339  408  344  221   92   77   33   29   12    9    5    2
15    1    2    3    4    5    6    7    8    9   10   11   12   13   14   15    9   57  170  356  396  329  210   86   75   32   27   12    6    6    1
15    1    2    3    4    5    6    7    8    9   10   11   12   13   14   15    9   62  181  359  390  316  196   87   69   32   22   11    8    4    1
14    1    2    3    4    5    6    7    8    9   10   11   12   13   14    9   68  183  348  398  315  182   77   69   30   22   10    7    4
14    1    2    3    4    5    6    7    8    9   10   11   12   13   14   10   78  189  344  402  297  172   74   63   26   23    9    7    3
14    1    2    3    4    5    6    7    8    9   10   11   12   13   14   10   82  203  347  385  290  164   70   58   22   24    9    6    3
14    1    2    3    4    5    6    7    8    9   10   11   12   13   14   11   90  207  358  366  278  158   66   54   22   26    7    2    3
14    1    2    3    4    5    6    7    8    9   10   11   12   13   14   16   95  215  364  352  265  151   58   52   21   23    6    3    2
14    1    2    3    4    5    6    7    8    9   10   11   12   13   14   18   99  232  355  352  245  139   56   52   18   23    4    4    1
14    1    2    3    4    5    6    7    8    9   10   11   12   13   14   25  101  244  351  348  236  122   59   41   18   19    5    3    1
14    1    2    3    4    5    6    7    8    9   10   11   12   13   14   31  104  262  346  329  228  115   51   37   20   15    5    3    1
14    1    2    3    4    5    6    7    8    9   10   11   12   13   14   33  105  273  352  314  211  111   48   36   18   11    6    2    1
13    1    2    3    4    5    6    7    8    9   10   11   12   13   36  113  272  367  297  202   97   43   35   19    8    6    1
13    1    2    3    4    5    6    7    8    9   10   11   12   13   39  119  273  371  277  190   92   42   33   19    7    6    1
12    1    2    3    4    5    6    7    8    9   10   11   12   45  118  276  363  269  178   95   39   32   15    9    5
12    1    2    3    4    5    6    7    8    9   10   11   12   49  126  280  351  271  163   85   35   33   12   10    2
12    1    2    3    4    5    6    7    8    9   10   11   12   52  137  280  332  266  157   78   38   29   11    9    2
12    1    2    3    4    5    6    7    8    9   10   11   12   58  148  270  333  259  146   71   34   27   11    7    2
12    1    2    3    4    5    6    7    8    9   10   11   12   62  158  273  337  239  137   63   32   22    9    7    2
12    1    2    3    4    5    6    7    8    9   10   11   12   70  165  273  335  219  127   60   29   25    6    5    2
12    1    2    3    4    5    6    7    8    9   10   11   12   73  169  281  326  194  132   51   29   22    5    5    2
12    1    2    3    4    5    6    7    8    9   10   11   12   77  175  280  327  187  114   43   34   16    4    5    1
12    1    2    3    4    5    6    7    8    9   10   11   12   80  179  279  313  181  110   37   34   13    5    4    1
12    1    2    3    4    5    6    7    8    9   10   11   12   88  184  284  309  160  103   32   33    9    4    3    1
11    1    2    3    4    5    6    7    8    9   10   11   89  189  285  294  156   93   34   29    8    6    2
11    1    2    3    4    5    6    7    8    9   10   11   93  206  271  289  141   83   37   24    8    5    2
11    1    2    3    4    5    6    7    8    9   10   11   99  207  276  272  130   84   30   20    6    6    1
11    1    2    3    4    5    6    7    8    9   10   11  103  208  291  244  130   69   32   16    3    6    1
10    1    2    3    4    5    6    7    8    9   10  107  220  284  228  120   65   29   12    4    5
10    1    2    3    4    5    6    7    8    9   10  102  233  267  219  119   62   22   13    6    2
10    1    2    3    4    5    6    7    8    9   10  103  233  273  203  106   63   20   11    6    1
10    1    2    3    4    5    6    7    8    9   10  108  238  272  191  101   53   15    9    4    1
10    1    2    3    4    5    6    7    8    9   10  112  233  277  175   96   50   14    8    3    1
 9    1    2    3    4    5    6    7    8    9  121  246  257  166   84   43   15    5    3
 9    1    2    3    4    5    6    7    8    9  119  247  252  160   70   39   12    5    3
 9    1    2    3    4    5    6    7    8    9  120  240  253  144   63   38    9    4    3
 9    1    2    3    4    5    6    7    8    9  125  239  251  129   54   36    6    4    2
 9    1    2    3    4    5    6    7    8    9  133  216  241  115   51   32    4    5    1
 9    1    2    3    4    5    6    7    8    9  128  218  222   97   48   28    3    5    1
 9    1    2    3    4    5    6    7    8    9  128  218  214   84   42   26    3    3    1
 8    1    2    3    4    5    6    7    8  119  222  199   79   40   21    2    3
 8    1    2    3    4    5    6    7    8  133  222  181   72   33   16    3    2
 8    1    2    3    4    5    6    7    8  125  216  163   69   28   15    2    2
 7    1    2    3    4    5    6    7  114  210  141   59   27   10    4
 7    1    2    3    4    5    6    7  118  195  124   57   21   10    3
 7    1    2    3    4    5    6    7  112  181  104   50   19   10    1
 7    1    2    3    4    5    6    7  105  164   94   46   20    7    1
 7    1    2    3    4    5    6    7   93  149   78   42   18    3    1
 7    1    2    3    4    5    6    7   67  113   57   29   15    1    1
 6    1    2    3    4    5    6   58   96   45   30    9    1
 6    1    2    3    4    5    6   56   89   36   33    4    1
 6    1    2    3    4    5    6   57   77   37   26    4    1
 5    1    2    3    4    5   43   48   33   14    4
 5    1    2    3    4    5   16   15   13    6    1
 4    1    2    3    4   15   15   13    7
 4    1    2    3    4   12   13   14    2
 4    1    2    3    4   10   14   10    2
 4    1    2    3    4    7   13    7    1
 3    1    2    3    2    8    4
 3    1    2    3    2    8    4
 3    1    2    3    2    5    4
 3    1    2    3    3    4    3
 3    1    2    3    3    4    1
 2    1    2    2    5
 3    1    2    3    3    2    1
 2    1    2    2    2
 2    1    2    2    2
 2    1    3    3    1
 2    1    2    2    1
 2    1    2    2    1
