#n_nodes  m_edges  aspl  diameter  acluster  assort    n_conn  n_comp  o_largestc
2500  9900   4.57254869948   8  0.110255627511   0.0623851196749  4   1  2500
2475  9315   4.81037211239   9  0.107652031074   0.0830443551748  3   1  2475
2450  8896   4.96859926167   9  0.106126642065   0.0694149311122  3   1  2450
2425  8531   5.09551461332   9  0.102979966196   0.0634837879951  3   1  2425
2400  8195   5.22857266917   9  0.101724784475   0.0569224770264  2   1  2400
2375  7879   5.34548875981  10 0.0995296422875   0.0616792631852  2   1  2375
2350  7581   5.45555102669  10 0.0986827852998   0.0647953333377  2   1  2350
2325  7306   5.56931282735  11 0.0973610141352   0.0676000269685  2   1  2325
2300  7035   5.70742818239  11 0.0950797101449    0.067754765487  1   1  2300
2275  6785    5.8436587511  11 0.0939208093494   0.0758174398411  1   1  2275
2250  6537   5.96245323848  11 0.0911308641975   0.0750142508682  1   1  2250
2225  6312   6.07491795328  11 0.0893386837881   0.0803198247628  1   1  2225
2200  6087    6.2071429162  12 0.0874004329004   0.0768304395626  1   1  2200
2175  5877   6.27242923157  12 0.0837876299945   0.0994949288659  1   1  2175
2150  5677   6.38632008398  12 0.0826888150609     0.11797351273  1   1  2150
2125  5477   6.52728126731  13 0.0800761904762    0.130055109203  1   1  2125
2100  5277   6.69073663196  13 0.0786780045351   0.0973439919836  1   1  2100
2075  5082   6.77982642237  13 0.0764222604705   0.0725965928326  1   1  2075
2050  4907   6.87888916664  13 0.0751962833914     0.08056102877  1   1  2050
2025  4732   7.10626896989  14 0.0741704879483    0.110630555288  1   1  2025
2000  4557   7.33226372946  14 0.0723599895186    0.129015682305  1   2  1999
1975  4382   7.48336894581  14 0.0696965310947    0.108450220644  1   2  1974
1950  4210    7.6178768157  15 0.0672655715264   0.0844385202374  1   3  1948
1925  4060   7.70132570131  15 0.0649679320506    0.102950410826  1   3  1923
1900  3910   7.83699890344  15  0.061553329819    0.134599269996  1   4  1897
1875  3760   8.08802425231  16 0.0597934472934    0.163132115918  1   4  1872
1850  3610   8.42707619492  16 0.0586132177681    0.173864929086  1   5  1846
1825  3460   8.70812490815  17 0.0570459959685    0.170153461779  1   7  1819
1800  3310   8.88261704745  18 0.0531139617029    0.110880069121  1   8  1793
1775  3160   9.00899535732  18 0.0502450980392  0.00534649277933  1   8  1768
1750  3034   9.17069030592  19 0.0482310193154   0.0332734728886  1   8  1743
1725  2909   9.38431772309  20 0.0446192696193   0.0813806659441  1  10  1716
1700  2784   9.70238715223  22 0.0419437846397    0.113138619468  1  16  1684
1675  2659   10.2085844274  23 0.0419432709716    0.128173690181  1  18  1657
1650  2534   10.8787939199  23 0.0380339260168    0.134970608709  1  19  1631
1625  2409   11.7025217331  24 0.0330841121495    0.109256073199  1  20  1605
1600  2284   12.2429960404  26 0.0295545704032   0.0468279195075  1  21  1579
1575  2161   12.7008658001  27 0.0250053659584    -0.05626043999  1  22  1553
1550  2061   13.0591328053  32 0.0247076990955  -0.0143991661692  1  31  1511
1525  1961   13.6466175354  34  0.023613963039   0.0326889360702  1  47  1461
1500  1861   13.9739938503  37 0.0223268163167    0.047363806339  1  69  1381
1475  1761   15.7840690342  52 0.0193236714976   0.0607721025708  1  80  1311
1450  1661   16.8025419051  52 0.0130692535705   0.0977827961404  1 100  1237
1425  1561   21.4403573805  63 0.0139601139601   0.0985417706898  1 112  1170
1400  1461   24.5057748526  69 0.0114563716259    0.112051718805  1 131  1062
1375  1361   28.6639698211  73 0.0123704446673    0.072763066365  1 150   997
1350  1261    31.359748968  82 0.00545851528384   -0.111881858827  1 160   916
1325  1181   32.5524720893  82 0.00657894736842   -0.154253530599  1 194   760
1300  1106   31.4602448525  82 0.00833333333333   -0.127373721408  1 237   600
1275  1031   31.7501322744  82 0.00851788756388   -0.128100504671  1 285   587
1250   956   31.6456400742  82 0.00494743351886   -0.141297193179  1 329   539
1225   881   27.4363725012  64 0.00907029478458   -0.172797519896  1 374   294
1200   806   21.3598431998  54             0.0   -0.207816968541  1 411   174
1175   731   15.6528984475  44             0.0   -0.221011995037  1 459   119
1150   656   13.9064785789  38             0.0   -0.242511070591  1 501    88
1125   581   4.46153846154  11             0.0   -0.346153846154  1 546    14
1100   517             4.0  10             0.0   -0.111111111111  1 583    11
1075   467             4.0  10             0.0   -0.111111111111  1 608    11
1050   417             4.0  10             0.0   -0.111111111111  1 633    11
1025   367             4.0  10             0.0   -0.111111111111  1 658    11
1000   317             4.0  10             0.0   -0.111111111111  1 683    11
 975   267             3.0   7             0.0   -0.166666666667  1 708     8
 950   217   2.33333333333   5             0.0             -0.25  1 733     6
 925   171             1.0   1             0.0                na  1 754     2
 900   146             1.0   1             0.0                na  1 754     2
 875   121             1.0   1             0.0                na  1 754     2
 850    96             1.0   1             0.0                na  1 754     2
 825    71             1.0   1             0.0                na  1 754     2
 800    46             1.0   1             0.0                na  1 754     2
 775    21             1.0   1             0.0                na  1 754     2
 750     0               0   0             0.0                na  0 750     1
 725     0               0   0             0.0                na  0 725     1
 700     0               0   0             0.0                na  0 700     1
 675     0               0   0             0.0                na  0 675     1
 650     0               0   0             0.0                na  0 650     1
 625     0               0   0             0.0                na  0 625     1
 600     0               0   0             0.0                na  0 600     1
 575     0               0   0             0.0                na  0 575     1
 550     0               0   0             0.0                na  0 550     1
 525     0               0   0             0.0                na  0 525     1
 500     0               0   0             0.0                na  0 500     1
 475     0               0   0             0.0                na  0 475     1
 450     0               0   0             0.0                na  0 450     1
 425     0               0   0             0.0                na  0 425     1
 400     0               0   0             0.0                na  0 400     1
 375     0               0   0             0.0                na  0 375     1
 350     0               0   0             0.0                na  0 350     1
 325     0               0   0             0.0                na  0 325     1
 300     0               0   0             0.0                na  0 300     1
 275     0               0   0             0.0                na  0 275     1
 250     0               0   0             0.0                na  0 250     1
 225     0               0   0             0.0                na  0 225     1
 200     0               0   0             0.0                na  0 200     1
 175     0               0   0             0.0                na  0 175     1
 150     0               0   0             0.0                na  0 150     1
 125     0               0   0             0.0                na  0 125     1
 100     0               0   0             0.0                na  0 100     1
  75     0               0   0             0.0                na  0  75     1
  50     0               0   0             0.0                na  0  50     1
  25     0               0   0             0.0                na  0  25     1
   1     0               0   0             0.0                na  0   1     1
