# n  list(x)  list(y)
18   22   20   19   18   17   16   15   14   13   12   11   10    9    8    7    6    5    4    1    1    1    4    4    5   12   27   49   77  130  190  272  450  505  631  137    4
17   20   19   18   17   16   15   14   13   12   11   10    9    8    7    6    5    4    1    1    4    4    3   10   26   50   74  124  170  275  422  508  618  174   11
17   20   19   18   17   16   15   14   13   12   11   10    9    8    7    6    5    4    1    1    3    4    4    9   23   49   65  120  166  266  409  492  615  205   18
17   19   18   17   16   15   14   13   12   11   10    9    8    7    6    5    4    3    1    3    5    4    9   23   45   59  116  155  267  391  491  605  220   29    2
17   19   18   17   16   15   14   13   12   11   10    9    8    7    6    5    4    3    1    3    5    4    7   20   41   52  116  151  257  386  479  590  246   40    2
17   19   18   17   16   15   14   13   12   11   10    9    8    7    6    5    4    3    1    2    4    5    6   16   38   54  105  146  239  379  483  563  282   46    6
16   18   17   16   15   14   13   12   11   10    9    8    7    6    5    4    3    3    2    3    8   15   35   52   96  142  235  355  469  564  312   52    7
16   18   17   16   15   14   13   12   11   10    9    8    7    6    5    4    3    2    2    3    7   14   35   52   91  137  221  340  459  556  336   61    9
16   18   17   16   15   14   13   12   11   10    9    8    7    6    5    4    3    2    2    1    8   11   32   51   85  137  213  322  455  538  354   72   17
16   18   17   16   15   14   13   12   11   10    9    8    7    6    5    4    3    1    2    1    8    9   30   52   75  137  202  307  449  537  358   83   24
16   18   17   16   15   14   13   12   11   10    9    8    7    6    5    4    3    1    2    1    6   10   23   47   76  132  191  284  456  522  373  101   25
16   18   17   16   15   14   13   12   11   10    9    8    7    6    5    4    3    1    2    1    5    8   25   41   73  125  190  273  437  513  384  119   28
16   18   17   16   15   14   13   12   11   10    9    8    7    6    5    4    3    1    2    1    4    7   24   38   73  121  179  269  406  512  402  129   32
15   17   16   15   14   13   12   11   10    9    8    7    6    5    4    3    3    1    2    8   23   35   75  107  169  254  396  514  399  154   35
16   17   16   15   14   13   12   11   10    9    8    7    6    5    4    3    2    3    1    2    6   24   34   71  100  162  246  386  490  416  170   38    1
16   17   16   15   14   13   12   11   10    9    8    7    6    5    4    3    2    3    1    2    4   21   32   69   93  156  239  374  477  419  185   48    2
16   17   16   15   14   13   12   11   10    9    8    7    6    5    4    3    2    3    1    2    4   14   35   66   86  149  222  367  471  425  195   56    4
16   17   16   15   14   13   12   11   10    9    8    7    6    5    4    3    2    2    1    3    3   10   36   57   87  138  219  349  460  433  205   66    6
15   17   15   14   13   12   11   10    9    8    7    6    5    4    3    2    2    4    3   10   31   55   82  137  209  343  443  428  215   79    9
15   17   15   14   13   12   11   10    9    8    7    6    5    4    3    2    2    3    3    7   28   48   93  121  196  347  429  440  211   86   11
16   16   15   14   13   12   11   10    9    8    7    6    5    4    3    2    1    2    3    3    6   22   46   88  119  189  329  427  438  221   90   16    1
16   16   15   14   13   12   11   10    9    8    7    6    5    4    3    2    1    1    4    2    4   21   39   84  110  191  317  423  428  230  101   17    3
16   16   15   14   13   12   11   10    9    8    7    6    5    4    3    2    1    1    3    2    3   20   36   79  108  177  307  419  423  249   99   21    3
16   16   15   14   13   12   11   10    9    8    7    6    5    4    3    2    1    1    3    2    3   18   36   68  108  165  283  420  431  255  104   24    4
16   16   15   14   13   12   11   10    9    8    7    6    5    4    3    2    1    1    2    3    3   12   33   66   94  163  274  397  448  261  110   29    4
16   16   15   14   13   12   11   10    9    8    7    6    5    4    3    2    1    1    2    2    3    9   30   59   91  152  260  394  442  271  121   33    5
16   16   15   14   13   12   11   10    9    8    7    6    5    4    3    2    1    1    1    3    1    7   28   54   91  141  249  379  445  277  131   38    4
15   15   14   13   12   11   10    9    8    7    6    5    4    3    2    1    2    2    1    7   26   43   86  143  235  372  431  282  154   34    7
15   15   14   13   12   11   10    9    8    7    6    5    4    3    2    1    2    2    1    7   22   44   76  130  223  373  422  290  162   38    8
15   15   14   13   12   11   10    9    8    7    6    5    4    3    2    1    2    2    1    6   18   45   72  125  208  355  405  316  169   42    9
15   15   14   13   12   11   10    9    8    7    6    5    4    3    2    1    2    2    1    5   17   43   65  122  194  335  410  322  179   43   10
14   14   13   12   11   10    9    8    7    6    5    4    3    2    1    2    2    2   13   43   63  105  188  329  401  330  194   42   11
14   14   13   12   11   10    9    8    7    6    5    4    3    2    1    2    2    1   11   38   61   96  180  312  402  337  196   50   12
14   14   13   12   11   10    9    8    7    6    5    4    3    2    1    2    2    1   10   34   51   84  172  301  402  335  210   60   11
13   14   13   11   10    9    8    7    6    5    4    3    2    1    1    3   11   31   48   80  158  284  392  350  211   70   11
13   14   13   11   10    9    8    7    6    5    4    3    2    1    1    3    9   26   45   81  145  264  390  344  228   76   12
13   14   13   11   10    9    8    7    6    5    4    3    2    1    1    2    8   22   42   74  131  257  368  358  237   82   18
13   14   13   11   10    9    8    7    6    5    4    3    2    1    1    2    8   18   39   63  132  243  347  364  241   98   19
12   13   11   10    9    8    7    6    5    4    3    2    1    3    8   15   39   61  119  239  343  351  246  102   24
12   13   11   10    9    8    7    6    5    4    3    2    1    3    6   16   33   60  109  223  332  354  248  114   27
13   13   12   11   10    9    8    7    6    5    4    3    2    1    2    1    6   15   28   59  106  204  325  336  266  121   31
13   13   12   11   10    9    8    7    6    5    4    3    2    1    1    1    5   16   27   52   98  198  318  332  260  132   35
13   13   12   11   10    9    8    7    6    5    4    3    2    1    1    1    5   11   27   54   90  184  305  328  269  138   37
12   12   11   10    9    8    7    6    5    4    3    2    1    2    5    9   23   42   91  173  294  314  284  143   45
12   12   11   10    9    8    7    6    5    4    3    2    1    1    5    8   18   37   84  164  284  319  279  152   44
11   11   10    9    8    7    6    5    4    3    2    1    5    7   17   31   80  151  272  316  285  157   49
11   11   10    9    8    7    6    5    4    3    2    1    4    7   14   32   79  133  264  304  285  169   52
11   11   10    9    8    7    6    5    4    3    2    1    2    7   14   33   70  128  255  295  280  177   55
11   11   10    9    8    7    6    5    4    3    2    1    2    6   12   32   64  120  235  290  285  183   60
10   10    9    8    7    6    5    4    3    2    1    8   10   27   55  109  230  287  281  194   62
10   10    9    8    7    6    5    4    3    2    1    6   10   22   54  104  220  276  282  196   68
10   10    9    8    7    6    5    4    3    2    1    5    9   19   46  105  203  265  285  199   69
10   10    9    8    7    6    5    4    3    2    1    5    8   14   44   99  181  270  282  201   73
10   10    9    8    7    6    5    4    3    2    1    4    7   10   42   85  186  251  282  211   73
10   10    9    8    7    6    5    4    3    2    1    3    7   11   37   78  176  238  287  212   77
10   10    9    8    7    6    5    4    3    2    1    3    5   11   31   68  164  240  284  218   76
10   10    9    8    7    6    5    4    3    2    1    2    6    9   30   63  148  225  288  221   78
10   10    9    8    7    6    5    4    3    2    1    1    5   10   26   55  132  222  272  226   81
 9    9    8    7    6    5    4    3    2    1    6    9   21   44  134  203  282  220   81
 9    9    8    7    6    5    4    3    2    1    5    9   22   39  122  196  259  237   76
 9    9    8    7    6    5    4    3    2    1    2   11   19   34  116  189  250  235   83
 9    9    8    7    6    5    4    3    2    1    1   10   20   28   99  181  244  238   90
 9    9    8    7    6    5    4    3    2    1    1    8   16   25   91  172  233  236   93
 9    9    8    7    6    5    4    3    2    1    1    7   13   23   79  160  220  240   95
 9    9    8    7    6    5    4    3    2    1    1    6   12   20   66  141  217  238   96
 9    9    8    7    6    5    4    3    2    1    1    3   11   19   53  127  210  233  101
 9    9    8    7    6    5    4    3    2    1    1    2   11   19   44  115  200  230  104
 9    9    8    7    6    5    4    3    2    1    1    2    7   14   46  104  188  226  104
 8    9    7    6    5    4    3    2    1    1    8   13   42   95  175  219  102
 8    9    7    6    5    4    3    2    1    1    8   12   36   91  160  205  107
 8    9    7    6    5    4    3    2    1    1    7   10   32   76  150  193  104
 8    9    7    6    5    4    3    2    1    1    6    8   26   60  134  182   87
 8    8    7    6    5    4    3    2    1    1    6    7   21   54  121  183   84
 7    7    6    5    4    3    2    1    5    6   23   45  114  173   82
 7    7    6    5    4    3    2    1    5    5   20   45  103  164   76
 7    7    6    5    4    3    2    1    5    4   14   36   83  135   62
 7    7    6    5    4    3    2    1    4    5   12   31   73  127   55
 7    7    6    5    4    3    2    1    3    2    5   14   28   77   30
 6    6    5    4    3    2    1    2    2   12   28   38   16
 6    6    5    4    3    2    1    1    2    7   32   30   18
 7    7    6    5    4    3    2    1    2    2    2    6    9   16   15
 7    7    6    5    4    3    2    1    2    2    2    6    9   13   17
 7    7    6    5    4    3    2    1    2    2    2    6    9   13   17
 7    7    6    5    4    3    2    1    1    3    1    6    9   13   17
 7    7    6    5    4    3    2    1    1    3    1    5    7   10   13
 7    7    6    5    4    3    2    1    1    3    1    4    6   11   12
 6    6    5    4    3    2    1    3    2    3    5    9   11
 6    6    5    4    3    2    1    2    1    2    5    9    8
 6    6    5    4    3    2    1    2    1    2    2    7    5
 5    5    4    3    2    1    1    1    3    6    2
 3    3    2    1    3    3    3
 3    4    2    1    1    3    2
 3    4    2    1    1    3    2
 3    3    2    1    1    3    1
 3    3    2    1    1    1    3
 3    3    2    1    1    1    3
 3    3    2    1    1    1    3
 3    3    2    1    1    1    3
