# n  list(x)  list(y)
17    4    5    6    7    8    9   10   11   12   13   14   15   16   17   18   19   20    2   93  582  610  456  293  204  116   52   35   18   16   11    4    4    3    1
16    4    5    6    7    8    9   10   11   12   13   14   15   16   17   18   19    5  121  597  595  437  283  195  102   51   35   18   17    9    4    3    3
16    4    5    6    7    8    9   10   11   12   13   14   15   16   17   18   19   10  149  599  579  422  281  184   90   51   34   19   13   11    2    4    2
16    4    5    6    7    8    9   10   11   12   13   14   15   16   17   18   19   21  188  594  554  413  272  168   89   49   29   18   11   11    4    3    1
17    3    4    5    6    7    8    9   10   11   12   13   14   15   16   17   18   19    1   30  217  590  540  398  265  160   82   44   26   19    9   12    5    1    1
16    3    4    5    6    7    8    9   10   11   12   13   14   15   16   17   19    3   46  235  589  518  389  257  156   73   41   28   16    7   12    4    1
17    2    3    4    5    6    7    8    9   10   11   12   13   14   15   16   17   19    1    4   49  265  585  514  372  237  160   59   38   30   14    6   11    4    1
18    1    2    3    4    5    6    7    8    9   10   11   12   13   14   15   16   17   19    1    1    6   56  295  570  509  357  230  147   52   40   29   12    4   12    3    1
18    1    2    3    4    5    6    7    8    9   10   11   12   13   14   15   16   17   18    1    1    8   71  315  558  489  346  225  140   48   40   26   12    6   11    2    1
17    2    3    4    5    6    7    8    9   10   11   12   13   14   15   16   17   18    1   13   80  344  546  466  354  203  131   47   37   25   10    4   10    2    1
17    2    3    4    5    6    7    8    9   10   11   12   13   14   15   16   17   18    1   16  101  356  535  454  335  198  125   44   36   24    9    4    8    2    1
17    2    3    4    5    6    7    8    9   10   11   12   13   14   15   16   17   18    1   17  122  366  532  428  337  188  115   40   35   22    7    3    8    2    1
17    2    3    4    5    6    7    8    9   10   11   12   13   14   15   16   17   18    1   21  133  392  509  425  320  182  106   38   36   15    9    4    6    1    1
17    2    3    4    5    6    7    8    9   10   11   12   13   14   15   16   17   18    1   23  148  403  494  430  299  169   99   40   32   20    5    4    5    1    1
17    2    3    4    5    6    7    8    9   10   11   12   13   14   15   16   17   18    2   31  172  403  481  415  290  161   91   40   29   18    6    3    5    1    1
17    2    3    4    5    6    7    8    9   10   11   12   13   14   15   16   17   18    2   38  196  407  465  398  286  155   78   40   28   16    6    3    4    1    1
17    2    3    4    5    6    7    8    9   10   11   12   13   14   15   16   17   18    4   48  200  413  458  394  261  149   79   37   25   16    6    4    3    1    1
16    2    3    4    5    6    7    8    9   10   11   12   13   14   15   16   17    5   59  204  411  455  389  250  137   77   34   23   16    5    4    3    2
16    2    3    4    5    6    7    8    9   10   11   12   13   14   15   16   17    9   61  226  416  436  380  240  126   73   31   24   14    6    4    1    2
16    2    3    4    5    6    7    8    9   10   11   12   13   14   15   16   17   12   67  248  416  430  365  231  115   65   35   16   13    7    2    1    1
15    2    3    4    5    6    7    8    9   10   11   12   13   14   15   16   13   76  269  415  418  351  214  112   60   31   18   13    5    2    2
16    1    2    3    4    5    6    7    8    9   10   11   12   13   14   15   16    1   16   82  281  411  413  335  205  107   58   27   18   11    5    2    2
15    1    2    3    4    5    6    7    8    9   10   11   12   13   14   16    2   20   85  291  408  416  309  199  100   56   29   15   11    6    2
15    1    2    3    4    5    6    7    8    9   10   11   12   13   14   16    3   25   86  302  405  418  288  191   92   56   26   16    8    6    2
15    1    2    3    4    5    6    7    8    9   10   11   12   13   14   16    4   25   96  312  407  406  271  184   93   44   28   13    9    5    2
15    1    2    3    4    5    6    7    8    9   10   11   12   13   14   16    4   29  110  314  405  413  252  169   87   39   29   12    5    4    2
15    1    2    3    4    5    6    7    8    9   10   11   12   13   14   16    5   29  115  323  414  397  244  158   81   35   29   10    4    3    2
15    1    2    3    4    5    6    7    8    9   10   11   12   13   14   16    5   34  118  342  407  390  229  149   72   38   24    7    5    2    2
15    1    2    3    4    5    6    7    8    9   10   11   12   13   14   16    7   34  131  352  398  375  232  130   65   38   23    6    4    2    2
15    1    2    3    4    5    6    7    8    9   10   11   12   13   14   16    8   40  142  342  396  370  220  127   62   32   23    5    3    2    2
14    1    2    3    4    5    6    7    8    9   10   11   12   13   16    7   52  145  349  401  350  201  125   63   26   19    5    4    1
14    1    2    3    4    5    6    7    8    9   10   11   12   13   16    8   58  154  352  395  336  196  119   58   23   16    5    3    1
14    1    2    3    4    5    6    7    8    9   10   11   12   13   16    6   64  154  368  388  314  202  106   53   20   15    5    2    1
14    1    2    3    4    5    6    7    8    9   10   11   12   13   16    6   68  172  359  392  300  190   99   47   19   15    3    2    1
14    1    2    3    4    5    6    7    8    9   10   11   12   13   16    7   77  192  362  373  288  173   98   41   18   13    4    1    1
14    1    2    3    4    5    6    7    8    9   10   11   12   13   16    8   89  197  360  361  281  162   92   43   13   12    3    1    1
13    1    2    3    4    5    6    7    8    9   10   11   12   16   10   95  210  356  357  271  147   88   36   13   12    2    1
13    1    2    3    4    5    6    7    8    9   10   11   12   14   13   96  218  347  360  256  142   80   38   11    9    2    1
13    1    2    3    4    5    6    7    8    9   10   11   12   13   18  100  228  341  363  227  139   76   36    7    9    2    1
12    1    2    3    4    5    6    7    8    9   10   11   12   22  109  230  355  343  206  135   73   32    9    6    2
12    1    2    3    4    5    6    7    8    9   10   11   12   24  116  241  350  338  184  136   65   28    7    7    1
12    1    2    3    4    5    6    7    8    9   10   11   12   27  121  250  340  332  178  127   59   23    7    7    1
12    1    2    3    4    5    6    7    8    9   10   11   12   30  125  252  340  319  171  119   60   20    5    6    1
12    1    2    3    4    5    6    7    8    9   10   11   12   31  131  262  327  314  166  108   56   17    4    6    1
12    1    2    3    4    5    6    7    8    9   10   11   12   36  137  268  332  299  155   98   47   16    4    5    1
12    1    2    3    4    5    6    7    8    9   10   11   12   40  148  269  336  279  147   92   42   11    7    1    1
12    1    2    3    4    5    6    7    8    9   10   11   12   43  148  286  336  259  137   84   37   11    5    1    1
12    1    2    3    4    5    6    7    8    9   10   11   12   46  157  284  334  248  129   75   32   10    5    1    1
11    1    2    3    4    5    6    7    8    9   10   11   47  168  279  327  241  118   73   27   10    5    2
11    1    2    3    4    5    6    7    8    9   10   11   51  172  294  313  226  111   65   23   10    4    2
11    1    2    3    4    5    6    7    8    9   10   11   53  175  296  300  223   99   64   21    9    3    1
10    1    2    3    4    5    6    7    8    9   10   57  178  298  289  206  101   58   18    9    3
10    1    2    3    4    5    6    7    8    9   10   66  182  291  275  192  101   54   16    9    3
10    1    2    3    4    5    6    7    8    9   10   67  191  295  265  173   95   50   13    9    1
10    1    2    3    4    5    6    7    8    9   10   74  198  299  249  173   77   46    9    6    1
10    1    2    3    4    5    6    7    8    9   10   72  202  304  240  159   68   43    8    4    1
10    1    2    3    4    5    6    7    8    9   10   77  203  297  240  139   67   42    5    3    1
10    1    2    3    4    5    6    7    8    9   10   81  216  291  231  136   52   35    5    1    1
10    1    2    3    4    5    6    7    8    9   10   87  223  285  218  126   47   31    4    1    1
10    1    2    3    4    5    6    7    8    9   10   91  229  268  212  114   46   26    3    1    1
10    1    2    3    4    5    6    7    8    9   10   97  226  261  206  105   46   18    3    1    1
10    1    2    3    4    5    6    7    8    9   10  100  226  260  199   91   43   16    1    1    1
 8    1    2    3    4    5    6    7    9  105  229  246  188   87   43   12    2
 9    1    2    3    4    5    6    7    8    9  114  226  241  171   81   37    9    1    1
 8    1    2    3    4    5    6    7    9  120  222  242  155   71   36    6    1
 8    1    2    3    4    5    6    7    9  123  231  226  142   66   32    4    1
 8    1    2    3    4    5    6    7    9  124  224  218  130   62   21    3    1
 8    1    2    3    4    5    6    7    9  124  220  200  118   55   18    2    1
 8    1    2    3    4    5    6    7    8  122  219  188  111   48   15    2    1
 7    1    2    3    4    5    6    7  121  220  178  103   38   13    1
 7    1    2    3    4    5    6    7  117  222  157   95   33   10    1
 7    1    2    3    4    5    6    7  109  225  143   86   29    9    1
 7    1    2    3    4    5    6    7  111  204  137   75   25    7    1
 6    1    2    3    4    5    6  114  188  126   63   20    8
 6    1    2    3    4    5    6  113  181  112   55   17    6
 6    1    2    3    4    5    6  107  153  106   42   17    3
 6    1    2    3    4    5    6  103  152   94   39   11    3
 6    1    2    3    4    5    6  102  130   86   36    8    3
 6    1    2    3    4    5    6   88  113   78   28    8    1
 6    1    2    3    4    5    6   67   78   54   18    7    1
 5    1    2    3    4    5   41   46   33   11    6
 5    1    2    3    4    5   27   31   23    6    6
 5    1    2    3    4    5   25   28   23    5    4
 5    1    2    3    4    5   24   27   20    4    4
 5    1    2    3    4    5   17   25   11    1    4
 5    1    2    3    4    5   17   23   10    2    3
 4    1    2    3    5    7   11    4    1
 4    1    2    3    4    7   10    3    1
 3    1    2    3    5    9    3
 3    1    2    3    5    9    3
 3    1    2    3    4   10    2
 3    1    2    3    4    5    2
 3    1    2    3    3    3    1
 2    1    2    2    3
 2    1    2    2    3
 2    1    2    2    3
 2    1    2    2    2
 2    1    2    2    1
