# n  list(x)  list(y)
 6    8    7    6    5    4    3  635 1003  616  160   83    3
 6    8    7    6    5    4    3  580  972  631  200   86    6
 6    8    7    6    5    4    3  516  945  671  221   87   10
 7    8    7    6    5    4    3    2  475  912  697  223  102   15    1
 7    8    7    6    5    4    3    2  425  875  719  255  107   18    1
 7    8    7    6    5    4    3    2  380  835  743  278  116   21    2
 7    8    7    6    5    4    3    2  341  808  745  303  128   23    2
 7    8    7    6    5    4    3    2  314  773  734  330  144   27    3
 7    8    7    6    5    4    3    2  288  732  745  345  158   29    3
 7    8    7    6    5    4    3    2  265  688  729  385  170   35    3
 7    8    7    6    5    4    3    2  241  651  725  404  188   37    4
 8    8    7    6    5    4    3    2    1  212  627  717  422  195   48    3    1
 8    8    7    6    5    4    3    2    1  196  598  704  425  213   58    5    1
 8    8    7    6    5    4    3    2    1  183  552  693  447  229   64    6    1
 8    8    7    6    5    4    3    2    1  169  523  687  459  226   76    8    2
 8    8    7    6    5    4    3    2    1  149  498  669  485  225   87   10    2
 8    8    7    6    5    4    3    2    1  140  449  658  507  239   87   17    3
 8    8    7    6    5    4    3    2    1  131  417  642  516  243   99   23    4
 8    8    7    6    5    4    3    2    1  121  385  629  517  257  111   25    5
 8    8    7    6    5    4    3    2    1  112  356  609  519  272  122   30    5
 8    8    7    6    5    4    3    2    1  100  333  590  524  282  131   34    6
 8    8    7    6    5    4    3    2    1   92  303  576  531  293  135   38    7
 8    8    7    6    5    4    3    2    1   83  280  558  534  310  134   44    6
 8    8    7    6    5    4    3    2    1   74  269  524  534  321  148   47    7
 8    8    7    6    5    4    3    2    1   63  260  503  529  332  155   47   10
 8    8    7    6    5    4    3    2    1   54  238  501  508  351  157   54   11
 8    8    7    6    5    4    3    2    1   48  218  469  504  379  156   64   10
 8    8    7    6    5    4    3    2    1   42  204  438  504  387  168   68   12
 8    8    7    6    5    4    3    2    1   39  180  417  507  395  180   68   11
 8    8    7    6    5    4    3    2    1   35  165  400  492  391  204   72   13
 8    8    7    6    5    4    3    2    1   31  144  383  476  402  219   77   15
 8    8    7    6    5    4    3    2    1   26  126  361  462  408  240   83   16
 8    8    7    6    5    4    3    2    1   25  116  326  458  417  244   93   18
 8    8    7    6    5    4    3    2    1   23  108  309  439  418  261   94   20
 8    8    7    6    5    4    3    2    1   20  100  278  430  418  278  100   22
 8    8    7    6    5    4    3    2    1   17   95  259  412  423  279  112   24
 8    8    7    6    5    4    3    2    1   14   86  245  386  430  293  113   29
 8    8    7    6    5    4    3    2    1   11   85  229  363  422  305  126   29
 8    8    7    6    5    4    3    2    1    9   76  224  338  419  318  129   32
 8    8    7    6    5    4    3    2    1    6   73  205  321  414  332  130   38
 8    8    7    6    5    4    3    2    1    6   67  179  321  401  341  135   43
 8    8    7    6    5    4    3    2    1    6   62  161  311  389  352  144   45
 8    8    7    6    5    4    3    2    1    3   52  152  292  382  364  152   48
 8    8    7    6    5    4    3    2    1    3   45  136  283  370  364  163   56
 8    8    7    6    5    4    3    2    1    3   44  125  267  358  363  177   54
 8    8    7    6    5    4    3    2    1    2   38  118  244  349  365  182   57
 8    8    7    6    5    4    3    2    1    2   33  107  240  325  368  184   63
 8    8    7    6    5    4    3    2    1    2   29   99  223  313  374  188   68
 8    8    7    6    5    4    3    2    1    1   25   91  211  296  379  195   73
 8    8    7    6    5    4    3    2    1    1   23   79  204  285  369  208   76
 8    8    7    6    5    4    3    2    1    1   21   70  183  284  360  215   82
 8    8    7    6    5    4    3    2    1    1   18   63  178  268  348  233   80
 8    8    7    6    5    4    3    2    1    1   14   56  163  254  340  236   93
 8    8    7    6    5    4    3    2    1    1   12   48  152  238  340  244   92
 8    8    7    6    5    4    3    2    1    1   11   42  140  235  331  236   96
 8    8    7    6    5    4    3    2    1    1   10   36  129  216  315  241   98
 8    8    7    6    5    4    3    2    1    1    8   29  108  207  319  249  101
 8    8    7    6    5    4    3    2    1    1    6   26  103  184  308  244  101
 8    8    7    6    5    4    3    2    1    1    5   25   89  172  293  246  105
 7    7    6    5    4    3    2    1    2   14   54  119  213  181   83
 7    7    6    5    4    3    2    1    2    8   50  108  200  175   86
 7    7    6    5    4    3    2    1    2    6   40   73  143  134   61
 7    7    6    5    4    3    2    1    1    6   35   74  136  131   64
 7    7    6    5    4    3    2    1    1    6   31   69  129  133   63
 7    7    6    5    4    3    2    1    1    6   24   68  117  133   58
 7    7    6    5    4    3    2    1    1    5   20   56  113  133   62
 6    6    5    4    3    2    1    2    6   23   57   58   33
 6    6    5    4    3    2    1    3    7   12   32   40   11
 6    6    5    4    3    2    1    3    7    9   27   39   10
 5    5    4    3    2    1    6   12   31   29   17
 5    5    4    3    2    1    6   11   32   26   18
 5    5    4    3    2    1    5   11   33   26   16
 6    6    5    4    3    2    1    1    1    9   23   31    8
 5    5    4    3    2    1    2    7   20   25   14
 4    4    3    2    1    2   17   25    9
 4    4    3    2    1    2   17   25    9
 4    4    3    2    1    2   14   20   10
 4    4    3    2    1    2   14   12   10
 4    4    3    2    1    2   10   13    4
 4    4    3    2    1    2   10   13    4
 4    4    3    2    1    2    5    9    5
 4    4    3    2    1    2    5    9    5
 3    3    2    1    2    8    4
 3    3    2    1    1    7    3
 3    3    2    1    1    7    3
 4    4    3    2    1    1    2    5    2
 4    4    3    2    1    1    2    4    2
 4    4    3    2    1    1    2    4    2
 4    4    3    2    1    1    2    4    2
 3    3    2    1    1    5    1
 3    3    2    1    1    2    3
 3    3    2    1    1    2    3
 3    3    2    1    1    4    1
 3    3    2    1    1    4    1
 3    3    2    1    1    4    1
 2    2    1    3    2
 2    2    1    2    2
