# n  list(x)  list(y)
26    4    5    6    7    8    9   10   11   12   13   14   15   16   17   18   19   20   21   22   23   24   26   30   31   32   35    4  131  837  522  330  204  137   97   65   54   30   24   10   11   12   10    6    3    5    1    1    1    1    2    1    1
25    4    5    6    7    8    9   10   11   12   13   14   15   16   17   18   19   20   21   22   23   24   25   30   31   34   10  177  810  506  314  205  128   92   70   49   26   24   11   12   11    9    5    4    4    1    1    1    2    2    1
27    3    4    5    6    7    8    9   10   11   12   13   14   15   16   17   18   19   20   21   22   23   24   25   29   30   31   34    1   17  214  785  502  301  193  125   90   71   46   22   23   10   12    9   11    3    5    2    1    1    1    1    1    2    1
25    3    4    5    6    7    8    9   10   11   12   13   14   15   16   17   18   19   20   21   22   23   24   28   30   34    2   26  252  775  472  292  180  123   90   70   44   20   20   13   10    9    9    3    6    1    1    2    1    3    1
24    3    4    5    6    7    8    9   10   11   12   13   14   15   16   17   18   19   20   21   22   24   28   30   34    4   39  269  761  459  281  169  125   90   64   42   19   21   12   10    8   10    2    6    2    2    1    3    1
25    3    4    5    6    7    8    9   10   11   12   13   14   15   16   17   18   19   20   21   22   24   28   29   30   34    5   50  309  748  444  261  164  120   83   60   40   16   22   13    7   11    7    2    4    2    2    1    1    2    1
25    3    4    5    6    7    8    9   10   11   12   13   14   15   16   17   18   19   20   21   22   24   28   29   30   34    8   67  332  713  444  260  158  105   81   59   38   13   21   13    8   11    5    3    3    2    1    1    2    1    1
26    3    4    5    6    7    8    9   10   11   12   13   14   15   16   17   18   19   20   21   22   24   27   28   29   30   34   11   78  369  686  426  250  153  108   76   57   28   18   17   14    9    7    6    2    3    1    1    1    1    1    1    1
24    3    4    5    6    7    8    9   10   11   12   13   14   15   16   17   18   19   20   21   24   25   28   29   34   13   98  396  659  412  244  149   93   72   59   25   19   19   11   10    4    6    2    3    1    1    1    2    1
24    2    3    4    5    6    7    8    9   10   11   12   13   14   15   16   17   18   19   20   21   24   28   29   34    1   14  123  398  645  405  228  141   92   74   53   25   20   17   10   12    2    6    1    3    2    1    1    1
25    2    3    4    5    6    7    8    9   10   11   12   13   14   15   16   17   18   19   20   21   23   24   27   29   33    1   19  144  406  628  379  225  132   96   72   53   23   21   15    9   10    2    6    2    2    1    1    1    1    1
25    2    3    4    5    6    7    8    9   10   11   12   13   14   15   16   17   18   19   20   21   23   24   26   28   33    1   24  153  428  604  364  220  129   90   77   45   25   16   15   11    7    4    3    2    2    1    1    1    1    1
24    2    3    4    5    6    7    8    9   10   11   12   13   14   15   16   17   18   19   20   21   23   25   28   33    1   30  165  441  602  336  208  124   90   74   43   23   14   15   11    8    3    3    2    2    2    1    1    1
24    2    3    4    5    6    7    8    9   10   11   12   13   14   15   16   17   18   19   20   21   22   24   28   33    2   32  184  458  591  306  200  122   87   73   37   21   18   13   10    6    3    3    2    3    1    1    1    1
24    2    3    4    5    6    7    8    9   10   11   12   13   14   15   16   17   18   19   20   21   22   24   28   33    4   35  205  470  561  297  196  111   89   68   34   20   17   12   11    6    4    1    2    3    1    1    1    1
22    2    3    4    5    6    7    8    9   10   11   12   13   14   15   16   17   18   19   20   23   28   33    4   42  222  486  536  289  179  114   84   64   34   17   14   11   12    6    2    1    5    1    1    1
22    2    3    4    5    6    7    8    9   10   11   12   13   14   15   16   17   18   19   20   21   28   33    5   53  235  488  513  284  169  109   84   63   31   15   15   10   10    5    2    1    5    1    1    1
22    2    3    4    5    6    7    8    9   10   11   12   13   14   15   16   17   18   19   20   21   27   32    5   63  240  492  497  284  160  110   71   58   32   15   13   12    9    3    4    1    3    1    1    1
22    2    3    4    5    6    7    8    9   10   11   12   13   14   15   16   17   18   19   20   21   26   32    7   70  253  493  475  279  155  103   70   54   34   10   13   11    9    4    3    3    1    1    1    1
22    2    3    4    5    6    7    8    9   10   11   12   13   14   15   16   17   18   19   20   21   25   32   11   78  267  496  457  265  150   96   69   49   31   13   14    9    9    2    3    2    1    1    1    1
21   32    2    3    4    5    6    7    8    9   10   11   12   13   14   15   16   17   18   19   20   25    1   14   89  276  491  440  256  149   87   71   44   33   10   13    9    7    2    3    3    1    1
21    2    3    4    5    6    7    8    9   10   11   12   13   14   15   16   17   18   19   20   25   31   15   99  288  493  423  246  146   80   65   47   27    8   16    5    6    2    4    2    1    1    1
20    2    3    4    5    6    7    8    9   10   11   12   13   14   15   16   17   18   19   25   31   18  107  294  496  406  234  137   84   63   40   25    9   15    6    5    3    3    3    1    1
21    1    2    3    4    5    6    7    8    9   10   11   12   13   14   15   16   17   18   19   25   30    1   21  111  312  483  398  224  130   82   56   39   24    9   14    5    5    4    2    3    1    1
21    1    2    3    4    5    6    7    8    9   10   11   12   13   14   15   16   17   18   19   25   30    1   25  123  326  474  378  215  125   80   52   38   21   12   10    6    4    3    2    3    1    1
21    1    2    3    4    5    6    7    8    9   10   11   12   13   14   15   16   17   18   19   24   29    1   26  132  344  467  358  207  120   76   49   37   21    8   10    5    4    5    2    1    1    1
21    1    2    3    4    5    6    7    8    9   10   11   12   13   14   15   16   17   18   19   24   29    1   28  139  368  441  356  187  120   72   49   36   18    9    9    5    3    4    2    1    1    1
21    1    2    3    4    5    6    7    8    9   10   11   12   13   14   15   16   17   18   19   24   29    1   32  150  384  423  341  187  116   59   53   29   18    9    7    4    5    2    2    1    1    1
20    1    2    3    4    5    6    7    8    9   10   11   12   13   14   15   16   17   18   24   29    1   35  167  391  405  331  177  108   58   51   30   16    8    6    5    4    2    3    1    1
19    1    2    3    4    5    6    7    8    9   10   11   12   13   14   15   16   18   24   28    1   42  177  408  388  317  166  100   61   47   28   12    7    9    2    5    3    1    1
19    1    2    3    4    5    6    7    8    9   10   11   12   13   14   15   16   18   23   27    4   45  194  410  373  305  154   98   56   48   24   12    6    9    3    4    3    1    1
20    1    2    3    4    5    6    7    8    9   10   11   12   13   14   15   16   17   18   23   26    4   57  204  413  362  288  149   90   60   41   19   13    5    8    5    2    1    2    1    1
20    1    2    3    4    5    6    7    8    9   10   11   12   13   14   15   16   17   18   21   26    4   66  217  402  356  275  147   81   60   37   18   14    4    8    5    1    2    1    1    1
19    1    2    3    4    5    6    7    8    9   10   11   12   13   14   15   16   17   21   26    7   72  231  403  338  265  141   72   62   31   17   15    4    7    4    1    3    1    1
19    1    2    3    4    5    6    7    8    9   10   11   12   13   14   15   16   17   21   26   11   81  240  406  334  243  129   71   58   26   19   12    3    7    4    1    3    1    1
19    1    2    3    4    5    6    7    8    9   10   11   12   13   14   15   16   17   21   26   14   87  256  400  320  235  119   70   51   26   16   11    4    8    2    1    3    1    1
19    1    2    3    4    5    6    7    8    9   10   11   12   13   14   15   16   17   20   26   14   92  275  395  308  220  115   71   44   23   13   10    4    7    2    1    3    1    1
18    1    2    3    4    5    6    7    8    9   10   11   12   13   14   15   17   19   26   18   97  293  378  300  210  111   64   42   22   12   11    4    5    2    3    1    1
18    1    2    3    4    5    6    7    8    9   10   11   12   13   14   15   17   19   25   19  104  306  367  287  201  112   55   39   23   12    9    4    4    3    2    1    1
19    1    2    3    4    5    6    7    8    9   10   11   12   13   14   15   16   17   19   25   22  118  304  372  270  189  107   49   38   21   13    7    3    5    2    1    1    1    1
19    1    2    3    4    5    6    7    8    9   10   11   12   13   14   15   16   17   19   24   25  127  308  377  260  170   98   45   37   23    9    7    5    2    2    1    1    1    1
19    1    2    3    4    5    6    7    8    9   10   11   12   13   14   15   16   17   19   24   31  132  309  366  261  148   98   47   34   21    8    6    5    2    2    1    1    1    1
19    1    2    3    4    5    6    7    8    9   10   11   12   13   14   15   16   17   18   24   31  141  315  359  252  145   84   45   29   24    6    4    5    2    1    1    1    1    1
18    1    2    3    4    5    6    7    8    9   10   11   12   13   14   15   16   18   23   33  156  318  340  246  140   72   45   28   22    6    4    5    2    1    2    1    1
18    1    2    3    4    5    6    7    8    9   10   11   12   13   14   15   16   18   23   38  164  325  322  240  125   71   48   23   19    7    4    4    2    1    1    1    1
18    1    2    3    4    5    6    7    8    9   10   11   12   13   14   15   16   17   23   40  173  327  313  221  123   65   49   23   17    7    3    4    2    1    1    1    1
17    1    2    3    4    5    6    7    8    9   10   11   12   13   14   15   16   22   49  171  330  311  204  118   63   43   23   13    7    3    3    2    1    2    1
17    1    2    3    4    5    6    7    8    9   10   11   12   13   14   15   16   22   57  176  326  305  188  110   64   38   26   11    7    1    3    2    1    2    1
16    1    2    3    4    5    6    7    8    9   10   11   12   13   14   16   21   58  184  327  290  183  102   65   38   23    8    5    1    4    1    2    1
16    1    2    3    4    5    6    7    8    9   10   11   12   13   15   16   21   61  200  318  278  175   99   63   32   21    7    4    2    4    1    1    1
15    1    2    3    4    5    6    7    8    9   10   11   12   13   15   20   66  210  321  270  155  101   49   35   14    9    3    1    4    2    1
15    1    2    3    4    5    6    7    8    9   10   11   12   13   15   20   68  218  319  255  147   97   46   33   13    7    2    2    3    2    1
15    1    2    3    4    5    6    7    8    9   10   11   12   13   14   20   72  220  319  242  147   84   43   33   12    5    2    2    3    2    1
15    1    2    3    4    5    6    7    8    9   10   11   12   13   14   19   75  234  309  234  139   78   43   25   10    5    1    2    4    1    1
14    1    2    3    4    5    6    7    8    9   10   11   12   13   19   81  237  310  218  136   72   38   23   10    2    1    2    5    1
14    1    2    3    4    5    6    7    8    9   10   11   12   13   18   86  240  302  209  130   67   34   23    7    2    1    3    4    1
14    1    2    3    4    5    6    7    8    9   10   11   12   13   18   97  237  301  196  121   59   32   22    5    2    1    4    3    1
14    1    2    3    4    5    6    7    8    9   10   11   12   13   18   95  246  295  187  105   60   34   17    3    3    1    4    1    1
13    1    2    3    4    5    6    7    8    9   10   11   12   18   94  253  280  178   95   58   32   15    4    2    1    4    1
13    1    2    3    4    5    6    7    8    9   10   11   12   18   99  263  269  167   93   52   29   10    3    2    3    2    1
13    1    2    3    4    5    6    7    8    9   10   11   12   18  110  255  265  158   85   46   26    9    4    2    2    1    1
12    1    2    3    4    5    6    7    8    9   10   11   18  113  255  245  150   82   44   19    9    4    1    3    1
12    1    2    3    4    5    6    7    8    9   10   11   18  117  257  234  138   73   41   22    4    4    1    2    1
11    1    2    3    4    5    6    7    8    9   11   17  126  246  228  128   62   39   17    4    4    2    1
11    1    2    3    4    5    6    7    8    9   11   16  134  238  213  122   58   33   16    5    3    2    1
11    1    2    3    4    5    6    7    8    9   11   15  138  234  207  111   54   33   11    5    3    2    1
11    1    2    3    4    5    6    7    8    9   11   15  142  235  189  104   53   24   13    2    2    2    1
12    1    2    3    4    5    6    7    8    9   10   11   15  148  235  175   89   52   23   10    3    1    1    1    1
12    1    2    3    4    5    6    7    8    9   10   11   15  154  219  164   79   50   21    9    3    1    1    1    1
12    1    2    3    4    5    6    7    8    9   10   11   15  153  221  143   76   43   23    6    2    1    1    1    1
10    1    2    3    4    5    6    7    8   10   15  142  211  139   65   41   20    5    3    1    1
10    1    2    3    4    5    6    7    8    9   13  137  208  133   58   37   14    5    3    1    1
 9    1    2    3    4    5    6    7    8   13  129  205  125   53   30   14    3    4    1
 9    1    2    3    4    5    6    7    8   13  128  198  118   52   25   11    4    3    1
 9    1    2    3    4    5    6    7    8   13  122  184   99   45   22   13    2    1    1
 9    1    2    3    4    5    6    7    8   13  117  174   97   34   23    9    2    1    1
 8    1    2    3    4    5    6    7   12  120  158   87   28   24    6    3    1
 8    1    2    3    4    5    6    7   10  102  131   75   26   19    5    2    1
 8    1    2    3    4    5    6    7   10   88  114   58   26   14    4    2    1
 8    1    2    3    4    5    6    7    8   78  106   57   23   10    3    1    1
 7    1    2    3    4    5    6    8   63   87   47   15   10    2    1
 7    1    2    3    4    5    6    8   61   86   45   15    8    2    1
 7    1    2    3    4    5    6    8   45   57   29   13    4    2    1
 7    1    2    3    4    5    6    7   39   53   26   10    4    2    1
 6    1    2    3    4    5    6   35   46   21    9    4    3
 6    1    2    3    4    5    6   34   40   17    7    3    3
 6    1    2    3    4    5    6   26   31   12    5    2    2
 6    1    2    3    4    5    6   19   22    6    4    1    2
 6    1    2    3    4    5    6   17   14    3    3    2    1
 4    1    2    3    4    7    5    3    3
 4    1    2    3    4    7    5    3    3
 4    1    2    3    4    6    4    2    3
 4    1    2    3    4    3    4    1    2
 4    1    2    3    4    3    4    1    2
 3    1    2    4    2    3    2
 4    1    2    3    4    3    1    1    1
 4    1    2    3    4    3    1    1    1
 4    1    2    3    4    3    1    1    1
 2    1    2    2    1
