# n  list(x)  list(y)
42   63   52   50   49   48   44   43   42   38   37   36   35   33   32   31   30   29   28   27   26   25   24   23   22   21   20   19   18   17   16   15   14   13   12   11   10    9    8    7    6    5    4    1    1    1    2    1    1    1    1    2    1    1    1    1    1    3    3    4    2    1    6   11    2    5    3    5   14   12   10   11   13   26   31   50   58   67   78  106  153  327 1316  163    4
42   61   51   50   49   48   47   44   43   41   38   37   35   33   31   30   29   28   27   26   25   24   23   22   21   20   19   18   17   16   15   14   13   12   11   10    9    8    7    6    5    4    3    1    1    1    1    1    1    1    1    1    2    1    2    1    4    3    1    3    2    3   13    2    5    4    4   14   11    7   14   10   27   25   48   55   66   78  101  158  310 1243  231   17    1
40   61   50   48   47   46   43   41   38   37   35   34   33   31   30   28   27   26   25   24   23   22   21   20   19   18   17   16   15   14   13   12   11   10    9    8    7    6    5    4    3    1    2    1    1    1    2    1    1    2    1    1    1    3    4    4    1    3    8    6    6    3    4   14   13    6   13    8   23   29   43   56   60   77  101  151  297 1180  290   29    3
41   60   50   48   47   46   42   40   38   36   35   33   32   31   30   29   28   27   26   25   24   23   22   21   20   19   18   17   16   15   14   13   12   11   10    9    8    7    6    5    4    3    1    1    1    1    2    2    1    1    2    1    1    1    3    3    1    3    2    3    5    6    5    5    5   10   15    6   15    7   22   28   37   58   56   79   94  150  284 1119  339   46    4
39   60   50   48   47   46   45   41   38   36   35   32   31   30   28   27   26   25   24   23   22   21   20   19   18   17   16   15   14   13   12   11   10    9    8    7    6    5    4    3    1    1    1    1    1    1    2    2    2    1    1    3    4    4    2    3    5    6    5    4    5    7   17    7   12    9   22   23   38   53   59   76   90  140  282 1061  379   66    4
38   59   50   47   46   45   41   38   36   35   32   31   30   28   27   26   25   24   23   22   21   20   19   18   17   16   15   14   13   12   11   10    9    8    7    6    5    4    3    1    1    2    1    1    2    2    1    2    1    2    5    4    2    3    5    5    6    4    5    6   16    6   11   12   18   25   34   52   56   75   93  130  267 1003  433   75    8
39   59   49   47   46   43   41   37   36   34   32   31   30   29   28   27   26   25   24   23   22   21   20   19   18   17   16   15   14   13   12   11   10    9    8    7    6    5    4    3    1    1    1    2    1    2    1    2    2    1    1    4    2    3    3    1    5    4    7    1    5    7   12   11   10   12   16   21   37   50   59   66   92  123  250  953  473   95   13
38   59   49   46   42   41   36   35   34   33   31   30   29   28   27   26   25   24   23   22   21   20   19   18   17   16   15   14   13   12   11   10    9    8    7    6    5    4    3    1    1    3    1    2    2    1    1    1    2    3    3    3    2    1    3    3    8    3    4    6   10   13   12    9   15   17   37   47   66   60   91  118  239  909  495  116   17
40   58   49   46   45   42   40   38   36   35   32   31   30   29   28   27   26   25   24   23   22   21   20   19   18   17   16   15   14   13   12   11   10    9    8    7    6    5    4    3    2    1    1    1    2    1    1    1    1    1    2    1    3    3    3    3    1    3    2    7    5    3    5    9   14    9   14   10   20   32   47   61   59   91  120  225  862  513  142   20    1
40   58   48   46   45   44   42   40   37   36   35   32   30   29   28   27   26   25   24   23   22   21   20   19   18   17   16   15   14   13   12   11   10    9    8    7    6    5    4    3    2    1    1    1    1    1    1    1    1    1    1    2    3    2    5    2    1    3    3    5    6    4    4    9   12    5   18   11   18   32   46   59   58   89  120  214  817  531  154   31    1
38   58   47   45   44   42   39   37   35   32   30   29   28   27   26   25   24   23   22   21   20   19   18   17   16   15   14   13   12   11   10    9    8    7    6    5    4    3    2    1    1    1    2    1    1    1    2    2    3    1    4    2    2    2    5    5    3    6    5    7   11    7   12   17   13   32   42   61   57   91  115  204  760  558  173   39    1
40   58   47   45   44   43   40   38   36   35   34   31   30   29   28   27   26   25   24   23   22   21   20   19   18   17   16   15   14   13   12   11   10    9    8    7    6    5    4    3    2    1    1    1    1    1    1    1    1    1    1    1    4    1    3    2    3    1    6    4    4    3    6    9    8    9   11   19   11   26   45   54   62   92  103  209  715  557  205   41    1
38   58   47   45   43   42   40   38   35   34   31   30   29   28   27   26   24   23   22   21   20   19   18   17   16   15   14   13   12   11   10    9    8    7    6    5    4    3    2    1    1    1    1    1    1    1    1    2    1    3    2    3    1    4    7    2    6    3    4   10    7    8   13   16   13   25   42   54   57   88  110  201  668  563  230   48    1
39   58   47   45   42   40   38   35   34   33   31   30   29   28   27   26   25   24   23   22   21   20   19   18   17   16   15   14   13   12   11   10    9    8    7    6    5    4    3    2    1    1    1    1    2    1    1    1    1    1    3    2    2    2    3    1    6    3    4    4    5    8    7    9   14   14   10   30   37   54   56   89  107  195  632  562  241   62    2
38   58   47   45   42   40   38   35   33   32   31   30   29   28   27   26   24   23   22   21   20   19   18   17   16   15   14   13   12   11   10    9    8    7    6    5    4    3    2    1    1    1    1    2    1    1    1    1    1    2    1    3    2    4    6    4    4    4    5    7    6   10   14   13   11   27   35   50   56   90  104  187  605  558  261   64    6
36   58   45   43   40   36   35   33   31   30   29   28   27   26   24   23   22   21   20   19   18   17   16   15   14   13   12   11   10    9    8    7    6    5    4    3    2    1    1    1    2    1    1    1    1    3    1    2    1    6    4    2    3    8    6    4    7    7   15   12   13   21   35   55   52   81   99  185  579  554  277   76    8
37   58   44   43   40   36   35   32   31   30   29   28   27   26   25   24   23   22   21   20   19   18   17   16   15   14   13   12   11   10    9    8    7    6    5    4    3    2    1    1    1    2    1    1    1    1    2    1    1    2    4    2    1    4    5    7    4    4    7   10   15    9   14   18   35   51   51   84   91  174  553  555  287   90   10
36   58   43   40   35   34   32   30   29   28   27   26   25   24   23   22   21   20   19   18   17   16   15   14   13   12   11   10    9    8    7    6    5    4    3    2    1    1    2    2    1    1    1    3    1    1    1    4    3    1    4    3    6    5    6    6   10   13   11   12   18   30   49   53   82   87  167  519  563  304   94    9    2
36   56   43   40   39   35   34   31   30   29   27   26   25   24   23   22   21   20   19   18   17   16   15   14   13   12   11   10    9    8    7    6    5    4    3    2    1    1    2    1    1    1    1    1    3    1    2    3    1    3    4    1    6    5    8    4   12   12    8   14   16   32   44   50   83   86  153  493  560  319  108   10    1
35   56   42   39   38   35   34   30   29   27   26   25   24   23   22   21   20   19   18   17   16   15   14   13   12   11   10    9    8    7    6    5    4    3    2    1    1    2    1    1    1    1    3    2    2    2    2    1    5    2    5    5    6    6   11   11    9   11   18   29   42   45   81   90  146  462  556  335  118   12    1
36   56   42   41   39   36   35   33   30   29   27   26   25   24   23   22   21   20   19   18   17   16   15   14   13   12   11   10    9    8    7    6    5    4    3    2    1    1    1    1    1    1    1    1    3    2    2    2    2    1    4    2    3    7    5    7    6   13    8   12   15   31   41   45   73   92  138  446  542  340  136   14    1
36   56   42   40   37   36   35   33   30   29   27   26   25   24   23   22   21   20   19   18   17   16   15   14   13   12   11   10    9    8    7    6    5    4    3    2    1    1    1    1    1    1    1    1    3    2    2    2    2    1    2    4    3    5    7    3    7   12    7   14   15   27   38   49   68   94  126  431  527  343  153   19    2
35   55   42   39   37   35   33   30   29   27   26   25   24   23   22   21   20   19   18   17   16   15   14   13   12   11   10    9    8    7    6    5    4    3    2    1    1    1    1    1    2    1    2    2    1    2    1    3    1    3    3    7    5    4    7   11    7   15   11   25   42   46   63   91  124  408  510  351  170   25    3
34   55   41   39   36   35   33   30   29   26   25   24   23   22   21   20   19   18   17   16   15   14   13   12   11   10    9    8    7    6    5    4    3    2    1    1    1    1    1    2    1    2    1    1    2    3    1    4    1    7    6    4    6   11    6   12   12   21   39   40   63   82  123  388  495  364  192   29    3
34   55   41   39   35   34   33   30   29   28   25   24   23   22   21   20   19   18   17   16   15   14   13   12   11   10    9    8    7    6    5    4    3    2    1    1    1    1    2    1    1    1    1    1    2    4    1    1    3    5    7    4    7    9    8   10   14   15   35   43   52   86  119  354  503  374  198   32    4
33   55   41   38   35   34   33   30   28   27   25   24   23   21   20   19   18   17   16   15   14   13   12   11   10    9    8    7    6    5    4    3    2    1    1    1    1    1    1    2    1    1    1    2    3    2    4    3    5    7    6    8    9    9   14   14   32   40   51   83  117  331  493  381  212   34    5
32   55   41   38   35   34   33   29   26   25   24   23   21   20   19   18   17   16   15   14   13   12   11   10    9    8    7    6    5    4    3    2    1    1    1    1    1    1    2    1    2    1    2    4    4    1    5    6    7    8   11    6   15   12   34   35   50   75  110  316  491  383  215   44    5
31   54   41   38   34   33   28   26   25   24   23   22   21   19   18   17   16   15   14   13   12   11   10    9    8    7    6    5    4    3    2    1    1    1    1    2    2    1    2    1    1    4    1    4    5    6    8    6   10    7   15   12   29   32   49   71  103  291  484  392  224   53    7
30   53   41   38   33   32   28   26   24   23   22   21   19   18   17   16   15   14   13   12   11   10    9    8    7    6    5    4    3    2    1    1    1    1    2    2    1    2    2    3    2    4    5    5    8    6    9    9   12   15   22   35   48   66  102  274  471  394  229   62    7
33   53   41   38   33   32   31   28   26   25   24   23   22   21   20   19   18   17   16   15   14   13   12   11   10    9    8    7    6    5    4    3    2    1    1    1    1    2    1    1    1    1    1    2    3    1    2    1    4    6    8    7    6   10   12   15   19   36   44   63   97  254  457  395  244   71    8
32   51   40   38   33   32   30   26   25   24   23   22   21   20   19   18   17   16   15   14   13   12   11   10    9    8    7    6    5    4    3    2    1    1    1    1    1    1    2    1    1    1    3    2    1    1    4    6    5    9    7    5   14   15   22   32   39   63   97  237  434  404  248   81   11
31   51   39   37   32   29   26   25   24   23   22   21   20   19   18   17   16   15   14   13   12   11   10    9    8    7    6    5    4    3    2    1    1    1    1    2    2    1    1    1    3    1    2    1    4    2    7    9    7    7   12   14   23   29   40   62   91  216  413  415  258   85   14
31   50   39   36   32   31   28   26   24   23   22   21   20   19   18   17   16   15   14   13   12   11   10    9    8    7    6    5    4    3    2    1    1    1    1    1    1    2    1    2    3    1    1    1    3    4    5    8    7    6   11   15   22   29   39   55   88  203  396  412  270   96   15
29   50   36   31   28   27   26   24   23   22   20   19   18   17   16   15   14   13   12   11   10    9    8    7    6    5    4    3    2    1    1    1    2    1    1    1    1    3    2    2    2    2    7    6    8    7   10   14   23   27   31   56   84  183  375  425  278  102   20
31   49   36   31   30   28   26   25   24   23   22   21   20   19   18   17   16   15   14   13   12   11   10    9    8    7    6    5    4    3    2    1    1    1    1    1    1    1    1    1    2    2    1    2    2    2    6    6    8    7    9   14   23   22   32   53   81  173  368  411  287  110   20
30   49   36   31   30   27   26   24   23   22   21   20   19   18   17   16   15   14   13   12   11   10    9    8    7    6    5    4    3    2    1    1    1    1    1    1    1    1    1    4    1    2    1    2    5    6    9    7    7   13   24   21   27   52   79  162  362  397  293  122   20
28   49   36   31   29   26   23   22   21   20   19   18   17   16   15   14   13   12   11   10    9    8    7    6    5    4    3    2    1    1    1    1    1    2    2    4    1    1    1    3    4    7    8    6    7   13   21   23   28   46   83  150  335  394  308  125   23
28   47   34   30   29   26   25   23   22   21   19   18   17   16   15   14   13   12   11   10    9    8    7    6    5    4    3    2    1    1    1    1    1    1    1    2    3    1    2    1    6    3    9    6    6   13   21   23   25   41   85  144  317  383  307  143   24
26   47   34   30   29   26   25   22   21   19   17   16   15   14   13   12   11   10    9    8    7    6    5    4    3    2    1    1    1    1    1    1    1    3    3    2    6    3    9    6    6   14   19   23   22   40   86  139  297  370  315  151   26
26   47   34   30   28   25   22   21   20   19   17   16   15   14   13   12   11   10    9    8    7    6    5    4    3    2    1    1    1    1    1    2    1    4    1    2    5    3    5   10    5   11   16   23   28   36   74  140  284  360  319  161   27
28   44   34   30   28   25   24   22   21   20   19   18   17   16   15   14   13   12   11   10    9    8    7    6    5    4    3    2    1    1    1    1    1    1    1    1    3    2    1    1    5    2    5    8    6   12   13   22   28   33   73  134  261  362  320  164   34
25   33   29   27   25   23   21   20   19   17   16   15   14   13   12   11   10    9    8    7    6    5    4    3    2    1    1    1    1    1    1    4    2    1    2    4    5    8    5   12   12   20   30   28   72  123  242  361  319  176   37
25   33   29   26   24   22   21   20   19   17   16   15   14   13   12   11   10    9    8    7    6    5    4    3    2    1    1    1    1    1    1    3    2    2    1    3    6    4    8   12   11   21   28   28   68  106  239  351  323  183   39
26   33   27   26   24   22   21   20   19   18   17   16   15   14   13   12   11   10    9    8    7    6    5    4    3    2    1    1    1    1    1    1    3    2    1    1    1    3    4    4    6   12   13   18   26   30   62   97  238  341  317  191   41
24   29   26   24   21   20   19   18   17   16   15   14   13   12   11   10    9    8    7    6    5    4    3    2    1    1    2    1    2    4    1    1    1    1    3    4    8   10   13   17   26   31   51   99  217  339  314  200   45
24   29   26   25   24   21   20   19   18   17   15   14   13   12   11   10    9    8    7    6    5    4    3    2    1    1    1    1    1    1    3    2    2    1    4    3    9    9   11   16   27   25   51   93  213  319  329  191   52
23   29   25   24   21   20   19   18   17   15   14   13   12   11   10    9    8    7    6    5    4    3    2    1    1    1    2    1    2    2    2    2    4    3    8    7   12   17   23   25   50   95  181  323  329  194   56
22   29   25   24   20   19   18   17   15   14   13   12   11   10    9    8    7    6    5    4    3    2    1    1    1    2    2    1    3    3    3    4    8    6    9   19   21   26   48   91  172  303  332  202   59
20   27   24   20   18   17   15   14   13   12   11   10    9    8    7    6    5    4    3    2    1    1    2    2    2    4    3    3    8    4    8   15   21   24   49   84  154  292  335  214   65
22   27   24   23   20   19   18   17   15   14   13   12   11   10    9    8    7    6    5    4    3    2    1    1    1    1    1    1    1    4    1    6    7    3    8   10   24   24   47   77  146  287  327  218   69
21   27   23   19   18   17   16   15   14   13   12   11   10    9    8    7    6    5    4    3    2    1    1    2    1    2    3    1    1    4    8    2    9    9   24   22   48   71  148  265  332  218   67
20   26   23   22   18   17   15   14   13   12   11   10    9    8    7    6    5    4    3    2    1    1    1    1    2    3    3    4    6    4    8    9   17   26   38   71  144  244  326  226   74
21   26   23   22   18   17   16   15   14   13   12   11   10    9    8    7    6    5    4    3    2    1    1    1    1    2    2    1    3    4    5    4    6   12   15   25   34   69  133  228  318  243   73
21   26   23   21   18   17   16   15   14   13   12   11   10    9    8    7    6    5    4    3    2    1    1    1    1    1    2    1    3    4    5    5    5   11   16   25   31   63  124  224  307  237   85
21   26   23   20   18   17   16   15   14   13   12   11   10    9    8    7    6    5    4    3    2    1    1    1    1    1    2    1    3    2    6    5    6    7   18   22   27   64  110  203  306  253   87
20   25   22   18   17   16   15   14   13   12   11   10    9    8    7    6    5    4    3    2    1    1    1    2    2    1    2    2    5    5    7    7   15   24   20   63  100  196  292  254   98
20   25   22   18   17   16   15   14   13   12   11   10    9    8    7    6    5    4    3    2    1    1    1    1    1    2    2    2    4    5    6    6   17   17   21   59   95  185  285  253  106
18   23   21   16   15   14   13   12   11   10    9    8    7    6    5    4    3    2    1    1    1    3    2    3    2    6    4    7   16   14   21   53   87  173  279  253  111
17   21   20   16   15   14   12   11   10    9    8    7    6    5    4    3    2    1    1    1    1    2    5    6    4    8    8   20   20   49   86  158  261  252  120
16   20   16   14   13   12   11   10    9    8    7    6    5    4    3    2    1    2    1    4    3    4    5    6    9   16   24   38   86  146  243  259  124
16   19   16   14   13   12   11   10    9    8    7    6    5    4    3    2    1    2    1    2    3    6    5    4    9   14   18   38   82  137  236  248  125
16   18   15   14   13   12   11   10    9    8    7    6    5    4    3    2    1    2    1    2    3    4    6    4    7   16   17   35   74  133  226  240  134
17   18   17   15   14   13   12   11   10    9    8    7    6    5    4    3    2    1    1    1    1    1    3    4    5    3   10   13   19   28   69  130  220  233  136
16   16   15   14   13   12   11   10    9    8    7    6    5    4    3    2    1    2    1    1    3    2    6    3   11    8   15   32   59  120  209  233  142
16   16   15   14   13   12   11   10    9    8    7    6    5    4    3    2    1    2    1    1    3    2    3    4   10    7   13   25   54  115  192  235  148
15   16   14   13   12   11   10    9    8    7    6    5    4    3    2    1    2    2    3    1    2    5   10    6    9   23   53   99  180  241  141
14   15   14   13   11   10    9    8    7    6    5    4    3    2    1    1    1    4    2    6   10    5    7   20   49   89  177  234  144
14   15   14   13   11   10    9    8    7    6    5    4    3    2    1    1    1    4    2    2    8    9    7   19   40   76  174  218  138
14   15   14   13   11   10    9    8    7    6    5    4    3    2    1    1    1    2    3    2    8    8    8   13   37   66  165  207  142
14   15   14   13   11   10    9    8    7    6    5    4    3    2    1    1    1    2    2    3    6   10    6   11   30   70  153  192  150
14   14   13   12   11   10    9    8    7    6    5    4    3    2    1    1    1    2    2    1    8    9    4   12   28   66  142  188  137
13   14   12   11   10    9    8    7    6    5    4    3    2    1    1    1    3    2    7    7    5   10   25   58  124  191  136
12   14   11   10    9    8    7    6    5    4    3    2    1    1    3    2    8    5    6   11   24   52  119  175  140
12   14   11   10    9    8    7    6    5    4    3    2    1    1    2    2    4    9    3   10   19   43  108  175  134
11   14   11    9    8    7    6    5    4    3    2    1    1    1    2   11    3   10   20   36   95  174  131
11   14   11    9    8    7    6    5    4    3    2    1    1    1    2    4    8    9   19   30   77  157  117
11   14   11    9    8    7    6    5    4    3    2    1    1    1    2    4    5   10   14   32   73  135  115
11   14   11    9    8    7    6    5    4    3    2    1    1    1    1    4    5    6   15   26   51   98   91
11   12   11    9    8    7    6    5    4    3    2    1    1    1    1    3    3    6   14   22   43   95   84
 9   11    8    7    6    5    4    3    2    1    2    4    2    3   13   23   37   80   78
 9   10    8    7    6    5    4    3    2    1    2    1    4    3    8   20   36   60   76
10   10    9    8    7    6    5    4    3    2    1    1    1    1    4    2    8   15   29   48   68
 8    9    7    6    5    4    3    2    1    1    3    1    6   12   23   41   51
 8    9    7    6    5    4    3    2    1    1    2    2    2   13   22   38   49
 7    8    7    6    4    3    2    1    1    2    2   11   15   31   39
 7    7    6    5    4    3    2    1    2    2    1    6   15   22   30
 7    7    6    5    4    3    2    1    2    2    1    6   12   20   27
 7    7    6    5    4    3    2    1    2    1    2    4   14   18   24
 7    7    6    5    4    3    2    1    1    1    1    4    8   12   14
 6    7    5    4    3    2    1    1    2    4    8   12   13
 6    6    5    4    3    2    1    1    1    4    7    8   12
 6    6    5    4    3    2    1    1    1    3    7    8   10
 5    5    4    3    2    1    2    1    6    8    6
 5    5    4    3    2    1    2    1    6    8    6
 5    5    4    3    2    1    1    1    5    8    6
 4    4    3    2    1    1    1    6    3
 3    3    2    1    1    4    3
 3    3    2    1    1    4    3
 2    2    1    2    2
