# n  list(x)  list(y)
10   13   12   11   10    9    8    7    6    5    4    5   33  102  225  435  733  525  305  133    4
10   13   12   11   10    9    8    7    6    5    4    5   31   94  214  410  706  545  307  152   11
10   13   12   11   10    9    8    7    6    5    4    5   29   82  197  390  665  575  333  158   16
10   13   12   11   10    9    8    7    6    5    4    3   26   81  184  373  651  562  348  167   30
10   13   12   11   10    9    8    7    6    5    4    3   22   72  168  354  622  575  371  176   37
11   13   12   11   10    9    8    7    6    5    4    3    2   19   70  151  331  597  574  400  190   38    3
11   13   12   11   10    9    8    7    6    5    4    3    1   17   60  135  318  574  577  410  209   46    3
10   12   11   10    9    8    7    6    5    4    3   15   51  127  310  531  592  417  222   57    3
10   12   11   10    9    8    7    6    5    4    3   12   50  112  290  513  577  440  238   63    5
10   12   11   10    9    8    7    6    5    4    3   12   45  105  278  483  570  453  245   74   10
10   12   11   10    9    8    7    6    5    4    3   10   38  101  264  456  562  454  272   77   16
11   12   11   10    9    8    7    6    5    4    3    2    9   30  101  243  454  546  458  275   82   26    1
11   12   11   10    9    8    7    6    5    4    3    2    9   28   96  240  432  532  457  280   90   34    2
11   12   11   10    9    8    7    6    5    4    3    2    7   24   87  230  408  510  481  289  100   37    2
11   12   11   10    9    8    7    6    5    4    3    2    5   21   81  206  406  486  500  295  107   40    3
11   12   11   10    9    8    7    6    5    4    3    2    5   18   74  200  385  473  496  303  120   44    7
11   12   11   10    9    8    7    6    5    4    3    2    4   18   68  190  359  460  482  333  130   47    9
11   12   11   10    9    8    7    6    5    4    3    2    2   19   61  171  345  452  471  353  140   51   10
12   12   11   10    9    8    7    6    5    4    3    2    1    2   19   55  165  323  457  453  357  148   61    9    1
12   12   11   10    9    8    7    6    5    4    3    2    1    1   16   51  149  297  460  450  371  156   63   10    1
12   12   11   10    9    8    7    6    5    4    3    2    1    1   14   46  135  290  440  460  362  171   67   12    2
12   12   11   10    9    8    7    6    5    4    3    2    1    1   12   42  126  269  421  473  353  189   72   15    2
12   12   11   10    9    8    7    6    5    4    3    2    1    1   12   35  111  253  416  464  358  202   81   15    2
12   12   11   10    9    8    7    6    5    4    3    2    1    1   12   31  105  231  399  451  366  216   91   19    3
12   12   11   10    9    8    7    6    5    4    3    2    1    1    9   30   91  221  372  451  375  225  100   22    3
12   12   11   10    9    8    7    6    5    4    3    2    1    1    9   27   80  208  352  441  385  235  109   25    3
12   12   11   10    9    8    7    6    5    4    3    2    1    1    5   24   69  200  342  433  382  251  114   25    4
12   12   11   10    9    8    7    6    5    4    3    2    1    1    4   23   61  184  323  423  400  256  116   30    4
12   12   11   10    9    8    7    6    5    4    3    2    1    1    3   20   54  167  306  412  414  260  125   34    4
12   12   11   10    9    8    7    6    5    4    3    2    1    1    3   16   48  157  286  400  420  269  133   36    6
12   12   11   10    9    8    7    6    5    4    3    2    1    1    3   12   47  141  268  390  421  280  140   41    5
12   12   11   10    9    8    7    6    5    4    3    2    1    1    2   11   45  123  262  374  415  294  144   47    6
12   12   11   10    9    8    7    6    5    4    3    2    1    1    2    9   42  106  253  362  414  304  150   49    7
12   12   11   10    9    8    7    6    5    4    3    2    1    1    2    7   34   97  229  344  421  321  156   54    8
12   12   11   10    9    8    7    6    5    4    3    2    1    1    2    5   30   85  217  318  416  337  169   59   10
12   12   11   10    9    8    7    6    5    4    3    2    1    1    2    5   28   76  199  304  415  337  180   68    8
11   11   10    9    8    7    6    5    4    3    2    1    3    4   23   66  189  305  388  350  184   75   11
11   11   10    9    8    7    6    5    4    3    2    1    2    5   19   59  176  299  369  361  191   79   13
11   11   10    9    8    7    6    5    4    3    2    1    2    4   17   50  160  290  366  357  205   84   12
11   11   10    9    8    7    6    5    4    3    2    1    2    3   17   44  151  266  369  356  206   93   15
11   11   10    9    8    7    6    5    4    3    2    1    1    4   12   45  133  254  363  350  222   94   19
11   11   10    9    8    7    6    5    4    3    2    1    1    3   12   39  121  239  343  362  233   99   18
11   11   10    9    8    7    6    5    4    3    2    1    1    2   10   36  117  215  336  366  234  107   20
11   11   10    9    8    7    6    5    4    3    2    1    1    1    9   35  101  206  320  372  235  117   22
11   11   10    9    8    7    6    5    4    3    2    1    1    1    4   35   90  192  306  362  254  123   25
10   10    9    8    7    6    5    4    3    2    1    1    3   31   86  178  286  358  262  134   29
 9    9    8    7    6    5    4    3    2    1    3   29   76  175  280  341  269  136   34
 9    9    8    7    6    5    4    3    2    1    2   27   70  161  272  331  272  143   40
 9    9    8    7    6    5    4    3    2    1    2   21   68  141  271  311  277  159   42
 9    9    8    7    6    5    4    3    2    1    1   20   54  134  245  321  277  168   47
 9    9    8    7    6    5    4    3    2    1    1   17   50  133  226  305  284  174   49
 9    9    8    7    6    5    4    3    2    1    1   16   45  118  215  287  294  181   53
 9    9    8    7    6    5    4    3    2    1    1   10   43  107  210  271  296  188   58
 9    9    8    7    6    5    4    3    2    1    1    8   37  104  199  259  294  183   59
 9    9    8    7    6    5    4    3    2    1    1    3   30   94  181  256  300  192   62
 9    9    8    7    6    5    4    3    2    1    1    2   23   85  172  246  294  203   62
 9    9    8    7    6    5    4    3    2    1    1    1   22   79  156  237  294  201   71
 9    9    8    7    6    5    4    3    2    1    1    1   20   73  144  227  288  203   79
 9    9    8    7    6    5    4    3    2    1    1    1   16   69  132  218  290  195   87
 9    9    8    7    6    5    4    3    2    1    1    1   11   57  132  201  286  199   94
 9    9    8    7    6    5    4    3    2    1    1    1    8   46  122  195  279  205  100
 8    8    7    6    5    4    3    2    1    2    4   41  108  185  277  214   97
 8    8    7    6    5    4    3    2    1    2    3   30  107  173  264  215  100
 8    8    7    6    5    4    3    2    1    2    2   21   96  157  254  223  104
 8    8    7    6    5    4    3    2    1    2    2   18   85  154  239  227   98
 8    8    7    6    5    4    3    2    1    2    2   15   78  148  218  230   88
 8    8    7    6    5    4    3    2    1    2    2   13   73  135  215  215   88
 8    8    7    6    5    4    3    2    1    2    2   10   66  116  202  202   84
 8    8    7    6    5    4    3    2    1    2    2    9   54  104  185  191   85
 8    8    7    6    5    4    3    2    1    2    1    6   40   99  174  195   87
 8    8    7    6    5    4    3    2    1    2    1    4   35   91  162  192   86
 8    8    7    6    5    4    3    2    1    2    1    2   22   44   82   94   41
 8    8    7    6    5    4    3    2    1    2    1    1   18   41   83   89   42
 8    8    7    6    5    4    3    2    1    2    1    1   16   32   65   59   32
 7    8    6    5    4    3    2    1    2    1   13   27   66   57   31
 7    8    6    5    4    3    2    1    1    1    6   16   35   33   21
 7    7    6    5    4    3    2    1    1    1    5   13   27   36   17
 7    7    6    5    4    3    2    1    1    1    5    9   28   33   18
 5    5    4    3    2    1    1   10   18   27   11
 5    5    4    3    2    1    1    3   15   21    8
 5    5    4    3    2    1    1    3   11   20    8
 4    4    3    2    1    1    9   15    7
 3    3    2    1    7    9    5
 4    6    3    2    1    1    4    5    6
 4    4    3    2    1    1    2    7    2
 3    3    2    1    3    4    3
 3    3    2    1    3    4    3
 3    3    2    1    3    4    3
 3    3    2    1    2    5    2
 3    3    2    1    2    2    4
 3    3    2    1    2    2    4
 3    3    2    1    2    2    4
 3    3    2    1    2    2    4
 3    3    2    1    2    1    4
 2    3    1    2    4
 2    3    1    2    4
 2    2    1    2    2
 2    2    1    1    2
 2    2    1    1    2
