# n  list(x)  list(y)
41   83   60   59   50   48   45   43   42   37   36   35   34   33   31   30   29   28   27   26   25   24   23   22   21   20   19   18   17   16   15   14   13   12   11   10    9    8    7    6    5    4    1    1    1    1    1    1    1    2    1    2    1    1    2    1    3    1    5    2    8    6    3    9    6    8   10   12   14   13   26   28   25   40   47   48   74  109  157  326 1334  165    4
41   83   60   58   49   48   45   43   42   37   36   35   34   33   32   31   30   29   28   26   25   24   23   22   21   20   19   18   17   16   15   14   13   12   11   10    9    8    7    6    5    4    1    1    1    1    1    1    1    2    1    1    1    1    2    1    1    2    2    4   10    7    2    3    9   10    8   11   13   13   30   24   26   39   50   43   68  113  151  311 1268  225   16
40   83   59   56   49   47   44   42   41   37   35   34   33   32   30   29   28   26   25   24   23   22   21   20   19   18   17   16   15   14   13   12   11   10    9    8    7    6    5    4    3    1    1    1    1    1    1    2    1    1    1    1    3    1    3    1    5    7    6    6    3    7   10    7   14   12   13   28   25   28   33   53   43   60  110  152  300 1207  270   29    2
39   83   59   56   49   46   43   42   40   37   35   33   32   30   29   28   26   25   24   23   22   21   20   19   18   17   16   15   14   13   12   11   10    9    8    7    6    5    4    3    1    1    1    1    1    1    2    1    1    1    3    2    2    2    4    6    7    3    4    8   11    6   14   12   15   25   25   25   33   54   42   59  108  148  288 1147  318   39    4
40   83   58   55   49   46   43   42   39   37   35   33   32   30   29   28   27   26   25   24   23   22   21   20   19   18   17   16   15   14   13   12   11   10    9    8    7    6    5    4    3    1    1    1    1    1    1    2    1    1    1    2    3    2    1    4    1    5    7    4    4    8    9    6   14    9   20   22   23   27   31   52   47   51  109  137  281 1083  367   53    7
41   83   56   53   49   46   42   40   39   36   35   33   32   31   30   29   28   27   26   25   24   23   22   21   20   19   18   17   16   15   14   13   12   11   10    9    8    7    6    5    4    3    1    1    1    1    1    2    1    1    1    1    1    2    2    1    2    1    3    5    4    4    5    4   12    6   15   10   16   24   24   21   35   50   49   50  102  134  272 1026  395   81    8
40   82   55   53   49   46   42   40   39   36   35   33   32   31   30   29   28   26   25   24   23   22   21   20   19   18   17   16   15   14   13   12   11   10    9    8    7    6    5    4    3    1    1    1    1    1    1    2    1    1    1    1    2    2    1    1    2    5    5    6    4    3   12    6   14   11   16   22   23   20   33   49   46   51   97  122  262  976  443   92   12
40   80   55   52   49   44   42   40   39   36   33   32   31   30   29   28   27   26   25   24   23   22   21   20   19   18   17   16   15   14   13   12   11   10    9    8    7    6    5    4    3    1    1    1    1    1    1    1    2    1    1    3    1    2    1    1    1    3    6    3    6    3   13    5   11   12   19   19   20   20   32   47   42   53   88  121  252  920  482  111   17
41   80   55   51   49   44   42   40   39   38   36   32   31   30   29   28   27   26   25   24   23   22   21   20   19   18   17   16   15   14   13   12   11   10    9    8    7    6    5    4    3    2    1    1    1    1    1    1    1    1    1    1    4    1    2    1    1    1    3    4    4    5    5   10    8   10    9   22   16   18   23   32   41   47   51   91  115  244  882  494  124   20    2
39   79   54   50   47   44   40   39   38   35   32   31   30   29   27   26   25   24   23   22   21   20   19   18   17   16   15   14   13   12   11   10    9    8    7    6    5    4    3    2    1    1    1    1    1    1    1    1    1    3    1    2    1    2    2    4    3    7    5    6    7    9   11   17   19   19   21   28   39   47   55   84  112  216  840  526  155   23    2
40   78   54   50   47   44   40   39   37   33   32   31   30   29   28   27   26   25   24   23   22   21   20   19   18   17   16   15   14   13   12   11   10    9    8    7    6    5    4    3    2    1    1    1    1    1    1    1    1    1    3    1    1    1    1    2    2    4    3    6    5    6    7    9   12   15   20   20   17   29   37   48   53   85  102  210  807  533  169   31    2
37   77   54   49   44   38   36   32   31   30   29   28   27   26   25   24   23   22   21   20   19   18   17   16   15   14   13   12   11   10    9    8    7    6    5    4    3    2    1    1    1    1    2    1    3    1    2    1    1    2    2    3    3    7    4    6    7    7   11   16   20   23   13   30   37   44   50   82   99  209  754  539  204   36    2
36   76   53   47   44   38   36   32   31   30   29   27   26   25   24   23   22   21   20   19   18   17   16   15   14   13   12   11   10    9    8    7    6    5    4    3    2    1    1    1    1    1    2    1    2    2    2    3    2    3    2    7    4    5    9    4   11   18   14   26   16   27   33   42   56   76   92  206  709  552  220   45    4
35   76   53   47   44   36   32   31   30   29   27   26   25   24   23   22   21   20   19   18   17   16   15   14   13   12   11   10    9    8    7    6    5    4    3    2    1    1    1    1    2    1    1    2    2    3    2    3    3    6    3    7    6    6    9   17   17   22   16   27   33   43   49   74   96  192  679  547  242   54    7
36   75   53   46   43   36   31   30   29   28   27   26   25   24   23   22   21   20   19   18   17   16   15   14   13   12   11   10    9    8    7    6    5    4    3    2    1    1    1    1    1    2    1    3    1    1    2    2    3    3    5    4    5    8    6    8   16   14   22   20   23   33   40   48   72   89  191  631  553  265   66    8    1
36   75   52   46   42   36   31   30   29   28   27   26   25   24   23   22   21   20   19   18   17   16   15   14   13   12   11   10    9    8    7    6    5    4    3    2    1    1    1    1    1    2    1    3    1    1    1    2    4    3    4    5    4    9    5    9   16    9   24   17   24   29   42   45   74   86  180  594  556  281   78   11    1
34   74   52   45   40   35   30   29   28   26   25   24   23   22   21   20   19   18   17   16   15   14   13   12   11   10    9    8    7    6    5    4    3    2    1    1    1    1    1    2    2    2    2    3    3    4    4    5    3    7    5   10   14   10   17   21   25   26   37   46   76   76  176  556  556  300   96   11    1
34   73   52   43   40   35   30   29   28   26   25   24   23   22   21   20   19   18   17   16   15   14   13   12   11   10    9    8    7    6    5    4    3    2    1    1    1    1    1    2    1    3    2    3    3    4    4    2    4    8    4   10   14    9   18   16   28   23   38   40   76   72  161  542  541  314  109   19    1
34   70   52   43   40   35   34   29   27   26   25   24   23   22   21   20   19   18   17   16   15   14   13   12   11   10    9    8    7    6    5    4    3    2    1    1    1    1    1    1    1    4    1    3    4    3    4    2    2    8    5    8   17    6   17   19   28   21   38   36   77   69  149  529  526  320  128   18    2
35   69   52   43   40   35   33   29   28   27   26   25   24   23   22   21   20   19   18   17   16   15   14   13   12   11   10    9    8    7    6    5    4    3    2    1    1    1    1    1    1    1    3    1    1    2    5    3    1    4    2    6    4    9   17    6   16   19   28   18   37   36   72   70  143  501  515  337  141   19    3
35   69   52   43   40   35   31   29   28   27   26   25   24   23   22   21   20   19   18   17   16   15   14   13   12   11   10    9    8    7    6    5    4    3    2    1    1    1    1    1    1    1    3    1    1    2    4    3    2    4    1    5    5    8   18    5   15   19   24   24   32   34   66   73  141  466  516  343  153   23    3
33   69   52   39   35   30   29   28   26   25   24   23   22   21   20   19   18   17   16   15   14   13   12   11   10    9    8    7    6    5    4    3    2    1    1    1    1    1    1    1    3    3    2    5    2    2    2    5    2    7   18    8   13   20   20   28   30   32   66   71  136  429  525  339  171   27    3
32   67   51   39   35   30   28   26   25   24   23   22   21   20   19   18   17   16   15   14   13   12   11   10    9    8    7    6    5    4    3    2    1    1    1    1    1    1    4    3    1    4    1    2    3    3    4    6   18    8   12   16   25   28   22   33   58   78  124  408  513  351  184   33    3
30   65   49   35   28   27   26   24   23   22   21   20   19   18   17   16   15   14   13   12   11   10    9    8    7    6    5    4    3    2    1    1    1    1    2    3    3    5    1    2    2    3    2    9   13   11   11   12   24   27   19   35   54   79  115  376  514  349  200   48    3
30   65   49   35   28   27   26   24   23   22   21   20   19   18   17   16   15   14   13   12   11   10    9    8    7    6    5    4    3    2    1    1    1    1    1    4    3    4    1    1    3    3    3    8   13    7   15   13   20   30   19   32   48   78  112  350  501  362  211   52    3
29   65   47   35   27   26   24   23   22   21   20   19   18   17   16   15   14   13   12   11   10    9    8    7    6    5    4    3    2    1    1    1    1    4    4    2    2    1    2    4    3    3   15   10   14   11   16   34   16   34   41   78  113  321  484  380  213   63    4
29   63   47   34   27   26   25   24   22   21   20   19   18   17   16   15   14   13   12   11   10    9    8    7    6    5    4    3    2    1    1    1    1    2    5    1    1    4    2    4    3    1   15    9   16   10   14   32   22   29   44   69  111  299  478  386  218   68    4
29   63   47   34   27   26   25   24   23   22   21   20   19   17   16   15   14   13   12   11   10    9    8    7    6    5    4    3    2    1    1    1    1    2    4    1    1    1    3    3    3    4   12   11   16   10   14   28   23   27   41   73  104  281  458  390  234   71    7
29   61   47   32   27   26   25   24   23   22   21   20   19   17   16   15   14   13   12   11   10    9    8    7    6    5    4    3    2    1    1    1    1    1    4    2    1    1    1    4    3    5   10    9   12   13   16   24   25   27   39   63  109  258  451  401  234   75    9
28   60   47   31   27   26   25   23   21   20   19   18   17   16   15   14   13   12   11   10    9    8    7    6    5    4    3    2    1    1    1    1    1    3    3    2    4    3    3    3    7    9   12   13   18   22   24   27   40   57  107  241  430  414  236   80   13
28   60   47   30   27   26   25   23   21   20   19   18   17   16   15   14   13   12   11   10    9    8    7    6    5    4    3    2    1    1    1    1    1    3    3    2    4    3    3    3    6   10    9   10   20   20   24   29   36   61   98  236  398  414  243   97   14
29   60   46   29   26   25   24   23   22   21   20   19   18   17   16   15   14   13   12   11   10    9    8    7    6    5    4    3    2    1    1    1    1    3    2    2    1    1    3    4    3    3    6    8    9   11   21   18   23   26   35   59  101  222  382  411  247  105   16
29   60   46   29   26   25   24   23   22   21   20   19   18   17   16   15   14   13   12   11   10    9    8    7    6    5    4    3    2    1    1    1    1    2    2    2    1    2    2    2    4    3    7    6    9   12   18   18   25   27   35   55   97  210  380  387  264  102   25
29   58   44   28   26   25   24   23   22   21   20   19   18   17   16   15   14   13   12   11   10    9    8    7    6    5    4    3    2    1    1    1    1    2    2    1    1    3    1    2    5    2    7    5   11    7   18   19   21   30   30   55   89  195  368  399  260  109   29
29   55   42   28   26   25   24   23   22   21   20   19   18   17   16   15   14   13   12   11   10    9    8    7    6    5    4    3    2    1    1    1    1    1    2    1    2    2    1    3    5    1    5    3   14    7   10   26   22   26   32   54   84  191  354  393  266  111   30
27   42   27   26   25   23   22   21   20   19   18   17   16   15   14   13   12   11   10    9    8    7    6    5    4    3    2    1    1    1    1    2    2    1    2    2    3    5    5    2   14    8    9   20   22   24   35   49   77  179  327  390  290  120   33
27   42   27   26   25   23   22   21   20   19   18   17   16   15   14   13   12   11   10    9    8    7    6    5    4    3    2    1    1    1    1    1    2    1    3    2    3    3    5    2   13   10   10   14   24   22   37   40   81  169  313  373  301  130   34
25   42   27   25   22   21   20   19   18   17   16   15   14   13   12   11   10    9    8    7    6    5    4    3    2    1    1    1    2    2    3    2    3    3    4    3   12    8   14   12   24   20   36   42   78  158  302  367  299  136   38
24   42   25   22   21   20   19   18   17   16   15   14   13   12   11   10    9    8    7    6    5    4    3    2    1    1    2    2    1    1    4    4    5    1   11   11   11   13   19   22   36   36   79  148  284  357  311  143   43
24   42   25   22   21   20   19   18   17   16   15   14   13   12   11   10    9    8    7    6    5    4    3    2    1    1    2    1    2    1    4    3    5    1    8   12    8   13   20   21   34   34   69  143  275  348  321  148   46
24   42   25   22   21   20   19   18   17   16   15   14   13   12   11   10    9    8    7    6    5    4    3    2    1    1    2    1    1    2    2    5    3    3    5   11    8   12   22   21   31   34   65  134  253  348  335  145   51
22   40   24   22   20   19   18   16   15   14   13   12   11   10    9    8    7    6    5    4    3    2    1    1    2    1    1    2    6    4    5    8   12   11   18   19   31   37   62  119  241  342  332  157   53
24   40   24   23   22   20   19   18   17   16   15   14   13   12   11   10    9    8    7    6    5    4    3    2    1    1    1    1    1    1    1    3    4    2    6    8   12   11   15   18   30   37   53  112  237  324  335  169   56
23   40   23   22   20   19   18   17   16   15   14   13   12   11   10    9    8    7    6    5    4    3    2    1    1    2    1    1    1    3    2    1    8    7    8   14   15   16   29   33   56  100  223  316  332  176   66
22   40   23   20   19   18   17   16   15   14   13   12   11   10    9    8    7    6    5    4    3    2    1    1    2    1    1    1    2    1    7    7    9   13   13   18   24   34   50   90  206  310  339  184   73
22   39   23   22   19   18   17   16   15   14   13   12   11   10    9    8    7    6    5    4    3    2    1    1    1    1    2    1    2    1    5    9    8   11   12   16   23   36   46   87  189  304  334  194   77
21   39   23   22   19   18   17   15   14   13   12   11   10    9    8    7    6    5    4    3    2    1    1    1    1    1    1    3    5   10    7    9   14   11   21   37   45   80  173  300  331  203   80
20   38   23   22   18   17   15   14   13   12   11   10    9    8    7    6    5    4    3    2    1    1    1    1    1    4    3    9    9    8   12   12   19   37   41   77  158  291  334  203   87
20   38   22   21   17   16   15   14   13   12   11   10    9    8    7    6    5    4    3    2    1    1    1    1    3    2    3    5   11    9   10   12   14   37   38   74  154  274  336  203   94
20   38   22   21   17   16   15   14   13   12   11   10    9    8    7    6    5    4    3    2    1    1    1    1    3    2    2    4   10   11    7   14   14   31   39   66  141  265  333  211  100
20   38   22   21   17   16   15   14   13   12   11   10    9    8    7    6    5    4    3    2    1    1    1    1    1    2    3    3    8   12    5   14   14   27   42   61  134  255  331  214   99
19   38   22   21   16   15   14   13   12   11   10    9    8    7    6    5    4    3    2    1    1    1    1    2    4    3    7   12    6   12   15   21   40   54  129  243  323  229   99
18   38   22   21   15   14   13   12   11   10    9    8    7    6    5    4    3    2    1    1    1    1    6    2    6   10    9    9   14   18   37   56  113  235  310  244  104
17   38   21   15   14   13   12   11   10    9    8    7    6    5    4    3    2    1    1    2    3    3    5   10   10    7   14   19   34   56  107  228  303  249   98
17   38   21   15   14   13   12   11   10    9    8    7    6    5    4    3    2    1    1    2    2    3    4   10   10    8   14   17   25   60   98  218  300  240  111
18   38   21   20   15   14   13   12   11   10    9    8    7    6    5    4    3    2    1    1    1    1    1    3    3    8   11    9   12   14   28   55   84  206  301  240  117
18   38   20   18   15   14   13   12   11   10    9    8    7    6    5    4    3    2    1    1    1    1    1    2    4    7   11    5   15   10   27   51   83  192  285  246  126
17   37   20   18   14   13   12   11   10    9    8    7    6    5    4    3    2    1    1    1    1    3    3    6   10    5   16    9   23   50   80  173  282  245  133
16   36   18   14   13   12   11   10    9    8    7    6    5    4    3    2    1    1    1    2    4    6    7    6   17    9   17   47   74  158  268  261  131
16   36   17   14   13   12   11   10    9    8    7    6    5    4    3    2    1    1    1    1    4    6    8    4   16    8   18   42   74  147  255  264  128
16   36   16   14   13   12   11   10    9    8    7    6    5    4    3    2    1    1    1    1    2    7    6    6   17    5   17   40   62  148  240  257  134
15   36   16   13   12   11   10    9    8    7    6    5    4    3    2    1    1    1    2    5    8    5   13    9   15   32   61  141  231  251  138
14   34   16   12   11   10    9    8    7    6    5    4    3    2    1    1    1    5    7    6   12   12   12   32   52  129  222  250  143
14   33   16   12   11   10    9    8    7    6    5    4    3    2    1    1    1    4    7    4   11   13   10   29   52  113  216  241  147
14   31   15   12   11   10    9    8    7    6    5    4    3    2    1    1    1    2    7    5   10   10   10   28   45  114  197  242  153
14   30   13   12   11   10    9    8    7    6    5    4    3    2    1    1    1    2    5    6   10    9   10   27   39  105  191  240  154
14   29   13   12   11   10    9    8    7    6    5    4    3    2    1    1    1    2    2    7    7   12    9   21   43   97  184  227  161
13   28   12   11   10    9    8    7    6    5    4    3    2    1    1    2    2    2    9   13    8   17   46   80  178  224  163
13   27   12   11   10    9    8    7    6    5    4    3    2    1    1    2    1    3    9   11    6   15   46   74  160  214  161
13   27   12   11   10    9    8    7    6    5    4    3    2    1    1    1    2    2    7   12    7   14   43   67  150  206  158
12   27   11   10    9    8    7    6    5    4    3    2    1    1    2    3    5    9   10   14   31   65  150  201  151
12   26   11   10    9    8    7    6    5    4    3    2    1    1    1    3    4    9   12   12   29   58  144  190  142
12   26   11   10    9    8    7    6    5    4    3    2    1    1    1    2    5    6   12    9   27   53  136  169  141
12   25   11   10    9    8    7    6    5    4    3    2    1    1    1    2    4    7   10    9   23   50  132  168  135
11   23   10    9    8    7    6    5    4    3    2    1    1    2    3    7    9    9   22   38  115  152  116
11   20   10    9    8    7    6    5    4    3    2    1    1    1    2    5    8    7   21   31  100  147  103
11   20   10    9    8    7    6    5    4    3    2    1    1    1    1    3    6    7   18   25   80  127   93
10   20    9    8    7    6    5    4    3    2    1    1    1    2    6    5   16   25   70  113   97
 9    9    8    7    6    5    4    3    2    1    1    1    5    5   10   24   57  101   87
 9    9    8    7    6    5    4    3    2    1    1    1    4    5    9   21   48   91   90
 8    8    7    6    5    4    3    2    1    1    4    1   10   23   44   81   88
 8    8    7    6    5    4    3    2    1    1    3    2    7   18   38   71   72
 7    7    6    5    4    3    2    1    3    2    6   13   32   66   55
 7    7    6    5    4    3    2    1    2    2    4    7   20   40   42
 6    6    5    4    3    2    1    2    2    7   13   21   29
 6    6    5    4    3    2    1    1    3    6   12   14   25
 4    4    3    2    1    3    9    6   13
 4    4    3    2    1    3    9    6   13
 4    4    3    2    1    3    7    7   11
 2    2    1   10    2
 2    2    1   10    2
 2    2    1    7    2
 2    2    1    4    2
 4    4    3    2    1    1    1    3    1
 4    4    3    2    1    1    1    3    1
 3    3    2    1    1    1    3
 3    3    2    1    1    1    3
 3    3    2    1    1    1    3
 2    2    1    1    2
