# n  list(x)  list(y)
 6    8    7    6    5    4    3  677  943  617  190   72    1
 6    8    7    6    5    4    3  619  920  649  202   83    2
 6    8    7    6    5    4    3  561  899  658  238   91    3
 6    8    7    6    5    4    3  506  872  675  272   96    4
 6    8    7    6    5    4    3  460  852  683  283  115    7
 7    8    7    6    5    4    3    2  423  823  678  316  121   13    1
 7    8    7    6    5    4    3    2  380  783  688  347  137   14    1
 7    8    7    6    5    4    3    2  345  748  699  363  150   19    1
 7    8    7    6    5    4    3    2  308  702  722  391  153   23    1
 8    8    7    6    5    4    3    2    1  284  658  720  419  166   26    1    1
 8    8    7    6    5    4    3    2    1  253  642  708  429  179   36    2    1
 8    8    7    6    5    4    3    2    1  222  612  700  455  189   42    4    1
 8    8    7    6    5    4    3    2    1  208  583  685  466  199   51    6    2
 8    8    7    6    5    4    3    2    1  188  542  680  482  220   54    7    2
 8    8    7    6    5    4    3    2    1  171  517  670  478  243   61    8    2
 8    8    7    6    5    4    3    2    1  149  483  664  491  257   68   11    2
 8    8    7    6    5    4    3    2    1  142  451  635  513  262   80   15    2
 8    8    7    6    5    4    3    2    1  124  419  629  528  267   83   23    2
 8    8    7    6    5    4    3    2    1  117  394  605  532  282   90   28    2
 8    8    7    6    5    4    3    2    1  111  368  576  535  300   99   32    4
 8    8    7    6    5    4    3    2    1  100  344  562  535  312  103   37    4
 8    8    7    6    5    4    3    2    1   97  323  534  531  332  109   41    5
 8    8    7    6    5    4    3    2    1   89  310  500  538  340  122   42    6
 8    8    7    6    5    4    3    2    1   81  295  467  555  345  126   45    8
 8    8    7    6    5    4    3    2    1   65  278  456  547  365  122   57    7
 8    8    7    6    5    4    3    2    1   57  255  439  549  369  140   55    8
 8    8    7    6    5    4    3    2    1   48  237  415  544  376  160   56   11
 8    8    7    6    5    4    3    2    1   42  227  405  525  371  178   58   16
 8    8    7    6    5    4    3    2    1   36  219  383  513  376  190   63   16
 8    8    7    6    5    4    3    2    1   34  202  366  495  392  189   73   18
 8    8    7    6    5    4    3    2    1   31  187  363  471  393  205   72   21
 8    8    7    6    5    4    3    2    1   22  173  349  456  398  222   77   21
 8    8    7    6    5    4    3    2    1   21  161  312  458  403  230   85   23
 8    8    7    6    5    4    3    2    1   17  141  305  443  401  248   89   24
 8    8    7    6    5    4    3    2    1   16  129  292  426  393  258   99   29
 8    8    7    6    5    4    3    2    1   15  117  274  399  409  263  107   33
 8    8    7    6    5    4    3    2    1   14  104  258  384  416  262  115   40
 8    8    7    6    5    4    3    2    1   13   91  239  368  419  276  120   41
 8    8    7    6    5    4    3    2    1   13   83  226  345  422  282  123   48
 8    8    7    6    5    4    3    2    1   12   77  207  318  422  300  133   45
 8    8    7    6    5    4    3    2    1   11   66  178  321  414  304  141   47
 8    8    7    6    5    4    3    2    1    8   60  161  306  402  326  146   46
 8    8    7    6    5    4    3    2    1    7   55  149  291  392  336  151   48
 8    8    7    6    5    4    3    2    1    7   51  138  272  385  347  151   52
 8    8    7    6    5    4    3    2    1    7   41  130  254  377  350  160   57
 8    8    7    6    5    4    3    2    1    6   33  123  247  362  343  175   63
 8    8    7    6    5    4    3    2    1    4   31  118  224  350  349  182   68
 8    8    7    6    5    4    3    2    1    3   27  107  209  344  345  186   71
 8    8    7    6    5    4    3    2    1    2   25   94  190  340  341  199   76
 8    8    7    6    5    4    3    2    1    2   23   75  185  327  342  203   84
 8    8    7    6    5    4    3    2    1    2   18   75  167  315  338  212   87
 8    8    7    6    5    4    3    2    1    1   16   65  154  299  340  224   88
 8    8    7    6    5    4    3    2    1    1   14   60  149  285  326  222   97
 8    8    7    6    5    4    3    2    1    1   11   53  138  266  326  225  101
 8    8    7    6    5    4    3    2    1    1    7   45  134  242  339  218  104
 8    8    7    6    5    4    3    2    1    1    7   41  121  233  319  235  109
 8    8    7    6    5    4    3    2    1    1    5   36  110  225  314  236  115
 8    8    7    6    5    4    3    2    1    1    2   34   95  209  300  239  119
 8    8    7    6    5    4    3    2    1    1    1   29   83  185  307  239  123
 8    8    7    6    5    4    3    2    1    1    1   23   82  174  285  230  126
 8    8    7    6    5    4    3    2    1    1    1   20   78  162  278  223  123
 8    8    7    6    5    4    3    2    1    1    1   14   61  153  249  205  115
 7    7    6    5    4    3    2    1    1    9   52  120  197  169   90
 7    7    6    5    4    3    2    1    1    2   32   73  127  117   62
 6    6    5    4    3    2    1    3   17   38   70   54   35
 6    6    5    4    3    2    1    3   13   30   60   43   31
 6    6    5    4    3    2    1    2   12   25   52   41   26
 6    6    5    4    3    2    1    2    9   18   31   28   20
 6    6    5    4    3    2    1    2    9   18   31   28   20
 6    6    5    4    3    2    1    1    8   15   35   27   19
 5    5    4    3    2    1    4   15   33   24   21
 5    5    4    3    2    1    4   12   24   17   14
 5    5    4    3    2    1    3   10   24   17   15
 5    5    4    3    2    1    3    7   23   10   14
 5    5    4    3    2    1    2    5   14   10   14
 5    5    4    3    2    1    1    4   10   12   15
 5    5    4    3    2    1    2    8   11    9    9
 5    5    4    3    2    1    1    4    8   13   13
 5    5    4    3    2    1    1    3    7    9   12
 5    5    4    3    2    1    1    3    5    9   10
 5    5    4    3    2    1    1    3    4   10    9
 4    4    3    2    1    4    3   10    7
 4    4    3    2    1    3    4    9    2
 4    4    3    2    1    3    4    9    2
 4    4    3    2    1    1    4    7    4
 3    3    2    1    2    4    4
 3    3    2    1    2    4    4
 4    4    3    2    1    1    3    4    1
 4    4    3    2    1    1    3    4    1
 4    4    3    2    1    1    1    5    1
 4    4    3    2    1    1    1    5    1
 4    4    3    2    1    1    1    5    1
 3    3    2    1    1    3    3
 3    3    2    1    1    2    3
 3    3    2    1    1    2    3
 3    3    2    1    1    2    1
 3    3    2    1    1    2    1
 2    2    1    1    2
