# n  list(x)  list(y)
19    4    5    6    7    8    9   10   11   12   13   14   15   16   17   18   19   20   21   22    4  121  706  548  374  255  165  102   86   48   39   23   14    5    4    3    1    1    1
19    3    4    5    6    7    8    9   10   11   12   13   14   15   16   17   18   19   20   22    1   12  154  689  544  363  243  156  100   85   45   36   22   10    5    5    2    2    1
19    3    4    5    6    7    8    9   10   11   12   13   14   15   16   17   18   19   20   22    1   24  177  675  537  354  231  150  100   80   43   32   21   11    5    5    1    2    1
18    3    4    5    6    7    8    9   10   11   12   13   14   15   16   17   18   19   22    2   27  216  670  519  338  228  149  101   67   39   28   18   11    3    6    2    1
18    3    4    5    6    7    8    9   10   11   12   13   14   15   16   17   18   19   22    4   30  260  639  513  329  221  142   94   65   39   24   17   11    4    5    2    1
18    3    4    5    6    7    8    9   10   11   12   13   14   15   16   17   18   19   22    7   44  282  629  497  326  207  138   87   60   43   22   12   11    3    4    2    1
18    3    4    5    6    7    8    9   10   11   12   13   14   15   16   17   18   19   21   11   58  288  630  479  319  201  132   85   55   39   21   12   10    4    3    2    1
19    2    3    4    5    6    7    8    9   10   11   12   13   14   15   16   17   18   19   21    1   11   72  303  626  469  309  190  122   84   52   37   21    8   11    3    3    2    1
18    2    3    4    5    6    7    8    9   10   11   12   13   14   15   16   17   18   21    1   12   83  330  616  461  288  178  116   87   51   34   17    8    9    3    5    1
18    2    3    4    5    6    7    8    9   10   11   12   13   14   15   16   17   18   21    2   13  102  334  609  454  268  180  103   87   54   29   15    8    8    4    4    1
18    2    3    4    5    6    7    8    9   10   11   12   13   14   15   16   17   18   21    3   18  118  346  598  428  267  172   98   88   51   26   13    8    8    5    2    1
18    1    2    3    4    5    6    7    8    9   10   11   12   13   14   15   16   17   21    1    4   26  131  354  591  410  260  159  104   79   50   24   12    6    9    4    1
18    1    2    3    4    5    6    7    8    9   10   11   12   13   14   15   16   17   21    1    5   29  150  356  588  404  236  153  105   74   49   18   14    5    9    3    1
18    1    2    3    4    5    6    7    8    9   10   11   12   13   14   15   16   17   21    1    6   34  156  387  566  391  224  147  105   66   45   16   14    6    7    3    1
18    1    2    3    4    5    6    7    8    9   10   11   12   13   14   15   16   17   21    1    6   40  167  399  547  378  224  141   99   61   45   13   13    5    7    3    1
18    1    2    3    4    5    6    7    8    9   10   11   12   13   14   15   16   17   21    1    7   49  172  411  533  372  214  135   91   56   44   13   13    5    5    3    1
18    1    2    3    4    5    6    7    8    9   10   11   12   13   14   15   16   17   21    2    7   64  178  423  526  347  198  138   86   53   41   11   13    4    7    1    1
17    1    2    3    4    5    6    7    8    9   10   11   12   13   14   15   16   21    2   10   75  190  427  510  328  198  126   82   54   40    8   13    3    8    1
17    1    2    3    4    5    6    7    8    9   10   11   12   13   14   15   16   21    2   13   81  201  437  493  323  179  121   85   42   42   10   12    1    7    1
17    1    2    3    4    5    6    7    8    9   10   11   12   13   14   15   16   21    2   16   85  216  448  476  310  169  113   83   41   36   10   11    2    6    1
16    1    2    3    4    5    6    7    8    9   10   11   12   13   14   15   16    2   20   92  230  448  465  298  155  115   73   44   31   11    9    4    3
16    1    2    3    4    5    6    7    8    9   10   11   12   13   14   15   16    3   22  102  240  453  439  290  147  110   70   44   29   12    9    2    3
16    1    2    3    4    5    6    7    8    9   10   11   12   13   14   15   16    3   28  103  253  453  423  278  142  107   70   41   25   14    6    1    3
15    1    2    3    4    5    6    7    8    9   10   11   12   13   14   16    5   29  108  269  454  399  273  142  102   60   41   23   11    6    3
15    1    2    3    4    5    6    7    8    9   10   11   12   13   14   16    7   29  118  287  447  379  270  137   86   62   42   19   10    4    3
15    1    2    3    4    5    6    7    8    9   10   11   12   13   14   16    7   34  136  288  445  361  256  131   81   64   37   19   10    3    3
15    1    2    3    4    5    6    7    8    9   10   11   12   13   14   16    7   39  133  307  428  360  237  135   76   62   33   19    8    3    3
15    1    2    3    4    5    6    7    8    9   10   11   12   13   14   16    7   43  141  310  420  357  224  128   70   63   28   21    6    3    3
16    1    2    3    4    5    6    7    8    9   10   11   12   13   14   15   16    9   43  152  320  417  332  220  122   68   56   29   19    6    2    1    2
15    1    2    3    4    5    6    7    8    9   10   11   12   13   14   16   10   47  167  319  408  325  209  115   69   49   29   15    6    3    2
15    1    2    3    4    5    6    7    8    9   10   11   12   13   14   16   14   46  181  327  402  315  196  101   76   41   25   15    4    3    2
15    1    2    3    4    5    6    7    8    9   10   11   12   13   14   16   17   50  184  337  395  303  187   96   70   36   25   14    6    1    2
15    1    2    3    4    5    6    7    8    9   10   11   12   13   15   16   17   55  193  346  391  289  175   94   62   33   23   12    6    1    1
15    1    2    3    4    5    6    7    8    9   10   11   12   13   15   16   18   56  200  365  380  274  172   87   53   28   24    8    6    1    1
15    1    2    3    4    5    6    7    8    9   10   11   12   13   15   16   18   64  209  362  370  272  158   86   46   28   20    9    4    1    1
15    1    2    3    4    5    6    7    8    9   10   11   12   13   15   16   22   67  224  358  370  262  141   80   41   25   20    8    3    1    1
15    1    2    3    4    5    6    7    8    9   10   11   12   13   15   16   24   73  230  357  359  250  134   82   40   21   17    8    1    1    1
15    1    2    3    4    5    6    7    8    9   10   11   12   13   15   16   26   83  237  354  359  232  126   77   37   19   15    5    1    1    1
14    1    2    3    4    5    6    7    8    9   10   11   12   15   16   27   92  243  347  355  220  115   79   31   18   14    5    1    1
13    1    2    3    4    5    6    7    8    9   10   11   12   15   28  105  255  338  342  211  108   73   25   23    9    3    1
13    1    2    3    4    5    6    7    8    9   10   11   12   14   30  111  261  350  313  207   99   68   28   16    9    3    1
13    1    2    3    4    5    6    7    8    9   10   11   12   14   34  115  265  358  299  192   98   55   23   18    7    3    1
13    1    2    3    4    5    6    7    8    9   10   11   12   14   35  125  275  358  281  171  100   49   24   15    7    3    1
13    1    2    3    4    5    6    7    8    9   10   11   12   14   35  136  279  353  271  157  104   41   17   16    6    3    1
13    1    2    3    4    5    6    7    8    9   10   11   12   14   38  148  285  344  254  151  101   39    9   15    5    3    1
13    1    2    3    4    5    6    7    8    9   10   11   12   14   44  155  280  335  253  136  102   32    8   16    3    3    1
13    1    2    3    4    5    6    7    8    9   10   11   12   13   46  161  282  330  244  133   91   26   13   11    3    3    1
13    1    2    3    4    5    6    7    8    9   10   11   12   13   46  167  289  320  236  127   83   22   14   10    3    2    1
13    1    2    3    4    5    6    7    8    9   10   11   12   13   52  171  293  311  219  121   74   24   14    8    3    2    1
13    1    2    3    4    5    6    7    8    9   10   11   12   13   59  181  290  300  211  111   69   21   15    5    3    2    1
13    1    2    3    4    5    6    7    8    9   10   11   12   13   68  175  290  301  198  103   62   23   11    5    2    2    1
12    1    2    3    4    5    6    7    8    9   10   11   12   68  187  285  290  184  103   58   18    8    5    3    2
12    1    2    3    4    5    6    7    8    9   10   11   12   72  193  289  279  180   90   50   17    8    4    1    2
12    1    2    3    4    5    6    7    8    9   10   11   12   70  206  281  276  168   77   46   16   10    3    1    1
12    1    2    3    4    5    6    7    8    9   10   11   12   81  213  269  267  161   69   38   16    8    3    1    1
12    1    2    3    4    5    6    7    8    9   10   11   12   88  217  272  243  155   68   33   14    7    2    1    1
11    1    2    3    4    5    6    7    8    9   10   11   93  209  272  234  145   61   32   13    6    2    2
11    1    2    3    4    5    6    7    8    9   10   11   97  214  275  218  143   49   27   14    3    2    1
11    1    2    3    4    5    6    7    8    9   10   11   93  220  272  208  131   48   23   13    2    2    1
10    1    2    3    4    5    6    7    8    9   10   97  221  260  204  123   44   21   11    3    2
10    1    2    3    4    5    6    7    8    9   10  105  227  241  200  109   42   19    8    2    1
10    1    2    3    4    5    6    7    8    9   10  107  227  233  192  101   36   18    7    1    1
10    1    2    3    4    5    6    7    8    9   10  110  224  227  188   91   30   17    5    1    1
10    1    2    3    4    5    6    7    8    9   10  111  215  214  183   84   24   18    4    1    1
 9    1    2    3    4    5    6    7    8   10  111  211  209  175   74   24   16    5    1
 9    1    2    3    4    5    6    7    8   10  118  203  203  160   68   20   17    2    1
 9    1    2    3    4    5    6    7    8    9  117  204  195  145   64   21   13    1    1
 9    1    2    3    4    5    6    7    8    9  120  197  185  133   61   20    7    1    1
 9    1    2    3    4    5    6    7    8    9  114  199  182  124   53   18    6    1    1
 8    1    2    3    4    5    6    7    9  115  195  176  113   47   19    3    1
 8    1    2    3    4    5    6    7    9  116  196  160  101   42   14    3    1
 8    1    2    3    4    5    6    7    9  111  188  150   96   41   11    3    1
 8    1    2    3    4    5    6    7    8  108  179  145   90   32   11    3    1
 8    1    2    3    4    5    6    7    8  114  176  133   79   30    7    1    1
 7    1    2    3    4    5    6    8  108  169  126   67   30    4    1
 7    1    2    3    4    5    6    8  109  158  124   57   23    3    1
 7    1    2    3    4    5    6    8  102  161  104   44   20    3    1
 7    1    2    3    4    5    6    7   92  146  102   38   15    2    1
 7    1    2    3    4    5    6    7   94  136   90   36   11    2    1
 7    1    2    3    4    5    6    7   74  102   73   26    6    2    1
 7    1    2    3    4    5    6    7   69  103   66   24    6    1    1
 7    1    2    3    4    5    6    7   23   47   25    7    5    1    1
 6    1    2    3    4    5    6   18   38   19    3    5    1
 4    1    2    3    4   16   16   10    5
 6    1    2    3    4    5    6    9   12    7    3    2    1
 6    1    2    3    4    5    6    9   10    7    3    2    1
 4    1    2    3    4   11    8    7    1
 4    1    2    3    4    9    7    5    1
 4    1    2    3    4    7    7    5    2
 4    1    2    3    4    6    8    4    2
 4    1    2    3    4    5    8    5    1
 4    1    2    3    4    5    8    5    1
 3    1    2    3    4    6    2
 3    1    2    3    4    6    2
 3    1    2    3    3    6    1
 3    1    2    3    3    2    1
 3    1    2    3    3    2    1
