# n  list(x)  list(y)
18   21   20   19   18   17   16   15   14   13   12   11   10    9    8    7    6    5    4    1    2    2    3    2   10   14   24   38   77  128  194  299  435  493  633  141    4
18   21   20   19   18   17   16   15   14   13   12   11   10    9    8    7    6    5    4    1    2    1    3    2    9   11   25   35   74  126  179  290  418  491  621  177   10
18   21   20   19   18   17   16   15   14   13   12   11   10    9    8    7    6    5    4    1    1    2    3    1    9   10   22   33   72  120  172  275  413  477  616  201   22
19   21   20   19   18   17   16   15   14   13   12   11   10    9    8    7    6    5    4    3    1    1    2    2    2    9    9   21   30   70  116  161  270  400  473  604  221   31    2
18   21   20   18   17   16   15   14   13   12   11   10    9    8    7    6    5    4    3    1    1    3    3    8    9   19   26   61  114  154  260  385  475  601  234   40    6
18   21   19   18   17   16   15   14   13   12   11   10    9    8    7    6    5    4    3    1    1    2    3    9    7   17   28   54  112  150  239  377  471  597  251   47    9
18   21   19   18   17   16   15   14   13   12   11   10    9    8    7    6    5    4    3    1    1    2    3    9    4   19   26   51  102  143  241  355  456  601  267   58   11
18   21   18   17   16   15   14   13   12   11   10    9    8    7    6    5    4    3    2    1    2    4    7    4   20   24   44   99  134  234  347  445  594  283   68   14    1
17   21   17   16   15   14   13   12   11   10    9    8    7    6    5    4    3    2    1    3    7    5   19   24   42   84  136  218  336  429  598  306   75   16    1
17   21   17   16   15   14   13   12   11   10    9    8    7    6    5    4    3    2    1    3    6    5   18   23   39   82  128  208  327  420  586  320   86   22    1
17   20   17   16   15   14   13   12   11   10    9    8    7    6    5    4    3    2    1    2    4    4   18   22   39   75  125  203  312  406  575  343   95   25    1
17   20   17   16   15   14   13   12   11   10    9    8    7    6    5    4    3    2    1    2    2    6   16   21   38   68  127  190  300  400  563  354  106   29    2
17   19   17   16   15   14   13   12   11   10    9    8    7    6    5    4    3    2    1    1    2    6   16   18   38   66  115  181  290  395  551  363  120   35    2
17   18   17   16   15   14   13   12   11   10    9    8    7    6    5    4    3    2    1    1    2    6   14   15   37   60  116  172  283  382  537  370  137   40    2
17   18   17   16   15   14   13   12   11   10    9    8    7    6    5    4    3    2    1    1    1    5   16   10   29   63  108  170  268  376  533  368  154   43    4
16   17   16   15   14   13   12   11   10    9    8    7    6    5    4    3    2    1    2    5   11   15   28   55  108  165  253  355  536  369  171   47    4
16   17   16   15   14   13   12   11   10    9    8    7    6    5    4    3    2    1    2    5    9   16   23   53  101  163  248  335  513  391  183   50    7
17   17   16   15   14   13   12   11   10    9    8    7    6    5    4    3    2    1    1    2    4    9   15   21   48   93  152  241  331  485  409  197   58    7    2
17   17   16   15   14   13   12   11   10    9    8    7    6    5    4    3    2    1    1    2    4    9   12   20   47   93  145  228  320  473  412  208   61   13    2
17   17   16   15   14   13   12   11   10    9    8    7    6    5    4    3    2    1    1    1    3    7   14   18   41   93  140  208  316  453  413  232   68   15    2
17   17   16   15   14   13   12   11   10    9    8    7    6    5    4    3    2    1    1    1    2    7    8   19   36   82  139  196  309  435  426  247   71   19    2
16   17   15   14   13   12   11   10    9    8    7    6    5    4    3    2    1    1    3    4   10   17   32   73  133  186  291  429  430  261   81   21    3
16   17   15   14   13   12   11   10    9    8    7    6    5    4    3    2    1    1    2    5    9   14   34   66  126  184  278  418  428  278   77   27    3
16   17   15   14   13   12   11   10    9    8    7    6    5    4    3    2    1    1    1    4   10   11   31   60  114  177  274  413  421  285   92   27    4
16   17   15   14   13   12   11   10    9    8    7    6    5    4    3    2    1    1    1    3   10    9   31   57  106  169  260  413  407  292  107   29    5
16   17   15   14   13   12   11   10    9    8    7    6    5    4    3    2    1    1    1    3    7   11   27   59  101  159  249  411  387  300  119   34    6
16   17   15   14   13   12   11   10    9    8    7    6    5    4    3    2    1    1    1    2    7   12   24   53   93  159  234  401  386  297  136   36    8
15   17   14   13   12   11   10    9    8    7    6    5    4    3    2    1    1    2    8   11   20   52   84  150  228  385  383  305  147   40    7
15   17   14   13   12   11   10    9    8    7    6    5    4    3    2    1    1    1    8   11   17   46   87  135  222  367  376  314  160   44    9
15   17   14   13   12   11   10    9    8    7    6    5    4    3    2    1    1    1    6    9   16   41   84  130  216  354  368  324  160   50   13
14   17   13   12   11   10    9    8    7    6    5    4    3    2    1    1    6    9   16   35   77  130  208  328  378  321  171   55   13
14   17   13   12   11   10    9    8    7    6    5    4    3    2    1    1    4    9   16   29   73  127  185  321  379  328  172   63   16
14   16   13   12   11   10    9    8    7    6    5    4    3    2    1    1    3    9   14   26   71  125  169  300  384  336  177   65   18
14   16   13   12   11   10    9    8    7    6    5    4    3    2    1    1    3    6   14   26   65  118  161  286  373  343  194   65   18
14   16   13   12   11   10    9    8    7    6    5    4    3    2    1    1    2    6   12   26   55  109  164  274  371  331  209   69   19
13   13   12   11   10    9    8    7    6    5    4    3    2    1    2    4   10   24   57  102  158  249  366  335  219   77   20
13   13   12   11   10    9    8    7    6    5    4    3    2    1    2    4   10   20   51   88  164  225  361  339  222   86   26
13   13   12   11   10    9    8    7    6    5    4    3    2    1    2    3    9   17   46   85  144  230  341  343  230   95   28
13   13   12   11   10    9    8    7    6    5    4    3    2    1    1    3   10   13   50   72  132  231  321  332  250  103   30
13   13   12   11   10    9    8    7    6    5    4    3    2    1    1    2   11   11   46   68  125  222  310  330  256  106   35
13   13   12   11   10    9    8    7    6    5    4    3    2    1    1    2   10   10   40   65  115  209  311  321  266  109   39
13   13   12   11   10    9    8    7    6    5    4    3    2    1    1    2    8    9   38   62  102  203  297  323  269  117   41
13   13   12   11   10    9    8    7    6    5    4    3    2    1    1    2    7    8   37   57   98  193  294  310  279  118   44
13   13   12   11   10    9    8    7    6    5    4    3    2    1    1    2    7    7   33   55   95  187  283  308  270  128   43
13   13   12   11   10    9    8    7    6    5    4    3    2    1    1    1    7    6   26   53   88  180  275  297  279  132   46
13   13   12   11   10    9    8    7    6    5    4    3    2    1    1    1    7    4   18   48   90  169  262  292  291  133   49
12   12   11   10    9    8    7    6    5    4    3    2    1    1    7    3   14   40   82  158  255  293  288  143   54
12   12   11   10    9    8    7    6    5    4    3    2    1    1    7    3   13   36   76  148  246  288  277  157   57
12   12   11   10    9    8    7    6    5    4    3    2    1    1    2    8   11   35   71  134  234  289  272  160   64
12   12   11   10    9    8    7    6    5    4    3    2    1    1    2    7   11   32   71  123  218  290  270  161   70
12   12   11   10    9    8    7    6    5    4    3    2    1    1    2    5    9   32   66  118  205  279  270  171   72
12   12   11   10    9    8    7    6    5    4    3    2    1    1    2    3    9   30   51  111  196  270  278  180   72
12   12   11   10    9    8    7    6    5    4    3    2    1    1    2    3    8   20   54   98  192  262  279  183   75
12   12   11   10    9    8    7    6    5    4    3    2    1    1    2    3    7   19   52   96  181  254  267  189   75
12   12   11   10    9    8    7    6    5    4    3    2    1    1    2    2    7   17   50   88  170  230  276  193   83
11   11   10    9    8    7    6    5    4    3    2    1    3    1    6   15   46   79  153  239  263  201   83
11   11   10    9    8    7    6    5    4    3    2    1    2    2    5   12   42   67  153  226  256  207   92
11   11   10    9    8    7    6    5    4    3    2    1    1    3    3   12   38   58  144  218  250  210  102
11   11   10    9    8    7    6    5    4    3    2    1    1    3    3   10   29   59  136  209  243  211  106
11   11   10    9    8    7    6    5    4    3    2    1    1    2    3   10   24   46  131  205  236  211  115
11   11   10    9    8    7    6    5    4    3    2    1    1    1    4    9   23   41  122  198  220  217  118
10   10    9    8    7    6    5    4    3    2    1    2    2   10   21   33  114  185  223  216  120
10   10    9    8    7    6    5    4    3    2    1    1    3    7   21   30  100  179  227  206  125
10   10    9    8    7    6    5    4    3    2    1    1    2    7   18   30   90  169  222  200  128
 9   10    8    7    6    5    4    3    2    1    1    7   14   31   74  158  221  203  127
 9   10    8    7    6    5    4    3    2    1    1    5   13   33   63  148  212  202  128
 9    9    8    7    6    5    4    3    2    1    1    5   13   28   53  141  196  198  125
 8    8    7    6    5    4    3    2    1    3   12   27   47  126  192  183  127
 8    8    7    6    5    4    3    2    1    3    8   24   40  119  183  178  123
 8    8    7    6    5    4    3    2    1    2    9   16   42   99  183  179  116
 8    8    7    6    5    4    3    2    1    1    3   17   35   94  168  175  120
 8    8    7    6    5    4    3    2    1    1    3   11   35   82  157  177  127
 8    8    7    6    5    4    3    2    1    1    2   10   30   71  143  175  121
 7    7    6    5    4    3    2    1    2   11   27   62  129  171  106
 7    7    6    5    4    3    2    1    2   10   27   52  116  161  101
 7    7    6    5    4    3    2    1    1    7   23   51  104  143   96
 7    7    6    5    4    3    2    1    1    5   20   36   85  128   80
 7    7    6    5    4    3    2    1    1    1   20   31   83  108   70
 6    7    5    4    3    2    1    1   11   25   45   66   47
 6    7    5    4    3    2    1    1    7   18   37   53   39
 6    7    5    4    3    2    1    1    4   10   17   27   24
 6    7    5    4    3    2    1    1    4    9   15   27   22
 6    7    5    4    3    2    1    1    2    9   14   25   21
 6    7    5    4    3    2    1    1    1    9   13   25   21
 5    5    4    3    2    1    3    2   11   16   10
 5    5    4    3    2    1    1    3    9   13   10
 5    5    4    3    2    1    1    3    9   13   10
 4    4    3    2    1    2    2   15    2
 5    5    4    3    2    1    1    1    4    6    5
 5    5    4    3    2    1    1    1    3    5    4
 3    3    2    1    2    5    2
 3    3    2    1    2    5    2
 3    3    2    1    2    5    2
 4    4    3    2    1    1    1    1    3
 3    3    2    1    1    1    3
 3    3    2    1    1    1    3
 2    2    1    2    2
 2    2    1    1    2
