# n  list(x)  list(y)
15    4    5    6    7    8    9   10   11   12   13   14   15   16   17   18    4   96  489  563  521  370  248  124   49   21    7    3    3    1    1
10    4    5    6    7    8    9   10   11   12   13    8  144  506  582  487  358  235  106   41    8
 9    4    5    6    7    8    9   10   11   12   13  190  529  580  460  349  218   91   20
 9    3    4    5    6    7    8    9   10   11    2   26  228  534  581  463  317  202   72
 9    3    4    5    6    7    8    9   10   11    2   48  268  537  577  439  305  180   44
 9    3    4    5    6    7    8    9   10   11    2   57  308  553  574  430  283  155   13
 8    3    4    5    6    7    8    9   10    5   83  344  557  547  424  260  130
 9    2    3    4    5    6    7    8    9   10    1    8  100  382  555  538  421  230   90
 9    2    3    4    5    6    7    8    9   10    1   11  113  413  574  544  383  208   53
 9    2    3    4    5    6    7    8    9   10    2   13  131  433  600  549  348  179   20
 8    2    3    4    5    6    7    8    9    2   22  167  468  564  549  317  161
 8    2    3    4    5    6    7    8    9    5   34  203  478  558  525  295  127
 8    2    3    4    5    6    7    8    9   10   40  229  497  568  499  265   92
 8    2    3    4    5    6    7    8    9   11   53  254  529  551  481  239   57
 9    1    2    3    4    5    6    7    8    9    1   11   62  282  557  542  460  219   16
 8    1    2    3    4    5    6    7    8    1   14   82  312  556  547  425  188
 8    1    2    3    4    5    6    7    8    3   18  103  337  563  531  393  152
 8    1    2    3    4    5    6    7    8    4   23  119  360  571  536  350  112
 8    1    2    3    4    5    6    7    8    4   29  127  393  584  533  309   71
 8    1    2    3    4    5    6    7    8    4   38  133  425  604  513  277   31
 7    1    2    3    4    5    6    7    4   40  157  449  613  507  230
 7    1    2    3    4    5    6    7    6   52  178  472  610  463  194
 7    1    2    3    4    5    6    7    8   66  210  471  603  431  159
 7    1    2    3    4    5    6    7    9   75  237  494  589  399  119
 7    1    2    3    4    5    6    7   11   83  268  499  596  362   77
 7    1    2    3    4    5    6    7   11   96  299  518  575  333   39
 6    1    2    3    4    5    6   12  103  329  542  563  297
 6    1    2    3    4    5    6   17  125  355  538  530  256
 6    1    2    3    4    5    6   27  141  371  549  490  217
 6    1    2    3    4    5    6   37  162  386  548  451  184
 6    1    2    3    4    5    6   40  188  410  541  418  145
 6    1    2    3    4    5    6   48  205  432  543  384  104
 6    1    2    3    4    5    6   54  221  457  541  357   59
 6    1    2    3    4    5    6   60  235  485  549  315   19
 5    1    2    3    4    5   65  262  512  523  275
 5    1    2    3    4    5   74  289  525  490  231
 5    1    2    3    4    5   89  303  522  467  191
 5    1    2    3    4    5  108  324  527  433  153
 5    1    2    3    4    5  122  344  529  405  113
 5    1    2    3    4    5  135  374  517  382   74
 5    1    2    3    4    5  154  394  511  354   37
 4    1    2    3    4  164  417  516  321
 4    1    2    3    4  174  433  476  283
 4    1    2    3    4  173  438  445  243
 4    1    2    3    4  129  308  345  205
 4    1    2    3    4  122  268  308  157
 4    1    2    3    4  109  231  261  117
 4    1    2    3    4  102  225  208   80
 4    1    2    3    4   46   99  104   37
 3    1    2    3   47   96   61
 3    1    2    3   46   94   60
 3    1    2    3   43   89   55
 3    1    2    3   33   73   41
 3    1    2    3   18   45   18
 3    1    2    3   10   25   18
 3    1    2    3    8   23   16
 3    1    2    3    5   13    7
 2    1    2    2   10
 2    1    2    2   10
 2    1    2    2   10
 2    1    2    2   10
 2    1    2    2    9
 2    1    2    2    9
 2    1    2    2    5
 2    1    2    2    2
