# n  list(x)  list(y)
18    4    5    6    7    8    9   10   11   12   13   14   15   16   17   18   19   21   24    4  130  695  524  406  249  168  110   81   47   36   21    9    5    8    4    2    1
18    4    5    6    7    8    9   10   11   12   13   14   15   16   17   18   19   21   24   11  163  684  526  381  243  169   98   77   43   34   19   11    5    5    3    2    1
18    4    5    6    7    8    9   10   11   12   13   14   15   16   17   18   19   21   23   19  203  673  515  362  249  158   81   77   39   33   19    6    6    4    3    2    1
19    3    4    5    6    7    8    9   10   11   12   13   14   15   16   17   18   19   21   23    1   30  231  665  511  358  225  147   82   73   38   28   16    5    7    3    2    2    1
19    3    4    5    6    7    8    9   10   11   12   13   14   15   16   17   18   19   20   23    2   49  249  658  493  351  208  139   87   68   35   29   14    4    7    2    2    2    1
19    3    4    5    6    7    8    9   10   11   12   13   14   15   16   17   18   19   20   23    2   58  269  667  476  340  191  146   78   56   37   24   13    5    6    3    1    2    1
19    3    4    5    6    7    8    9   10   11   12   13   14   15   16   17   18   19   20   23    6   72  283  653  473  328  185  134   78   51   34   26   11    6    4    2    1    2    1
19    3    4    5    6    7    8    9   10   11   12   13   14   15   16   17   18   19   20   22    9   78  316  638  455  312  181  130   74   47   34   24   13    5    3    3    1    1    1
20    2    3    4    5    6    7    8    9   10   11   12   13   14   15   16   17   18   19   20   22    1   11   88  341  607  459  301  183  111   72   47   33   23   12    2    4    2    1    1    1
19    2    3    4    5    6    7    8    9   10   11   12   13   14   15   16   17   18   20   21    2   15  102  350  604  436  301  170  105   71   46   35   16   11    3    3    3    1    1
19    2    3    4    5    6    7    8    9   10   11   12   13   14   15   16   17   18   20   21    3   20  117  363  595  409  302  152  103   72   48   29   15   11    3    3    3    1    1
19    2    3    4    5    6    7    8    9   10   11   12   13   14   15   16   17   18   20   21    4   23  138  374  576  398  287  148  102   67   49   23   15   10    4    2    3    1    1
19    2    3    4    5    6    7    8    9   10   11   12   13   14   15   16   17   18   19   21    4   30  152  386  568  388  266  138  100   70   43   23   14    9    2    2    3    1    1
20    1    2    3    4    5    6    7    8    9   10   11   12   13   14   15   16   17   18   19   21    1    5   37  160  402  550  380  253  133   96   65   42   20   14    9    1    3    2    1    1
20    1    2    3    4    5    6    7    8    9   10   11   12   13   14   15   16   17   18   19   21    1    7   36  182  414  535  367  236  131   88   66   46   13   13    7    1    3    2    1    1
19    1    2    3    4    5    6    7    8    9   10   11   12   13   14   15   16   17   18   20    1    7   45  198  429  510  345  239  128   82   62   39   14   15    4    1    2    3    1
19    1    2    3    4    5    6    7    8    9   10   11   12   13   14   15   16   17   18   20    1    9   54  211  437  497  332  231  120   79   58   32   16   14    2    2    2    2    1
19    1    2    3    4    5    6    7    8    9   10   11   12   13   14   15   16   17   18   19    1    9   66  219  448  484  316  216  124   73   56   28   15   12    2    1    3    1    1
17    1    2    3    4    5    6    7    8    9   10   11   12   13   14   16   17   18    1   14   69  232  464  459  313  205  119   71   44   25   15   13    1    3    2
17    1    2    3    4    5    6    7    8    9   10   11   12   13   14   16   17   18    1   13   80  244  470  444  301  203  107   65   39   26   15   11    1    3    2
17    1    2    3    4    5    6    7    8    9   10   11   12   13   14   16   17   18    1   16   92  259  453  437  294  187  107   62   36   27   14    8    1    3    2
17    1    2    3    4    5    6    7    8    9   10   11   12   13   14   16   17   18    1   22   93  275  445  424  293  178   99   57   36   23   14    8    1    3    2
17    1    2    3    4    5    6    7    8    9   10   11   12   13   14   16   17   18    2   27   99  287  424  419  288  174   91   57   33   21   15    6    2    2    2
18    1    2    3    4    5    6    7    8    9   10   11   12   13   14   15   16   17   18    3   29  104  303  415  415  279  160   83   60   31   16   17    3    1    2    1    2
17    1    2    3    4    5    6    7    8    9   10   11   12   13   14   15   16   18    3   33  121  311  408  404  264  147   85   52   33   16   13    3    1    3    2
17    1    2    3    4    5    6    7    8    9   10   11   12   13   14   15   16   18    4   37  136  317  406  390  255  134   78   57   24   19    9    2    2    2    2
17    1    2    3    4    5    6    7    8    9   10   11   12   13   14   15   16   18    4   41  142  326  411  365  250  124   77   53   23   16    9    2    2    2    2
17    1    2    3    4    5    6    7    8    9   10   11   12   13   14   15   16   18    4   47  156  335  407  340  243  119   67   54   22   14    9    1    2    2    2
17    1    2    3    4    5    6    7    8    9   10   11   12   13   14   15   16   18    4   55  164  334  427  317  225  111   68   48   20   12    8    1    2    1    2
18    1    2    3    4    5    6    7    8    9   10   11   12   13   14   15   16   17   18    6   61  174  343  423  303  213  105   63   42   17   11    7    1    2    1    1    1
17    1    2    3    4    5    6    7    8    9   10   11   12   13   15   16   17   18    9   63  191  343  425  289  197  100   54   40   18    8    7    2    1    1    1
17    1    2    3    4    5    6    7    8    9   10   11   12   13   14   15   17   18   13   66  203  340  421  279  184   93   53   38   17    6    6    1    2    1    1
17    1    2    3    4    5    6    7    8    9   10   11   12   13   14   15   17   18   14   71  211  341  423  267  165   91   50   34   15    6    6    2    1    1    1
16    1    2    3    4    5    6    7    8    9   10   11   12   13   14   15   18   18   75  214  350  405  258  159   90   44   35   11    7    4    2    1    1
15    1    2    3    4    5    6    7    8    9   10   11   12   13   14   18   19   84  225  352  396  236  152   91   42   25   12    6    4    3    1
15    1    2    3    4    5    6    7    8    9   10   11   12   13   14   18   19   98  231  359  378  231  138   87   33   25   11    5    4    2    1
15    1    2    3    4    5    6    7    8    9   10   11   12   13   14   18   19  103  246  350  371  226  129   76   30   26    9    4    4    2    1
15    1    2    3    4    5    6    7    8    9   10   11   12   13   14   18   24  107  249  359  351  223  124   66   29   21    9    4    2    2    1
15    1    2    3    4    5    6    7    8    9   10   11   12   13   14   18   27  116  249  362  345  206  115   61   29   21    6    5    1    2    1
15    1    2    3    4    5    6    7    8    9   10   11   12   13   14   18   28  124  249  371  330  192  107   59   29   18    4    5    1    1    1
14    1    2    3    4    5    6    7    8    9   10   11   12   13   17   36  135  249  378  308  180  110   51   20   15    4    5    2    1
14    1    2    3    4    5    6    7    8    9   10   11   12   13   17   38  143  257  369  292  174  107   43   21   13    6    3    2    1
13    1    2    3    4    5    6    7    8    9   10   11   12   16   43  145  264  363  275  170   99   44   21   10    4    5    1
13    1    2    3    4    5    6    7    8    9   10   11   12   16   43  154  265  362  260  167   87   42   20   10    3    4    1
12    1    2    3    4    5    6    7    8    9   10   11   12   48  161  270  360  242  163   74   45   14    9    4    2
11    1    2    3    4    5    6    7    8    9   10   11   51  167  282  347  224  154   74   40   14    8    5
11    1    2    3    4    5    6    7    8    9   10   11   58  179  282  332  217  144   71   34   12    8    4
11    1    2    3    4    5    6    7    8    9   10   11   59  185  290  313  210  139   66   31   11    7    4
11    1    2    3    4    5    6    7    8    9   10   11   63  186  299  300  207  124   64   28   10    6    3
11    1    2    3    4    5    6    7    8    9   10   11   66  191  306  286  200  119   55   24    6    6    3
11    1    2    3    4    5    6    7    8    9   10   11   74  194  309  271  195  111   49   20    4    6    3
11    1    2    3    4    5    6    7    8    9   10   11   81  202  299  264  183  104   47   18    3    6    3
11    1    2    3    4    5    6    7    8    9   10   11   86  205  306  245  173   97   45   15    3    5    3
11    1    2    3    4    5    6    7    8    9   10   11   86  203  305  242  168   84   43   12    4    5    2
11    1    2    3    4    5    6    7    8    9   10   11   94  208  297  233  159   79   36   12    2    4    2
11    1    2    3    4    5    6    7    8    9   10   11  103  210  295  226  147   72   31   10    2    3    2
11    1    2    3    4    5    6    7    8    9   10   11  110  215  293  206  142   73   21    8    2    3    2
11    1    2    3    4    5    6    7    8    9   10   11  108  228  281  189  134   70   18    6    4    2    1
11    1    2    3    4    5    6    7    8    9   10   11  110  234  267  188  123   66   15    5    4    2    1
11    1    2    3    4    5    6    7    8    9   10   11  116  235  255  183  113   58   13    5    4    2    1
10    1    2    3    4    5    6    7    8    9   10  123  233  247  173  107   52   11    5    4    2
10    1    2    3    4    5    6    7    8    9   10  125  244  240  157  100   44   10    5    3    2
10    1    2    3    4    5    6    7    8    9   10  126  238  243  148   92   37    6    3    3    2
10    1    2    3    4    5    6    7    8    9   10  131  233  232  144   87   31    7    1    3    2
10    1    2    3    4    5    6    7    8    9   10  132  230  221  138   79   31    5    1    3    2
10    1    2    3    4    5    6    7    8    9   10  133  228  202  136   72   30    2    1    3    2
 9    1    2    3    4    5    6    7    9   10  132  228  200  128   60   24    3    3    1
 8    1    2    3    4    5    6    7    9  126  222  190  120   56   21    3    3
 8    1    2    3    4    5    6    7    9  134  222  179  110   47   18    3    3
 8    1    2    3    4    5    6    7    9  136  218  167  103   46   14    2    3
 8    1    2    3    4    5    6    7    9  144  206  154   94   45   10    2    3
 8    1    2    3    4    5    6    7    9  138  195  147   85   37   11    1    3
 9    1    2    3    4    5    6    7    8    9  136  179  128   74   29    8    1    1    2
 9    1    2    3    4    5    6    7    8    9  130  176  119   68   27    7    1    2    1
 8    1    2    3    4    5    6    7    8  128  159  100   58   21    7    3    1
 8    1    2    3    4    5    6    7    8  103  138   76   47   17    3    2    1
 7    1    2    3    4    5    6    7   95  123   66   48   13    3    2
 7    1    2    3    4    5    6    7   89  125   61   41   11    4    1
 6    1    2    3    4    5    6   46   54   34   15    4    3
 5    1    2    3    4    5   34   46   21   13    3
 5    1    2    3    4    5   31   45   21   10    2
 5    1    2    3    4    5   26   39   21    8    1
 5    1    2    3    4    5   23   24   18    5    1
 4    1    2    3    4   16   18   10    2
 4    1    2    3    4   10   16    4    2
 4    1    2    3    4    9   16    3    2
 4    1    2    3    4    9   16    3    2
 4    1    2    3    4    9   16    3    2
 3    1    2    4    6   12    2
 3    1    2    4    6   11    2
 3    1    2    4    6   10    2
 4    1    2    3    4    5    6    1    1
 4    1    2    3    4    5    3    1    1
 4    1    2    3    4    5    3    1    1
 3    1    2    3    3    2    1
 3    1    2    3    3    2    1
 3    1    2    4    4    1    1
 3    1    2    4    4    1    1
 3    1    2    3    3    1    1
