# n  list(x)  list(y)
18   21   20   19   18   17   16   15   14   13   12   11   10    9    8    7    6    5    4    1    2    2    3    2   10   14   24   38   77  128  194  299  435  493  633  141    4
19   21   20   19   18   17   16   15   14   13   12   11   10    9    8    7    6    5    4    3    1    1    3    3    1    9   15   24   34   62  129  174  302  425  493  618  169   11    1
19   21   20   19   18   17   16   15   14   13   12   11   10    9    8    7    6    5    4    3    1    1    3    3    1    9   13   25   30   64  125  160  284  424  475  614  199   18    1
19   21   20   19   18   17   16   15   14   13   12   11   10    9    8    7    6    5    4    3    1    1    3    2    1    7   16   22   29   63  115  158  268  419  467  607  217   28    1
19   21   20   19   18   17   16   15   14   13   12   11   10    9    8    7    6    5    4    3    1    1    3    2    1    7   14   19   31   59  112  149  261  412  444  606  236   41    1
17   21   19   18   16   15   14   13   12   11   10    9    8    7    6    5    4    3    1    3    3    7   12   21   31   48  107  150  252  384  447  594  262   52    1
18   21   19   18   17   16   15   14   13   12   11   10    9    8    7    6    5    4    3    1    3    2    1    7   10   20   30   47  100  141  241  377  437  585  277   65    6
18   21   19   18   17   16   15   14   13   12   11   10    9    8    7    6    5    4    3    1    2    2    2    7    9   18   28   45   95  139  226  374  416  567  311   73   10
18   21   19   18   17   16   15   14   13   12   11   10    9    8    7    6    5    4    3    1    2    2    2    7    9   16   27   39   96  131  208  356  419  555  332   86   12
19   21   19   18   17   16   15   14   13   12   11   10    9    8    7    6    5    4    3    2    1    2    2    2    6    7   13   30   37   89  126  196  336  428  539  342  105   13    1
19   21   19   18   17   16   15   14   13   12   11   10    9    8    7    6    5    4    3    2    1    2    2    2    6    6   10   28   40   78  123  193  319  428  516  364  117   14    1
19   21   19   18   17   16   15   14   13   12   11   10    9    8    7    6    5    4    3    2    1    1    3    2    4    8    7   26   38   70  116  190  298  427  500  384  128   21    1
17   18   17   16   15   14   13   12   11   10    9    8    7    6    5    4    3    2    3    3    2    9    7   24   33   65  115  185  281  424  487  386  152   22    2
17   18   17   16   15   14   13   12   11   10    9    8    7    6    5    4    3    2    3    2    3    8    8   20   34   60  109  181  269  414  472  395  169   26    2
17   18   17   16   15   14   13   12   11   10    9    8    7    6    5    4    3    2    2    2    3    8    5   21   30   58  105  172  264  395  462  405  179   35    4
17   18   17   16   15   14   13   12   11   10    9    8    7    6    5    4    3    2    2    2    3    7    5   18   28   53  107  160  252  383  452  416  190   43    4
17   18   17   16   15   14   13   12   11   10    9    8    7    6    5    4    3    2    2    2    2    8    4   15   26   52  100  148  241  377  443  416  207   52    5
17   18   17   16   15   14   13   12   11   10    9    8    7    6    5    4    3    2    1    2    3    5    6   13   22   48   93  137  237  362  447  423  214   56    6
17   18   17   16   15   14   13   12   11   10    9    8    7    6    5    4    3    2    1    1    4    5    6   10   20   50   88  136  217  351  438  429  223   64    7
16   17   16   15   14   13   12   11   10    9    8    7    6    5    4    3    2    2    3    2    9    9   18   41   91  129  209  340  428  423  239   72   10
16   17   16   15   14   13   12   11   10    9    8    7    6    5    4    3    2    1    3    3    9    8   17   41   78  126  211  318  420  426  248   77   14
16   17   16   15   14   13   12   11   10    9    8    7    6    5    4    3    2    1    3    2   10    7   14   38   70  118  208  307  399  436  267   81   14
15   16   15   14   13   12   11   10    9    8    7    6    5    4    3    2    3    3    7    9   13   32   72  106  202  290  392  443  274   85   19
15   16   15   14   13   12   11   10    9    8    7    6    5    4    3    2    2    4    7    6   12   29   64  104  191  278  384  457  274   92   21
16   16   15   14   13   12   11   10    9    8    7    6    5    4    3    2    1    1    4    7    7   12   26   54   98  185  264  375  454  292   97   22    2
16   16   15   14   13   12   11   10    9    8    7    6    5    4    3    2    1    1    4    7    5   13   22   54   92  182  242  370  444  307  105   25    2
16   16   15   14   13   12   11   10    9    8    7    6    5    4    3    2    1    1    4    7    5   13   19   50   85  171  239  366  438  312  108   30    2
15   15   14   13   12   11   10    9    8    7    6    5    4    3    2    1    3    9    3   12   21   46   75  163  232  347  435  324  122   30    3
15   15   14   13   12   11   10    9    8    7    6    5    4    3    2    1    3    6    5   10   22   42   74  147  219  341  428  330  137   32    4
15   15   14   13   12   11   10    9    8    7    6    5    4    3    2    1    1    7    4   10   16   38   74  144  196  344  422  328  146   40    5
15   15   14   13   12   11   10    9    8    7    6    5    4    3    2    1    1    7    4    7   15   38   68  140  185  319  420  341  154   46    5
15   15   14   13   12   11   10    9    8    7    6    5    4    3    2    1    1    5    5    7   12   33   58  141  163  320  410  352  159   53    6
14   14   13   12   11   10    9    8    7    6    5    4    3    2    1    4    4    6   12   31   54  128  158  310  405  352  167   61    8
14   14   13   12   11   10    9    8    7    6    5    4    3    2    1    4    4    6   11   29   49  117  159  283  402  357  179   66    8
14   14   13   12   11   10    9    8    7    6    5    4    3    2    1    1    5    7    9   25   45  113  153  271  388  359  192   71   10
13   13   12   11   10    9    8    7    6    5    4    3    2    1    5    8    9   23   43   95  152  255  381  355  208   78   12
13   13   12   11   10    9    8    7    6    5    4    3    2    1    4    8    9   18   44   84  154  229  378  351  226   79   15
13   13   12   11   10    9    8    7    6    5    4    3    2    1    3    5   12   16   42   78  147  220  361  364  223   87   16
13   13   12   11   10    9    8    7    6    5    4    3    2    1    3    5   11   14   42   74  138  217  344  361  230   90   20
13   13   12   11   10    9    8    7    6    5    4    3    2    1    2    6    8   12   39   73  124  213  321  368  238   98   22
13   13   12   11   10    9    8    7    6    5    4    3    2    1    1    5    8   11   37   64  125  212  302  361  245  102   26
12   12   11   10    9    8    7    6    5    4    3    2    1    5    9   10   33   64  111  207  288  350  260  107   29
12   12   11   10    9    8    7    6    5    4    3    2    1    4   10    9   32   63   98  192  294  335  263  117   31
12   12   11   10    9    8    7    6    5    4    3    2    1    4    7   11   29   62   90  190  285  321  260  127   37
12   12   11   10    9    8    7    6    5    4    3    2    1    4    5   12   27   58   86  180  261  316  275  132   42
12   12   11   10    9    8    7    6    5    4    3    2    1    4    5   10   26   52   80  172  250  306  284  139   45
12   12   11   10    9    8    7    6    5    4    3    2    1    4    5    9   22   47   74  156  245  305  286  144   50
12   12   11   10    9    8    7    6    5    4    3    2    1    3    5    8   20   39   74  150  238  305  275  150   54
12   12   11   10    9    8    7    6    5    4    3    2    1    3    5    7   18   37   68  134  234  303  270  158   57
12   12   11   10    9    8    7    6    5    4    3    2    1    3    4    4   19   36   59  118  227  300  272  165   61
12   12   11   10    9    8    7    6    5    4    3    2    1    2    4    3   16   36   49  110  209  305  272  165   72
12   12   11   10    9    8    7    6    5    4    3    2    1    2    3    2   15   35   47  103  191  298  279  164   79
12   12   11   10    9    8    7    6    5    4    3    2    1    1    4    2   12   34   42   96  187  280  281  170   80
12   12   11   10    9    8    7    6    5    4    3    2    1    1    3    3    7   28   42   85  178  273  288  173   80
12   12   11   10    9    8    7    6    5    4    3    2    1    1    3    2    7   25   34   82  173  259  279  182   86
12   12   11   10    9    8    7    6    5    4    3    2    1    1    2    3    6   25   29   66  163  249  275  193   93
11   11   10    9    8    7    6    5    4    3    2    1    1    4    4   22   29   57  158  236  272  195   94
11   11   10    9    8    7    6    5    4    3    2    1    1    4    3   19   28   53  145  229  259  202   98
11   11   10    9    8    7    6    5    4    3    2    1    1    2    5   15   26   46  127  234  246  214   99
11   11   10    9    8    7    6    5    4    3    2    1    1    1    4   14   24   45  112  221  241  216  106
11   11   10    9    8    7    6    5    4    3    2    1    1    1    3   13   23   39  103  201  238  217  114
11   11   10    9    8    7    6    5    4    3    2    1    1    1    1   12   20   39   92  195  233  218  109
10   11    9    8    7    6    5    4    3    2    1    1    2    9   20   34   84  181  225  220  116
10   11    9    8    7    6    5    4    3    2    1    1    2    5   17   34   73  172  221  210  126
 9   11    8    7    6    5    4    3    2    1    1    6   16   31   70  154  208  216  123
 9    9    8    7    6    5    4    3    2    1    1    3   15   21   62  132  192  200  108
 9    9    8    7    6    5    4    3    2    1    1    3   12   19   57  122  173  193  105
 8    9    7    6    5    4    3    2    1    1   13   16   53  106  166  185  109
 8    9    7    6    5    4    3    2    1    1    8   17   46   97  158  187  115
 8    9    7    6    5    4    3    2    1    1    8   12   45   74  143  166  105
 8    9    7    6    5    4    3    2    1    1    5   12   39   67  135  164  102
 8    9    7    6    5    4    3    2    1    1    5   11   37   62  130  159   97
 8    9    7    6    5    4    3    2    1    1    3    8   38   55  124  149   98
 8    9    7    6    5    4    3    2    1    1    2    7   34   52  111  143   94
 8    9    7    6    5    4    3    2    1    1    1    7   25   52   91  143   94
 7    7    6    5    4    3    2    1    2    4   24   34   83  135   91
 7    7    6    5    4    3    2    1    2    4    9   14   47   68   50
 7    7    6    5    4    3    2    1    1    5    7   11   46   64   48
 5    5    4    3    2    1    5    9   17   27   20
 6    6    5    4    3    2    1    1    3    6   17   28   20
 5    5    4    3    2    1    4    6   15   26   19
 5    5    4    3    2    1    2    6   12   23   18
 4    4    3    2    1    3   10   25   14
 4    4    3    2    1    3   10   24   14
 4    4    3    2    1    2    9   24   13
 3    3    2    1    5   12    7
 3    3    2    1    3    6    5
 3    3    2    1    3    6    5
 3    3    2    1    3    6    5
 3    3    2    1    3    2    5
 3    3    2    1    3    2    5
 3    3    2    1    1    2    3
 3    4    2    1    1    3    2
 3    3    2    1    1    3    1
 2    2    1    2    2
 2    2    1    2    2
 2    2    1    1    2
