# n  list(x)  list(y)
 6    8    7    6    5    4    3  665  996  599  154   84    2
 7    8    7    6    5    4    3    2  607  976  616  181   89    5    1
 7    8    7    6    5    4    3    2  552  941  648  200  101    7    1
 7    8    7    6    5    4    3    2  505  895  672  233  111    8    1
 7    8    7    6    5    4    3    2  462  864  689  256  115   12    2
 7    8    7    6    5    4    3    2  422  830  687  297  120   17    2
 7    8    7    6    5    4    3    2  389  799  694  313  128   24    3
 7    8    7    6    5    4    3    2  356  752  712  334  138   30    3
 7    8    7    6    5    4    3    2  321  721  705  363  153   34    3
 7    8    7    6    5    4    3    2  291  684  708  383  165   41    3
 7    8    7    6    5    4    3    2  264  658  694  401  179   51    3
 7    8    7    6    5    4    3    2  241  623  686  420  192   59    4
 7    8    7    6    5    4    3    2  219  589  668  445  211   62    6
 7    8    7    6    5    4    3    2  198  557  644  470  223   75    8
 7    8    7    6    5    4    3    2  184  527  629  481  231   86   12
 7    8    7    6    5    4    3    2  165  502  608  493  250   91   16
 7    8    7    6    5    4    3    2  146  482  583  502  263  106   18
 7    8    7    6    5    4    3    2  130  458  570  509  277  111   20
 7    8    7    6    5    4    3    2  114  434  553  518  291  118   22
 8    8    7    6    5    4    3    2    1  106  392  542  530  303  123   26    3
 8    8    7    6    5    4    3    2    1   90  368  530  537  307  132   33    3
 8    8    7    6    5    4    3    2    1   81  334  526  534  316  141   40    3
 8    8    7    6    5    4    3    2    1   75  309  502  543  324  148   43    6
 8    8    7    6    5    4    3    2    1   64  280  491  538  340  159   47    5
 8    8    7    6    5    4    3    2    1   58  256  470  539  349  165   56    6
 8    8    7    6    5    4    3    2    1   52  230  452  528  378  169   58    7
 8    8    7    6    5    4    3    2    1   47  220  426  521  380  181   67    6
 8    8    7    6    5    4    3    2    1   42  203  413  506  397  182   73    7
 8    8    7    6    5    4    3    2    1   37  191  371  517  398  193   80   11
 8    8    7    6    5    4    3    2    1   28  172  365  496  405  211   85   11
 8    8    7    6    5    4    3    2    1   26  150  358  483  404  223   90   14
 8    8    7    6    5    4    3    2    1   24  135  347  473  399  238   92   16
 8    8    7    6    5    4    3    2    1   21  128  317  458  406  258   93   18
 8    8    7    6    5    4    3    2    1   19  116  303  446  408  265   96   19
 8    8    7    6    5    4    3    2    1   17   97  278  445  416  272  101   20
 8    8    7    6    5    4    3    2    1   17   87  261  423  424  269  117   23
 8    8    7    6    5    4    3    2    1   16   78  232  418  426  274  124   28
 8    8    7    6    5    4    3    2    1   13   73  214  401  422  283  134   29
 8    8    7    6    5    4    3    2    1    8   69  200  382  406  301  143   34
 8    8    7    6    5    4    3    2    1    8   63  191  355  404  304  155   38
 8    8    7    6    5    4    3    2    1    7   58  170  331  408  316  164   39
 8    8    7    6    5    4    3    2    1    7   51  156  309  406  327  173   39
 8    8    7    6    5    4    3    2    1    7   45  143  297  393  332  183   42
 8    8    7    6    5    4    3    2    1    6   39  131  288  370  349  188   44
 8    8    7    6    5    4    3    2    1    5   38  123  269  364  339  199   52
 8    8    7    6    5    4    3    2    1    3   33  112  251  356  341  206   61
 8    8    7    6    5    4    3    2    1    3   30  100  230  353  343  213   65
 8    8    7    6    5    4    3    2    1    3   26   88  205  357  348  216   69
 8    8    7    6    5    4    3    2    1    3   25   76  194  344  350  216   75
 8    8    7    6    5    4    3    2    1    2   24   64  184  312  365  226   81
 8    8    7    6    5    4    3    2    1    2   22   58  169  301  356  232   87
 8    8    7    6    5    4    3    2    1    2   21   51  151  295  339  234   93
 8    8    7    6    5    4    3    2    1    2   19   50  137  279  327  231   97
 8    8    7    6    5    4    3    2    1    2   18   44  123  271  321  227  104
 8    8    7    6    5    4    3    2    1    1   17   41  117  250  306  231  102
 7    7    6    5    4    3    2    1   17   40  106  229  296  238  111
 7    7    6    5    4    3    2    1    9   40  106  212  279  248  114
 7    7    6    5    4    3    2    1    8   33   95  208  269  245  122
 7    7    6    5    4    3    2    1    6   28   86  180  231  213   99
 7    7    6    5    4    3    2    1    6   27   74  168  227  212  105
 7    7    6    5    4    3    2    1    5   19   57  139  220  190   98
 7    7    6    5    4    3    2    1    2    9   35   70  115  116   56
 7    7    6    5    4    3    2    1    1    6   19   42   64   63   34
 7    7    6    5    4    3    2    1    1    5   14   39   67   65   34
 7    7    6    5    4    3    2    1    1    5   12   35   64   60   35
 7    7    6    5    4    3    2    1    1    5   10   37   61   60   34
 7    7    6    5    4    3    2    1    1    3   11   26   45   46   23
 7    7    6    5    4    3    2    1    1    2   10   19   34   46   19
 7    7    6    5    4    3    2    1    1    2    9   14   25   34   17
 7    7    6    5    4    3    2    1    1    2    8   11   23   22   12
 7    7    6    5    4    3    2    1    1    2    8   11   23   21   12
 6    6    5    4    3    2    1    1    6    5   18   14   12
 6    6    5    4    3    2    1    1    5    4   19   12   14
 6    6    5    4    3    2    1    1    5    4   19   12   14
 5    5    4    3    2    1    4    7    5    9    9
 5    5    4    3    2    1    4    4    5    9    9
 5    5    4    3    2    1    2    4    5    9    9
 4    4    3    2    1    2    8    8    6
 4    4    3    2    1    2    7    9    5
 4    4    3    2    1    2    7    9    5
 4    4    3    2    1    2    6    8    6
 4    4    3    2    1    3    6    2    8
 4    4    3    2    1    1    4    5    4
 4    4    3    2    1    1    4    5    4
 4    4    3    2    1    1    5    4    3
 3    3    2    1    5    4    3
 3    3    2    1    4    5    2
 4    4    3    2    1    2    1    2    5
 4    4    3    2    1    1    2    2    4
 3    4    2    1    1    6    2
 3    4    2    1    1    6    2
 3    3    2    1    1    1    3
 2    2    1    2    2
 2    2    1    2    2
 2    3    1    1    3
 2    2    1    1    2
 2    2    1    1    2
 2    2    1    1    2
