# n  list(x)  list(y)
 6    8    7    6    5    4    3  605 1033  606  171   81    4
 6    8    7    6    5    4    3  547  994  635  206   87    6
 7    8    7    6    5    4    3    2  495  955  675  224   93    7    1
 7    8    7    6    5    4    3    2  444  931  686  254   96   11    3
 7    8    7    6    5    4    3    2  406  898  702  269  107   15    3
 7    8    7    6    5    4    3    2  361  856  715  306  118   16    3
 7    8    7    6    5    4    3    2  328  826  710  336  120   26    4
 7    8    7    6    5    4    3    2  294  791  711  363  131   30    5
 7    8    7    6    5    4    3    2  268  741  718  390  140   37    6
 7    8    7    6    5    4    3    2  247  694  720  406  161   38    9
 7    8    7    6    5    4    3    2  223  658  708  425  185   41   10
 7    8    7    6    5    4    3    2  199  620  695  453  197   51   10
 7    8    7    6    5    4    3    2  175  592  688  456  219   60   10
 7    8    7    6    5    4    3    2  150  563  674  475  235   66   12
 8    8    7    6    5    4    3    2    1  136  532  658  488  247   75   13    1
 8    8    7    6    5    4    3    2    1  131  496  635  492  275   82   12    2
 8    8    7    6    5    4    3    2    1  116  465  623  487  302   86   19    2
 8    8    7    6    5    4    3    2    1  100  425  623  500  307   98   19    3
 8    8    7    6    5    4    3    2    1   89  397  605  505  321  110   21    2
 8    8    7    6    5    4    3    2    1   80  366  585  509  337  121   25    2
 8    8    7    6    5    4    3    2    1   71  354  563  493  351  142   23    3
 8    8    7    6    5    4    3    2    1   64  332  541  486  361  161   27    3
 8    8    7    6    5    4    3    2    1   62  312  511  483  377  165   36    4
 8    8    7    6    5    4    3    2    1   51  296  478  486  389  179   41    5
 8    8    7    6    5    4    3    2    1   42  279  461  477  403  182   48    8
 8    8    7    6    5    4    3    2    1   35  252  450  482  400  191   54   11
 8    8    7    6    5    4    3    2    1   31  233  422  485  411  195   58   15
 8    8    7    6    5    4    3    2    1   26  213  401  479  418  207   66   15
 8    8    7    6    5    4    3    2    1   24  196  378  473  422  213   78   16
 8    8    7    6    5    4    3    2    1   22  185  355  467  419  231   77   19
 8    8    7    6    5    4    3    2    1   18  165  352  452  413  242   89   19
 8    8    7    6    5    4    3    2    1   15  148  348  433  416  248   98   19
 8    8    7    6    5    4    3    2    1   14  140  327  422  410  263  105   19
 8    8    7    6    5    4    3    2    1   13  125  298  428  407  272  110   21
 8    8    7    6    5    4    3    2    1   12  113  276  417  413  281  112   25
 8    8    7    6    5    4    3    2    1    8  105  261  406  405  278  131   27
 8    8    7    6    5    4    3    2    1    7  102  241  389  402  287  140   28
 8    8    7    6    5    4    3    2    1    7   92  228  377  390  301  142   34
 8    8    7    6    5    4    3    2    1    7   83  209  362  389  308  155   33
 8    8    7    6    5    4    3    2    1    7   71  206  329  394  317  156   37
 8    8    7    6    5    4    3    2    1    7   58  185  322  393  325  157   45
 8    8    7    6    5    4    3    2    1    7   50  171  313  379  334  160   53
 8    8    7    6    5    4    3    2    1    6   38  158  307  370  339  171   54
 8    8    7    6    5    4    3    2    1    6   36  134  294  368  332  185   60
 8    8    7    6    5    4    3    2    1    6   31  122  277  360  336  193   58
 8    8    7    6    5    4    3    2    1    6   29  107  263  356  338  192   64
 8    8    7    6    5    4    3    2    1    5   30   97  242  351  336  193   70
 8    8    7    6    5    4    3    2    1    5   28   92  221  336  335  205   74
 8    8    7    6    5    4    3    2    1    5   23   84  209  316  333  215   83
 8    8    7    6    5    4    3    2    1    5   18   76  194  311  331  217   81
 8    8    7    6    5    4    3    2    1    5   17   66  181  295  330  221   92
 8    8    7    6    5    4    3    2    1    5   15   58  166  284  330  223   91
 8    8    7    6    5    4    3    2    1    5    9   53  148  283  326  220   95
 8    8    7    6    5    4    3    2    1    3    8   43  136  276  319  227   99
 8    8    7    6    5    4    3    2    1    3    8   39  120  245  329  229  103
 8    8    7    6    5    4    3    2    1    3    8   35  103  226  311  231  100
 8    8    7    6    5    4    3    2    1    3    7   34   93  205  289  226   99
 8    8    7    6    5    4    3    2    1    3    4   30   85  181  280  213  101
 8    8    7    6    5    4    3    2    1    3    4   24   82  172  252  210   94
 7    7    6    5    4    3    2    1    1   11   36   98  142  125   63
 7    7    6    5    4    3    2    1    1    8   23   74  100   88   44
 7    7    6    5    4    3    2    1    1    8   23   69   99   84   41
 8    8    7    6    5    4    3    2    1    2    2    8   27   55   97   73   32
 6    6    5    4    3    2    1    5   20   54   78   68   38
 6    6    5    4    3    2    1    5   13   48   67   61   32
 7    8    6    5    4    3    2    1    1    5   15   29   66   46   19
 7    7    6    5    4    3    2    1    1    5   13   26   65   40   17
 7    7    6    5    4    3    2    1    1    2    9   27   63   39   19
 7    7    6    5    4    3    2    1    1    2    7   23   58   34   20
 7    7    6    5    4    3    2    1    1    1    6   19   53   38   20
 7    7    6    5    4    3    2    1    1    1    5    9   22   12   10
 6    7    5    4    3    2    1    1    6    7   21   14   10
 6    7    5    4    3    2    1    1    6    6   19   16   10
 6    6    5    4    3    2    1    1    3    7   15   16    8
 6    6    5    4    3    2    1    1    3    7   15   16    8
 4    4    3    2    1    3    9   12    7
 4    4    3    2    1    3    9   12    7
 4    4    3    2    1    2    9   12    7
 4    4    3    2    1    2    9   12    7
 4    4    3    2    1    1   10   12    6
 3    3    2    1    9   12    7
 3    3    2    1    8   13    6
 3    3    2    1    6   14    4
 3    3    2    1    4   11    4
 3    3    2    1    1    8    3
 3    3    2    1    1    8    3
 3    3    2    1    1    8    3
 4    4    3    2    1    2    1    3    3
 4    4    3    2    1    2    1    3    3
 4    4    3    2    1    2    1    3    3
 4    4    3    2    1    2    1    2    3
 4    4    3    2    1    2    1    2    3
 4    4    3    2    1    2    1    2    3
 3    3    2    1    1    2    3
 2    2    1    3    2
 2    2    1    1    2
