# n  list(x)  list(y)
 8    3    4    5    6    7    8    9   10    1   43  210  651  977  562   50    6
 8    3    4    5    6    7    8    9   10    3   51  238  679  923  533   42    6
 8    3    4    5    6    7    8    9   10    4   61  268  694  885  491   41    6
 8    3    4    5    6    7    8    9   10    6   78  289  703  850  454   39    6
 8    3    4    5    6    7    8    9   10    8   88  305  725  822  412   35    5
 9    2    3    4    5    6    7    8    9   10    1   10  103  326  739  780  380   32    4
 9    2    3    4    5    6    7    8    9   10    1   11  116  354  746  749  342   28    3
 9    2    3    4    5    6    7    8    9   10    2   13  132  368  747  724  309   27    3
 9    2    3    4    5    6    7    8    9   10    2   15  143  384  760  684  285   25    2
 9    2    3    4    5    6    7    8    9   10    2   17  156  402  787  631  256   22    2
 9    2    3    4    5    6    7    8    9   10    2   27  165  422  793  588  232   19    2
 9    2    3    4    5    6    7    8    9   10    2   35  179  449  765  564  211   18    2
 9    2    3    4    5    6    7    8    9   10    2   39  209  456  751  542  184   15    2
 9    2    3    4    5    6    7    8    9   10    5   45  224  465  747  498  175   14    2
 9    2    3    4    5    6    7    8    9   10    7   54  231  493  726  461  162   14    2
10    1    2    3    4    5    6    7    8    9   10    1    6   70  232  500  717  435  150   12    2
10    1    2    3    4    5    6    7    8    9   10    1    6   86  245  506  689  416  138   11    2
10    1    2    3    4    5    6    7    8    9   10    1    8  100  263  511  672  384  127    8    1
10    1    2    3    4    5    6    7    8    9   10    1   11  106  278  527  641  362  117    6    1
10    1    2    3    4    5    6    7    8    9   10    1   13  110  303  539  618  330  106    4    1
10    1    2    3    4    5    6    7    8    9   10    1   20  115  314  556  590  310   89    4    1
10    1    2    3    4    5    6    7    8    9   10    2   22  130  335  544  575  282   80    4    1
10    1    2    3    4    5    6    7    8    9   10    3   24  141  350  540  554  266   67    4    1
10    1    2    3    4    5    6    7    8    9   10    3   29  161  355  544  516  248   64    4    1
10    1    2    3    4    5    6    7    8    9   10    2   33  174  374  525  497  230   60    3    1
10    1    2    3    4    5    6    7    8    9   10    3   44  186  378  516  472  220   53    1    1
 9    1    2    3    4    5    6    7    8   10    4   53  195  388  509  442  208   49    1
 9    1    2    3    4    5    6    7    8   10    7   56  205  404  497  421  191   42    1
 9    1    2    3    4    5    6    7    8   10    9   63  215  402  491  411  169   38    1
 9    1    2    3    4    5    6    7    8   10   13   63  225  416  487  382  153   34    1
 9    1    2    3    4    5    6    7    8   10   14   66  242  420  466  364  144   32    1
 9    1    2    3    4    5    6    7    8   10   14   74  254  419  454  338  138   32    1
 9    1    2    3    4    5    6    7    8   10   15   79  258  427  448  327  113   31    1
 9    1    2    3    4    5    6    7    8   10   16   86  276  419  431  312  103   28    1
 9    1    2    3    4    5    6    7    8   10   19   94  286  418  413  299   92   23    1
 9    1    2    3    4    5    6    7    8   10   20  101  296  418  403  276   83   22    1
 9    1    2    3    4    5    6    7    8   10   24  101  314  410  383  263   77   20    1
 9    1    2    3    4    5    6    7    8   10   27  111  320  404  382  237   67   19    1
 9    1    2    3    4    5    6    7    8    9   30  122  318  406  373  217   60   16    1
 9    1    2    3    4    5    6    7    8    9   33  130  325  406  346  209   53   15    1
 9    1    2    3    4    5    6    7    8    9   34  139  333  403  331  192   47   12    1
 9    1    2    3    4    5    6    7    8    9   36  158  324  393  328  177   39    9    1
 9    1    2    3    4    5    6    7    8    9   37  171  340  375  317  153   39    7    1
 9    1    2    3    4    5    6    7    8    9   45  178  339  375  295  140   36    6    1
 8    1    2    3    4    5    6    7    8   47  182  350  359  284  130   33    4
 8    1    2    3    4    5    6    7    8   48  196  352  354  263  117   29    3
 8    1    2    3    4    5    6    7    8   54  208  348  351  251   97   27    1
 7    1    2    3    4    5    6    7   57  214  365  321  240   88   26
 7    1    2    3    4    5    6    7   69  219  366  304  227   81   20
 7    1    2    3    4    5    6    7   68  227  364  297  209   73   17
 7    1    2    3    4    5    6    7   71  222  355  276  196   65   16
 7    1    2    3    4    5    6    7   75  243  346  264  180   55   15
 7    1    2    3    4    5    6    7   85  239  339  252  167   44   13
 7    1    2    3    4    5    6    7   91  240  322  248  156   36   13
 7    1    2    3    4    5    6    7   99  247  311  236  141   38    7
 7    1    2    3    4    5    6    7   93  227  274  207  132   32    5
 7    1    2    3    4    5    6    7   89  218  259  189  118   31    4
 7    1    2    3    4    5    6    7   95  218  245  174  109   31    3
 6    1    2    3    4    5    6   50  126  131   91   47   10
 6    1    2    3    4    5    6   47  117  117   84   38    7
 7    1    2    3    4    5    6    7   50  103  108   73   41   10    1
 7    1    2    3    4    5    6    7   51  106  104   65   38    8    1
 7    1    2    3    4    5    6    7   47  106   98   63   30    7    1
 7    1    2    3    4    5    6    7   47   91   92   53   22    3    1
 6    1    2    3    4    5    6   49   84   83   47   20    3
 6    1    2    3    4    5    6   38   74   69   37   17    3
 6    1    2    3    4    5    6   29   54   47   28   10    2
 6    1    2    3    4    5    6   27   54   46   29    9    2
 6    1    2    3    4    5    6   26   57   43   27    9    2
 6    1    2    3    4    5    6   20   41   26   22    6    1
 6    1    2    3    4    5    6   19   42   27   19    4    1
 6    1    2    3    4    5    6   19   41   31   13    2    1
 6    1    2    3    4    5    6   14   26   19    9    1    1
 5    1    2    3    4    6   11   17   15    8    1
 5    1    2    3    4    6   12   17   14    6    1
 4    1    2    3    4   13   15   15    3
 4    1    2    3    4   13   15   15    3
 4    1    2    3    4   11   17   13    2
 3    1    2    3   12   18   12
 3    1    2    3   10   15   10
 3    1    2    3    6    9    6
 3    1    2    3    5   10    3
 3    1    2    3    5   10    3
 3    1    2    3    5   10    3
 3    1    2    3    5   10    3
 3    1    2    3    5   10    3
 3    1    2    3    4    7    2
 3    1    2    3    2    4    2
 3    1    2    3    2    3    2
 2    1    2    2    4
 2    1    2    2    3
 3    1    2    3    3    1    1
 2    1    2    2    2
 2    1    2    2    1
 2    1    2    2    1
 2    1    2    2    1
 2    1    2    2    1
 2    1    2    2    1
 2    1    2    2    1
