# n  list(x)  list(y)
43   66   55   54   53   48   47   45   44   41   38   37   36   35   34   32   31   30   29   28   27   26   25   24   23   22   21   20   19   18   17   16   15   14   13   12   11   10    9    8    7    6    5    4    1    1    1    1    1    1    1    1    1    1    1    1    3    1    3    1    2    5    2    4    3    5    2    8   12    9   13   10    9   11   24   24   27   36   49   60   82  108  137  329 1344  161    4
40   66   55   54   53   47   44   41   38   37   35   34   32   31   30   29   28   27   26   25   24   23   22   21   20   19   18   17   16   15   14   13   12   11   10    9    8    7    6    5    4    1    1    1    1    2    2    1    1    1    4    1    1    2    3    3    4    4    3    5    1    8   11    6   17   10    6   13   22   22   28   36   46   60   75  106  123  325 1277  232   10
40   65   55   53   47   43   41   37   36   35   34   33   32   31   30   29   28   27   26   25   24   23   22   21   20   19   18   17   16   15   14   13   12   11   10    9    8    7    6    5    4    1    1    2    2    1    1    1    1    3    1    1    1    2    2    4    3    4    4    3    3    7   11    6   15   12    6   10   20   22   26   33   46   60   76   95  123  307 1204  300   30
41   63   54   53   52   47   42   40   36   35   34   33   32   31   30   29   28   27   26   25   24   23   22   21   20   19   18   17   16   15   14   13   12   11   10    9    8    7    6    5    4    3    1    1    1    1    2    1    1    2    1    3    1    1    2    2    3    2    3    3    5    3    6    9    7   14   11    7    9   17   22   23   34   43   63   75   90  125  296 1110  372   52    1
40   63   54   53   51   47   45   41   39   36   35   34   32   31   30   29   28   26   25   24   23   22   21   20   19   18   17   16   15   14   13   12   11   10    9    8    7    6    5    4    3    1    1    1    1    1    1    1    1    2    1    3    1    1    1    5    3    5    4    3    3    8    7   15   10    6   11   19   16   25   30   44   64   67   94  125  272 1058  410   74    5
40   63   54   51   47   44   38   36   35   34   33   32   30   29   28   27   26   25   24   23   22   21   20   19   18   17   16   15   14   13   12   11   10    9    8    7    6    5    4    3    2    1    1    2    1    1    1    1    2    2    1    1    2    3    3    2    4    4    4    3    4    7   16   10    6   12   20   15   21   29   45   62   68   92  120  268  991  447   97    5    1
40   63   54   51   50   45   44   36   35   34   33   32   30   29   28   27   26   25   24   23   22   21   20   19   18   17   16   15   14   13   12   11   10    9    8    7    6    5    4    3    2    1    1    1    1    1    1    2    2    2    1    1    2    3    1    3    4    1    6    2    5    5   14   13    4   13   16   19   17   27   47   59   64   89  120  254  935  487  118    7    1
39   62   52   50   44   43   36   35   34   33   32   30   29   28   27   26   25   24   23   22   21   20   19   18   17   16   15   14   13   12   11   10    9    8    7    6    5    4    3    2    1    1    2    1    1    1    3    1    2    1    2    2    2    1    5    1    5    3    6    5   11   13    6   11   13   20   18   24   46   54   64   86  118  241  894  498  149   11    2
38   61   51   49   48   43   36   35   34   33   32   30   29   28   26   25   24   23   22   21   20   19   18   17   16   15   14   13   12   11   10    9    8    7    6    5    4    3    2    1    1    1    1    2    1    2    2    1    2    1    1    3    7    1    4    3    5    6    9   13    7   11   11   20   18   21   43   53   65   84  109  228  843  529  173   14    4
39   61   51   48   43   41   36   35   34   33   32   31   30   28   27   26   25   24   23   22   21   20   19   18   17   16   15   14   13   12   11   10    9    8    7    6    5    4    3    2    1    1    2    1    1    1    1    3    1    1    1    1    2    2    6    1    3    4    6    4    6   17    7   11    9   20   18   17   43   45   68   82  108  222  797  541  192   23    6
38   61   51   48   42   40   35   34   33   32   30   29   28   27   26   25   24   23   22   21   20   19   18   17   16   15   14   13   12   11   10    9    8    7    6    5    4    3    2    1    1    2    1    1    1    3    1    1    1    1    1    2    5    1    4    4    6    4    4   14   11   10    8   19   17   19   35   52   60   82  105  216  753  556  212   30    6
37   59   49   47   41   40   34   33   32   30   29   28   27   26   25   24   23   22   21   20   19   18   17   16   15   14   13   12   11   10    9    8    7    6    5    4    3    2    1    1    2    1    1    2    3    1    1    1    1    2    5    1    4    3    5    6    4   11   14    7    9   18   17   22   33   49   59   82  102  215  707  557  236   36    6
38   58   49   47   46   41   38   34   33   32   30   28   27   26   25   24   23   22   21   20   19   18   17   16   15   14   13   12   11   10    9    8    7    6    5    4    3    2    1    1    1    1    1    1    1    1    4    1    1    2    2    2    3    5    3    4    4    5    8   15    8    8   19   19   18   33   50   51   84   95  202  677  571  249   43    5    2
38   55   49   46   45   41   38   34   33   32   30   28   27   26   25   24   23   22   21   20   19   18   17   16   15   14   13   12   11   10    9    8    7    6    5    4    3    2    1    1    1    1    1    1    1    1    3    2    1    1    2    3    2    4    3    5    2    5    5   12   14    7   16   20   16   31   48   49   80   94  183  649  582  276   42    9    2
37   54   49   46   45   41   36   34   33   32   30   27   26   25   24   23   22   21   20   19   18   17   16   15   14   13   12   11   10    9    8    7    6    5    4    3    2    1    1    1    1    1    1    1    1    2    3    1    3    3    2    3    3    5    3    5    3   12   12   10   15   16   17   33   48   44   76   97  171  621  569  305   49   10    2
38   53   49   46   44   40   36   34   33   32   31   30   27   26   25   24   23   22   21   20   19   18   17   16   15   14   13   12   11   10    9    8    7    6    5    4    3    2    1    1    1    1    1    1    1    1    2    1    2    1    3    1    3    4    2    6    2    4    5    5   17    7   19   14   17   32   48   42   71   96  165  574  591  312   60    9    3
37   52   49   45   44   40   34   33   32   31   30   27   26   25   24   23   22   21   20   19   18   17   16   15   14   13   12   11   10    9    8    7    6    5    4    3    2    1    1    1    1    1    1    2    2    1    1    2    2    2    3    4    2    5    2    5    5    5   12   10   17   12   20   31   44   44   67   93  161  541  578  336   73   10    3
38   51   48   44   43   40   34   33   32   31   30   29   27   26   25   24   23   22   21   20   19   18   17   16   15   14   13   12   11   10    9    8    7    6    5    4    3    2    1    1    1    1    1    1    1    2    2    1    1    1    2    2    3    1    5    4    3    4    6    4    7   13   14   13   20   29   41   47   59   95  159  502  577  351   83   15    3
36   50   47   43   40   33   32   31   30   29   27   26   25   24   23   22   21   20   19   18   17   16   15   14   13   12   11   10    9    8    7    6    5    4    3    2    1    1    1    2    1    2    1    3    1    1    2    1    3    2    5    3    2    4    6    3    8   11   15   10   17   30   38   44   60   88  156  481  552  376   99   17    4
35   49   46   43   40   33   32   31   30   29   27   25   24   23   22   21   20   19   18   17   16   15   14   13   12   11   10    9    8    7    6    5    4    3    2    1    1    1    2    1    1    1    3    2    1    1    3    4    4    3    3    2    6    5    4    9   18    7   21   25   35   43   61   87  146  458  543  388  111   21    4
34   49   44   43   40   33   31   30   29   27   25   24   23   22   21   20   19   18   17   16   15   14   13   12   11   10    9    8    7    6    5    4    3    2    1    1    1    1    1    1    3    1    3    1    1    3    4    4    3    3    5    4    4    9   15   11   17   28   34   41   53   85  140  423  541  390  140   24    5
30   49   42   39   31   29   26   25   23   22   21   20   19   18   17   16   15   14   13   12   11   10    9    8    7    6    5    4    3    2    1    1    1    1    3    4    1    1    7    4    2    2    6    4    5    8   13   12   11   31   31   41   53   76  134  394  529  409  159   28    4
31   49   42   38   31   29   28   26   25   23   22   21   20   19   18   17   16   15   14   13   12   11   10    9    8    7    6    5    4    3    2    1    1    1    1    3    3    1    1    1    6    3    3    3    5    5    4    9   10   12   13   27   28   40   52   72  132  373  525  417  161   33    5
31   49   41   38   31   29   28   26   25   23   22   21   20   19   18   17   16   15   14   13   12   11   10    9    8    7    6    5    4    3    2    1    1    1    1    3    2    2    1    1    4    4    4    2    3    6    6    6   13   10   14   23   29   38   48   73  122  355  516  412  183   36    6
33   49   41   38   31   30   29   28   27   26   25   23   22   21   20   19   18   17   16   15   14   13   12   11   10    9    8    7    6    5    4    3    2    1    1    1    1    2    1    1    1    2    1    1    3    3    5    2    2    6    7    7    9   12   13   21   26   38   51   67  116  340  495  417  201   41    6
33   46   41   37   31   30   29   28   27   26   25   23   22   21   20   19   18   17   16   15   14   13   12   11   10    9    8    7    6    5    4    3    2    1    1    1    1    1    1    2    1    1    2    1    2    3    4    2    3    5    7    7    9    8   14   21   18   45   44   68  120  314  480  419  215   48    7
33   46   40   37   31   30   29   28   27   26   25   23   22   21   20   19   18   17   16   15   14   13   12   11   10    9    8    7    6    5    4    3    2    1    1    1    1    1    1    1    1    2    2    1    2    2    4    3    2    3   10    5    9   10   10   23   17   42   46   61  119  298  471  422  217   55    7
30   45   40   36   31   29   27   26   25   23   22   21   20   18   17   16   15   14   13   12   11   10    9    8    7    6    5    4    3    2    1    1    1    1    1    2    2    2    2    1    3    3    4    4    9    6    7    8   14   21   19   34   47   54  117  287  453  432  220   62    8
29   45   40   36   30   28   26   25   24   22   21   20   18   17   16   15   14   13   12   11   10    9    8    7    6    5    4    3    2    1    1    1    1    1    2    3    1    1    4    2    5    3    6    5    9    7   15   19   20   27   47   53  112  264  441  437  238   65   10
30   44   39   35   30   28   26   25   24   22   21   20   19   18   17   16   15   14   13   12   11   10    9    8    7    6    5    4    3    2    1    1    1    1    1    2    3    1    1    3    2    4    2    2    5    5   10    8   10   17   20   26   48   51  111  252  416  436  254   70   11
31   44   39   35   29   28   27   26   25   24   22   21   20   19   18   17   16   15   14   13   12   11   10    9    8    7    6    5    4    3    2    1    1    1    1    1    1    1    1    3    1    3    2    4    1    2    5    6    7   10    8   15   15   31   46   47   99  239  399  446  259   81   12
29   43   39   35   29   28   26   25   24   22   21   20   18   17   16   15   14   13   12   11   10    9    8    7    6    5    4    3    2    1    1    1    1    1    1    1    3    2    3    1    3    3    4    6    6    9    9   16   10   28   46   49   95  222  370  461  266   89   16
31   43   37   34   29   28   26   25   24   23   22   21   20   19   18   17   16   15   14   13   12   11   10    9    8    7    6    5    4    3    2    1    1    1    1    1    1    1    2    2    1    2    1    3    1    3    2    6    6   10    9   12   14   27   37   51   91  208  356  464  266  101   17
31   43   36   32   29   28   26   25   24   23   22   21   20   19   18   17   16   15   14   13   12   11   10    9    8    7    6    5    4    3    2    1    1    1    1    1    1    1    1    2    2    1    2    1    2    2    4    3    7    9    9   14   12   24   33   50   82  205  336  462  274  114   16
29   42   36   29   27   26   25   24   23   21   20   19   18   17   16   15   14   13   12   11   10    9    8    7    6    5    4    3    2    1    1    1    2    1    1    1    1    2    1    1    4    2    4    2    6    8   11   10   15   22   35   47   80  199  319  438  291  121   22
28   41   31   29   28   26   25   23   21   20   19   18   17   16   15   14   13   12   11   10    9    8    7    6    5    4    3    2    1    1    1    1    1    2    1    3    1    1    2    1    7    2    5    9    9   11   15   17   31   49   70  193  308  433  295  128   26
25   41   31   28   25   24   23   21   19   18   17   15   14   13   12   11   10    9    8    7    6    5    4    3    2    1    1    1    2    2    1    3    1    1    1    8    6    9   10   10   12   19   28   39   71  174  305  411  315  140   28
26   41   30   27   25   24   23   22   21   18   17   16   15   14   13   12   11   10    9    8    7    6    5    4    3    2    1    1    1    2    1    2    2    1    1    2    3    5    4    7   13    8   14   17   25   41   62  164  299  394  327  147   30
26   39   30   27   25   24   23   22   21   18   17   16   15   14   13   12   11   10    9    8    7    6    5    4    3    2    1    1    1    2    1    1    3    1    1    1    4    2    7    4   11    9   15   14   26   37   61  152  290  388  327  157   31
24   38   30   26   24   23   21   18   17   16   15   14   13   12   11   10    9    8    7    6    5    4    3    2    1    1    1    2    2    3    2    1    3    3    4    7   10    7   13   14   26   37   58  139  275  386  327  163   37
26   38   30   26   24   23   22   21   20   18   17   16   15   14   13   12   11   10    9    8    7    6    5    4    3    2    1    1    1    1    1    2    1    3    1    1    3    1    4    9    8    7   11   14   26   37   52  127  271  374  329  173   37
26   37   30   26   24   23   21   20   19   18   17   16   15   14   13   12   11   10    9    8    7    6    5    4    3    2    1    1    1    1    1    2    3    1    1    1    2    2    2    9    9    4   13   14   25   33   50  124  250  362  337  181   39
25   36   30   26   24   23   21   20   19   17   16   15   14   13   12   11   10    9    8    7    6    5    4    3    2    1    1    1    1    1    2    1    2    1    4    1    3    6    9    6   11   12   24   32   45  114  236  350  344  194   42
24   36   29   26   24   23   20   19   17   16   15   14   13   12   11   10    9    8    7    6    5    4    3    2    1    1    1    1    1    2    1    3    2    3    2    7    8    5   11   14   20   28   50  101  234  341  336  202   43
23   36   29   26   23   22   19   17   16   15   14   13   12   11   10    9    8    7    6    5    4    3    2    1    1    1    1    1    2    4    2    1    2    5    9    7   11   11   16   29   44   94  220  331  349  202   49
24   35   29   25   22   21   19   18   17   16   15   14   13   12   11   10    9    8    7    6    5    4    3    2    1    1    1    1    2    1    1    3    1    2    2    4    9    7    9    9   15   30   41   90  195  335  348  207   53
23   34   29   25   22   19   18   17   16   15   14   13   12   11   10    9    8    7    6    5    4    3    2    1    1    1    1    2    2    1    2    2    2    5    6   10    8    9   13   28   39   89  189  314  343  216   58
23   34   28   24   21   19   18   17   16   15   14   13   12   11   10    9    8    7    6    5    4    3    2    1    1    1    1    2    1    2    2    1    2    6    5    9    8    9   13   25   40   83  174  308  340  220   61
24   34   26   24   21   20   19   18   17   16   15   14   13   12   11   10    9    8    7    6    5    4    3    2    1    1    1    1    1    1    1    2    2    1    2    6    4    8    9    8   14   21   38   82  152  297  342  227   65
24   33   26   24   21   20   19   18   17   16   15   14   13   12   11   10    9    8    7    6    5    4    3    2    1    1    1    1    1    1    1    2    2    1    1    4    6    6   11    6   16   17   38   72  141  287  344  228   72
23   33   25   24   21   19   18   17   16   15   14   13   12   11   10    9    8    7    6    5    4    3    2    1    1    1    1    1    1    1    4    1    1    3    5    7    9    9   12   16   39   65  134  268  342  236   76
21   33   25   24   21   19   17   15   14   13   12   11   10    9    8    7    6    5    4    3    2    1    1    1    1    1    1    5    2    2    6    7    4   11   13   16   35   62  127  245  343  239   85
22   32   24   23   21   19   17   16   15   14   13   12   11   10    9    8    7    6    5    4    3    2    1    1    1    1    1    1    3    1    3    1    7    6    4    9   13   14   34   56  114  243  330  250   85
22   31   24   23   21   19   17   16   15   14   13   12   11   10    9    8    7    6    5    4    3    2    1    1    1    1    1    1    2    1    2    3    5    6    3    5   18   15   26   51  107  227  328  254   91
22   31   24   23   21   19   17   16   15   14   13   12   11   10    9    8    7    6    5    4    3    2    1    1    1    1    1    1    2    1    2    2    6    5    2    5   19   15   26   48   98  213  326  245  101
21   30   23   21   20   19   17   15   14   13   12   11   10    9    8    7    6    5    4    3    2    1    1    1    1    1    1    2    2    1    6    3    5    4   14   16   23   46   90  206  320  250  101
20   29   22   21   20   19   17   14   13   12   11   10    9    8    7    6    5    4    3    2    1    1    1    1    1    1    2    3    4    4    4    4   13   14   22   45   85  193  320  252  101
21   28   22   21   19   18   17   16   14   13   12   11   10    9    8    7    6    5    4    3    2    1    1    1    1    1    1    1    1    2    3    3    6    3   14   10   23   35   86  184  304  253  109
20   27   22   21   18   17   16   14   13   12   11   10    9    8    7    6    5    4    3    2    1    1    1    1    2    1    1    1    1    4    4    6   12   11   21   30   82  166  289  266  114
19   25   21   20   18   17   15   14   12   11   10    9    8    7    6    5    4    3    2    1    1    1    1    2    1    1    1    5    4    5   10   14   18   31   76  159  269  280  107
18   24   20   17   16   15   14   12   11   10    9    8    7    6    5    4    3    2    1    1    2    1    1    1    1    3    4    7   10    9   17   30   71  143  263  276  117
18   24   20   17   16   15   14   12   11   10    9    8    7    6    5    4    3    2    1    1    2    1    1    1    1    2    5    5    8   11   17   27   65  135  247  268  116
18   24   20   19   16   15   14   12   11   10    9    8    7    6    5    4    3    2    1    1    1    1    2    1    1    2    4    4    9    9   18   23   59  123  238  270  120
18   24   20   19   16   15   14   12   11   10    9    8    7    6    5    4    3    2    1    1    1    1    2    1    1    2    1    5   10   10   14   22   53  113  227  258  127
18   24   20   19   16   15   14   12   11   10    9    8    7    6    5    4    3    2    1    1    1    1    1    1    1    3    1    3   10    9   12   22   50  104  217  253  128
17   24   19   16   15   14   12   11   10    9    8    7    6    5    4    3    2    1    1    2    1    1    1    3    1    2    8   10   12   20   45  100  191  259  134
17   23   19   16   15   14   12   11   10    9    8    7    6    5    4    3    2    1    1    2    1    1    1    2    1    2    4   10   13   15   46   90  185  251  135
17   23   18   17   16   14   12   11   10    9    8    7    6    5    4    3    2    1    1    1    1    1    2    1    1    3    2    9   14   13   42   85  177  249  134
18   21   18   17   16   14   13   12   11   10    9    8    7    6    5    4    3    2    1    1    1    1    1    1    1    1    1    2    3    8   10   18   39   78  171  238  133
16   21   18   16   14   12   11   10    9    8    7    6    5    4    3    2    1    1    1    1    1    1    1    2    4    5    9   16   38   70  152  233  131
15   20   18   14   12   11   10    9    8    7    6    5    4    3    2    1    1    1    1    1    1    2    3    5    7   15   31   74  135  219  133
15   20   17   14   12   11   10    9    8    7    6    5    4    3    2    1    1    1    1    1    1    2    2    4    7   14   29   60  125  209  123
14   19   17   12   11   10    9    8    7    6    5    4    3    2    1    1    1    2    1    2    1    5    7   13   29   53  122  197  120
13   18   17   12   10    9    8    7    6    5    4    3    2    1    1    1    1    2    1    3    8    9   25   49  110  169  109
12   18   17   12    9    8    7    6    5    4    3    2    1    1    1    1    2    3    9    7   24   43  110  150  114
11   17   12    9    8    7    6    5    4    3    2    1    2    1    1    3    9    8   21   42  106  140  113
11   16   12    9    8    7    6    5    4    3    2    1    2    1    1    1    6    7   18   37   87  144  112
11   16   15    9    8    7    6    5    4    3    2    1    1    1    1    1    2    6   15   32   80  135  111
10   15    9    8    7    6    5    4    3    2    1    2    1    1    2    5   12   23   68  111   91
10   15   11    9    8    6    5    4    3    2    1    1    1    1    1    4   10   20   52   98   73
 9   15   11    8    6    5    4    3    2    1    1    1    2    3    7   16   47   85   70
 9   15   10    8    6    5    4    3    2    1    1    1    2    2    7   14   43   79   65
 8   13    9    8    5    4    3    2    1    1    1    1    7   12   39   59   60
 8   13    9    8    5    4    3    2    1    1    1    1    5    9   29   47   48
 8   12    9    8    5    4    3    2    1    1    1    1    2    6   15   33   32
 8   11    9    8    5    4    3    2    1    1    1    1    2    6   11   30   31
 8   11    9    8    5    4    3    2    1    1    1    1    1    3    5   24   22
 6    8    5    4    3    2    1    3    1    3    4   21   21
 4    7    3    2    1    1    5    9   10
 4    7    3    2    1    1    3    9    8
 4    6    3    2    1    1    2   10    6
 4    4    3    2    1    1    1    8    5
 3    3    2    1    2    4    4
 3    3    2    1    1    3    3
 3    4    2    1    1    1    4
 3    3    2    1    1    1    3
 2    3    1    1    3
 2    3    1    1    3
 2    3    1    1    3
