276
1495
2422
29
1567
2103
1869
296
194
192
967
758
444
1522
1886
2131
687
1969
145
1591
2275
1107
638
930
254
523
1143
841
815
118
1907
1066
2100
1545
993
147
1993
805
1917
112
1708
712
338
1309
2198
2324
1564
1932
2386
1482
2484
1690
2050
463
995
1540
679
1142
796
1521
1775
985
889
2429
1900
34
1170
2134
940
1496
2339
1104
272
1736
2267
2257
340
914
1444
535
1110
763
1912
1785
11
814
173
770
1475
2179
766
2308
2032
1658
1183
1144
1117
2296
2350
2165
218
1755
1007
1418
5
1535
1884
685
1458
1403
1819
2482
2137
2450
2044
1558
732
406
329
1648
908
140
1052
2316
944
1956
959
1141
4
965
1923
1667
234
1566
966
42
159
1972
1606
2393
820
1533
2060
1979
2453
28
2223
392
2232
1283
1801
2123
369
847
1318
1038
35
871
1870
715
1189
2119
127
749
2221
928
996
137
2109
1425
1126
506
1512
2448
1413
2102
885
2317
2457
1666
2024
1036
1414
219
2459
2212
783
976
1841
144
95
2089
2092
2264
2446
708
2280
663
1581
1728
2073
977
1166
1626
1653
643
1828
2461
697
705
1405
2088
1123
606
397
201
2274
1680
1710
1771
2341
727
1888
386
256
1963
128
1858
430
445
2157
1281
1186
424
767
2094
1536
1168
1354
1442
1791
1435
1083
1457
1964
1079
526
583
1019
2061
1242
1634
1691
1323
2322
559
1325
1756
1788
946
415
2022
1095
486
202
2409
1401
490
678
1108
1701
1177
396
1790
1450
1182
2004
707
495
1213
377
652
2255
1568
2356
1269
2286
1486
1433
2492
1633
1550
585
595
1483
2463
1743
1027
1519
1664
1008
316
960
123
1840
1217
1527
1194
1854
800
832
2254
785
1859
2425
1421
241
262
1759
728
170
193
2326
1062
530
2064
2139
1635
1093
451
239
1802
2366
954
372
491
2297
1285
2353
1894
1652
1258
482
443
67
1676
1857
364
1255
1249
197
1124
246
935
2430
1158
1665
891
48
1662
692
1983
612
2027
560
1017
613
1485
981
1772
927
1726
1644
839
1114
2345
270
1288
1384
536
74
387
2015
617
1579
2262
2329
75
607
488
2252
1247
1470
2171
1889
60
584
1005
1129
477
1252
37
485
2132
2206
1159
496
273
1910
1443
2305
2158
2017
2291
1368
198
1918
1280
1241
328
1856
1236
2495
2344
1903
94
2014
1447
1112
2199
2152
1511
1597
359
2337
1570
1287
489
747
1637
1742
1968
1145
517
2222
838
1284
1031
1508
664
103
1573
1748
38
760
1650
615
2227
1264
89
57
552
1399
298
916
2041
875
1638
330
357
1400
204
416
1866
19
861
1057
122
59
1387
870
1246
1105
421
2147
619
1885
252
2112
125
1192
1911
1590
1723
129
575
211
2021
179
274
2416
243
1784
1632
305
131
1111
1569
1733
611
2352
684
1374
282
958
347
46
1839
1709
1525
2033
621
1056
775
1178
176
426
603
1023
61
572
2055
934
986
2097
911
2380
798
2411
245
1882
1138
1715
1094
362
812
101
168
1297
2279
2154
9
587
2108
275
689
410
224
25
80
1026
2310
1914
414
2490
872
756
1696
1981
650
1235
268
1367
2219
2008
574
2302
2079
1016
988
1836
1875
1902
807
1988
2277
462
315
2320
2424
570
10
1020
302
2121
1808
1853
190
344
312
2076
667
1099
1431
1779
1543
528
2432
2343
1927
1549
33
1815
710
1787
1741
558
1679
1612
1092
1706
2396
1205
1891
2298
1218
79
1474
1346
973
1035
2042
1518
2473
1951
686
1161
2400
674
51
251
924
2186
1636
1777
2122
1305
2295
1529
879
1460
1328
132
461
1293
782
1693
1320
404
470
640
1890
322
2166
2240
265
2204
1011
854
227
752
887
1146
1557
2371
1703
379
1282
882
1544
2030
2488
1809
2068
88
1711
1998
1040
2052
1810
1022
1259
1469
31
1276
1695
333
2493
84
1294
929
1734
2176
2247
337
1248
494
2401
644
549
688
626
1086
1238
892
1397
1131
2140
306
1206
1941
226
441
943
2498
1931
2045
2364
910
1768
682
2256
1704
1939
2059
859
1209
22
989
999
498
2010
1270
1013
1468
1745
2471
1427
1176
521
1643
45
8
1827
1738
1878
2242
210
622
2412
1860
248
1494
342
2200
2226
2467
787
926
1429
214
1585
2431
228
1604
1793
1402
639
1561
1274
1386
794
779
1813
765
1758
2026
808
2265
1689
631
984
1028
1537
956
2278
1360
2374
1291
781
2028
2197
1389
1025
1571
1302
142
186
428
743
1072
2151
6
2113
310
1451
896
1101
579
2039
1716
1348
1694
1850
2363
66
2192
120
1326
1722
1275
373
1991
1834
97
1976
818
2129
1366
2413
1814
909
433
2244
1874
840
1639
669
1629
1835
983
1304
1953
1179
893
30
2359
625
58
596
2304
418
968
1164
1045
2169
47
2036
866
2273
1467
398
2258
394
18
1789
158
717
810
425
1388
618
1915
970
376
143
2080
1560
2085
2164
2013
304
632
200
699
969
297
1115
178
1507
1559
2323
2376
1873
293
2311
17
68
2168
1321
1128
1315
413
172
1226
1119
566
2245
1750
2125
505
1085
1820
614
592
299
2006
2205
2283
356
890
510
2338
1837
2243
278
1731
1122
1897
2111
1725
1312
1069
1327
2084
1647
1381
978
637
987
2399
804
591
187
1618
1895
906
161
63
1055
2063
109
1340
816
2377
2
2246
691
750
2231
2106
2066
2309
700
2365
1087
730
1781
480
1526
162
43
1077
850
672
905
117
2150
1307
1053
857
1952
1556
1683
1004
634
848
1627
116
1584
1076
1379
2480
2229
1273
2439
1822
2403
2003
1660
499
1120
888
797
434
725
1240
1692
1132
545
213
388
2114
2058
955
855
1453
1861
2163
659
1432
997
449
982
736
856
1562
1412
931
2272
208
811
925
2276
722
2126
1630
1234
105
2447
286
742
677
460
188
233
835
1163
2419
1324
877
675
1440
1478
1308
1473
869
1848
597
1672
950
1262
827
303
400
2464
1663
709
2239
1233
2105
1420
2001
2098
472
1358
447
886
2351
1136
92
1818
2038
1982
2211
547
39
1920
898
1171
207
391
2485
834
1491
402
1504
1139
1588
492
1067
1901
1063
2375
1761
974
2209
642
1398
504
1729
1073
1539
759
432
284
1773
1219
2002
153
1202
1231
65
2263
50
1739
1484
1009
1471
1239
524
518
1215
2234
1896
1707
1480
2237
2248
1924
2083
1243
100
468
1577
1959
1849
1331
1499
1717
2078
408
1769
1641
647
754
2415
1373
646
13
509
1944
2155
582
2348
822
2018
922
2426
698
769
2372
2287
1553
2437
471
2398
581
1502
56
1892
2144
54
326
1749
1212
1383
1370
903
1825
2481
2178
2107
1587
1012
1603
1607
609
1394
160
1103
2292
1024
1838
2116
1669
2016
1046
923
1448
880
474
2334
181
2260
384
1960
1617
1106
991
1576
1817
1497
44
2075
215
231
1245
537
2451
598
548
661
467
1610
2174
1505
380
437
1229
1879
1133
371
1456
177
629
332
2096
1898
1992
992
502
1490
237
1198
2128
842
2057
1974
1851
1624
1542
375
2307
2095
1434
829
1942
937
1489
257
1523
1184
242
1437
500
327
1319
136
1251
901
803
527
1620
1805
913
902
2145
2388
791
2288
653
511
1732
1919
845
1477
2313
519
806
1684
440
2230
383
963
522
1353
1064
1582
2077
363
1430
2189
1532
1744
420
2315
823
1015
222
1169
442
1724
206
1410
1286
713
876
515
1393
809
2142
455
2133
119
2331
789
1197
1336
1806
1344
2312
2370
2146
1180
1492
801
1776
2499
881
2220
1446
554
260
580
2390
1250
755
2443
32
1001
1699
2261
478
139
683
2238
411
171
1623
724
837
2056
290
1257
15
1930
249
994
1037
2214
1395
1382
1279
1575
656
1961
912
2314
346
427
726
1600
452
277
2270
590
431
1596
453
2175
739
2318
605
267
403
942
167
1071
703
1342
1995
553
2161
280
1044
753
2271
1712
670
2148
1957
2293
1452
2394
2029
1760
949
1586
156
469
718
1938
939
1922
1555
1751
26
289
1602
2196
1614
1916
1646
1098
588
23
2477
1034
550
962
1622
1188
2047
1125
1417
479
481
1609
1290
2053
2149
1349
1971
720
2478
1032
2468
1014
1165
1113
858
2118
1713
1369
2188
2469
1039
1006
1438
27
2336
2009
199
133
2190
473
1807
665
1160
223
389
1833
1594
1472
2301
2191
1
70
762
1220
1488
1091
772
1148
1682
507
1816
113
1080
294
874
2368
2472
508
435
185
2141
2328
2354
849
2475
1515
2402
662
422
2162
941
1985
933
979
2048
1404
990
401
2494
1547
1883
1415
567
350
314
1041
1043
2418
2470
1909
1764
2483
2290
349
2025
1893
1010
1880
1501
20
2455
2081
2233
1687
446
673
741
135
3
2070
860
1936
2183
1376
1018
1463
2207
1075
1002
2159
238
2101
1935
1654
920
319
1263
1051
2104
1520
2007
53
738
1740
1955
221
2201
1628
336
459
1203
2040
897
1341
863
321
649
546
1967
1409
1060
1811
784
484
1439
2217
2138
2249
1078
1905
1965
370
2491
711
163
627
2228
538
1786
2160
1153
1088
283
102
1881
324
608
2051
1613
1216
1642
628
1074
2321
2218
86
1187
1921
1355
2172
2071
1100
1232
1289
1934
2284
2441
1260
1830
1681
157
236
657
751
1783
1162
878
1999
2208
261
1846
589
93
1298
2487
395
1631
184
1868
1049
436
78
1152
301
378
493
1351
578
76
2023
169
953
2369
81
287
217
126
792
255
73
671
1375
2452
1406
166
104
381
216
2069
1611
1466
2383
82
723
1678
1224
1980
279
1134
651
358
825
1272
824
382
1214
512
52
540
69
1333
831
2373
555
557
1476
62
2117
1503
2046
514
1350
1196
405
2299
175
2306
191
1109
1428
1021
2500
1140
1842
918
196
1962
1102
921
786
1947
1855
1548
1928
264
352
701
746
150
1422
740
2444
1831
668
1616
2465
1363
367
1657
764
1357
1301
2454
1423
487
1625
594
475
952
706
1538
438
1766
1000
1877
2382
1310
2440
1605
616
1997
2433
2335
2269
1408
561
1799
345
2110
1329
907
454
793
2213
2170
1757
1223
1655
2225
573
894
2193
2268
2294
780
846
1322
1746
1762
1441
844
2384
660
1765
307
2479
951
1061
836
1097
203
972
2181
2410
189
817
24
600
1081
155
1823
777
2332
593
1720
1332
152
465
525
1984
1378
1645
774
311
2381
107
1147
2435
1730
2496
1339
1356
174
1271
1966
623
1832
636
114
2392
2099
2241
1673
1059
520
577
2251
1292
1314
399
1516
1552
1462
2300
564
2224
1461
853
99
1659
409
1200
645
2405
1677
365
734
1199
1826
292
821
64
1821
355
1685
300
1534
1763
235
1978
641
2406
1345
1705
2347
716
1089
2458
733
2449
1908
602
761
1973
72
1261
778
624
476
1698
1563
1396
1278
867
2184
862
393
12
2037
343
1277
2020
374
244
1574
2361
2327
240
417
2185
1237
852
744
457
945
1940
2346
2442
180
529
771
390
121
450
1121
604
130
40
2474
1454
1167
1714
2266
1977
655
2049
1592
1330
938
1871
1509
1118
1794
1829
1334
2282
729
813
2428
1945
501
571
141
2438
735
2362
2093
1380
2062
1824
2203
1337
2019
1371
2136
351
2389
1193
1317
41
1256
932
1419
2216
1407
851
2407
576
1300
1267
633
1436
828
1411
1042
2259
654
36
1737
1937
1227
666
1455
2387
339
320
2012
154
2210
1361
1580
1551
263
702
1201
1946
1554
212
799
1796
2395
563
1306
1365
108
843
269
1780
1797
266
1950
49
1296
694
2182
1812
2289
516
544
253
323
1541
1782
680
1343
2087
532
2367
1352
1096
1303
1050
2194
1929
980
464
1989
309
1599
790
1359
2173
865
313
2054
1208
1210
1048
568
2445
1230
1528
2082
543
2153
658
2180
1445
1778
2486
2436
1130
795
1500
1191
534
325
1137
2319
21
1864
2421
1172
2005
2456
1925
2135
1150
456
55
776
745
1598
14
458
1151
96
366
1719
1479
111
412
2330
2360
1426
2303
148
1565
1459
1649
830
1030
2143
1876
1675
1090
483
1185
1054
1047
531
802
1583
2167
1847
1377
1593
586
693
1867
1872
1943
308
630
1958
1640
768
1601
2462
115
1753
1195
2397
1572
714
1498
676
2074
1362
1065
1906
1986
947
569
1268
1970
1175
466
1926
2342
1127
1157
71
448
331
1754
1865
134
2253
2065
565
533
423
704
948
873
961
1800
360
541
2067
225
1449
2035
1390
165
195
1904
757
90
2285
348
1391
1589
1313
1211
2281
919
1700
2423
1949
1154
317
1615
183
1843
1803
1994
1792
833
1416
2357
2379
334
419
2358
562
1804
2202
551
1863
2378
721
1852
2215
1514
2090
1899
2250
146
915
1487
1651
2034
1181
936
1225
318
1364
164
2408
883
1996
599
1265
1228
1174
1721
1254
635
1718
87
1954
1190
291
1207
2011
900
971
719
361
439
1933
354
182
2195
209
1862
1510
819
884
957
1135
1506
1727
2404
429
2466
77
247
1702
1464
1987
2156
748
2325
1347
1975
731
1621
341
648
335
229
737
220
85
2340
281
2235
2417
503
2031
2391
895
1116
2420
904
1082
83
1149
1311
2187
601
1671
1244
1795
1155
497
1385
1845
232
407
788
1524
1531
542
1221
385
110
610
2489
1316
2127
2091
1493
1844
2460
1656
1670
2476
1688
1204
295
1686
2072
1517
2120
975
205
513
258
864
2043
1029
271
1156
1668
1578
1033
1674
1752
964
138
259
151
1948
899
695
917
696
539
2086
1299
1465
1068
124
1173
773
2349
1546
1697
2124
2434
1735
2414
1774
1392
1619
98
1513
1058
353
91
1295
1798
2236
681
1070
2115
1913
1424
288
1335
106
1767
2000
868
1481
2427
1253
1530
826
2385
2497
1595
1608
998
2130
7
2177
620
285
250
1990
1003
1222
1661
230
1338
556
1887
368
1372
1747
2355
149
1084
16
2333
1770
690
