2487
2357
1698
1571
1355
1410
1640
582
32
1269
262
2136
215
2084
2287
1060
528
228
1254
1093
600
804
1765
1457
1649
2054
1851
282
465
946
1187
489
501
472
2160
2369
312
498
1499
2073
1181
1546
1214
1864
1941
2462
1509
1943
826
1149
394
462
823
2174
1641
1316
2153
1067
1585
2079
2480
680
1575
1808
309
1673
1387
2103
2066
1731
152
2172
2090
234
504
1385
2241
2467
2135
2466
2455
1047
2185
728
1565
182
1412
971
435
2311
589
165
69
1076
2477
1522
591
759
761
398
333
1884
606
944
869
1984
1965
2433
1173
1326
1381
800
1336
614
2390
162
317
1506
103
1786
783
1323
1598
947
1657
45
763
2001
1795
594
715
1980
1596
1534
522
657
140
2382
593
1166
255
2242
2497
1119
1746
55
163
1784
1205
1882
1100
227
1319
1823
274
827
1739
60
990
141
2424
1157
2007
2045
817
1836
1054
1128
1241
474
1787
1900
1027
500
964
603
2236
2121
2414
1432
1562
106
711
2005
308
1537
848
411
980
2468
515
357
265
2485
2180
679
1369
1259
1272
1744
1451
2354
1986
1720
207
627
1700
839
673
1082
187
919
643
1393
1582
1651
1855
559
598
2027
2409
832
1854
83
131
384
933
570
785
432
1115
475
2133
2471
2041
24
819
538
1035
767
691
2099
1742
1908
2034
1090
2344
1601
2039
1503
1754
1469
56
1386
527
530
2154
1479
2193
2231
2081
481
180
523
1000
597
457
1135
2221
2033
2359
1574
1850
1077
1051
1444
136
539
510
33
2141
91
2296
1594
801
2181
638
1730
2247
388
1088
2253
2459
1608
1003
2333
1834
206
2
1668
1007
563
2360
1312
956
26
2472
1010
1948
1724
1382
2288
1994
743
803
1627
1362
1464
2038
405
1985
2013
647
1338
93
238
2044
59
1952
720
2030
551
793
2481
14
359
1161
2464
2349
2109
467
1548
967
1741
2088
1809
2345
419
1263
1201
454
1617
105
195
2291
2364
1332
532
1858
2269
592
937
1564
806
1949
48
2035
391
626
1859
854
1556
2116
115
1611
1520
2271
526
313
1297
890
383
2415
712
2465
135
2046
2436
1274
2383
202
1334
2408
900
371
998
2102
671
1278
125
407
39
631
966
718
494
1218
310
1353
2175
991
428
1095
560
356
250
23
1016
1180
6
2427
2309
1085
1975
1402
399
331
214
1819
864
2352
2040
2096
1871
307
694
122
2151
1361
311
364
2000
777
2186
1110
1554
1678
1013
1541
2183
1471
1011
320
2306
418
962
1535
1165
1683
1961
1912
1511
535
2295
440
1476
1070
365
1558
1694
2379
409
646
997
420
168
231
1888
1973
461
1405
1723
1108
1196
2206
1020
1508
1998
1680
2134
742
413
1706
82
1074
1618
235
281
2067
257
1670
1995
285
2350
1972
330
574
569
1688
1629
1446
1337
1483
189
1733
1800
367
583
1132
1586
549
1970
1905
2394
2086
1811
1661
1628
2406
1186
2339
565
903
805
1924
261
784
1106
109
824
304
401
1378
1363
2173
1315
497
176
1195
1281
1302
2227
1101
1899
1523
1283
155
1639
1441
1022
925
1164
741
567
98
1968
496
2386
2017
1993
229
1216
2098
1766
1869
1308
2479
1793
999
1379
278
932
194
2463
590
485
2338
1783
2358
1921
1244
293
1239
1828
668
1435
363
85
430
347
1356
1646
1660
1310
2310
503
72
1879
841
1925
905
1225
1303
1614
808
369
2441
96
1839
2317
1258
1883
247
1875
943
372
993
703
2149
2238
473
923
111
628
2347
892
1939
1802
561
1896
849
460
1538
2377
27
706
40
80
1663
857
825
1371
632
1129
1718
1544
2351
1863
1971
258
1559
920
754
266
416
1612
67
1230
974
752
960
637
2176
633
797
564
2446
233
1781
2259
156
2080
151
2140
790
92
1034
1917
794
1745
434
437
2129
2234
1873
1219
1798
438
1886
1818
2239
1816
2199
2150
619
1563
1025
921
584
1904
20
1026
1063
580
1347
989
1307
471
764
934
1343
2036
1789
1740
2422
1440
1890
410
406
458
717
1243
1277
2367
1950
1012
1590
588
976
1057
2178
2171
1487
779
7
2425
2440
630
392
1609
1732
1962
2115
2492
342
1877
2148
1038
1397
1413
2348
288
1313
15
1633
733
1771
2050
1666
1368
1192
1748
1138
1516
557
210
439
2460
1398
818
938
1321
2353
602
463
425
788
2120
292
2138
1763
1620
629
509
58
2449
1309
429
556
636
1485
208
1743
1118
1524
390
289
1933
2456
1357
1204
1622
2240
604
935
959
756
412
2065
220
906
479
2368
1466
291
348
928
305
1416
2307
1589
2389
1856
1365
170
326
2366
781
915
1885
1032
2482
697
1428
2280
119
799
2056
768
2290
2085
2286
239
1383
1474
2083
403
924
476
160
2230
2300
1275
1624
1477
1821
1977
132
605
1911
2407
2326
37
1840
2396
1504
1083
17
2370
850
1348
1914
1185
958
550
448
1676
283
343
1437
1305
395
2400
455
577
1107
1232
880
1137
719
74
1392
1377
193
2418
268
1103
217
1350
1288
607
2019
1184
1833
2003
21
1098
1005
2439
1400
65
1626
1829
130
1671
1758
1500
366
159
729
1579
1803
693
332
1066
874
1284
1078
2220
771
978
128
984
100
2429
534
2346
973
146
2376
814
2268
2004
2224
1300
1713
296
2342
700
1978
1988
2325
1701
12
634
769
860
1645
362
1293
987
1217
1687
1049
2119
1194
992
446
651
1679
1935
1031
77
34
1409
1799
2373
1065
2355
181
10
511
1018
138
1588
1033
1342
2281
2113
2374
1280
1847
2125
370
1380
2184
2210
1211
107
735
879
1252
90
1144
2167
110
1434
878
1222
1552
1699
52
2486
2049
1153
533
1684
2216
19
2263
760
1257
858
1408
171
1327
1304
1505
2475
1507
899
856
702
1845
13
859
1429
1615
248
1490
1999
970
81
795
1738
2156
1179
1024
1036
581
323
1926
1726
2413
508
297
1996
402
177
2445
1936
1945
118
422
1255
127
192
2208
378
685
1849
2304
1374
1512
18
148
174
1251
1610
99
2500
1547
1573
1417
63
2023
1510
2123
2432
2026
1426
1221
2075
1709
536
861
2161
1104
1606
1848
847
1163
2042
1817
1037
336
1261
2212
2401
1178
1796
682
1946
578
586
513
1498
1120
1061
1966
726
2055
725
201
1923
545
1785
1421
2063
608
353
1954
1136
676
1761
852
1073
1130
1475
270
120
35
1689
1517
1008
620
1152
1488
2403
654
327
2421
705
400
1820
681
1285
1725
2009
183
789
723
1188
2451
2094
621
517
1581
1953
102
464
385
1607
1246
936
1159
2322
1749
2372
2457
222
1928
2047
1536
884
2011
1865
1519
724
831
1894
1449
939
424
1691
1866
1142
1527
287
25
2262
1028
2385
1944
1452
810
2228
298
683
678
525
205
150
529
2388
1643
1595
2064
299
1050
686
866
1762
986
2329
2235
1652
1287
2060
2217
1349
1352
211
1757
1039
917
1553
786
950
1832
623
389
341
1470
1957
2052
1210
441
2058
954
1131
2222
1868
443
889
687
1200
836
2261
1290
1909
350
2108
1209
28
713
1454
2303
699
2474
709
1938
264
1177
1354
2330
1096
1677
2365
1648
1774
1599
2144
2314
677
2444
739
1806
1955
1568
2197
587
1021
114
186
1526
895
772
43
2426
2112
198
1146
451
421
1969
505
1989
913
358
1461
1891
1681
835
397
1514
1463
1419
318
1515
2435
2298
1345
1238
1567
442
86
1358
908
1155
552
886
1330
1167
2014
1491
1655
1555
696
782
1642
2256
1168
95
2393
1862
116
1360
449
1557
1685
2077
1235
2062
1714
1870
2404
2110
232
1696
164
981
1467
1805
846
76
1903
1423
1812
664
393
796
144
736
1542
1249
531
1889
1056
2166
1193
2416
1728
1942
1233
226
1148
2399
2053
79
1893
502
625
1415
153
652
1248
2043
1929
2289
414
1227
909
708
758
2204
1482
1531
2020
2469
1756
2447
1835
200
2278
1390
2068
1086
568
930
2010
1916
224
512
1015
1262
1650
571
1001
66
1837
792
1064
1140
1674
1389
1707
134
2499
375
54
1569
340
1551
911
75
1162
953
1751
745
44
78
995
252
269
272
2018
885
417
1895
865
1160
1686
1414
1580
1017
2356
572
499
1282
2105
113
1156
1623
1825
1844
470
721
2191
2493
36
969
701
1433
427
690
1981
1813
746
1075
1465
167
1846
840
2431
1172
611
875
2188
757
2361
2384
1439
1418
740
1260
245
2128
791
2336
2117
2343
1782
641
1268
734
267
1697
47
1750
1892
1831
2297
1306
558
2142
996
2037
2233
645
1493
2223
1438
277
1702
2282
1550
2423
133
576
1496
982
1767
178
809
1139
812
1927
1270
655
355
1662
1265
912
521
2419
855
2057
1647
2484
1901
1023
158
124
166
648
816
2248
1734
1716
1876
2229
666
426
2489
173
2194
904
692
1367
1344
2315
1841
2292
2022
2443
1043
1874
306
294
975
1468
1842
251
830
544
53
1497
1735
2093
2100
199
931
2293
2420
2200
1910
486
828
1324
2061
519
2122
1704
246
507
1436
2104
179
977
765
1253
689
2225
1236
868
1450
891
2341
1937
243
658
1014
2313
190
2334
1333
2327
642
1878
1052
321
157
1613
1299
1711
1603
845
1266
2163
154
1117
1810
548
145
379
1182
338
1797
2097
1525
922
236
1780
731
1430
1481
1359
1089
1317
1822
444
1867
2091
1827
1561
698
2324
2218
1406
2478
1002
870
1922
216
1145
1521
2114
942
259
1384
1366
2243
376
1593
322
1872
863
669
540
1729
1351
253
488
722
778
1134
2410
1190
1298
71
2312
2071
345
2265
1736
1079
2101
1777
1109
22
985
951
1042
2245
1773
1604
381
1046
2257
1654
1442
2051
314
1113
1069
961
749
2187
1126
2302
710
516
1600
853
2250
1632
1788
1045
2491
1364
1502
615
2371
1492
2294
542
1602
555
2168
1489
1703
2448
1583
2209
1314
1242
667
1250
121
1448
2498
1458
161
1976
2031
2276
2070
1112
1755
2207
1202
29
704
68
1705
1658
737
1637
1058
1459
2308
2375
478
2454
2021
2417
883
1372
1040
2069
197
2124
2266
1824
1245
888
1578
1116
807
1279
2284
316
2213
2301
2202
575
1951
433
1292
1059
1170
50
1887
380
562
290
1991
1931
1915
983
2405
873
613
821
707
2273
949
104
776
829
844
374
2024
64
2277
876
1068
1830
2267
240
61
1690
1473
2192
1407
2006
1084
1532
1778
2363
2203
610
2244
762
1692
732
1318
1341
482
191
89
750
2331
541
41
237
775
1376
662
487
2391
221
1852
149
1997
2152
97
2494
1779
94
773
1675
1570
1097
354
1963
780
2260
747
2398
1747
2283
2196
325
1175
295
1443
2452
546
1530
204
2015
822
2157
1722
639
1301
129
2458
635
543
2381
2139
609
1237
1328
1220
2299
1276
1480
1621
1619
1264
1719
1860
2495
2111
1804
469
2270
1772
2165
916
5
1653
1147
688
209
887
670
1826
1080
1853
1394
275
2095
2059
1228
1420
1625
123
1019
1197
914
798
833
994
2130
1425
2337
1549
1721
2251
896
948
2164
1271
483
554
344
1880
2170
73
1124
335
674
203
188
301
1030
1151
1897
218
1695
2395
1930
1267
1584
1940
11
137
1445
1234
1087
468
1478
901
2016
263
2461
1807
495
1979
1169
1664
1790
599
1176
1737
1009
2008
1105
601
1320
2078
1403
139
337
447
84
1528
38
952
300
787
2201
2488
1
57
492
2237
2402
1127
979
2323
1223
1208
1635
1062
843
1644
738
1990
1592
415
254
1974
1907
1072
2126
1183
744
450
965
2076
1029
315
2211
1199
842
30
382
2378
1099
940
1455
1329
1616
1339
2169
1638
1712
1081
70
1960
2232
1768
1987
2442
2179
2397
456
260
1289
755
453
117
624
1044
2012
1983
1395
9
1041
477
910
1171
1775
387
1591
927
1605
2132
2490
1203
169
968
404
1391
1501
2473
1453
2321
963
547
452
640
1752
1636
1125
1533
871
1375
1472
2131
51
271
2335
2275
1513
2226
926
751
862
2450
2146
2483
2328
101
514
1682
408
349
1801
2305
2177
1794
352
537
2002
1956
1597
339
1092
256
490
1370
436
1053
1111
1708
249
665
1331
644
1958
1133
2147
1934
1693
2362
213
1715
1094
881
2089
1240
1631
595
328
573
1769
280
1932
219
2219
524
279
1055
1189
2453
230
1294
2438
2392
172
622
596
2137
907
851
242
303
2332
212
1123
2082
1296
126
774
1247
1560
2032
2118
1843
4
445
2430
616
244
1545
1906
1399
2205
480
2470
1004
2279
459
1992
1486
672
1857
714
730
1494
361
1411
2107
143
2143
957
31
16
838
1340
284
753
87
2127
2215
1656
1091
1759
324
653
1212
1431
988
2496
716
1174
675
766
1102
2252
945
1048
1207
553
386
518
1838
396
1792
276
2074
1311
491
1543
1121
650
1158
1881
2029
1396
2272
660
2145
147
748
319
302
1154
1540
1462
1667
1918
2155
1150
918
1764
46
1114
329
2254
1256
802
1665
1902
1576
2158
612
1460
2428
1964
815
1672
484
566
1071
1484
2087
2048
1229
1770
1791
902
2411
1967
695
955
1982
1919
2255
360
1346
368
1206
1861
1373
813
2434
273
1224
1518
2319
49
872
897
1529
1422
1753
351
941
1495
2189
175
62
579
661
1286
225
185
346
1427
1814
1727
3
2437
2476
1322
585
2162
1572
2182
1335
334
2028
877
820
377
929
2285
1913
42
811
1273
2106
834
1404
2412
1388
142
770
1198
8
893
1659
2092
867
2380
972
2318
1295
108
1231
2249
423
1587
184
1566
1122
1213
1401
1215
2025
2316
1577
1456
1325
2195
286
506
618
1815
2198
2214
223
898
466
1191
882
431
1424
2190
1291
1710
1226
2159
1006
663
1920
649
1447
2320
493
88
1959
1539
1760
196
1630
1634
1776
2258
1898
520
2072
659
684
1669
2274
241
894
1717
2340
2264
727
1143
837
656
2246
1947
617
1141
373
2387
