2496
238
339
535
1945
769
886
40
2424
94
1909
1384
1715
93
95
353
914
1096
1054
2248
337
1967
1837
477
2266
778
2396
1802
2438
2448
1330
816
1458
236
1304
1106
36
2489
1613
1747
1752
830
1829
941
514
2234
1213
362
1553
1075
1398
1275
1518
292
1510
1093
1560
360
2330
1274
134
1845
494
185
902
977
2369
2225
1618
643
1114
2281
2135
1113
444
1057
894
197
953
710
2054
1566
863
1735
613
1753
1241
2212
1196
1537
1978
28
785
1318
2015
10
71
418
74
846
1007
504
1122
1732
2428
637
143
147
558
1490
736
1665
2064
2219
255
1068
2220
1921
406
68
2446
1311
1326
1347
2353
940
1194
8
1303
1878
265
1868
2089
1320
1043
1807
1166
2425
766
1757
1629
1087
960
298
734
2035
164
1080
1592
1268
913
1709
1809
1615
588
210
411
1635
1971
473
2216
773
1526
2390
159
908
2295
973
1529
1156
1585
1244
1363
56
2261
100
1290
1240
1915
328
2449
307
1060
801
1779
1239
1217
131
1929
1957
1608
385
363
1594
2000
2405
2490
122
2136
2282
1661
1099
121
431
2259
2177
1739
2123
1423
1252
99
2404
685
859
907
1065
240
2122
405
408
552
2124
2080
108
1684
193
1653
1
85
1117
1262
621
1998
1042
1335
1488
815
1001
861
2324
567
540
731
1185
2160
2255
1307
139
1593
1777
1730
361
2108
752
279
1872
1446
1623
331
755
327
1164
51
1425
2074
899
1062
1175
1281
1547
315
64
1058
48
149
1775
1379
1015
542
2146
1947
897
1245
644
1975
553
69
1373
1621
409
718
2499
78
607
2394
2361
1586
162
565
2149
587
1577
526
421
512
892
1069
429
2008
2356
1120
1395
263
2031
2457
271
244
665
454
743
320
1350
2335
2316
2280
2469
1525
22
368
1455
534
1874
391
803
2304
1927
1232
213
772
584
305
1493
1081
1315
2120
915
841
756
65
636
2263
1628
1626
1052
2328
574
1181
2010
2473
1259
2021
384
1702
1195
1357
856
1898
47
2060
557
115
187
2130
2127
993
810
517
987
791
2494
354
2468
1050
2452
2158
469
2258
1215
1288
1865
498
1105
1146
1857
693
1356
1960
2207
2213
2215
1696
1310
397
1895
1879
1569
478
43
1966
601
1690
673
1862
1774
968
1687
1139
771
537
125
1624
1819
419
777
2235
1701
2343
1579
1124
729
73
212
285
1762
1685
800
1445
1544
322
2360
319
1297
1558
1722
1780
2019
691
370
876
2116
112
1316
1183
1403
1836
2171
415
1937
1657
237
1907
1248
1501
1235
2483
614
704
1659
2397
303
1153
1767
18
1383
2260
2036
2110
1499
435
572
1276
1032
1174
1327
1527
1644
283
1543
2362
1792
1940
1705
2287
2029
2023
2003
1606
1302
1508
1053
836
2410
1842
1654
1564
2174
1882
1524
2181
730
1636
386
678
635
26
1825
1089
1891
1502
906
1206
2121
2204
1280
1787
1734
797
1551
1092
1038
1522
1631
25
1843
1238
2319
520
2350
2022
14
867
394
2274
1186
1686
1759
543
414
626
1870
2418
358
2447
1267
2188
1269
1078
228
945
1922
978
1286
1381
2275
1986
625
2070
1496
843
261
449
192
1229
290
2185
491
1200
1323
1480
1789
1853
2017
6
2109
173
1742
966
66
571
898
832
2327
1833
615
896
2001
539
717
1634
2072
1476
1470
1699
2340
80
1125
2173
547
2252
1642
11
1406
1546
559
1944
1021
849
2419
2495
596
399
888
566
1601
919
748
1077
27
2211
1370
979
928
2161
2210
2440
1884
252
1272
1116
1906
570
2217
986
982
1419
1901
1567
1965
2298
417
597
545
1022
503
997
70
599
873
1287
2387
2415
938
939
1875
806
1491
1689
102
289
1584
1800
230
1418
922
727
2053
2037
1900
2422
1082
15
676
1314
443
1399
1417
1225
1366
2403
561
1993
2413
686
299
2159
268
1840
38
1393
760
1216
440
88
627
1009
1509
2471
1389
965
333
2154
2421
2450
927
1557
657
1541
835
392
189
7
2491
1614
1279
1029
1098
1230
156
1934
2257
1312
947
712
2299
1731
2434
1545
221
157
372
2246
1101
1300
1798
2464
2384
2191
1991
757
1104
243
2381
893
564
150
2013
697
1639
2289
2279
226
1536
2049
381
747
314
2201
1421
689
684
167
1667
949
767
1108
1852
1721
2402
1620
1559
2208
2461
371
581
2132
1222
1426
84
2303
2256
1256
312
544
1177
516
1507
1619
286
683
918
528
1305
1858
1443
1285
291
2105
583
2231
13
1562
1137
117
2006
1589
1023
1992
284
1632
1746
346
920
2409
239
1572
1140
2145
2180
1343
153
1189
396
1227
277
2285
827
765
2460
472
854
1214
1348
1481
1345
402
2059
2200
2492
1979
1969
1697
955
1371
2271
118
1603
1368
1271
2417
554
2230
1428
2075
155
1658
2400
779
630
1400
1416
2354
488
1749
1448
1472
999
1893
390
709
1531
2129
1987
549
2095
1521
2291
1866
1996
487
1708
911
746
490
1576
860
758
1772
2002
1121
1953
1704
262
1422
877
194
1138
2307
295
1394
61
2237
407
1031
954
2150
837
249
1351
1660
961
1301
1249
2297
1294
181
2388
1226
1723
2228
1102
1750
1877
511
532
2063
1791
1085
267
1890
884
336
1254
1163
656
609
1203
401
1565
1983
667
2083
1431
593
1374
1224
820
2321
2314
2091
524
133
814
486
1332
808
12
508
1495
1000
926
822
2139
1462
1683
507
250
127
42
2100
1766
1625
34
1617
538
1410
655
1005
1482
2339
1886
611
332
1450
1764
350
956
1881
2367
433
2005
475
1484
1109
1253
904
224
1528
522
692
2414
123
2346
253
1805
969
1026
2365
661
2355
1675
482
1854
589
2117
2073
241
628
1530
474
89
2166
338
2170
220
2456
1440
1552
1671
2007
2463
1342
2326
1587
931
1336
732
1179
2147
694
2412
364
2254
2125
1694
1666
2082
768
1460
2058
470
798
1913
168
325
114
1726
2453
1337
1887
826
2131
2459
2306
1152
1208
1390
270
203
1648
480
879
1520
1958
461
648
1429
2144
1111
1849
1442
2141
1325
555
1818
2349
24
334
1150
653
2133
964
191
340
963
1072
434
1341
448
1313
2009
981
1813
468
1977
1469
1804
2182
16
530
1925
229
602
1815
2399
1471
377
2423
1571
1846
1918
515
471
1034
2357
282
1119
231
1296
674
1364
389
782
1656
223
1466
424
365
813
774
234
735
2323
204
1157
1744
985
858
1880
840
1981
852
1755
1474
807
1086
1718
616
1133
2269
217
2476
2386
1107
2050
2458
2430
2033
1372
1610
2176
464
1950
2479
355
1738
568
310
1963
700
1889
165
1339
1306
1931
789
1135
1168
680
1612
703
106
1830
1136
1035
1209
2301
378
2401
1570
138
2375
1848
1641
1112
2379
1535
1650
2336
818
2366
1149
1074
455
580
2163
1221
432
410
1198
1503
1039
1408
90
796
624
1824
2113
2025
1463
1008
423
1793
1210
1126
2223
1061
2484
715
374
54
1810
1968
430
1436
804
2172
2294
1633
1821
2027
2057
2318
2143
273
970
586
2486
929
1912
794
257
1826
1941
1477
682
1161
783
1784
1598
1233
1439
1404
1321
2098
1251
1582
1147
2380
2445
1170
324
248
2475
1361
575
1974
1914
2455
309
1420
698
2395
501
1711
313
1396
2242
2066
1132
701
45
1713
1885
1291
2085
1816
1516
529
1385
1506
382
1903
550
976
2056
1284
1806
1317
450
2332
308
1056
762
1863
1134
1197
140
1204
442
76
2333
2093
2101
1002
2051
1952
2374
1167
1365
349
180
2391
1680
297
1387
304
662
1873
2267
2238
1088
1115
2209
1084
2245
677
590
1180
2065
1091
1338
844
1542
865
1261
2155
2480
1736
2270
50
379
952
1492
594
737
141
2385
2032
278
1637
1380
2102
639
1604
724
2382
706
1554
1955
456
1679
1817
452
744
1555
2481
2320
872
1831
2482
668
521
105
750
647
900
2186
1247
608
1948
232
1003
1202
280
2183
2196
9
1432
1575
2012
2431
413
158
2046
905
2472
1651
845
2273
2103
795
1643
2376
834
980
1143
2243
1751
21
2233
497
1640
2197
2157
1591
984
403
1033
711
2090
1894
1790
1861
2441
2011
642
1051
761
995
506
166
1573
62
2088
1263
344
1936
1888
457
617
422
2325
466
909
2277
2156
1349
152
31
348
1786
745
738
458
1415
687
612
828
182
2014
2203
154
924
753
708
148
921
1129
1004
705
222
129
301
357
500
4
1127
533
1714
2322
1581
1097
2205
634
1461
1191
702
1596
1199
196
1468
1059
610
786
1995
1037
518
1489
1123
1649
2077
1580
1473
688
209
891
2179
2427
1354
467
2436
75
178
1550
1451
527
1949
881
2465
1741
39
817
868
437
1583
1770
1160
2331
2199
1130
2358
1483
1182
990
681
1498
33
218
1597
2444
2407
1519
2048
2296
1405
2454
1055
463
1716
1040
598
111
175
1025
1781
1841
2218
862
2164
1997
1047
2466
632
233
2084
201
663
2222
948
2315
2310
821
2429
1412
1176
1917
1322
1961
1487
2112
109
287
2087
29
1413
2241
2284
1144
1362
1154
1788
2351
2276
716
1331
1605
323
2488
2062
383
1187
1935
1989
2371
1795
170
1599
1803
2352
439
72
101
582
935
447
790
1700
1063
546
2086
2249
1041
1534
649
2305
1218
2283
556
1600
1103
2493
1414
1066
2345
2477
120
983
1801
1095
1401
675
2293
1264
195
266
441
2300
1044
1676
30
1073
775
58
1205
293
2111
343
1760
889
2137
177
321
525
235
1911
1165
1094
476
2045
1391
445
1988
2221
577
55
509
1916
2118
465
1142
356
2106
215
722
1512
1377
172
1131
1110
496
994
2202
2192
2377
2071
188
1720
2416
1828
1193
946
967
1344
725
1475
541
251
104
254
1954
1083
1228
1532
2393
1457
306
79
666
2372
573
1616
183
1392
1799
1673
996
373
2309
205
247
1243
1334
132
1622
1737
1006
1678
1333
352
1928
600
1902
890
664
1190
1556
2383
651
825
2389
788
208
776
2373
296
1627
60
342
2128
620
1070
910
1494
925
130
2451
87
281
174
883
1972
885
764
2068
1761
2272
2227
2268
37
562
809
733
1538
1282
2247
485
1727
1465
63
1162
1064
41
585
366
2498
1883
942
992
483
870
606
1939
317
110
318
805
92
2439
1725
1692
1964
1500
272
176
1234
2497
1277
754
1346
847
1827
1246
720
2462
1822
1976
937
2018
1505
1681
2378
1242
1359
1876
1049
998
874
1763
1188
91
1728
1847
2107
412
428
169
989
1100
957
1340
2487
1437
631
2467
560
829
393
2312
912
2308
1255
1864
719
1669
2278
1352
1674
2030
519
23
395
1155
1942
1360
548
2426
1424
1733
345
1691
367
1353
103
895
1835
2039
198
1655
2236
259
2398
638
1910
2119
811
787
1329
1447
1273
823
1515
2341
17
1794
1647
1646
1434
713
2437
1319
2348
1438
1548
246
1151
1729
2162
951
1672
622
351
1574
1148
1933
1776
842
1748
416
579
1479
260
1645
2138
1754
1663
2042
695
1523
645
2406
190
1514
857
536
1236
288
2168
793
113
2061
1946
1698
930
2311
1397
728
1920
2178
1561
219
658
276
46
838
2232
1207
1719
1270
1609
388
2370
726
1677
1980
1090
1278
151
2016
1237
1923
1867
2081
505
1219
1427
1010
1497
459
943
654
451
2092
2134
426
2193
792
1173
1932
1662
917
1926
1048
875
2363
2
1707
2206
1539
933
2165
679
300
1452
242
264
425
2302
1192
839
1899
2055
2292
742
2115
380
916
1295
1670
2485
1376
1292
2187
359
1178
179
799
901
1067
2288
400
256
1999
650
1871
1710
98
1513
1956
640
119
699
2364
294
569
1014
1435
2313
971
1386
1823
1257
207
2126
1783
1028
1486
1717
670
1897
2474
1959
32
2041
347
1223
2096
1860
160
1724
2226
52
2078
882
1071
2190
1430
660
136
1453
740
2194
59
2152
2347
335
629
1820
749
1358
2251
1859
2442
812
126
855
1785
3
35
1973
2240
107
2290
2435
1011
206
1896
2079
1832
1172
420
2317
1938
341
1892
97
1020
1231
135
2244
1407
1970
936
387
1324
2038
481
595
1128
1211
1511
2184
1016
770
1018
2034
484
57
819
923
1045
199
2229
19
184
871
116
144
2142
1850
646
438
369
802
618
551
225
2020
492
2148
848
1299
2470
962
1962
1773
2169
1141
1855
1478
1169
1703
214
659
1449
1533
2097
436
2286
2069
479
376
1769
1159
489
1664
1382
145
1844
1433
850
326
934
1563
137
671
1588
1630
1030
652
1851
1118
1201
1796
2433
2043
1990
1839
1688
1298
1517
781
2028
1024
329
1919
950
690
866
2153
2044
959
502
460
851
128
831
576
932
1814
1283
1590
1768
311
2099
404
227
1811
2198
493
124
1220
1402
1611
1771
1758
669
1549
495
1595
1743
2443
2140
1485
1378
1289
1444
1756
1982
146
944
2334
1411
67
202
245
2151
1076
2094
878
258
1012
163
2026
972
1778
1578
672
2338
2359
1607
2167
1540
1869
2047
1409
780
958
453
2024
2478
1079
1834
330
1943
1308
2432
2500
77
1812
1441
2344
269
1309
2004
1693
991
171
523
1464
1712
605
1265
1951
751
853
1250
1260
1797
1036
1328
499
86
5
864
2411
2067
975
2040
1838
2224
833
1454
2408
44
274
623
2076
1375
83
591
1808
398
49
2253
887
2189
739
633
1467
1985
1930
2337
1158
275
142
1369
2175
2392
2420
2368
20
53
96
1266
316
784
974
1740
1459
1013
869
1652
200
1905
2195
1046
1293
723
462
2262
903
592
216
1145
2214
81
375
1908
1355
82
578
1027
2264
1171
1745
1367
721
1668
1019
302
707
824
2342
1856
1184
1388
1682
880
161
2052
510
446
1504
696
619
714
604
1924
1568
2329
2239
1904
1695
1984
641
531
427
1258
759
741
513
1212
211
186
2250
563
1638
2104
1706
988
1017
2114
1782
2265
1602
1994
603
1456
1765
