1267
1268
852
880
1998
491
2162
2093
1027
1512
664
1175
874
222
101
2064
1524
503
2262
2034
2328
1030
1825
774
1731
868
2055
2088
844
1314
2042
976
590
1878
1106
1839
1520
493
1944
962
1159
807
1523
1607
337
669
2176
254
1295
2341
706
827
574
2125
2492
1305
2079
1241
1860
551
2265
84
1683
2377
93
1397
267
2062
1772
1935
2204
1247
480
2257
1315
624
365
758
1003
2122
559
2054
2041
1261
315
2390
2104
2090
1257
29
285
1450
881
556
1733
1787
1516
7
1970
907
1992
2005
171
2467
1039
1915
425
1303
247
1948
2178
722
446
1375
919
342
514
1526
2028
506
1371
1272
1861
802
508
953
1933
2287
1818
389
2174
2076
2167
81
1093
679
1077
359
1104
1848
1993
1086
1373
1781
12
1472
570
1377
1912
379
1924
373
612
1339
2019
1885
521
1623
782
2203
328
438
690
2469
599
783
971
1854
2307
142
653
1554
1360
462
527
694
2457
432
2212
194
1470
1010
241
1608
975
1853
1199
681
281
835
1418
1209
1410
122
818
735
2426
1326
245
790
1023
161
1564
2374
1117
2139
2045
32
2403
2077
518
398
1385
720
450
2431
1455
1741
1918
490
903
34
400
152
1651
1699
2022
1551
901
1177
1483
2337
2035
1866
1165
1294
698
228
478
2217
1135
1112
1779
1976
2320
1720
1966
632
418
1107
1794
857
482
94
396
329
2154
1558
127
73
384
2236
2060
481
1128
294
191
635
999
828
1242
240
210
1969
1682
2118
1188
2475
1547
1461
1008
1274
2267
1796
1253
2153
942
163
313
897
2117
25
1805
1927
1584
560
2336
242
1709
704
2294
2316
2216
2147
691
380
45
1079
302
2468
683
2207
2495
1493
564
440
1050
2464
2066
1536
1458
747
2059
2346
483
413
567
109
833
95
2111
1279
474
1886
1638
1235
725
2288
1628
581
1991
2113
1575
1090
1232
1399
689
1335
408
2173
746
1645
309
534
2490
2140
1181
693
1591
106
991
831
2172
1401
1812
1625
2401
1503
283
2259
243
2027
1814
2244
842
1664
353
1764
1075
1007
909
335
1833
1836
628
282
2039
2413
1555
2089
789
2094
1464
2215
2225
1173
888
2385
2144
1586
52
1835
1127
397
2271
591
2011
1346
1108
1943
1856
2157
488
1067
951
1585
424
1828
20
2057
1496
634
778
850
2463
2394
1909
1580
2365
1276
2452
1671
2300
113
1672
277
1055
1928
390
2348
1414
1660
2347
545
609
2146
1662
1431
1384
1635
865
1499
1014
358
1994
1989
311
972
583
1170
1545
2131
1877
2068
223
1502
1810
2053
2224
344
262
1875
234
2494
2408
1752
1091
2033
1613
2361
196
1376
573
1559
677
1620
1218
1156
323
412
961
2143
794
703
1334
1457
1783
162
764
2092
2245
956
513
1191
654
2253
1114
1136
860
921
877
1882
1589
2002
436
500
1649
665
1344
2112
1904
1289
77
1416
931
304
2101
1974
1386
2436
1506
1947
572
899
165
1556
177
1037
1766
2500
2480
314
1283
190
136
2275
405
360
1869
1226
58
357
1644
11
179
917
1632
1777
587
597
1659
1518
963
1238
1310
1721
1936
889
114
19
1278
673
619
2305
1668
454
602
155
1160
696
2098
596
2248
954
377
2126
1296
847
1131
741
1967
544
2370
2188
1471
435
1723
1830
1610
455
117
678
1172
22
1816
2020
1808
502
2247
1811
2015
1893
348
1466
56
1840
2110
2197
949
1898
108
1531
2299
128
1225
1044
1515
392
582
2295
1703
224
1776
1541
980
2013
2187
1802
908
869
1382
2151
2410
1640
1064
2332
1298
2387
227
2227
1676
1953
1394
883
849
528
449
2158
812
1702
2472
1057
998
140
167
332
2389
1949
1678
319
563
1611
1331
1432
2437
670
459
1332
727
460
571
1425
2366
1187
2488
1824
923
188
2435
1126
753
2192
2440
2159
1337
1843
287
637
2202
1923
437
671
535
1569
386
492
50
145
151
1749
854
1691
2237
1435
745
1171
1118
1411
1735
1355
2291
1251
1318
1870
40
1351
75
1765
2338
141
157
199
63
1482
324
1583
736
1018
370
1675
1950
249
1285
1903
1097
1469
2149
1922
1214
203
2115
882
1161
1504
1221
603
1807
1021
1757
1954
2246
1579
779
994
1374
2095
1111
914
1132
700
1806
1465
125
1269
607
1216
351
2256
2279
2186
1429
1750
2198
1864
286
1929
1243
362
2081
485
569
526
207
915
680
2196
1717
1052
1309
173
1511
2499
347
2362
647
426
1714
580
292
214
1045
60
2030
1775
853
2286
1485
1024
2312
1892
2274
429
1940
1066
1419
1622
1883
2058
610
1150
1347
2087
2164
2010
99
1370
1286
1666
1603
1211
144
201
1540
484
608
657
238
83
1897
594
458
1460
575
519
1661
2473
137
62
2018
1282
1719
558
950
958
2430
1932
2405
1302
1587
2400
1650
1367
59
407
967
2211
1034
288
769
1437
1448
1790
202
2219
1062
1782
811
1823
261
1871
46
710
2462
1325
126
1745
1663
1026
910
1942
2432
837
1955
2238
1459
819
555
1336
659
1255
476
1508
629
2071
895
1474
1716
1100
1747
257
1415
180
715
792
1207
1341
1819
866
258
361
1684
1690
334
468
1246
1081
771
884
1163
1847
1046
1999
2100
1071
723
2193
53
1381
505
1137
800
1670
269
905
1630
1786
1920
1300
382
2402
1463
2353
1647
1590
2209
1368
2498
1089
1997
1838
615
1968
989
1722
1357
618
1038
1043
1658
1200
2229
666
2329
529
1538
815
24
2069
428
439
1937
1249
2218
784
1633
253
1428
466
672
1888
2301
981
870
936
232
2331
112
2025
1372
1456
1068
617
148
2106
2292
872
1102
2082
1308
218
291
1562
2029
2397
14
1445
1826
1636
2189
1488
846
699
733
229
539
825
2324
2359
1088
821
530
890
531
1147
333
621
368
1109
2043
1724
401
1667
1129
1260
805
640
1908
1328
2150
2455
1654
524
2273
2141
1041
1230
626
217
2226
1196
2132
2453
182
541
2304
2368
1726
1760
2364
752
1771
1468
2038
2251
920
763
1674
787
57
1619
1098
457
1423
2135
1494
1154
1565
1467
105
1911
2145
1152
1121
759
197
2138
1103
1789
2263
1330
656
1889
1533
777
1042
1072
1566
625
793
2425
1694
813
100
1301
1113
61
788
1180
2481
1168
293
2371
54
2006
959
1317
31
1800
577
388
1964
1605
1363
265
668
957
251
414
1548
239
742
1879
2317
2222
456
367
1028
2105
2383
1665
372
974
1939
1698
354
1901
1652
1581
2421
1105
1557
605
731
2214
303
1134
977
712
2024
1679
1441
1767
119
363
1166
1058
1517
1141
2075
1780
2074
2242
443
1925
561
1560
593
139
1527
2063
1979
170
966
1069
1606
123
565
2261
754
1000
1549
661
2326
394
1612
51
2231
2458
1475
430
1977
1231
451
2221
988
2083
441
336
1453
922
650
2021
149
80
1324
1277
1149
150
1532
1195
982
349
1327
427
39
2124
1133
268
1084
489
2449
1405
1378
447
2091
2325
1035
2046
72
200
1874
520
1692
2344
716
641
1293
904
404
649
1365
940
2313
911
717
2160
1217
233
2443
41
2493
91
2302
475
316
939
515
1846
331
822
13
1210
2342
848
445
1956
1115
1297
749
1634
1669
1345
2427
1054
501
1157
17
2166
1427
2133
2471
685
2298
2414
2181
1123
875
987
2406
1959
776
1101
1142
2023
826
1552
1063
2454
27
176
2360
1553
682
1312
2282
1388
326
158
1140
1500
472
817
1462
2379
2388
1624
1921
692
87
578
711
1476
220
2213
2114
393
916
1926
1284
343
616
1762
2127
755
296
2206
2220
2171
589
1711
411
2489
1971
2384
1895
2003
496
1872
542
98
28
2322
1730
1946
2116
2372
2476
1040
2156
1031
186
1641
278
511
70
585
1567
948
6
1742
893
2056
499
1099
2470
452
708
1349
1390
688
1421
66
55
211
814
1417
871
146
1032
887
816
1615
791
273
660
1952
1350
1751
154
1643
1258
4
1756
1498
1424
1492
479
391
85
1353
984
1799
2349
1205
595
76
1340
1233
785
738
851
1167
965
986
320
1012
290
2050
1281
1212
507
82
554
1850
2241
74
356
2086
878
1430
1304
464
38
133
495
248
2195
1395
2180
1852
2072
2441
2136
35
1680
1791
1321
548
795
2270
327
298
2407
1973
1534
160
279
289
1254
1479
1542
859
1519
861
1707
620
1201
1712
206
1793
1153
1981
2201
231
1550
422
902
68
623
945
955
1454
1449
836
1983
2381
726
993
2485
2311
236
2496
1190
1962
947
306
2040
1785
941
2281
1184
707
675
1907
1002
2378
2416
89
1478
648
1164
867
1597
2
2129
2335
2358
49
1497
2199
1696
208
1900
2239
2073
1125
166
1865
463
2398
1433
338
1769
1778
5
2012
2210
225
2424
21
1822
2392
355
943
2354
2130
1759
655
2000
340
627
1280
2276
1446
2303
1646
2450
246
1642
1287
1313
263
2280
1701
1048
1795
523
1197
798
2269
195
1413
1155
614
1804
1256
1162
645
341
1881
1656
760
2152
838
2208
256
3
346
1809
1748
2031
417
181
473
781
442
130
1033
69
23
1501
410
2446
1087
562
740
1857
841
366
2170
832
925
1019
1729
1076
102
434
1817
952
2459
2169
1530
461
525
728
1320
780
973
1708
2252
1891
1080
2200
2065
1244
1859
1408
1438
2479
1739
705
1250
1182
631
312
1439
1412
1383
2250
378
1758
1528
156
374
1176
702
1845
2323
1065
2240
2314
2318
1158
1333
960
576
512
168
2084
843
1319
221
1009
471
1704
2228
2249
1271
138
1222
2369
1440
1513
1263
317
1426
1834
2032
2296
2412
504
1248
1403
1754
1618
143
1626
2478
497
1148
1744
1705
1229
131
604
1270
1913
1727
983
2373
1596
1902
2184
995
1855
1380
1486
1593
1361
2243
2037
990
448
1396
132
2419
1577
1995
1447
1627
383
1803
2284
885
876
1774
772
829
213
1262
1941
714
1264
2428
79
522
1958
568
185
2330
2363
352
724
808
553
2232
1522
1443
1338
549
1851
1592
845
533
2306
2484
1005
339
1570
820
1715
1718
2120
376
926
2026
318
1266
272
402
1236
532
415
1725
2277
858
159
2350
1146
381
1001
543
2044
1960
1051
1436
1576
184
2067
1169
1841
1677
1343
44
912
2343
1060
892
964
1601
1686
2230
2070
134
1963
2315
944
92
1220
1568
646
566
768
1573
1980
1539
2007
662
642
1017
630
178
1621
1307
2266
644
2327
2233
1655
1020
2103
862
796
970
321
494
387
765
175
2423
1753
684
1797
2168
2234
2357
198
110
2085
1821
1673
2285
2264
598
1434
2396
1648
2137
2223
969
1582
510
1316
1574
823
1978
584
1687
538
2411
2456
295
1906
2420
1931
420
1094
757
1036
1521
2382
2004
1299
697
978
1884
2163
540
1537
929
622
1151
2235
1016
1746
1006
2016
586
129
235
193
1451
1957
1139
1996
1700
96
701
1617
2448
713
111
1734
927
2017
1402
729
1535
1049
1011
600
2466
1291
65
918
1972
260
189
1288
2434
639
1322
1234
900
2175
1362
2109
1490
1095
633
2155
2179
1614
1183
2309
1444
773
2061
766
37
1631
979
1930
1311
1697
1713
1899
1306
1110
730
588
1484
1391
1728
652
2447
1495
403
1442
406
1398
516
487
36
1056
2191
804
1145
259
840
8
517
1240
2128
147
120
385
2442
164
946
1876
1480
1422
301
1505
1598
1689
1629
1400
1616
1074
737
891
809
2483
638
2047
1788
2460
1738
1572
1827
1124
2194
215
2386
419
1737
297
834
1473
695
2289
894
1179
1917
2429
601
1178
1695
806
305
606
1578
1938
906
1245
1138
1193
467
1407
116
1525
536
1706
1420
1507
2258
1092
613
2121
172
1369
886
1829
1013
739
1571
1842
2375
433
2339
873
1174
486
308
2333
88
930
1393
371
709
1763
2308
1047
1290
2142
997
2376
557
2444
2165
9
2185
1604
2351
2451
2487
1945
1387
469
43
801
928
2310
1208
1029
775
1820
1761
375
1880
1406
552
1546
135
687
1599
1477
1273
275
1025
409
1237
300
1206
636
1404
1389
1292
1934
1059
1227
2268
1224
2319
1862
1965
2052
264
1
879
2293
2078
2183
219
1831
153
1120
1022
47
1653
2417
509
651
786
1083
913
1685
855
2321
2297
2356
2439
121
1228
212
1143
985
1813
1600
115
2352
856
830
1863
416
1982
1873
1366
2099
2486
750
330
1053
1916
1491
2254
992
1204
209
1379
2260
86
2290
1801
2107
2422
2272
1354
2340
1867
1509
250
192
1768
1073
1544
2119
547
579
2048
2477
663
1890
718
1203
124
299
2474
1784
1985
2283
732
2445
2409
1773
1144
1602
1951
1252
1348
1116
1595
2404
2395
30
1452
1119
1352
1961
369
2001
1561
2278
399
2097
2036
1693
270
252
1743
2134
274
1489
658
1275
350
2123
1358
1919
2148
237
546
1487
1329
2080
42
1868
1975
226
1213
421
477
1832
2393
1849
2190
325
2334
1198
1529
2391
1588
1510
932
97
1239
1990
1740
1894
1688
1202
1215
18
1594
2182
1061
1986
761
1356
2355
1192
169
1736
1514
107
1914
255
2102
2497
465
1910
174
933
1096
1323
934
1710
864
1342
15
2108
756
2415
470
1004
2008
2465
896
118
2438
1070
1844
187
550
686
824
1887
431
90
1987
2399
307
1905
1770
2009
1082
839
48
1130
643
1543
1896
2177
1837
1798
1364
748
770
938
898
1984
78
276
1223
2051
2418
2461
1481
592
64
1988
2345
937
1085
67
924
762
16
2491
1015
2161
423
1185
183
71
2380
719
1563
230
1732
284
453
1639
1189
2049
104
204
33
1755
721
1609
1681
2433
1122
345
1265
2367
2482
280
1637
271
1409
799
1259
611
1194
674
103
676
797
667
266
10
1858
803
2205
1219
1657
1359
1186
498
26
244
968
744
863
767
310
322
1078
1815
205
444
537
395
2255
810
216
734
1392
751
2096
364
935
1792
743
996
