1646
1391
476
2304
2144
2169
1205
810
264
1270
2252
620
529
1022
1612
1046
2222
1092
468
2204
709
1009
1848
1704
2053
1095
1183
617
330
1631
1433
644
1831
1385
2194
2159
773
1286
583
1364
1521
1209
1452
2074
2354
1956
1184
2021
47
1447
702
1078
972
261
749
1738
485
235
2383
1478
1429
1735
8
1955
1630
2093
1496
1005
1550
1842
576
2471
1618
2491
1698
350
1303
1754
748
1998
1569
1469
225
1448
388
613
1926
39
1317
1201
124
2395
2455
1065
798
1680
1443
2239
1906
57
2025
1137
2077
2001
683
1988
295
180
536
977
1941
2207
771
534
2434
1600
1166
1797
1034
1271
890
1402
2423
1168
1514
205
2430
2366
67
1310
986
1325
569
1688
1306
1430
1273
1460
2087
1649
1086
259
1006
396
1777
1707
243
423
1838
1295
323
219
236
319
2369
853
713
191
931
1709
2432
747
866
695
2367
65
981
816
775
1937
764
1560
2083
975
2014
1110
1853
1412
1972
2270
518
1843
1456
1011
779
947
61
31
1411
498
2121
1902
1102
1175
1559
717
1105
2043
527
654
250
223
774
1682
1392
1705
2233
1878
37
902
2012
1089
54
51
2032
724
2397
1741
2446
513
1063
918
1423
1776
965
987
2465
161
360
121
130
2490
2153
2139
1269
857
2422
1915
2212
1261
2358
1767
2419
2232
619
227
280
271
756
293
1195
163
893
1671
2462
2281
1837
427
1305
1060
300
479
2148
1497
110
2090
958
1355
1073
1554
2494
722
1997
1343
2488
1511
331
2411
2241
363
432
1947
1169
354
384
2312
185
1783
532
1217
41
44
1439
1422
335
544
1371
1048
751
1714
150
2439
1895
691
232
1812
2362
2307
186
720
2193
1597
1163
2458
393
561
452
18
353
879
1622
1695
2006
2372
2158
1208
1241
1962
173
735
1082
1326
2343
778
2408
2096
307
2493
585
1132
1255
1346
1151
251
1531
395
2321
1825
659
96
1934
1379
1047
1345
482
1282
165
985
2480
3
794
522
296
445
1765
2329
166
88
743
1484
2174
1807
1446
1896
237
2057
1188
2050
703
1126
882
1874
622
2248
1043
1687
1003
840
883
2330
104
2160
976
1861
781
349
795
2359
1438
677
701
738
2474
1152
1835
1558
657
1196
2167
2048
922
120
605
1067
2451
2055
502
1449
2269
342
819
718
1485
2102
1220
1912
2283
149
170
1827
2382
1752
2328
1019
16
506
1035
2215
670
2236
1772
1590
1122
564
1693
650
1636
1290
1640
199
2449
1644
187
900
2016
612
515
1795
1818
951
1526
2365
1054
474
2059
1968
667
642
2306
711
1925
1397
1665
1386
2433
424
942
1265
604
1226
2127
892
876
2099
688
1487
895
147
1722
490
43
220
2229
2352
592
596
1417
62
1453
1578
887
495
963
1661
2092
1170
2150
949
1162
2245
1413
933
315
2280
142
1189
982
2242
2195
1130
2164
1123
1987
156
1272
503
1088
2189
766
680
1585
1457
588
2219
1768
2111
1178
2020
328
2346
854
1094
1353
356
1620
1339
837
2224
1117
913
1977
138
2221
1399
2171
2378
1570
1660
1222
197
2299
1782
77
442
1751
782
5
777
2429
643
1324
2407
2294
2311
828
467
1857
284
297
2441
2199
530
1757
684
1887
1883
574
1415
1909
2225
258
2388
539
825
1057
380
2399
2067
1421
1373
1834
1462
466
106
312
2209
1982
993
827
256
1330
2220
2401
131
209
635
2106
179
2002
952
1638
1784
1507
1278
1723
2347
1810
1458
607
1845
1323
1450
268
2268
1650
246
1739
838
224
907
45
1748
869
848
431
2487
2492
1414
2333
257
700
2249
706
2114
2364
2400
842
160
2485
413
1228
1124
602
1791
1702
1119
1966
939
594
638
2235
269
2054
1828
1733
1967
1027
1833
2231
1613
1530
231
311
878
610
2128
715
586
2024
2005
2091
70
2385
1659
146
597
672
2080
216
107
2291
1440
89
2274
598
1611
301
994
1957
2363
499
95
2341
1311
437
1144
1087
1724
212
1472
2417
1327
10
1376
608
1793
1870
1718
557
1683
1608
310
1240
1150
2456
540
815
1517
995
1427
580
928
1690
786
1942
626
190
1893
303
1658
1728
2447
739
471
359
1672
1743
1134
1173
1817
159
2097
358
1490
1160
1292
1394
537
526
1632
451
351
542
2154
768
888
52
1785
504
1298
1819
69
1368
1885
1969
122
203
955
1699
2454
590
2143
1238
2068
1586
1203
601
2035
528
1637
648
2368
2319
2325
1855
800
49
1798
1745
997
1685
1800
662
563
760
1081
1753
799
368
927
2079
416
1740
2052
233
1237
2443
1347
217
1619
792
1625
629
19
2459
2004
1382
1549
1001
1362
1787
1493
656
487
345
1028
2134
510
262
2007
1504
785
1321
1103
2017
682
1308
1246
2149
1038
1890
1730
2464
1606
1374
627
524
623
2095
2116
651
1923
211
1667
587
1544
1133
2078
2381
1617
525
1375
1161
1756
2410
679
744
399
757
1815
551
2317
579
82
1555
46
1719
2466
1628
2334
2234
2457
646
1601
1366
1219
1621
1506
1592
641
2444
652
2273
189
1013
1689
1463
950
899
75
1279
811
2460
1387
704
2339
406
1039
1732
133
1830
1451
1806
2023
175
446
784
201
455
1716
2376
302
758
1920
2386
176
1864
275
1069
2481
1083
1802
1014
1055
462
2476
240
1254
697
2344
1320
314
1520
2051
664
2076
2086
1931
2240
2185
841
1266
1331
1136
1247
1868
863
2110
1182
2286
194
1727
2198
1180
2326
1880
1935
1070
2305
2009
2069
559
2450
2420
1811
2063
2155
23
2271
135
1489
1903
1036
755
1294
2499
102
1185
1588
405
2427
1804
898
1145
1032
729
512
1561
2301
436
1370
1553
1245
1297
2396
699
2342
1927
2027
64
1099
1543
772
1556
1773
941
1212
1465
1257
1761
412
1598
369
553
2118
2138
1474
1358
2292
112
357
630
1409
2200
1390
2316
1404
1862
1071
823
647
1979
614
932
1958
2308
582
2309
765
2213
497
2259
24
1764
2109
249
1319
292
1713
277
1904
1821
919
780
2119
140
2019
1954
153
2113
1897
2277
1263
255
2387
2188
2041
1135
1096
1432
169
1093
862
1010
2227
666
1911
254
105
414
1918
417
1190
200
2324
1200
1229
2039
2237
1867
472
783
320
1551
1231
128
968
218
2089
1224
1894
2254
210
1227
143
2141
35
402
367
1758
2040
470
1666
73
299
894
1916
1365
945
1579
1860
2064
1790
2172
378
1059
934
1442
1614
988
1574
483
1471
1524
136
458
435
1974
38
693
1138
1759
1591
1629
901
1669
42
1221
2390
93
1216
2375
123
2201
1502
805
1703
1951
1236
1985
2338
2250
871
1107
1639
113
272
92
535
1849
103
279
2348
1369
808
1262
1692
864
151
1300
770
1576
2108
454
2405
115
1994
2472
1061
1742
339
336
1595
858
787
824
83
1564
2318
266
371
1973
2146
129
1691
111
390
401
2442
2157
400
1381
2196
450
2184
1053
2176
1737
1746
2279
1991
2066
519
723
1905
1989
1351
1616
12
1721
2258
2398
145
2350
852
2210
2373
966
1803
1694
1913
1174
1250
1488
1342
1963
807
741
385
1192
1808
1677
2247
1051
920
801
97
2137
1653
1589
1995
11
2028
1128
305
53
1593
533
2278
440
761
2228
1425
1794
7
267
2030
1921
874
1944
465
2042
634
624
2192
1736
1575
278
1064
1455
1315
967
2124
1697
1435
2313
595
193
1025
2008
728
566
1377
1990
1587
2424
481
1510
1157
1717
116
291
906
694
845
2129
184
1501
1202
2230
826
1522
1470
806
14
521
488
1486
1696
1389
348
1230
430
834
903
1148
2191
829
640
1888
2484
2182
2264
2047
71
1302
719
820
204
500
1929
2244
1886
1242
2353
1999
915
1971
1674
22
1090
885
1125
477
611
2162
1981
1309
1445
1762
817
341
645
1983
1557
2126
1418
2166
392
365
1749
2356
1986
790
1922
492
2391
1567
2260
1179
621
957
157
961
407
439
836
1146
1778
2323
991
603
50
1583
745
1539
2058
364
1901
1291
2081
1328
2205
2013
1476
2394
21
1641
788
441
1500
294
1398
1844
674
1846
875
1686
2065
998
1378
1336
1964
25
884
692
2469
1338
549
1426
1318
2226
1654
1852
1341
1204
1633
1965
849
964
1744
234
877
625
861
1097
1091
1349
669
1194
2217
2060
984
750
791
1165
935
1360
2438
1681
1769
26
1288
983
309
2314
2029
763
94
325
480
2453
60
2163
2088
1244
917
1068
409
287
1367
1959
1796
1869
1234
346
2389
1479
347
2285
992
1405
1434
486
1961
562
2452
1284
2315
1210
2345
929
1774
171
1176
636
1357
1993
847
2243
443
2349
2257
1104
418
1396
403
1253
2038
1726
956
493
660
4
616
831
2303
2135
523
814
2187
1186
318
2165
698
1519
1141
208
689
946
375
308
2101
1259
1518
1313
705
1820
1603
2436
155
721
1207
154
1816
2418
2425
1359
1012
665
686
76
1466
2435
1505
1525
2404
2332
1877
2246
456
74
1813
1
1712
1215
1037
419
1635
1258
1529
2103
545
618
550
98
228
1154
870
2357
126
1276
1863
793
2037
1980
1566
56
55
1283
2133
912
2489
2431
1214
558
2022
2112
2062
2371
1410
109
1949
1508
802
2015
1403
1023
989
2495
2275
554
1114
1251
1542
2296
505
1322
290
1477
425
797
489
1899
2413
2033
196
1708
1854
921
1473
30
1444
1235
1679
1605
2214
2177
1050
1678
1475
812
2421
707
2125
1289
244
460
355
1871
943
754
575
1285
868
1789
1734
1021
2140
164
2331
394
1287
581
740
20
1771
1017
78
241
954
2377
1573
520
1875
1329
464
1480
215
1388
2082
926
2445
29
1337
1780
373
2287
1645
1004
1075
449
1307
1933
1822
1536
1239
1121
1805
736
908
675
2263
552
337
517
459
867
839
2180
1882
2406
421
332
776
1879
352
560
304
178
1892
923
1031
1829
15
2498
1865
2414
1018
1670
769
803
306
377
2392
1610
856
1167
1348
48
909
1953
2340
2
1537
851
1651
714
1552
2416
1891
889
1181
1159
573
762
1072
543
90
426
252
1030
663
1101
1662
2178
1085
2161
570
1098
685
167
599
516
1907
2045
565
737
137
2136
1580
2282
260
1889
2284
1052
338
872
1515
2479
428
1277
1131
1523
1109
2117
1562
547
1299
33
1960
1243
1197
40
177
818
2123
114
2071
1948
433
1026
1627
1000
2256
1604
1884
2131
531
752
415
1950
1547
1725
1546
404
1029
2500
2412
716
2105
546
2384
1350
1482
1213
2034
58
1372
313
2478
1344
746
1225
438
2403
2122
865
1084
222
2266
996
850
649
1491
207
1112
334
1866
809
398
632
1720
1293
1792
429
1062
2437
1193
2393
1301
822
1428
1599
1571
676
2098
1340
1535
1581
13
606
1940
141
1314
1729
2322
1077
910
1172
1149
1908
1079
134
1354
2290
1155
655
821
633
461
1118
1120
1111
1652
1932
1801
1701
263
1775
1788
1256
1129
333
1859
1533
844
767
387
1823
1249
289
1041
119
1624
873
1930
2211
584
1814
593
1356
1363
1384
1461
1142
27
509
959
1007
376
226
366
969
9
2262
379
188
1876
1275
1252
127
463
2468
1401
859
1832
1164
860
1919
1786
253
980
420
1858
2168
548
72
687
830
556
1943
2084
1512
759
1836
28
944
1584
2440
2107
2300
340
2448
2218
1198
501
285
1809
2115
653
1045
317
2402
730
2206
494
1826
1139
1750
2496
1770
242
1541
600
1406
229
673
81
1407
230
886
381
514
411
1976
2295
936
2061
2147
1395
1851
1267
1464
2483
2374
2026
948
924
1033
1352
1568
1840
731
733
1847
953
789
1419
1747
897
2070
1663
434
1024
1582
158
930
508
397
2238
578
732
938
1108
1984
668
2486
696
1673
183
2293
970
1483
671
2085
1498
1534
80
2156
283
99
1115
2202
1316
753
1648
1914
2467
813
343
978
2360
1626
274
2003
370
326
940
511
1211
2056
1481
2120
391
2327
835
286
282
2072
538
1437
2335
1074
386
1040
478
86
453
2415
469
804
2379
2302
1100
1431
1945
2104
1268
174
473
628
1218
1996
1058
2470
1416
2173
206
725
1928
615
2046
2380
1607
1609
298
937
2179
1755
1528
2018
84
962
59
2255
2130
1656
1280
2497
168
118
2181
2426
2261
2190
362
1760
1881
1710
1020
1232
1049
577
2370
101
2145
1332
1380
1548
1799
1044
2351
1076
710
1856
1872
1850
372
1199
678
2151
661
1706
270
475
125
555
1080
1824
422
2276
1623
2216
2320
1647
1177
1334
1545
1563
2175
846
68
1657
2152
914
896
239
2298
1992
1492
1594
1495
990
2100
447
1684
248
1839
658
32
571
1056
1634
2075
1002
444
708
904
1106
1978
881
2473
712
2463
1527
609
971
1206
108
2010
192
2461
690
91
213
1393
1781
1436
1312
1015
2208
214
2297
1898
1424
1841
1596
2197
1936
316
568
2170
1711
1191
321
1731
1248
1939
2011
2049
100
265
288
999
1779
1715
389
1675
1602
2223
2265
979
1066
1873
36
2253
974
322
1572
631
1642
2031
1113
329
843
2094
66
507
1016
2000
1408
880
85
1577
1158
238
79
2355
2251
1171
198
1187
2272
2203
2336
1454
144
1042
1975
1233
726
541
1361
2142
1516
1766
1565
87
905
591
1156
2036
2428
2482
1116
1643
960
1147
1513
496
2183
172
1938
1333
361
374
1970
2132
2361
1952
1153
2475
34
457
589
2288
383
734
1260
202
1668
1910
1143
1946
2186
1499
1420
1664
2044
1441
1383
6
1468
152
410
1540
1459
1763
2310
117
162
2289
1296
408
181
63
281
1655
1700
572
1223
17
916
382
1494
2337
1008
2267
1281
2073
2409
567
1924
148
1335
221
448
855
637
1538
1615
1467
796
742
273
891
973
1400
245
182
727
1532
491
1140
484
925
132
639
833
681
1900
276
247
2477
139
1509
1503
1304
324
1274
1917
911
195
344
1676
1127
327
832
