1048
1634
1433
1673
1266
1366
2250
990
508
866
2322
246
1328
117
1280
1428
163
73
2038
438
818
1396
1632
1842
1275
507
1571
1342
711
1119
513
1712
574
134
467
1539
1495
603
624
2225
1606
207
2138
396
1436
2252
1924
1480
806
693
1877
2280
422
531
74
833
2174
537
2406
2173
1141
868
1408
123
898
2114
1216
12
2301
2021
2010
1707
33
1525
409
1356
652
252
1981
1955
1886
2450
1097
1273
933
1201
1501
1986
2104
1215
1117
1155
2294
2167
1742
987
472
1560
1467
970
2262
2163
369
2395
632
327
2132
1061
1911
80
447
1211
1305
5
2067
229
1946
1453
650
1841
237
1281
1267
1028
764
57
931
430
618
1657
450
319
1030
1980
392
105
1340
961
2141
2028
18
2261
222
2191
1359
1072
662
696
1771
1014
94
1639
1558
1608
2281
140
2036
2466
807
770
2362
577
2249
89
1671
1933
1348
1768
371
2113
1622
1092
1754
2183
1701
77
2059
238
2227
2098
2143
720
1916
1242
2155
2085
593
1135
1384
2092
830
34
127
1498
2181
1076
180
1599
1913
1449
234
1432
2061
455
2323
2475
436
1228
65
2080
2311
626
1184
2247
1950
150
1107
224
2400
1377
484
383
264
721
1284
1537
24
1782
476
872
1769
453
1601
1614
1512
2056
1113
1961
1524
1039
2417
686
1534
1696
674
1890
68
2497
761
148
1643
296
2382
595
1304
948
1594
1121
1269
609
1895
2213
356
1779
1318
782
189
3
2370
2488
439
1797
1064
2270
781
243
1844
30
651
1796
1935
2405
1195
1368
1837
1977
1136
647
2348
2351
452
330
1346
1290
2032
2423
719
1803
732
1301
421
2017
2151
1703
404
1900
1548
278
755
1809
1487
317
2034
1675
900
907
1313
8
757
1866
1405
434
1128
1545
2397
565
1400
500
1630
1633
1004
949
1027
2361
1531
1244
332
1065
212
406
941
2403
921
1175
1628
1587
1165
731
1463
1146
1029
2251
2179
1466
1871
2259
968
1663
205
1422
746
1345
2452
740
1261
1435
2453
2248
1904
1260
836
515
2228
2418
1421
201
1513
99
1972
1711
1073
1691
797
1805
954
1414
1833
1162
253
183
943
637
801
2209
2324
2013
408
1978
2358
2029
1937
559
2239
2244
625
2399
1380
360
737
1695
103
767
889
2255
1471
1333
812
1182
2139
1918
2494
588
1527
692
1316
1710
2195
177
532
1203
1794
587
2408
403
154
2260
2319
1336
585
1875
717
1286
756
1051
2066
1306
1383
1938
1905
1553
1500
1100
1180
892
722
357
2316
2420
1876
622
419
1884
485
160
1265
283
841
1700
880
128
1464
378
1947
1757
600
1629
1415
691
857
397
470
1746
1109
499
673
1161
1674
1952
2307
293
1488
529
1543
753
326
226
96
1806
1044
402
677
478
2473
44
2122
627
2431
2211
1868
1962
420
803
644
1307
1831
2110
1045
1020
1681
1220
539
1987
958
1704
1276
98
835
1959
15
1355
856
2007
1936
1159
1394
2009
322
130
2461
2078
2308
1749
1367
2436
399
1327
646
2411
924
795
1717
511
2046
955
2109
929
1585
1765
407
1995
2089
145
2363
2288
1479
1636
2229
1444
244
58
1352
2081
667
1233
1095
1179
959
608
265
1925
47
997
1225
249
913
1949
682
1730
619
1176
758
1343
2393
724
86
698
747
2456
2486
251
741
2120
1470
1354
1258
1725
138
463
1596
1727
1514
454
810
1642
2445
1787
179
2480
2062
1226
783
1457
2282
464
1123
365
1447
707
1426
2373
1858
590
1440
2108
966
2005
2176
2342
443
780
1509
11
739
837
1750
1088
1835
1640
2019
1896
79
186
2349
1319
918
1931
1984
271
1821
2196
2289
2156
1156
1151
773
61
701
1278
1288
1320
1518
218
107
2127
771
786
2425
67
648
1801
1521
2302
729
1351
569
535
147
2496
2033
1389
563
1114
1751
1748
1939
1390
175
986
167
1057
190
784
579
666
289
1616
1528
93
2093
2394
1270
101
384
1623
416
1830
744
2287
1928
1098
1721
1971
2204
925
2276
1705
473
1234
596
1755
1597
114
2347
1863
1071
2364
1584
1688
182
777
993
2082
1324
1411
1848
153
505
1654
483
922
1163
1511
1874
2422
1729
431
1148
149
1562
636
1542
1091
542
9
487
2387
1898
2471
896
894
1401
1254
2489
170
1668
1788
584
2330
235
2064
2154
2446
522
1431
1322
853
1407
1602
418
26
2483
2100
2220
1985
1323
1446
517
926
215
594
88
2175
1364
442
1094
591
1181
135
297
599
299
437
213
1427
642
1912
775
2069
417
611
1062
840
1953
819
2130
1033
161
1477
716
214
1213
1736
32
42
1996
1825
974
983
2079
2087
800
1120
543
52
1025
1744
1017
2218
1083
477
1818
804
960
1892
849
694
334
1049
996
466
195
2437
1013
303
362
1934
726
85
965
1450
791
310
1734
1326
1257
1325
1752
2396
361
2222
523
2472
116
695
916
468
2476
1522
1262
1741
670
1224
1572
1719
1948
1715
1706
1152
13
199
825
1814
1573
1838
850
734
2487
1988
1012
1473
174
908
1561
335
301
1812
53
2117
200
1381
715
496
2448
2180
279
2478
331
1759
106
2106
1957
2111
1956
72
1058
1456
136
1166
1404
683
1785
1236
869
59
1078
534
1593
768
1621
1731
518
2268
973
2124
2279
639
1808
621
2385
992
387
1158
871
1555
1172
358
1999
429
1709
1077
799
1773
2101
2137
239
1777
504
2165
2332
2350
2049
208
475
156
2354
1321
1190
471
730
1230
1611
2206
860
2057
1762
808
2086
1465
1256
2083
759
538
832
887
1745
1196
277
2365
1198
115
263
1350
2269
816
839
75
1023
274
702
1843
1930
1763
1311
1063
977
2001
1129
2145
2090
1391
1271
1314
20
2184
1586
108
1541
2444
854
842
1973
2008
221
1398
1530
2077
1963
2058
1872
1919
649
1783
909
864
1150
1066
2390
1482
1612
339
209
2053
1255
1862
1554
533
956
2063
144
2340
1503
2133
1419
2003
1168
2441
69
937
1154
2223
427
1575
1164
1767
1386
1854
1060
393
159
1170
2313
2131
2018
266
46
2271
1360
1298
1253
267
1870
1330
1054
2006
1070
1001
494
1656
1089
1786
292
2031
372
980
912
2267
1232
2192
23
661
1248
164
1379
1486
95
1303
792
2157
2169
2320
1698
932
17
2321
1362
287
2022
2065
2052
349
2474
684
2170
1418
1000
2263
92
1478
1660
861
359
305
184
2293
628
1665
2428
1403
2404
904
1034
950
1312
583
2407
2185
1637
1945
1891
2338
1134
1994
1960
1807
2041
1341
1624
794
1287
198
2477
7
176
705
2386
601
1679
1878
2043
2312
398
899
1836
940
2388
713
1694
388
157
276
1193
367
172
952
2318
1127
1580
2455
1574
415
902
525
1846
489
181
1781
1552
325
1437
1504
169
1337
2011
1951
498
352
1235
846
254
236
2197
1816
1395
1015
1662
544
204
1740
78
1499
1202
699
120
1883
1481
2254
309
901
1920
1007
2201
1315
1084
589
1847
914
2119
1101
785
789
1339
502
1849
2182
946
2328
521
2264
571
2443
879
1274
877
2073
353
749
2148
62
2226
2333
928
124
1789
1686
604
2469
83
1079
280
2412
1489
1238
939
616
220
143
2026
1820
141
1569
2415
2215
1420
710
1864
658
281
675
2121
1374
1153
1922
976
2235
1728
633
316
2233
104
1210
165
1799
1417
2500
2129
1775
823
884
2084
1990
1739
191
1251
1131
312
671
1523
822
718
1239
84
653
1747
1774
432
1021
516
1448
1140
2142
727
971
1430
1570
1699
1591
2371
2045
1997
1338
2419
865
934
2198
1332
6
1292
1685
1019
1733
1672
1732
2240
1535
572
423
1206
2498
813
1173
712
294
568
1550
1989
526
2309
295
867
874
2194
1780
1992
1716
1494
1880
1968
834
131
122
1344
1402
2116
557
893
1279
1046
433
1692
1690
2292
1385
1666
915
323
1468
1899
2112
1410
132
1183
1855
2178
2341
882
2236
1566
623
1810
1557
495
945
385
1582
2237
1086
1909
1851
49
2055
2424
1036
1011
1975
1590
45
2135
2277
1546
1544
1491
612
1638
826
631
302
337
815
828
1605
202
1923
1603
126
91
580
988
275
1659
2214
641
2410
547
1693
1713
1894
733
919
1492
2392
1010
1929
1424
1507
1610
1214
685
656
1595
1626
2172
681
2482
697
1022
1067
2499
1761
41
1576
1618
2134
2391
340
273
1607
2442
474
2094
245
113
643
1879
581
1932
188
2384
1125
2216
231
343
2381
635
1204
410
2283
1850
1003
259
2140
680
2125
456
1237
1689
1293
1112
490
445
1376
28
2296
1171
350
411
1106
1648
1085
1309
602
1753
1378
2458
2103
657
1115
314
2343
2050
449
708
645
112
1285
1832
1484
1737
1551
121
528
1143
1483
1178
37
1105
2306
714
1132
1906
401
541
510
576
342
2099
1052
762
1653
2465
1776
1068
129
546
778
862
1053
615
2004
1005
2221
1502
268
2040
1102
311
16
1760
2060
493
1441
2345
286
607
2336
125
2152
752
348
1941
187
1353
820
1565
2164
1110
194
564
2467
206
1829
1080
1149
1619
1090
605
1982
282
1369
1802
736
2352
1243
2048
1644
290
788
347
351
373
2375
1462
1111
441
258
843
972
395
2042
944
64
336
1249
1568
556
1493
638
261
1497
2245
1388
486
459
2372
1026
2258
2202
2189
1191
2434
2266
1331
2449
2230
1406
2491
2234
1529
578
1032
2492
1047
2187
480
51
1540
1445
1157
1631
672
27
805
2076
704
10
1720
424
883
617
1476
1335
524
1142
552
1993
2241
769
2298
2243
307
1040
1250
1813
1334
668
248
2379
217
1138
1907
1649
1793
776
1209
482
798
766
1347
1361
1940
1559
2353
1434
298
1056
2168
2162
2290
1647
1416
1442
2357
2299
858
875
1145
655
2177
435
1222
1116
1677
2389
760
446
688
2
723
1188
506
2272
1365
1588
364
1308
2190
1035
56
1526
1917
1943
793
743
2126
1609
678
796
1474
1189
320
917
2068
36
863
1735
2159
1519
886
1009
341
1219
2447
318
1646
888
967
306
509
890
233
2088
1865
814
554
1532
562
1455
1965
173
824
2317
1093
1490
991
158
1133
1664
210
629
2490
763
1302
2401
989
370
984
219
2346
2303
1627
606
751
457
1702
1099
2238
1903
1516
844
938
54
536
2051
171
1199
573
1708
998
845
375
1510
2014
1824
118
1218
978
906
2212
2012
852
975
1804
878
765
426
1363
936
750
1684
488
1615
1186
1687
1387
391
540
930
1897
610
2464
549
2409
2147
1567
368
2096
216
2072
994
2105
1137
1055
1682
71
745
1375
1680
690
465
1103
1970
1538
787
1778
2158
1
1791
1475
2023
1018
1800
223
951
203
288
2256
1547
1358
1208
2200
2493
2273
2485
2427
1038
1954
1598
561
2295
1617
1373
1670
700
256
2210
2314
586
897
1857
2416
43
1126
1118
947
328
790
2231
1827
196
291
1964
2414
21
1397
22
827
1104
725
2398
1859
2331
1853
1826
2356
735
2339
1966
2439
1714
1944
2149
1726
613
110
1443
2224
1496
355
2265
1177
1240
1840
1227
2369
838
440
1357
597
87
620
575
551
1459
598
2360
1246
742
1974
985
2047
2199
503
582
1958
1310
1743
2327
1676
462
1856
1031
873
1515
1517
1050
709
2150
2457
545
774
665
102
1069
1578
2380
31
324
979
2166
247
1295
1041
1887
1790
1625
1291
1645
1268
50
1169
1283
1409
1074
155
405
1130
1852
1942
1139
1817
1413
654
2334
2284
1160
2015
548
255
1096
1472
2002
2315
1282
2016
363
848
1263
982
2337
2070
1006
2359
811
2253
2454
338
448
1811
60
2123
802
2426
519
1652
1252
2285
1294
321
313
1297
211
1902
232
1893
2367
1122
1724
829
1641
1245
2232
1822
1860
1174
2329
345
592
1508
2118
2484
492
119
1738
1399
962
262
2161
192
1969
2144
2115
137
152
2203
530
178
48
1910
706
412
315
329
2383
1016
1885
1429
1620
1772
1185
2366
676
382
66
1592
25
1425
1438
2470
1908
2039
284
2207
1823
1317
1683
1212
1452
1536
2376
2025
957
2430
1187
1998
550
953
817
1296
460
2325
1635
197
1037
55
1200
2136
2463
82
2344
1506
481
162
1834
142
2495
2186
885
1667
1579
19
414
1264
2257
1329
1008
876
2102
193
2027
2242
1792
687
2146
14
2188
1423
1144
927
1758
2074
903
479
1207
831
911
738
90
1520
1277
425
1600
1915
1221
560
1042
555
1979
2037
809
570
1412
1889
1247
2035
2075
1451
870
2297
379
308
2205
380
2274
981
640
1815
1839
63
1002
2374
139
1926
2402
240
1205
634
2275
963
111
999
1655
1460
1454
1469
1059
1983
1718
2468
1217
1764
469
2326
859
2054
458
2107
1784
81
1299
821
1439
754
35
2459
1581
2435
374
242
1658
389
891
166
227
2097
2310
1289
1167
2421
1082
1901
1650
1845
300
2460
272
942
1873
428
2095
1669
285
664
2291
1392
527
1583
2030
2208
1795
344
1556
2305
2300
1770
444
1678
779
501
1867
1563
1272
1882
567
1505
1861
381
995
260
1124
2462
346
76
2286
70
2044
497
376
660
1766
669
2335
2278
847
2355
1075
2171
1461
257
228
2377
1604
1651
1081
4
881
1976
2413
2024
2433
2479
1869
394
151
1223
512
1382
2219
1921
964
2451
1229
2217
109
1192
1349
558
663
2378
703
2481
2000
2429
377
630
38
1371
269
553
1197
133
2071
250
855
1881
1549
1577
1661
2432
935
772
1756
895
1828
1485
1533
1108
910
100
2440
689
969
40
566
225
2368
241
97
1458
1231
1300
461
451
1967
2153
230
1259
1564
851
748
146
2304
1697
491
1589
1888
728
923
390
413
1914
1372
304
168
1991
2091
1613
679
39
1723
614
1927
920
520
2438
2128
1194
2020
1087
1819
1722
386
1241
514
29
659
185
2193
354
1393
2246
1147
1370
1043
905
1024
2160
400
1798
366
333
