784
1826
2078
2036
1637
1955
1643
2452
2219
173
164
1471
212
2224
174
412
1599
98
1702
998
905
244
535
1542
988
1893
340
403
1102
956
936
2022
1613
171
1873
1458
1507
1194
1256
344
2244
2186
1712
1200
1550
2392
311
21
700
1727
1285
1988
1973
882
1660
53
2161
1621
2025
1628
2496
1028
254
285
579
651
129
1353
1266
1779
524
124
1315
107
1104
75
118
1131
1463
450
2235
469
661
143
1004
978
983
1886
595
820
1762
1987
1659
1365
1696
192
206
2131
2445
2101
1296
1974
527
965
600
1750
592
791
2362
980
991
345
1310
1815
520
2464
718
1930
1604
1352
2197
1452
2286
2201
1157
286
2181
1842
1378
536
36
1366
666
2300
694
429
2313
1094
1072
1477
852
1318
1775
1309
2049
1376
2386
2351
890
1859
1025
1809
846
1053
728
2221
1329
463
646
1321
2399
348
1665
1874
1199
1611
792
242
2332
2330
482
982
1227
963
964
338
2412
761
1308
1648
268
925
1037
1738
1534
845
1684
597
73
2183
678
730
1768
953
966
1461
411
374
1995
1322
944
1942
712
904
2044
1527
1556
1395
387
2117
1818
2156
1408
809
2216
1569
1937
1812
32
1536
765
1085
320
2094
1293
460
2338
1017
2408
219
2105
1236
656
441
2001
959
128
1623
2193
1384
1641
2106
1920
1723
1619
1385
1105
657
1103
1421
2012
366
975
2048
2312
1244
1010
435
161
574
2037
54
778
1562
1679
2175
772
305
349
1602
2102
1651
119
1510
27
100
1100
1299
660
1936
2100
908
1508
437
1655
1492
1546
2365
424
1253
267
504
1813
1411
2431
1478
1406
181
478
2466
319
1624
510
2253
1099
440
81
1845
337
1793
1533
1013
2245
207
2433
2006
71
1396
2308
2305
708
1991
1778
2289
1771
2492
1468
766
2391
801
33
1033
1928
1567
297
226
2209
731
360
2264
217
854
1216
1242
2203
302
811
641
413
2226
1680
719
692
1457
280
924
1731
529
617
281
382
507
987
1326
2196
2220
2024
2128
1595
2053
60
2422
2425
810
2438
1795
1044
1590
1392
2294
1473
1661
1899
1086
1261
258
2115
1055
623
2262
40
2489
1182
131
2177
246
1145
542
612
1831
1186
638
878
2232
2405
1843
259
1041
999
888
2062
1784
142
922
1258
1407
650
1455
1965
1830
1343
773
1171
1855
634
117
2458
735
2339
1091
828
665
2157
1817
870
1597
1919
1719
2419
745
2400
1839
177
1708
2164
1796
1647
1827
1162
769
147
1756
1984
2088
2281
2202
275
1164
1462
856
589
1042
1549
1456
1277
2208
67
1572
899
1691
16
824
1586
806
639
1175
1370
1944
198
135
115
2287
406
851
1848
687
1381
1554
2423
2477
136
2428
2276
543
858
2406
1294
1349
891
910
1970
2331
1829
2184
750
1026
559
48
2214
298
151
1915
427
1251
1160
1722
2008
342
350
365
299
111
2414
2095
1767
1877
782
1703
1027
500
516
1524
251
1439
1573
1739
2450
2152
706
1143
584
1777
14
1317
2240
960
614
2411
2442
1035
2388
1516
185
1515
1687
1646
1837
1959
2086
1375
2309
2320
1918
762
421
1585
1740
2322
1752
1894
664
2027
1008
79
2394
167
1840
2213
1958
1118
1912
2114
2325
1031
2126
1127
621
272
939
743
580
1504
176
271
1864
531
1667
2457
1204
1834
1480
2479
1707
65
1850
2334
2066
2090
2165
318
1488
1860
13
605
540
1218
1404
243
1373
898
1479
1184
56
328
1148
746
513
798
346
556
265
2079
29
1442
681
222
663
1892
1582
1890
1246
1459
2319
1579
2215
675
2129
819
2375
357
526
553
112
989
2369
2003
1816
550
843
1311
1502
1631
188
1522
1705
1450
764
2034
1335
1486
1006
1876
1003
1491
1952
1374
1298
470
1891
1136
1279
1379
1354
2051
2120
2380
1034
453
2113
2005
1451
1114
200
2028
44
1331
45
1263
2491
2437
1735
1150
445
1669
2182
821
1195
2230
716
249
1993
1122
485
2310
684
1715
562
1414
18
2427
99
602
1494
979
1156
2121
309
235
126
1211
876
2116
596
1792
649
844
2239
1896
1133
144
2370
1940
659
1002
165
420
1115
921
1443
1047
2463
528
2212
2329
1857
2200
479
962
2057
2087
2190
790
1039
1525
518
1313
378
1063
1600
2111
2139
2265
1316
1520
652
2328
2480
1292
1814
721
431
1189
96
361
1650
39
74
134
1161
1789
1776
2278
2401
1632
547
508
1757
1367
779
1888
751
166
1267
585
1609
492
1866
1409
2194
1578
455
2291
1658
25
339
515
610
541
1052
1203
141
1868
293
1971
1872
985
1683
981
2459
1924
371
2031
395
1387
2333
2383
64
727
364
948
1107
46
1323
1846
1903
372
426
1700
2173
2316
2280
1935
2056
2082
647
942
1271
2061
59
84
321
1626
245
1538
1759
475
1453
1166
984
1435
1889
153
50
1098
658
1180
1469
2189
2283
1306
405
2393
2497
1425
1341
1095
2263
1662
950
705
392
2467
2222
2473
1262
2042
736
423
2176
800
2447
591
1141
2054
220
398
1557
920
1835
1645
2297
2040
1724
862
1498
1320
2395
1190
1132
2402
1953
1879
2103
1386
2346
442
1272
1345
1225
1980
2495
771
1474
234
1583
1214
1126
330
1207
759
1678
570
1389
973
1217
961
394
1405
1625
795
2364
514
2123
2487
1212
86
1933
1357
734
1347
1753
1761
1697
625
686
607
17
598
1250
972
1884
127
425
2002
893
603
1865
452
1056
494
355
6
2148
216
1358
1913
1867
1278
672
572
887
1729
632
5
606
1077
2137
183
1745
341
913
619
2446
2023
2119
1902
2243
1883
2449
1410
842
2359
757
933
2107
1810
2444
2261
1588
317
2032
560
530
487
767
2429
313
393
1982
2014
2145
2130
945
1688
1470
2187
194
109
439
1603
517
1245
2314
1956
2112
683
2451
1663
2125
2371
742
1022
974
977
1398
123
558
1426
2285
148
1340
1551
2256
521
1806
70
1096
1523
155
1417
2093
1568
1495
368
1496
224
352
2493
2413
2144
2134
868
2091
525
1999
1295
1617
853
557
2303
957
38
2210
997
354
1149
2342
1082
363
26
903
2084
1825
1802
239
1289
970
1066
23
496
260
2098
577
1448
2272
1671
644
1690
1018
180
480
307
2271
2151
2199
2097
122
1615
1362
927
1552
184
1808
971
1566
1276
1901
433
1464
1764
599
1749
2500
1344
2169
1770
604
739
655
139
2478
952
2247
104
2403
2490
182
1139
884
1264
823
1467
225
1369
1079
642
2354
897
1748
601
145
1144
815
2076
947
839
1050
459
2363
1123
1424
1348
2104
1249
724
2238
396
1088
197
1640
1140
409
2211
15
1946
622
1342
1359
1125
76
269
537
2000
78
633
2498
497
116
1587
2018
1440
1476
1787
2198
2356
156
1222
726
1051
2138
1413
1652
51
160
1635
885
2043
152
1730
2299
1881
489
369
1861
509
1656
1291
189
417
314
1399
255
316
331
218
2073
2301
2436
1790
1512
1300
2038
1612
836
1766
627
201
1501
68
209
1356
1526
31
1781
2435
703
1368
1128
2110
1307
1541
503
1992
1030
1880
2358
506
324
1565
55
1076
191
42
1325
1254
1947
1188
1444
1681
1798
2443
1155
2326
102
1436
519
1670
1390
2021
1769
538
49
2132
10
495
434
2047
2122
1906
1960
2409
1916
2206
1969
768
2195
710
1108
586
1412
825
468
1773
163
1871
881
674
1009
946
1540
2318
381
873
552
1043
2324
1917
419
1911
1337
777
940
1951
1824
414
336
990
573
2488
587
1820
1110
1823
2277
323
296
546
919
2376
1657
817
1429
1532
289
1238
1336
609
1760
1610
1649
841
133
534
451
388
1591
233
7
1972
707
1791
2434
2171
1849
838
2418
430
2045
1445
168
2039
1235
1577
308
1324
1241
1111
1265
1416
1801
995
2485
237
690
1564
2296
138
837
2453
241
696
2417
1607
386
1714
1113
1858
1350
1430
1397
2293
300
930
1233
1147
2060
85
756
1465
1119
464
2231
620
1305
301
1914
247
941
1711
2482
915
277
1832
454
1654
1097
667
869
304
1485
1622
2259
688
822
113
2017
326
900
1931
1962
1101
389
741
1001
1513
2064
2448
1333
1045
2162
2374
1921
2041
1248
1036
1431
1754
1805
866
1154
278
677
1049
871
1743
1668
1598
2432
2191
1202
1698
1206
2033
780
752
654
1571
629
2336
408
670
2108
2188
2207
1061
760
1364
1692
1717
1446
2382
195
1870
1672
2455
916
1427
1228
1783
1862
709
616
250
747
2335
488
2007
864
1997
1634
2267
410
279
695
539
476
1260
578
2290
1535
2454
1167
673
1014
486
545
402
937
1287
565
1736
443
1981
2377
208
2306
362
1900
1215
993
1422
1083
1121
2385
588
1159
1786
92
1978
1799
1040
1173
1927
1
776
2337
140
1418
808
34
1854
1466
2083
2178
327
2081
2155
1181
1905
1841
1548
90
877
1555
2430
1804
1454
1073
1020
2275
1168
2080
763
2065
1243
1192
2367
178
857
196
872
175
1460
1185
831
1151
1187
2494
2440
1015
2150
702
120
1945
1986
1129
1630
626
132
1716
1531
774
969
1137
1074
511
473
41
169
1751
359
699
548
1500
467
379
563
1721
1169
2071
1142
1596
787
1135
334
2327
1062
2416
723
1701
2360
1975
2461
907
310
1487
2407
793
1746
749
1012
865
929
1372
2348
1282
2462
62
1016
1432
1544
1706
2361
1926
484
1925
2011
2124
1259
523
1943
1642
1075
1403
2160
262
1284
1948
329
561
2010
637
214
1152
390
1677
682
2089
1281
1895
2273
287
1234
2441
58
2357
1910
1704
1124
1038
1803
2468
385
106
2483
2378
1744
1529
2373
213
1283
1547
1163
9
934
1734
2251
796
1093
1838
1964
1312
1146
994
1363
717
1747
1605
367
306
951
814
551
1237
2311
807
875
1882
2133
1377
967
874
1402
290
1401
2068
2323
1869
794
2149
292
1483
2302
391
248
1068
1268
1351
1517
2136
2140
1499
855
1614
172
2317
781
1380
1000
1506
2019
240
1685
564
1330
859
501
2268
211
1255
57
1046
2350
549
1606
1967
1828
1106
415
380
94
1327
593
2347
1489
274
2353
502
146
1976
353
1064
2250
1514
680
210
1138
1528
615
215
986
917
738
860
351
2013
1720
205
1005
2484
61
1400
2229
481
571
1178
1174
461
1239
1689
1209
2352
1833
582
2233
2398
1897
458
1726
662
785
1275
2059
2185
1117
848
1811
895
581
2052
1210
8
1449
72
159
356
1420
590
2368
150
829
2249
1627
1887
52
715
1170
2166
2381
669
322
1780
11
95
1961
797
1361
624
2307
404
2270
3
2058
1029
892
938
2153
1232
1682
384
1725
2218
671
1539
2159
1213
1558
295
911
1932
1904
1575
906
1511
566
827
498
1089
2292
918
786
2009
2424
740
1908
2266
1807
1475
1011
2456
1070
1639
2217
1836
1530
2077
1437
1231
1274
1193
1851
2063
783
883
2026
83
1673
830
2355
343
30
1693
231
1966
375
732
1286
1447
438
28
154
1393
456
105
2109
1065
1360
1297
826
2096
416
879
2248
668
532
512
236
4
2016
2015
158
472
744
2284
1304
968
1616
1220
2237
1084
2439
697
949
2020
789
2172
2092
1201
449
490
832
1929
63
103
1087
1338
1069
477
1853
1273
636
137
1423
1481
1060
2481
1949
1058
1985
2345
1537
2147
1709
2118
886
1898
755
466
648
1230
1938
1592
1092
804
896
2046
1844
569
1172
834
1863
77
2163
1852
2069
2004
1998
2070
729
347
1939
1134
926
1580
928
1332
2471
261
43
645
186
436
238
1676
2387
2204
1158
2389
909
22
1270
1856
833
1505
1574
1728
1394
1067
273
676
232
199
2227
2298
1589
2241
1482
1472
110
1007
1675
2246
303
1608
2258
1433
2192
399
1288
889
294
493
1822
221
533
679
1699
2254
2135
1686
130
1179
1519
1983
613
1553
157
12
1594
850
1636
2180
228
2127
1584
202
2085
1521
223
2366
1223
2340
91
1419
397
291
812
284
282
1280
2295
733
1694
2465
1019
256
2274
335
2343
931
1177
835
2225
2029
1990
2179
465
1922
276
1109
2475
1023
37
1774
2234
432
1666
1664
1057
1755
471
288
1371
555
1048
108
802
1071
758
725
753
1979
1941
1302
943
2474
1772
880
1415
377
1800
576
1219
1196
19
1957
2228
1391
618
1080
1545
1674
1021
483
87
1713
805
691
1024
1198
849
720
2075
1633
2142
333
1559
1629
1388
711
1382
121
2486
179
2397
1718
2223
2146
1208
1733
2426
2067
2174
203
1197
1247
1224
1153
1303
1765
2072
2035
1130
714
653
462
2158
1977
2055
2304
80
2141
544
20
1968
996
97
608
992
2050
689
315
2344
861
1116
491
1059
270
840
628
1328
2469
1561
1090
754
2415
1497
1314
630
1257
2321
1909
376
1301
788
2420
775
2236
1428
813
505
2404
88
693
2476
1782
1383
35
1165
1560
1923
1183
1638
631
499
1319
1819
264
474
2384
1484
2379
867
1490
1032
204
149
932
1620
89
283
2170
229
312
370
407
1081
935
253
1821
698
428
1934
170
1229
1758
568
93
24
422
66
640
567
816
704
114
912
2167
47
803
701
1653
902
863
1593
400
1518
635
373
1221
230
2470
722
2
1994
1120
2143
1695
187
955
575
2030
2168
1543
418
1205
1794
1581
1355
2410
2315
2390
2205
1078
799
2396
2242
69
2349
447
2260
1054
1576
1875
257
818
1989
1601
1907
643
1878
101
1710
1269
1252
444
2074
554
1963
923
1570
2282
1503
82
685
1741
1644
748
2269
2499
358
1797
1996
2472
901
190
227
252
325
1742
448
1618
1847
1290
1226
2255
958
1176
2252
594
1334
1785
1788
1441
1509
1339
976
1732
583
1737
894
162
1493
1434
2279
1763
2154
770
954
847
1950
2099
1438
2421
1954
713
193
611
401
1885
1191
1240
522
263
2460
2341
457
2257
266
1563
737
125
2288
446
2372
1346
332
914
1112
