498
1550
1782
625
1427
580
327
1604
1191
1082
2348
321
1345
1349
832
2010
345
1748
788
1758
1439
776
524
1521
1690
714
1657
1376
2186
2038
1318
824
933
1776
822
2227
2455
2001
1309
1527
1245
27
1884
1361
167
4
1576
942
1754
285
1040
421
1575
68
277
117
157
293
9
1623
944
2157
770
1258
342
1402
441
1069
199
2384
236
435
1991
1324
869
515
1952
417
1264
1813
2426
198
968
871
1194
2332
2313
1967
749
2446
533
130
361
560
346
1720
230
1849
2013
1774
1767
2300
360
210
1943
512
1252
1271
1262
359
1511
364
1327
402
1848
1456
1451
427
431
1378
1107
764
837
399
1164
467
615
1123
781
1663
1889
899
1678
2443
257
1115
2432
1055
2360
2378
1695
1864
1784
1886
973
2307
2320
221
1208
396
28
820
1706
1580
1004
294
2417
1419
1708
1134
1334
1895
259
2125
685
2098
545
924
131
2099
429
2067
731
434
565
1846
768
478
47
252
529
1516
1815
1280
143
867
1187
608
575
598
2309
377
1257
326
2386
2185
2296
660
105
217
2162
879
2337
166
2453
976
1866
1533
607
1743
1920
42
273
1875
16
2379
582
2082
2331
1114
1929
1111
201
850
804
1338
780
795
868
416
468
1182
177
540
289
1343
1084
1503
1425
385
733
2266
1100
1396
1494
1442
247
1880
457
1781
1879
1809
737
750
783
635
1050
1578
284
2449
339
194
2173
1918
1888
1383
1808
643
1917
311
410
901
121
426
1921
2112
350
414
876
1826
1512
109
652
320
1526
2072
841
1802
1551
84
1066
145
1751
203
1415
1816
1218
2276
1304
2161
112
56
2154
2066
995
178
1268
104
2484
1310
2048
1535
76
2450
1893
374
1573
71
1492
21
1583
136
260
276
757
600
301
936
1404
659
1057
771
2371
617
1770
356
1414
2498
548
2281
1413
160
1890
2107
168
1314
2179
1370
30
238
1149
2084
609
1949
1637
1998
1005
2092
1063
987
743
255
825
893
945
362
400
2319
616
982
1054
1561
912
1254
829
1431
1448
1430
267
988
1590
2308
125
1437
1685
1501
2003
651
1612
389
2420
1255
1650
2139
1829
57
805
465
1797
1906
231
994
1457
636
1167
1163
633
1305
1399
572
73
222
2109
1416
2055
2284
996
171
312
1905
1079
214
1483
2116
2388
375
1077
806
666
2119
462
864
840
1941
1865
1495
406
554
2245
1384
1474
1486
1945
1152
161
1412
1722
603
921
2133
2305
623
664
839
1461
59
1335
1932
1670
2419
511
2409
1903
2094
2249
2383
701
1428
848
1574
2496
1236
777
2404
930
2271
49
631
687
885
593
2233
80
373
753
998
1554
1178
1585
2479
709
1514
1076
911
1112
981
254
967
317
940
1490
1629
1806
2175
2046
347
595
200
542
183
1171
1147
923
2338
2421
1373
1971
2486
181
766
1233
1316
1151
1017
2170
122
1397
1979
1375
1694
792
590
710
2240
1328
158
2369
2343
1061
724
1870
691
1436
704
329
763
310
36
461
272
2489
1033
1632
1023
2478
2137
1405
394
2244
2180
1263
1631
1804
544
2096
1165
1351
239
985
2297
561
634
2059
232
54
1957
456
2454
216
411
2178
1940
228
189
1593
1189
150
833
1441
1536
2473
684
1078
1232
1219
1691
1411
507
556
447
220
29
1627
1266
2144
591
369
1160
1911
2164
1598
2444
811
712
798
926
700
355
1311
619
1400
573
1560
778
791
1217
1454
745
204
1850
2272
208
526
1876
1841
1504
1625
661
92
2256
878
1909
718
2029
141
823
499
1765
1683
1931
66
1500
1987
694
424
1176
233
1403
218
2202
493
1092
2002
1639
1487
1015
858
1471
2280
686
734
1800
90
1197
1020
308
33
2485
2438
2183
471
26
1003
393
2327
1201
1655
1968
674
1539
1644
1105
2447
622
2460
1953
576
796
1036
135
2350
1051
2310
693
1159
1700
2362
207
74
333
1939
862
1018
404
2225
1835
485
1586
525
810
1814
957
1542
2088
1433
169
1148
1540
1899
1993
213
87
1737
469
1845
2261
358
906
274
1733
1833
1955
2024
502
2325
648
322
2469
1056
1450
613
1292
1203
2168
543
729
1659
1562
2491
1260
632
425
966
1294
732
17
2311
787
1470
2465
2407
2041
1067
1881
2009
1747
1997
1434
2342
1603
2408
1620
1594
1172
132
1108
1460
1049
1109
2389
2182
1059
756
196
1385
1783
1799
146
1116
1725
1687
2413
60
1392
2229
1996
1592
773
1753
263
2401
1995
1530
521
184
851
249
2253
445
656
748
354
646
2425
1355
271
1473
1723
1443
1853
153
817
2023
1377
948
1339
243
1341
2439
1269
2286
12
1963
658
2346
1740
2410
1744
1681
2246
1907
1174
1128
1851
2269
1969
118
2061
324
2422
48
1363
1249
2142
1026
1221
102
875
159
1142
296
1867
1169
1449
215
351
343
1024
2241
1459
1735
1556
1584
2058
2032
5
1088
401
1359
182
1162
439
1507
1862
256
1795
2051
844
1981
1684
1543
126
605
1238
2321
1711
1567
612
2352
969
2427
476
2110
2220
1894
2138
1045
683
2349
1908
40
2155
1175
978
2477
620
1563
2377
501
1239
1228
378
1469
630
1110
458
610
2291
176
2372
2056
2018
2086
1190
75
2317
522
537
1200
1161
2467
2329
1394
665
1930
450
380
534
2196
2201
2335
1196
802
314
1209
1226
387
151
1497
1253
814
2080
2004
1682
107
2188
1601
1453
922
964
1820
1559
1910
2136
939
588
2205
895
1538
789
2301
1489
1599
1697
558
1956
1071
275
1374
813
835
93
138
1002
1346
1064
2282
761
1256
1307
1390
662
962
133
877
2493
2153
937
986
1855
1587
77
2036
2254
727
1213
855
2452
2006
1901
679
2303
1669
2274
2499
2089
1358
1143
1387
2395
559
1581
913
307
2194
909
111
852
440
1793
1624
2120
1409
241
834
2268
392
1579
367
587
2135
1641
1796
337
302
383
242
1787
2376
1153
2217
2223
819
2340
224
1138
719
1553
2128
2035
2224
2403
2203
315
954
1420
2475
1984
1229
716
1157
1785
903
2216
1464
2463
1857
793
1749
2258
1479
2158
1199
466
229
894
1975
209
278
1075
772
904
1771
35
1766
154
2458
1702
379
2034
2151
2411
436
1302
752
1699
1177
328
1224
1202
2368
1381
2294
1693
140
1127
34
584
1619
2481
390
1288
654
1073
449
767
2087
673
2429
1615
2488
2101
1261
1366
1549
428
412
1741
1336
2026
629
2113
2275
1790
1618
1947
531
510
1267
1444
1680
1372
2277
455
2390
58
800
2077
2405
2222
1083
1933
1738
958
344
103
747
2441
152
1506
2208
546
1863
371
1732
295
786
2191
494
1568
1038
601
574
1475
495
2431
2242
2436
1192
2394
147
1532
614
914
2126
1140
94
1184
645
1812
1081
162
697
2290
627
931
1786
965
496
305
88
812
1727
444
1633
1325
581
1701
1407
226
1509
186
1025
1418
2364
472
528
838
1665
1570
423
1519
205
1179
2495
2285
1246
1438
1596
897
1794
1022
886
372
606
1155
925
1308
1008
52
1205
82
1883
2011
523
78
19
670
490
2461
1477
2497
1034
1600
1936
672
2295
557
1132
2391
1831
192
1555
547
442
1775
1135
1186
961
678
663
1478
1522
2448
1915
604
592
246
1964
2230
282
2176
2414
1926
872
2160
1091
2156
2236
784
268
1029
1362
2071
960
1934
1780
2057
928
1237
2103
2341
920
1458
563
2108
1188
1842
61
1777
2367
2114
1837
1093
974
910
935
1074
1571
596
1557
261
803
2361
782
1791
530
1006
2366
1667
2400
2102
173
758
1626
1874
1227
984
1122
484
298
1101
280
1027
1297
717
129
1843
2288
13
695
2007
405
475
250
1661
300
1048
1080
2062
45
1231
1648
1382
1170
896
1021
2306
509
891
2172
292
1009
1234
2052
963
1181
2289
1564
1778
1248
642
1452
1124
746
1007
1424
1300
741
1666
170
915
395
946
539
180
991
79
365
1764
1195
1840
1715
422
905
1792
1039
2149
2347
2031
1277
38
989
2243
1463
1973
2159
1746
1988
1616
1613
1222
2265
827
947
95
668
1185
785
873
179
1215
91
932
1710
2198
2150
726
908
1977
2091
826
1389
156
1821
2482
237
1102
836
1582
1250
309
927
1789
866
1724
11
234
1476
644
2494
541
63
550
1323
2070
2177
703
2212
41
1042
1856
682
953
669
1270
2406
1072
1028
185
2134
106
970
1902
1728
1295
1668
1068
1734
1658
2097
1887
549
801
18
1913
297
1283
334
1156
1030
489
2433
1206
206
1591
1597
902
139
1544
67
22
62
486
2232
564
1896
31
144
1353
1640
583
452
680
2459
552
2039
1046
165
1961
2381
1481
2117
738
492
2359
2487
2247
941
2387
1510
460
101
2118
647
874
1386
1989
2238
303
1096
2214
2358
1117
1129
2050
193
1498
1136
1974
1992
2193
1962
1060
70
459
890
2464
1548
1871
2231
860
497
1019
39
1652
1104
195
1365
2043
446
1674
2045
1410
2257
2344
264
1207
1958
323
97
568
479
1446
1707
1653
1137
318
1935
316
23
1422
883
1763
370
626
532
2336
2054
1299
1972
190
262
708
3
2111
830
408
1779
235
1401
1878
2315
37
2385
1912
1342
191
2215
2079
1978
366
955
1528
2226
1713
1999
2396
319
1350
638
1606
821
1860
599
1854
403
1897
1959
1882
2200
1609
1180
386
1537
702
2132
1946
1485
1807
2428
1204
1750
2457
949
100
1097
854
1983
1742
491
137
1053
519
1406
508
2020
1614
2184
1306
2014
2302
430
2015
2353
1852
2197
1679
2298
1312
589
85
1293
2167
1817
1976
2373
1572
24
975
420
1502
1858
1052
2382
2312
1356
1303
1872
900
381
1432
1642
657
1985
2267
116
2292
1704
287
1278
470
398
142
2
1589
2354
2169
884
1937
1198
1037
1798
2483
304
223
2283
751
1960
2174
1891
2083
799
1315
2065
98
86
1686
258
2085
1285
1938
2322
551
2219
739
1
2019
898
1716
2210
520
706
1462
1242
474
448
1322
2304
1577
286
64
1664
336
846
990
1552
1828
2152
2207
225
2030
487
2330
2468
174
1065
1834
725
2078
482
2047
433
971
1120
1484
313
2146
1011
2075
2145
979
8
2095
2474
705
432
1032
1607
331
1150
330
594
1125
1347
483
1482
553
2060
1131
624
240
352
335
2263
2270
1286
2262
621
956
888
281
1364
2445
943
219
1605
1090
2064
1244
692
602
2122
1531
1146
2076
1677
279
1788
845
675
1317
1739
1709
2053
2148
1223
1954
1391
2250
1326
1948
1877
2326
288
480
464
2314
807
1621
889
2100
2190
1332
123
1515
391
2239
1731
870
2500
1095
1087
2192
1289
1089
1919
353
689
555
1447
409
1545
188
2141
413
20
843
2005
1348
566
797
1859
1922
1756
730
611
1951
1729
1752
535
187
2027
1719
919
1892
2260
2339
1944
2356
1558
637
1058
1014
1660
1098
44
164
818
1873
690
1429
2123
2199
2129
2012
880
934
1296
1012
2423
108
65
368
163
1688
567
291
1569
340
688
983
760
2171
1337
918
2316
1467
1927
1276
2434
1130
2456
1772
114
681
650
2165
516
2351
2278
1491
1811
815
1273
1086
407
892
1654
2318
1534
155
1330
1517
1440
2187
618
1062
1216
1672
828
1885
1645
124
2255
1259
736
1647
2016
212
6
15
2415
1388
856
1898
1493
1726
2324
950
1360
1044
2105
959
2430
2251
641
1916
1344
723
248
415
2037
1529
997
2131
1839
1942
1393
1950
2163
1220
357
1193
437
881
2081
917
720
1041
1333
865
43
1043
1505
2398
1144
338
270
1602
1755
863
585
1243
1319
1636
790
1914
2090
1524
977
577
1013
1803
2374
1824
2462
1379
504
2166
1352
1141
628
384
2017
25
332
1290
2357
769
765
500
2121
586
1423
1435
348
2206
2393
1211
857
1760
110
1284
1759
506
1832
2273
227
1119
2221
569
1168
653
2370
1508
1525
299
538
1673
1047
1272
1031
1265
388
266
172
2218
503
1566
715
514
2435
1762
1547
2022
759
2412
571
2490
1103
1173
113
2470
2124
1010
46
513
10
349
2195
1367
2259
699
1818
1426
655
443
244
2237
1819
1421
1692
211
1340
251
1925
1282
2299
306
887
2000
81
2397
1630
1313
2073
1718
477
842
1118
245
99
527
1518
2264
55
1717
597
1928
2189
1986
2363
363
83
980
1643
1235
2380
488
1698
1714
128
1801
2345
325
1900
1761
382
972
2476
1611
562
1417
418
1496
1230
438
376
341
707
2365
72
69
148
1689
290
2033
2130
1488
2143
2323
882
952
1861
454
1980
269
2204
2466
1736
1354
1745
1651
1369
2355
779
1241
1610
794
397
1635
1247
2147
1923
2328
1183
992
649
578
1158
755
1662
2279
999
1696
1480
2392
1966
2042
1166
1703
916
1398
7
1301
1773
2451
722
134
2211
1499
1730
2040
175
1126
1588
1225
762
2127
2068
1000
2234
1035
1768
728
1546
1357
1565
2440
517
1649
1320
744
1523
1646
676
2069
754
1329
2140
536
463
2213
735
2209
1281
1145
2293
2248
2115
640
579
1445
1070
775
2375
89
808
1298
671
1805
1466
1628
2402
1656
1001
1468
907
1513
2471
1154
1675
1133
1380
518
1844
1472
1279
1822
859
853
1395
1634
2044
2074
505
2106
50
849
2025
2287
2049
1139
1617
951
2228
677
1836
1251
115
711
816
2181
740
1371
283
929
2021
639
2492
2235
1085
1240
1274
1291
1990
1994
993
742
2424
1121
127
2104
2252
1757
1541
2028
1982
1830
1408
53
1465
1113
32
1210
667
14
1638
451
1106
1671
2063
149
1368
1712
453
713
1904
2399
1869
1608
2416
1810
2008
1331
120
481
1868
197
847
1275
1622
1321
831
1769
419
2442
774
202
861
1965
1924
1676
1721
1838
1287
809
1212
570
96
473
1520
1705
2333
51
1827
2093
2480
2472
2418
1099
721
253
1016
2437
698
1825
2334
696
1455
119
265
1094
938
1214
1847
1823
1970
