1473
527
285
1378
219
2260
248
1183
1708
133
1132
1213
2188
2270
2030
1658
1664
838
1686
746
497
1554
1069
503
1250
1846
1399
76
2374
318
2225
978
12
1594
1186
1505
606
666
262
225
1134
1712
1484
2181
2455
1258
1752
2495
512
163
1766
308
1468
751
1145
942
2246
2265
1599
2437
718
2421
159
1036
548
507
298
2062
2023
525
2136
565
2282
141
2321
2435
1363
1709
1947
637
1039
188
2303
2015
1221
2103
2347
1017
975
20
1395
2174
1583
1440
689
1787
2299
376
1281
2085
2093
2307
412
1411
895
755
1495
66
2447
508
1386
716
1614
2185
1620
1775
157
2371
293
1377
342
688
811
495
106
586
891
2476
783
101
924
1066
570
1332
434
2253
2171
1518
473
2087
733
2479
1713
178
25
626
633
545
283
1525
1084
1410
2269
1043
917
2485
1141
1259
1802
175
723
843
292
1376
2195
1843
579
2141
1981
246
355
1969
1373
424
622
572
530
1003
696
1031
785
1471
1897
316
927
760
859
1695
396
1910
39
2240
1173
945
2055
1232
1547
1822
275
481
1885
172
801
701
10
1187
711
544
671
763
427
1555
1546
1198
1308
2386
897
743
1487
314
444
1962
467
906
373
821
22
1208
1152
1207
1685
377
822
1296
83
1059
521
2469
1748
2224
940
1170
1370
87
1126
1666
305
816
2304
1393
2063
180
1841
302
2305
1580
1185
363
1392
558
782
601
223
117
950
1626
403
684
353
673
540
1199
364
636
1601
887
709
1115
1105
397
1119
2183
599
510
687
2391
453
650
2450
2408
1851
1375
1522
112
221
1057
295
2382
889
964
2362
1689
1273
181
2028
222
1430
440
690
1637
1609
317
1015
2377
1742
692
941
866
1957
439
122
1123
742
952
1693
1329
1898
1526
2316
137
2328
2082
899
282
1453
583
1755
1371
339
126
1099
1201
807
2120
44
1902
721
580
2428
1374
813
2094
928
300
1010
1435
2306
2156
1627
738
1820
2423
1044
2292
786
916
1364
1776
86
509
1622
735
1996
1251
1379
1634
1148
1707
757
47
2014
93
443
1895
179
1723
2197
903
938
1737
1368
1470
1621
775
468
1120
477
2452
873
1452
1761
1677
9
1104
1366
1850
556
1629
256
827
1266
663
1953
1068
789
1523
726
1938
34
919
2217
368
1217
1994
634
632
464
1289
2349
50
1606
1900
1913
2067
2341
2399
404
1291
1588
1305
164
619
2275
257
1602
1716
1248
846
1536
1946
480
2131
1052
2061
276
2449
2434
1243
84
610
1361
38
1130
2052
1149
2218
2330
1874
2140
1102
1074
1911
238
2250
615
776
949
268
543
1972
2324
912
717
768
1137
1365
592
898
1348
2245
2327
695
1805
205
935
1018
1511
1299
171
2445
2427
90
2227
2484
484
431
422
1404
1648
2125
366
1699
1864
1951
697
1678
303
2100
909
2046
2005
1472
374
209
1791
1578
722
847
744
1738
2481
1167
469
263
2024
937
1502
936
1876
1091
691
1345
584
213
258
2013
227
2462
849
844
1950
754
2215
1856
462
724
1576
1906
864
85
226
875
1772
1516
479
1317
466
2393
1778
1592
104
1836
1260
139
1590
830
2378
40
1458
1780
886
1945
1656
1715
1306
1067
1959
528
1164
33
1893
1635
1290
795
1569
612
428
1422
1824
82
1227
2090
1154
638
848
2002
1040
65
2137
1661
614
1009
1222
2166
2281
1241
985
725
670
127
2346
2410
63
1565
1879
1917
1860
2208
79
2440
449
979
191
1488
1793
607
1294
1896
1603
329
680
1237
1114
324
2312
1301
1736
1673
1436
1852
2049
1286
1574
2149
943
2277
116
2112
2098
278
1045
1211
486
562
1238
2009
1795
2414
1751
138
1790
661
2060
1875
1633
1014
639
92
1318
436
1205
2372
1934
1423
1598
1552
2110
654
1432
1785
1315
518
815
274
1311
2219
2118
2019
119
454
1704
2026
2415
1443
91
2357
351
2043
620
2313
1665
511
1731
1561
553
148
1124
390
1859
1346
2279
1753
922
1625
1582
1082
1958
539
578
1246
1995
653
2011
761
388
1360
234
1797
198
954
732
381
1302
99
4
818
1169
2257
193
244
1952
2184
1833
2078
2068
2124
699
1382
968
459
1757
1446
828
660
2343
740
402
352
1178
651
1965
2458
2031
1206
965
780
720
2010
590
430
1276
667
2139
2167
1577
2380
1030
505
2463
1355
5
1741
514
1249
306
1759
369
1139
2213
1181
550
2456
603
1476
693
1652
1838
1113
1887
2309
1028
1449
470
876
713
790
1718
1038
94
1997
1827
1007
804
132
1660
2069
2453
1649
124
627
2101
948
123
448
2432
657
1823
1140
2338
542
230
426
1109
2272
1391
128
674
1034
1336
885
488
2059
311
1533
1061
2153
1394
269
1412
1647
310
240
476
1726
900
892
624
26
2236
31
1706
1531
182
1143
707
1284
2119
2490
1029
1733
1268
810
1128
2500
833
200
2461
1097
2006
211
2170
313
1529
1863
1210
1121
2018
1974
1570
1544
2176
414
1702
992
1270
2029
266
2035
1408
759
27
1098
1021
957
51
2095
192
1224
608
1216
959
1604
2400
1357
1298
35
309
969
1389
103
345
1092
321
60
1595
1131
752
2132
1027
411
2424
613
2255
577
232
1490
1560
1499
1553
966
596
890
1989
1172
410
831
1202
2248
1899
1960
379
2177
1720
2144
1854
362
2230
494
2247
1304
1611
461
1845
166
145
2488
1214
327
24
839
1521
2413
349
749
2164
491
1955
1448
656
199
1654
646
541
271
224
1926
2317
1358
2038
2089
1176
2243
765
155
299
1309
212
668
932
43
980
568
860
2336
1324
1829
19
1855
2468
1559
2389
1922
933
675
573
1591
840
2150
1941
2050
549
419
1700
2475
1002
2129
2241
1024
1409
98
1593
1351
425
1781
1064
1509
2351
2261
2202
1146
1347
2001
1403
1826
554
1004
1921
1075
2376
1866
187
2142
1402
1538
3
2206
1011
814
2311
2192
168
1579
517
1500
107
334
2076
152
386
284
1940
1419
1354
1642
1297
600
2499
2480
1107
2186
585
1463
2494
229
153
908
1617
2081
330
1806
463
1122
1894
1055
2466
1287
2333
375
1877
1051
1219
1587
2173
214
206
28
1300
2472
2196
1927
2180
1108
1046
144
1784
2058
655
1872
862
1768
354
1543
1631
2288
170
598
194
2117
1908
1356
1930
1262
398
1144
1978
774
210
1786
865
1830
1026
2216
977
356
1870
2232
2042
1427
2425
136
552
914
1571
1255
2464
204
252
1062
474
1464
1245
1517
1991
2226
2460
534
88
2057
515
1520
1568
869
837
802
1455
2203
143
910
445
1691
220
824
973
249
649
1462
812
1528
2465
1961
1451
490
1247
2212
796
1681
1675
1697
1396
747
1746
2291
169
1431
1573
1767
1680
1774
1550
1478
1323
1070
2211
259
808
609
994
121
1037
1159
1792
2487
1811
2239
2293
1019
2155
243
487
2084
1613
2249
625
2296
597
478
2146
1271
250
389
1668
61
482
1060
2160
560
1865
264
130
2044
1096
799
400
2353
45
2401
80
1798
877
1943
1796
1732
54
1890
1597
1252
1006
289
1414
18
616
1400
2493
1491
1209
2492
74
1265
2348
1117
1847
1721
1935
42
1892
1303
2290
1264
323
991
2467
1330
1844
1918
930
231
1319
2368
415
981
2073
358
2096
1987
1383
2041
826
336
1195
929
1135
888
2154
647
856
1496
1762
2229
1372
1236
165
1659
1282
2194
2478
2070
643
247
1163
1050
1739
995
77
777
1180
361
1857
1984
835
677
1837
1474
1086
1669
2268
524
1071
113
2022
1
739
1729
1418
1077
1401
29
1321
242
1158
2108
406
2439
1288
2491
741
384
2169
1928
2016
446
907
195
628
1539
2409
773
326
202
1023
1000
1334
934
502
2027
2036
62
2158
836
1575
1714
1813
1343
538
1322
2285
167
114
344
617
280
2405
2271
588
1512
1924
174
370
1194
1771
70
2395
1808
2360
2420
2251
2354
893
1467
2113
2441
1212
1607
118
1359
2133
255
1636
8
1118
338
2431
913
407
731
1530
147
1155
1444
1628
1295
983
1239
111
958
1871
1532
803
832
1429
1632
1612
2322
1672
2162
281
2223
53
442
2406
41
2448
1758
563
383
1743
904
391
1966
1081
1674
1956
405
394
1804
1719
1147
420
2130
2363
896
781
23
1326
845
1549
1619
2172
1369
797
2477
1548
260
1982
2200
1831
1939
2352
2373
1177
239
1754
1168
1985
1535
1551
788
1725
1584
1461
2381
986
1663
778
854
1220
129
2
331
301
1428
1891
1129
1562
2205
1937
1534
2198
1684
923
604
2045
134
1884
1794
1977
2350
939
1001
1233
708
483
348
842
1469
1479
2114
1814
825
294
2088
72
1103
1492
1100
1740
1498
861
681
970
328
1101
918
618
520
594
417
1967
841
999
1272
207
602
630
233
884
142
500
2446
535
2075
2207
156
2053
705
1914
1670
989
1690
95
787
2161
290
1616
1127
1779
2433
2152
493
1506
1585
2276
73
1335
2411
1651
2422
2182
1655
1883
1618
320
2473
217
2345
1485
2366
1504
574
2008
1387
2396
1153
485
672
1971
678
962
1839
1903
1807
2412
745
297
36
1447
2039
1912
346
196
67
1426
715
2157
710
288
140
1230
1724
1564
71
11
1880
800
1514
997
1437
1705
2359
1925
435
1932
1828
2267
1320
2335
829
805
315
1388
2262
581
881
1349
1646
1909
501
241
102
1253
1293
1493
291
201
109
734
1623
1756
1190
1692
68
1901
81
162
1413
14
2496
2483
771
652
296
2310
2375
736
1853
1643
2254
2334
772
307
2417
1032
664
1342
764
719
158
1150
874
2365
737
457
1328
277
108
2339
110
820
593
993
1815
2083
1292
2143
131
1694
1312
1882
730
1483
438
857
2482
532
871
1425
700
236
1073
2234
2086
1503
506
1701
2274
706
1142
1810
1433
2104
32
1812
2286
629
882
1274
644
1421
1279
409
2220
1540
2264
2320
215
665
1240
1225
1337
662
769
2300
1457
1465
267
1600
2099
1340
2199
16
961
870
878
1020
640
762
2356
1782
2128
1801
1999
1749
1200
2318
2498
2379
387
2111
1615
97
1653
367
2308
2235
1710
1175
2390
956
1314
2080
55
863
529
1090
990
1832
537
1203
64
2097
1405
1624
176
1450
1283
686
575
2397
504
1257
2109
2287
2107
2342
2065
498
1825
1218
1657
1254
360
1964
1998
1420
15
2325
1156
2369
2444
1267
926
1133
1434
237
648
1671
1398
1735
1234
611
489
2355
2242
2337
2443
465
1106
1056
1508
531
1519
753
496
450
767
902
1380
967
2116
1734
359
228
1973
1667
2034
536
208
21
1138
393
1769
566
972
1352
2145
2426
1507
682
533
2457
1083
235
915
1338
1460
1184
911
2295
2168
1545
1016
960
332
1089
190
1022
455
1072
1834
472
2238
312
2214
868
1215
635
2388
1079
1226
1638
2051
1557
2017
2221
173
2123
851
75
1171
1904
1605
1936
1174
1789
996
793
1920
2344
2474
2398
1223
2459
1747
2259
1327
340
2201
1489
984
2012
571
1085
185
946
2072
894
1025
154
1125
1858
1513
270
1722
2190
1803
931
858
1954
197
413
947
2451
685
1438
177
2159
551
441
1390
1816
1907
48
37
2436
1537
1770
272
1840
1888
1923
1717
714
1696
216
591
1683
2187
2489
2403
1445
582
471
951
905
385
1012
1093
456
766
2048
631
161
1441
1764
748
2358
1049
555
1048
522
100
564
1730
1818
1915
1711
1949
561
408
1008
1929
2079
1849
1983
2074
1501
447
1662
2064
1975
1063
1182
1416
1980
1728
245
1963
1650
1384
2364
17
135
1510
2071
451
1703
2204
2037
2402
1942
1515
2175
955
1278
7
1881
1456
2442
1406
1944
2121
2066
2454
1486
1682
2266
623
1151
372
2258
1162
1848
1280
1188
1407
2429
1868
880
2165
516
1415
1527
382
2278
1777
2392
350
1350
698
1572
1765
998
758
2252
605
2497
499
335
2233
2244
1541
1331
1193
1459
1931
218
2138
806
1035
416
1821
1041
1494
421
920
727
1229
1566
378
1744
1053
115
703
105
2326
1979
792
1047
1878
2367
2228
2056
834
2394
1256
798
186
1157
702
2231
658
2294
784
2163
432
1783
2331
1424
2301
1990
1817
1439
2148
641
2273
659
523
429
953
1263
1310
883
1285
971
1698
1610
1809
1968
1397
1111
559
1524
1353
254
2004
1165
1442
49
57
2040
2284
1688
189
2102
1556
1313
1095
2319
750
1993
1773
322
1645
974
1862
452
1078
1608
567
1567
418
557
1191
2471
1196
1033
1417
1367
1842
1763
2127
475
13
679
319
149
819
1886
2340
2407
513
2210
1054
146
1727
1889
2021
569
2283
621
2032
1919
1231
853
2370
2416
987
380
1466
1192
1179
2314
712
1905
1933
184
151
304
1948
645
1630
1080
2280
576
944
343
365
2135
2126
2193
817
183
756
2007
2470
925
2361
850
333
89
1385
2332
1088
595
2047
46
460
2105
423
395
253
809
1344
2122
2383
1970
1477
1867
2404
150
2209
1750
30
2147
519
2387
1058
1589
1641
2054
2151
287
1992
1042
2297
2315
251
988
852
1475
1745
704
125
1800
1275
1160
1976
589
2189
1307
265
1687
325
526
1497
2289
1112
823
1596
1819
52
1166
1581
770
669
1116
56
2077
2298
69
794
1087
1873
1639
683
2191
1204
1197
1861
2092
2430
371
1988
1094
1563
1760
458
492
96
2106
1480
2222
1481
1110
6
1005
546
1316
779
1381
872
347
1235
1065
1136
1482
976
1339
2178
1542
1333
1558
120
587
642
2418
2020
2179
58
1986
337
2263
2033
2000
279
1161
2384
1835
2419
855
982
2003
1586
1916
392
676
867
728
791
399
2486
1362
1788
433
273
2025
160
437
2237
1013
1269
547
1242
879
1799
921
78
2329
261
1244
2091
2323
1341
286
729
59
1454
1869
2256
1261
1644
203
1189
2134
2438
963
401
1228
2115
1676
1076
2385
357
1640
694
1679
1277
341
2302
901
