463
1085
25
2060
401
1830
2416
2125
1780
844
1924
1586
1652
2310
946
1194
1479
632
2371
1646
287
1478
549
2452
658
275
2354
2316
552
673
958
1319
1360
1899
2197
718
1345
186
1598
1629
97
279
1588
861
12
2066
476
2121
1876
264
1034
1698
1099
2092
1762
1582
1538
1001
872
1963
774
1857
2098
242
1677
2183
587
529
1328
1190
2407
605
183
1949
92
757
751
1058
748
243
510
2363
267
122
1697
1700
1399
247
1784
238
700
2027
681
2013
2235
2269
174
2401
2199
2133
2476
1855
2122
1394
1048
229
493
1695
656
2464
164
655
2251
780
1611
1665
270
395
1571
1706
760
1102
432
527
1599
1533
856
597
775
1747
1302
2118
1604
913
1160
530
972
838
505
949
202
1283
171
2155
1189
980
1627
1107
298
711
1690
386
887
843
2265
1980
2202
277
1616
814
679
1634
1667
255
1050
256
1775
1918
1805
1518
2358
1998
555
1985
1156
1207
1293
7
1666
1243
380
2328
408
1675
733
1104
540
205
2378
2227
176
2021
1094
1601
2120
865
591
1847
1237
1580
1185
1798
895
110
1449
1930
697
2274
1300
1407
199
1141
1131
1661
625
1488
1191
154
1848
431
1940
410
881
192
234
237
1473
334
791
328
113
1974
671
261
1885
2130
165
1057
599
1465
1382
767
2137
2337
137
1872
1075
1674
2012
514
830
792
89
1078
1671
299
1073
1152
595
436
1123
1524
1472
216
135
403
424
2041
1782
1430
2232
1739
787
68
531
11
85
1612
1903
404
1881
1096
902
19
1779
1100
1929
867
2314
1893
1380
1925
1410
312
1181
2075
2163
1991
1450
665
489
2405
30
318
2228
1218
475
1886
777
393
1777
1172
1230
1838
2477
916
2313
1510
1500
355
1286
1740
1362
924
1542
15
444
1397
1090
2190
2366
2050
667
670
2083
448
852
1896
1370
2284
1536
2411
674
1259
1349
335
1734
402
534
2419
1567
1852
1126
1165
1708
546
1366
1748
1894
1285
1373
2261
1866
816
1192
52
1298
227
2119
339
2471
1578
1717
53
696
1570
2449
1321
331
289
1389
245
47
272
1040
1788
2203
8
271
1296
886
2311
1676
1405
2427
1583
538
2402
278
1128
2234
1074
2187
2216
1009
589
2184
2312
1965
1951
1329
2224
191
652
1155
962
330
2008
1897
721
1544
698
1101
151
248
1295
842
2087
1281
438
1931
2345
2433
1119
1115
39
2103
494
2131
1503
179
124
1261
1113
1443
690
1607
1103
2369
753
2347
236
951
1193
1711
1004
1006
1052
723
140
332
878
1477
2134
770
2442
719
2380
203
699
1678
585
1525
1559
293
701
1071
666
235
976
1020
99
523
990
106
2417
1789
2047
2455
2031
730
375
1069
1199
2136
1120
1602
1106
2078
575
1381
1863
1297
752
2438
320
6
1412
1622
731
2108
871
325
1383
2388
1111
2166
1553
2320
82
959
486
693
2086
772
1944
1713
1660
285
1200
2308
231
413
80
381
1686
284
2322
630
1431
1493
808
1320
1685
1402
1332
504
411
1005
1750
1850
1642
1018
543
2201
1198
1659
1098
1268
2052
1070
2321
1639
551
2403
1877
1091
607
200
1683
1425
1794
150
732
2454
1289
685
221
1824
2153
930
1840
983
565
2111
468
497
2444
947
1865
2100
855
2033
1002
1511
1873
1720
580
1859
2435
2494
1726
1092
832
2418
233
644
1269
1470
129
496
1556
1673
136
573
29
883
1214
1365
598
329
2095
281
985
338
1361
152
361
2456
1469
900
1569
54
1036
796
1654
2350
1656
1089
1210
276
127
1846
1203
1344
2220
2478
446
201
1614
919
1962
1934
1464
1754
387
2307
2334
720
2399
1902
873
72
70
1573
691
739
952
1215
2135
849
2024
536
795
1626
2018
246
1158
2330
1137
37
1808
126
797
1354
2468
2105
1728
827
1603
357
209
2326
1288
2408
771
521
820
1116
1041
829
778
1527
377
1742
1265
1835
606
1939
469
1551
1844
1219
2009
292
943
2014
870
3
2306
2243
1608
2037
559
268
1787
73
2437
484
1512
1826
10
1568
1636
635
2043
224
1
1853
1554
600
2470
1827
2303
2213
541
1806
1274
442
2229
109
1151
1142
889
926
904
908
1736
1497
1299
654
663
477
854
294
1555
1186
1213
1523
1890
2178
141
1916
539
405
736
1391
2210
713
588
1621
1084
1909
657
1164
1976
1413
858
2186
1411
336
1772
809
427
648
822
414
1996
1733
650
1350
2150
1209
1792
1053
2273
2023
545
687
1971
333
875
1600
804
672
1149
815
1347
636
866
46
1324
2042
2181
1658
906
1692
2459
1945
896
1404
921
2258
603
1947
63
542
283
1912
837
1829
610
2264
2096
26
988
1691
2344
2256
59
712
2384
2492
1981
74
1270
430
750
103
2443
1558
572
1206
138
490
390
593
2339
2222
1585
561
1434
782
910
825
1027
1121
1021
1212
1247
759
2426
435
222
208
1663
1530
2211
2147
724
898
1504
755
1039
111
1455
702
2297
1755
2394
1854
1563
1624
2421
434
668
850
2160
1796
1933
1651
2138
1290
2035
1999
1171
522
1267
1610
1453
2465
96
1927
1330
2296
1276
2429
2458
2182
2214
2063
1979
1122
1910
1758
1793
2267
254
121
948
311
2124
2275
455
2352
689
2157
1179
57
1657
583
358
518
17
1252
1422
398
1550
1279
1688
516
230
251
160
1913
2495
1749
2257
1202
1060
909
1828
2309
321
24
1229
1795
263
986
1769
2436
1105
262
379
2360
195
788
617
120
2079
802
1437
2415
148
1388
578
2292
1031
1560
1012
1244
2148
1994
1146
98
34
1587
1950
612
2038
2451
773
1235
503
1833
637
406
193
142
1169
1682
173
2472
1232
784
1083
1474
1721
1977
813
1892
114
2194
2500
1368
133
273
841
893
1448
1287
1359
1466
1915
1150
1307
1637
1416
1177
177
851
590
1447
1623
1771
1135
2106
1240
2226
43
577
2
102
67
184
391
566
1077
703
492
2093
2365
1112
1072
651
2061
465
79
1961
2393
2420
987
2001
2266
2069
128
664
2097
1645
1125
1446
77
1765
1424
1535
265
2397
48
499
640
348
2017
1140
166
2285
1507
581
1423
882
1145
2317
848
2318
660
169
1995
1334
1278
907
105
2343
1305
2032
317
118
803
801
1062
1724
1280
971
1313
2396
385
86
2089
1417
206
1065
464
1318
761
145
363
466
533
2290
2370
2271
64
764
1813
995
1379
95
117
2474
157
2410
213
749
1606
1440
2497
1291
2346
2486
428
2020
2446
1732
2286
23
2278
75
880
1832
147
181
337
798
1966
2068
1705
383
734
1547
1003
210
1157
675
1108
1014
1905
1843
1435
920
1935
1335
71
168
884
2252
1625
104
2185
2473
1988
596
90
2482
1095
975
2113
1595
1183
170
1526
899
2404
2432
260
1168
1312
1767
396
1861
450
1461
1159
2289
1481
451
14
2168
1860
738
125
1258
94
1304
1180
1323
933
1452
2450
2491
779
977
1617
2341
146
219
1406
2151
1147
828
483
1819
190
1810
2198
1396
481
1756
112
1223
953
1919
1702
447
40
2144
661
623
296
2490
834
1063
2240
495
1522
1684
1282
2091
2067
1761
740
2004
1849
2003
1038
1541
2488
1427
1166
1993
1514
1763
4
781
1672
1605
1546
1301
239
999
708
2395
935
2034
1968
454
1492
1238
452
2413
535
2294
790
326
517
1791
1579
826
2439
1869
456
1239
614
1220
620
729
592
1385
1254
2281
932
2253
1372
349
1348
1444
2080
2479
1187
1337
2172
1941
13
400
1432
763
2205
1358
1441
1548
249
62
1386
1725
2469
2447
2177
2019
569
1292
1017
407
645
1801
310
1973
1317
805
638
683
564
633
2016
1355
2154
373
917
1640
991
1351
1439
421
1735
441
1593
925
1669
188
491
1812
1401
259
1982
360
274
1445
547
819
1501
558
2385
811
472
2387
1589
1403
1816
862
793
747
1392
1068
611
474
1109
1969
1377
1505
214
1926
2325
1015
1737
1211
1822
194
1409
992
2195
1790
979
212
1353
478
710
189
2353
954
1082
2412
1519
399
1352
835
1056
2110
2084
2376
2099
81
253
1364
2146
676
1486
824
300
1144
800
417
934
2217
1953
2440
2489
2304
257
2180
634
817
1054
707
304
1227
2193
1618
2324
2245
2361
1529
960
1458
1643
2070
1310
812
316
1710
1975
1346
163
1901
2414
965
426
1923
1649
1718
2140
927
821
1153
459
2085
87
1028
885
368
616
1222
1130
1387
768
392
1340
1738
735
2036
172
970
2375
1609
1900
2340
2156
2115
890
422
457
1670
2348
1620
1341
2270
756
33
938
1638
2065
2200
2374
2114
859
1647
101
1471
2164
2425
2263
1303
2011
544
2010
839
425
929
5
2025
346
1480
2219
2250
1467
1118
305
1956
1882
2367
100
322
1059
1884
2174
502
584
579
1752
1216
340
1804
1914
725
2026
741
594
840
928
2319
1776
1958
1664
1633
742
1545
1786
182
1870
416
2000
2239
211
36
955
429
2218
519
2333
2233
1263
119
415
997
1753
69
1799
31
556
1173
704
16
509
226
1707
642
686
869
1494
1249
705
1837
939
115
356
2171
1760
1641
1182
323
1029
967
2298
937
1248
2161
2483
2445
198
515
1867
1898
156
196
1565
969
511
1888
297
1957
351
295
2498
2287
1400
627
714
1398
1699
479
1557
2406
1081
2335
1785
1256
1167
2277
437
2074
50
2268
1540
130
1997
2102
2141
1369
2189
2295
2283
2188
460
1802
1596
51
153
553
1874
2249
528
365
384
56
197
1613
1751
1823
1774
1489
2390
1327
2327
615
2006
776
132
1277
1825
2280
911
506
1188
291
366
290
1811
745
891
2127
217
2381
1491
799
2424
1938
1513
626
1393
1086
1255
1715
488
1236
1509
2254
1008
228
2173
27
1408
1817
76
2143
1148
2076
1552
409
1862
974
1124
726
2301
1632
548
982
1575
2441
984
1543
2331
60
1906
2145
1234
1744
1384
1134
1184
877
1917
378
1241
343
2112
1954
641
604
1630
2162
567
1615
1076
2391
440
1528
766
1262
2204
1757
1681
2430
1357
1490
1266
1741
433
2382
1856
1984
1221
1878
1475
1485
2126
2386
83
2208
1845
306
694
2398
1197
574
1097
554
21
847
915
2302
443
1013
2246
1719
1000
1133
218
941
167
2048
2221
2179
2262
2209
508
1363
1990
286
1928
1650
1714
369
2053
2077
582
1978
458
301
789
2332
785
2242
159
449
2044
2132
1294
244
2422
18
2288
420
1414
1087
2090
1233
678
1858
2196
1834
1374
1731
1242
968
412
308
758
1088
715
1454
345
2167
1196
950
2349
1231
2293
2007
994
2109
207
2379
653
2049
1895
2372
1011
2088
462
923
1764
1433
1907
1333
918
709
2107
108
1175
354
973
470
1339
78
2448
2255
1943
557
376
1983
944
1457
2431
2176
639
1539
35
1694
688
1462
1880
2315
2207
1044
324
680
560
1839
2212
1959
2238
2082
2300
706
2359
717
978
868
922
9
1315
388
1619
371
1743
2002
1459
728
1064
1246
389
1680
1030
1662
2159
743
1496
204
833
359
892
1306
1136
42
342
601
2457
1037
963
2462
2357
961
1679
2499
1428
2351
1421
2215
280
996
2055
107
445
2496
1226
1506
1635
1326
1419
1864
1809
1205
1314
1228
1946
1251
187
2028
744
252
1253
2484
1516
480
341
1055
1584
1342
1655
823
2051
2244
2123
794
2101
1051
473
123
44
2323
2493
1390
362
162
989
1308
482
88
1729
1727
1225
91
1033
1161
1420
905
568
1807
2071
586
1127
131
966
1687
631
2191
1628
1562
746
1520
66
397
372
1836
2291
716
1689
1019
853
352
1174
964
461
2152
223
1456
1942
727
845
2206
1960
1426
367
1438
903
810
1693
175
1395
836
659
1451
1322
185
28
269
1138
1781
765
240
806
350
1820
2389
1309
134
225
1921
22
1273
1987
818
1592
860
2241
662
1797
1952
2305
1904
609
302
1597
621
364
501
2373
1851
1049
1325
1515
2461
629
1010
942
1815
550
1343
1922
2282
1022
220
2481
2336
467
2169
2231
2423
2128
1023
1163
1561
180
807
1803
2139
1566
353
498
1498
993
1989
1047
692
722
2342
1176
49
1208
303
1992
1476
2057
1275
1375
1970
1415
957
2058
2272
1376
1331
677
319
2485
1986
2054
1154
1132
1590
1468
563
2230
525
1460
684
863
2015
2225
931
737
423
936
846
646
1883
2192
2104
1648
394
1534
65
1336
998
2487
618
1271
608
258
2467
419
1143
831
2072
1129
2428
1482
512
1117
1887
622
1821
2149
2338
1841
1162
1195
1701
1531
786
2237
2409
619
282
1766
1644
250
1594
1709
2383
643
2329
513
1204
1745
624
1746
2236
1495
1418
1572
1564
309
41
1367
1080
1955
532
1581
1759
1920
1007
55
2081
2073
2040
2392
1016
307
374
1703
1502
1356
940
500
1712
1035
20
1778
1178
2377
2029
2046
1066
1079
487
2165
2247
613
1936
1875
1967
344
241
1170
2170
1093
524
2064
2466
1948
178
857
1783
602
945
1046
143
2463
576
314
1378
2117
2362
1730
347
2279
1067
1264
1631
61
58
2129
1217
1250
1722
1061
520
1964
2045
2059
769
1911
2158
2355
2030
84
485
1831
232
901
1032
1532
762
1442
2356
783
32
149
2260
874
93
439
876
2460
571
2005
1484
1576
1284
1842
2062
1245
1487
38
1043
894
1371
2276
1773
2480
628
914
1499
1716
1521
1577
2259
139
1889
1972
327
897
1316
1139
754
2299
155
2223
649
1114
1436
158
912
1024
507
453
1723
370
1932
1201
1818
471
956
1891
888
1868
288
682
2056
2368
2364
537
2142
45
215
1272
1463
864
2434
1026
1653
1696
695
1770
647
1042
2248
1517
1871
313
1814
2022
1574
1937
116
669
2039
1704
418
2475
1537
526
266
144
1110
1260
2116
161
1338
1045
1257
1800
382
2175
1311
1508
1908
1668
1591
1429
2094
562
2453
1483
1025
2400
1768
1879
315
1224
570
879
981
