356
241
2212
643
192
1148
1581
295
2091
1290
380
1117
353
218
1999
1322
1597
362
1452
1419
1574
727
1386
2150
1683
50
661
427
2035
120
764
1824
1914
803
612
642
432
1371
1274
378
1507
2386
1461
1256
600
1779
534
478
1955
728
2372
1642
856
188
597
997
1965
2109
1436
1179
1674
1171
1584
412
976
1925
460
2057
2102
1308
1728
2234
390
34
1926
2439
103
1067
75
725
1391
333
994
2444
23
646
146
1604
1376
1738
786
89
1189
839
1348
752
524
2395
2354
1493
1048
881
1908
885
201
2440
550
2196
1281
14
325
959
1208
937
452
1396
24
243
533
410
1131
1949
1161
2323
136
648
1180
961
898
1832
1176
294
2187
2139
617
456
1413
2329
677
17
710
1108
80
1657
1471
2355
853
327
1801
1744
2397
2349
2223
871
1060
37
2088
682
2201
852
2051
1187
2013
787
2040
2176
498
382
1732
365
613
2242
826
1442
1247
1074
455
828
1226
1764
2298
2252
1199
222
84
663
2366
143
2207
917
331
1305
1659
2015
2228
1482
1253
77
344
626
375
1795
1047
1577
2125
972
602
1234
1296
582
250
2460
1647
471
770
2256
2336
963
2006
1536
1887
1350
434
658
1135
187
1573
2330
2406
1512
2488
82
2185
200
99
1228
827
1020
841
2490
1193
1661
2428
67
1551
2124
2425
2171
1197
324
835
507
1363
2009
328
1476
1973
1656
635
2381
1346
2491
1487
2393
984
463
1439
1967
2175
2346
1901
545
1014
271
2409
1120
2068
465
817
1425
2232
1472
1695
1167
2044
1793
1549
1816
2317
1251
777
2186
2375
2461
2274
2448
430
974
1437
242
88
1032
141
2209
184
384
425
1150
2345
1944
1912
1112
1448
553
1940
765
20
160
2429
388
1823
2095
655
2112
1948
1356
2376
1906
1850
1446
1071
1104
1447
130
1610
2269
1483
962
1602
750
373
1086
2177
2347
2047
2443
2075
551
2029
1111
1829
1278
844
2287
212
513
1863
468
1303
167
451
906
1269
527
300
730
2174
815
2101
2500
1631
832
1905
1909
2157
318
2108
1527
1394
1760
257
676
1742
1169
92
1827
1315
2404
760
1433
1124
48
1724
1040
189
779
1430
1001
1607
804
537
2156
168
454
1861
1434
1910
650
1324
2045
2485
1458
845
394
759
535
2401
11
591
1225
2337
2283
2080
1708
1980
66
2208
2288
171
1557
1703
888
1517
128
649
266
156
576
1332
1454
2011
2170
1075
1654
1826
61
511
383
711
1153
368
1157
1988
924
1213
1015
1838
1481
2300
873
667
1727
716
194
159
595
43
1859
2265
2441
1223
1655
813
317
548
805
1051
1477
2438
1669
574
1555
789
1352
1900
1214
361
65
417
1675
314
647
2052
1969
1178
2384
2116
754
921
2231
1697
1168
808
391
714
148
2487
2328
411
2128
340
2197
741
439
2383
611
854
2106
28
1473
193
1888
932
337
2023
1302
25
945
1575
235
1931
908
1246
422
1238
1870
2266
377
1177
766
598
2308
510
1952
1590
247
1318
981
1615
999
610
1565
2240
104
644
2246
690
1360
1622
138
1759
1345
2357
2293
2494
1162
842
1846
2387
874
214
1637
1809
823
903
1478
568
137
2097
905
1027
2459
1326
491
680
435
886
87
1496
2148
1181
2233
851
119
1414
448
2218
1930
1589
1537
444
191
2037
227
335
2403
692
1397
139
990
2492
983
1031
637
1342
539
729
185
802
720
2221
878
1155
954
1650
469
2299
1381
303
2165
1323
1652
1670
915
868
1685
2248
1295
521
1682
1362
1805
252
1076
775
1569
1618
825
1475
1706
1306
1053
2094
1711
1978
1268
281
1774
2335
256
323
131
2412
15
557
1422
443
1105
1617
269
1144
1891
1377
3
1412
2322
349
217
364
824
1236
1077
1812
346
2089
745
867
1990
2306
1821
627
2055
59
1554
1954
1997
1673
1409
622
783
316
569
240
1692
155
920
1746
859
2371
2427
1993
1833
628
953
1468
2005
1370
2086
1750
1897
2017
1401
1073
2189
1849
2301
1344
1435
1608
2079
2059
1220
2065
1091
1154
2363
2470
1030
960
525
345
1681
784
2160
198
426
2182
2022
1297
2423
1151
501
2074
2479
2321
2391
499
1
206
6
1313
466
681
1634
1749
1367
1956
1501
1508
2199
731
566
1771
810
862
2296
2179
2379
221
1979
528
1600
678
1639
1470
309
807
387
1957
1690
958
2062
1136
1806
494
996
1045
1707
2495
341
45
13
587
179
1672
1539
470
1598
814
1781
62
1986
957
668
2078
1583
2478
1404
970
2430
1509
234
1138
1699
2202
1684
315
1005
1735
1658
703
559
570
2155
985
363
1429
2326
2257
2463
896
679
1696
2016
2135
1790
1736
332
2456
259
1592
94
2331
2303
665
1698
1292
1002
152
870
1339
2431
581
998
1029
979
991
774
261
1341
1531
2464
1094
1338
980
1469
1271
447
719
1950
1834
246
592
509
1382
848
928
233
1526
950
1329
1065
1756
216
42
438
2239
2010
57
2191
1535
386
2050
2454
68
2210
965
1638
1445
973
1058
1092
1165
490
1709
305
1109
748
800
1941
477
919
530
1538
409
2060
2481
329
512
936
245
1687
407
102
1817
2340
1519
125
2169
2424
1984
2121
402
1039
952
715
993
395
758
1427
2220
2434
1114
1474
2294
1743
1166
605
308
1466
1358
1713
1283
123
2466
624
1857
781
1357
253
1018
461
2435
1839
52
2316
1182
282
182
1858
311
1802
147
2164
418
831
656
2192
2105
371
1680
51
74
717
1285
1664
190
161
1291
1877
1924
1198
552
2024
91
100
594
1780
1686
769
1505
1036
2382
1981
695
1132
2039
1361
603
1595
408
1232
1479
1175
706
931
472
969
173
967
609
880
718
2099
1255
2141
1498
55
1621
767
343
181
1044
794
1715
163
2356
2162
697
1778
1081
2229
882
1078
107
1316
1459
96
7
1460
1783
2473
49
732
1665
1561
2289
1206
1987
2342
420
1195
1547
1056
207
555
1250
801
615
1770
1049
2237
922
2137
554
964
1490
1644
2350
883
292
941
1444
251
2343
849
108
740
904
1953
2368
1605
1046
926
1754
934
1609
1676
1055
914
2297
1734
1855
1725
287
376
1279
1275
1233
2168
58
1845
495
1125
2389
1758
793
33
575
2152
2315
2249
850
654
354
133
12
2227
875
113
1294
1235
1796
237
2367
487
1340
1491
1406
1398
1224
1280
22
2380
2370
2145
379
1907
1972
1301
320
2410
2036
2081
416
2114
2129
616
518
1818
2214
389
1383
288
843
1006
1641
101
2320
441
562
2188
797
1579
35
2418
2270
1853
541
1843
1879
334
1057
1596
1245
2451
230
1552
2100
2053
1449
796
1776
1325
1230
485
2241
135
1842
1351
2071
276
1730
223
1883
1284
2042
165
1820
2275
2268
2311
699
869
78
977
636
1366
2048
2480
1813
910
860
1614
1943
2003
2472
1959
1719
1335
1310
1794
1848
2144
778
1895
2276
2332
248
618
1822
319
1530
508
847
1951
2445
2133
2307
1380
2118
1510
1864
2020
1026
360
158
2130
2093
884
1726
1004
895
1585
1516
31
2235
199
2021
1011
231
1718
1273
381
982
2146
738
124
277
1185
1720
1934
1090
2344
688
2190
1885
604
2292
348
2203
278
523
721
1347
670
1612
403
689
2318
1143
1679
5
445
1100
2302
1113
2259
312
585
2126
1810
1739
1902
1349
549
474
186
1667
209
772
641
925
2327
747
2007
1227
2272
2104
81
1800
404
1000
864
352
1207
2193
1494
419
2211
1503
788
208
701
2166
497
1937
702
1215
493
370
1134
1819
708
2364
1873
1712
756
902
2475
1432
1543
1426
398
1172
1559
792
1875
2394
1140
1874
1378
1782
1085
1899
2031
1141
1865
1534
1556
2422
27
2025
1964
2277
467
1945
1231
1019
1601
966
1270
1289
1319
1087
631
1847
1359
1497
599
1142
2019
532
1062
1201
1262
830
1063
1249
1932
1648
326
2284
1643
2161
1938
2313
1540
1202
2004
1663
268
712
1035
733
1254
2111
743
578
1710
280
897
1492
1904
1518
1881
1860
2421
401
1803
2085
1836
2049
556
1545
657
2348
1520
2200
1393
1205
2158
590
946
220
684
580
16
506
1625
118
8
2064
1892
1741
1261
196
2447
1784
1276
820
2245
1572
2018
1701
1239
686
2038
71
2159
1745
2271
1564
2204
1960
1933
1678
1408
1636
2154
1791
1804
1106
2482
1651
480
1700
2261
968
757
1550
1084
286
1097
995
479
1894
1240
1966
2407
296
2002
2041
2143
1041
1403
899
1033
347
761
872
166
558
2273
86
38
855
573
2263
79
1740
1456
1919
1830
1896
481
1567
180
2224
1222
1935
1248
2365
1983
1103
492
95
669
336
771
1929
2436
1992
41
183
1093
1130
2360
290
2127
169
121
1146
1871
1867
486
1704
1880
2361
1994
112
1630
228
476
1787
1668
1173
1098
1624
1646
522
560
651
1009
1762
73
1722
1628
1099
47
1677
2222
753
413
1662
458
1102
1936
798
909
2138
1037
1619
652
232
330
1626
2117
473
215
213
986
1133
2280
2236
2238
1918
1844
1927
1571
1218
1563
887
2433
1423
971
2469
1761
833
989
1116
809
1300
255
1267
442
1465
284
571
2142
1837
446
1068
93
2255
722
2498
2489
645
1321
2184
1115
638
1183
588
1317
1364
1825
1147
2172
203
1259
1407
2120
1229
1799
1089
440
2034
2014
1424
625
1920
1733
2134
723
313
858
322
584
691
1872
2253
338
115
1514
2067
2063
2455
2206
2076
307
1217
1878
175
372
1059
724
1244
1266
1828
1840
2136
940
516
1911
60
1522
145
339
1506
1913
1814
1852
2432
1766
1257
144
2000
2353
890
1286
1632
126
1212
1721
1613
374
2056
709
1083
2132
396
1523
176
211
614
1854
629
938
685
366
1808
818
483
1013
1438
70
1977
572
1611
1886
816
263
321
1431
751
1330
170
1160
1191
1606
1072
1788
1156
1985
1336
1080
154
947
2194
694
955
2290
1462
423
157
122
1402
2195
2358
1314
1866
1050
1515
790
275
1841
1392
1333
97
762
205
795
2295
879
226
2373
2467
1129
424
806
1890
565
1769
2084
1079
773
840
1504
1258
274
149
2408
1922
640
2341
2499
2496
889
1946
1889
1623
342
666
1525
32
289
2012
1767
517
285
1797
1961
2151
1786
1450
2123
520
2215
1054
672
488
1164
735
262
1484
1043
923
64
2398
1968
726
2264
1194
891
1428
18
866
1775
546
2098
1942
1375
2119
2396
619
586
1688
857
2251
561
1593
1928
1203
1411
2072
2008
1862
2314
1028
2110
1495
1355
861
264
1242
2028
2032
776
1390
927
2173
431
1139
195
355
1882
2310
2339
664
1219
1457
301
224
515
992
1893
1107
1186
4
2181
1533
503
449
822
421
392
782
1440
696
1170
1204
1021
1500
2369
450
1729
2167
1705
547
538
943
707
9
944
2243
2140
1455
877
1299
2486
298
2225
178
632
1463
1272
2351
1038
114
457
1101
2471
865
1190
2390
1511
2131
2061
2250
2077
660
1337
1237
1265
1528
1586
673
1096
1884
2267
2043
1856
90
1369
948
2385
988
1122
85
299
1763
608
1587
359
1714
630
2446
601
310
1835
2163
110
713
1312
2033
238
1694
1998
358
111
1777
1252
1541
428
1441
693
2420
2416
780
2183
2465
1576
2254
1693
177
76
2258
293
400
1017
1416
978
540
1384
563
1566
653
239
1716
1025
1118
2325
1064
1580
1464
249
1334
2070
526
1548
2453
734
117
1485
2262
1389
164
433
1070
26
140
1320
98
1660
30
197
1110
1277
939
634
2279
1731
785
210
956
1128
763
768
2392
1307
1365
502
2082
1405
399
1529
1620
350
1748
2149
1137
930
1163
2388
46
1211
1489
1453
2417
1831
415
1773
596
1815
83
1003
949
700
2205
659
2178
1633
496
2217
1671
414
1158
1903
1546
1467
1022
589
791
901
1069
2476
385
225
749
1588
1188
1311
1200
2452
671
229
1616
304
1629
429
393
593
2083
633
2180
1757
687
1123
811
623
1947
916
837
56
260
1970
129
1939
202
1869
2090
911
2419
1418
2411
2477
2304
2285
544
1241
162
2497
2244
2030
369
134
1923
1995
1982
2333
736
109
846
834
1876
1421
2122
1298
662
1410
567
2458
1553
821
63
1544
620
621
2426
2282
607
2066
1061
737
1502
536
297
1159
1976
1293
2216
951
1353
1755
405
2226
1916
1486
500
704
2362
1152
683
1052
579
2334
2414
829
283
1008
397
1420
1785
1372
675
2413
606
1088
464
1737
583
504
1691
306
2442
1582
437
819
2147
462
2457
1488
1898
705
279
2483
742
2312
1807
1765
2107
2
436
150
863
1524
1374
1184
1451
54
2103
1388
132
270
1578
900
543
2374
1016
53
127
244
744
1568
1772
1958
1570
174
1562
746
1263
1007
2377
1594
453
1480
1287
2449
2319
505
1149
799
1373
1095
204
1851
2450
876
514
291
1209
1304
1963
484
2405
1532
755
302
542
1811
1309
2198
1024
105
1751
236
2484
2096
367
1121
1702
2305
172
267
1400
153
2219
1196
2026
475
1513
1599
1385
2338
2213
1560
1921
1010
1645
1327
1689
2092
1343
1042
942
2352
1415
1991
151
21
1221
987
2474
1119
72
1417
1282
836
39
2493
1558
44
2378
1260
2260
2400
2278
2437
1192
838
1627
2399
1798
351
1288
1216
1653
2247
1640
1521
19
1915
2468
933
893
1243
2153
219
1649
1328
1971
29
1989
1126
1768
1753
459
272
519
1082
1635
2073
1975
812
273
1723
1717
69
1542
142
1145
357
1666
935
1591
1792
2087
482
258
1499
1974
1034
406
10
2001
1331
1264
1174
1023
2069
2113
2230
2058
1752
40
106
2054
564
2281
639
2115
1747
912
1443
894
674
2324
1917
918
2309
2286
1868
913
2359
1012
254
929
907
2291
2462
1127
489
1996
1387
1368
2027
1379
36
531
1399
116
2402
1354
892
1066
1789
2046
1395
1603
698
1962
265
577
975
2415
739
1210
