1309
388
732
1172
1841
1242
449
1373
2302
2421
2241
1239
2224
876
83
2321
1432
533
1115
1092
2050
2130
1544
1307
544
1989
886
142
1742
1966
885
2348
1120
2269
1897
1852
354
443
1135
761
1040
2141
1866
1767
1217
1376
1520
1951
2499
555
257
872
867
1071
687
243
1377
1370
2113
216
821
1619
2033
1090
2264
530
945
823
1727
489
501
165
367
2436
2157
2390
126
151
1743
1594
1752
1422
868
1576
2471
1150
903
1015
478
1747
1378
127
549
371
1744
2263
368
919
180
2296
2440
1371
2108
943
2480
1741
25
143
1836
1885
2132
1587
1654
613
306
68
525
609
1589
23
1038
213
615
2160
894
2048
116
1230
883
376
1082
484
1315
520
2090
2351
1042
409
518
318
1982
1102
1105
1620
1617
19
694
543
265
928
1567
2423
2213
291
1361
1254
529
381
273
2486
1662
864
311
628
1969
283
1623
1016
147
471
832
1894
1333
1581
1319
1634
634
1908
658
726
1693
1335
1938
2388
654
1014
519
2285
831
1393
221
1440
261
337
480
391
2381
426
1009
1103
1615
1355
601
1890
2346
858
1290
1759
2021
322
2405
310
1583
565
54
852
781
1704
621
1214
2153
660
1187
1045
327
1798
1638
1282
959
2099
252
910
11
673
1731
661
1066
1184
488
170
1792
1696
1963
2230
1835
1095
1324
2300
740
1892
287
209
2001
1928
1975
397
1888
1495
492
351
696
348
2354
1137
916
1682
2434
1988
1785
1100
1133
40
1554
315
2268
1053
343
1737
743
1354
1197
1272
2116
204
1839
102
2441
2329
1339
2420
524
476
1779
573
1545
2345
2313
790
949
1925
1389
756
2281
2094
294
194
632
693
1753
1978
160
1139
581
309
53
2171
1147
2432
1820
2443
2328
1460
1950
496
174
2142
1106
1161
1464
63
1031
1784
1543
1652
407
2154
2429
1388
1574
250
2159
1955
556
1921
1029
1248
482
963
703
1274
711
1813
1126
339
1363
1578
1271
646
79
1590
301
742
1710
1442
1686
1527
633
1775
2327
259
1118
462
582
2088
1624
1483
1453
130
1461
77
2238
1515
1192
1947
178
576
2244
168
2323
486
342
1541
994
1854
1823
72
1991
1575
1189
1296
998
2384
29
2497
866
2081
365
1585
1529
1821
1264
2119
1356
275
2464
749
442
2427
1201
607
1728
2032
1769
2161
1166
499
1154
1651
1639
1231
396
811
1844
1295
1149
2245
2286
2318
2079
1218
211
1875
511
834
2350
1221
2272
304
2248
468
1500
73
2026
2417
2006
2029
2259
2265
402
61
1366
679
120
2135
99
1927
2370
1481
2239
2222
1466
948
104
334
1914
1558
920
1547
117
2330
1128
855
1281
1899
1891
1412
2023
1566
1188
103
2214
800
1676
2041
1204
1488
1074
2191
2037
588
681
158
682
698
1650
1401
1028
1259
1794
1206
1565
1944
161
1781
1185
1613
2008
1067
1856
1748
1552
2309
1814
1444
1104
620
540
2025
1073
862
1262
1517
702
1246
1392
1523
2058
904
395
2077
981
859
879
877
647
2360
538
2210
1646
1801
2174
456
1656
1729
87
2359
1222
1811
394
1661
1249
2353
1175
2187
2156
848
639
1383
234
2335
491
2322
773
745
1382
595
469
2166
1151
389
2349
497
979
1787
2183
2167
1093
1717
2437
1900
1750
1504
2331
2112
612
1755
1001
663
1275
2412
2401
1360
412
1394
150
697
13
1341
1725
229
179
1596
2352
231
260
1266
2342
1083
2498
2387
1887
175
2043
2031
438
599
2131
1974
2133
2257
1226
1494
444
2073
398
1446
193
1119
1997
1468
804
422
237
980
1958
2448
1318
1003
341
1551
1399
587
971
517
461
720
975
1724
1833
1834
1557
2491
2343
1305
1301
515
2341
494
1602
1789
437
1056
245
944
2078
1041
2362
1094
1141
1476
806
985
1362
2375
171
1601
594
115
1830
2425
110
333
779
1081
1809
2294
1243
1746
504
289
1470
2226
2093
1760
1338
1125
1720
69
450
321
1573
882
689
1961
475
136
1143
2371
1387
577
1158
1473
325
131
754
9
2123
1423
1782
1876
1020
2066
1051
2298
2489
1695
2484
465
1516
1559
2297
459
1007
254
2005
1886
1825
677
1804
1357
2277
522
1050
284
125
827
736
836
1359
709
2186
1540
1960
2393
2229
622
1395
330
105
1347
1348
747
722
614
1531
399
995
1675
416
2340
2053
1532
2382
670
470
1097
958
2197
2035
1829
236
2201
1329
313
789
2223
1901
619
2106
1304
1199
1114
1522
227
1530
1004
91
1965
285
1299
890
926
627
1402
1987
1078
967
1062
185
336
988
1234
2111
1837
1521
1458
1840
49
1503
1824
2063
62
1131
989
1810
6
1632
1642
74
1482
1326
1006
962
869
300
1647
1943
1317
668
1336
937
1507
997
1212
2406
1791
308
2185
1257
618
1942
2147
1427
2193
1757
641
2252
1435
1374
2218
2403
1320
896
1508
172
1340
2206
2105
71
1629
405
774
452
1148
2220
2373
432
1980
897
2389
537
653
1227
415
2140
1061
714
263
787
1428
1872
1703
554
575
1851
1879
1195
2216
1224
2155
1364
842
41
656
1251
361
1519
299
1244
1048
403
164
1715
1152
563
1273
922
1420
2143
2430
1786
1932
1216
1107
605
1291
630
2457
1691
2139
650
1770
101
2438
918
374
15
98
1316
1805
2107
810
1113
2068
2013
2308
2468
1713
1716
1005
2019
1922
638
1017
822
2358
2075
2051
1588
1869
602
759
2062
1207
2408
2126
2151
451
439
392
860
739
1434
2169
1827
1328
218
1640
1918
1405
911
753
215
750
2409
1183
479
1644
1730
513
560
2034
2045
706
1268
37
2280
766
1637
1162
2215
2337
2377
771
2476
1777
48
725
1193
1555
553
1501
1990
685
1995
1203
512
1714
89
1929
1788
606
1718
166
2460
1278
1677
2198
983
1211
2316
278
2400
132
1245
1679
1999
1352
1913
2247
262
2333
1509
1417
2344
121
1098
1457
20
1847
1452
46
2490
198
1712
1300
2074
1621
2235
1697
1343
267
2383
1673
1641
328
1229
955
1270
1604
2319
2022
1909
233
1568
38
684
1497
2163
1561
1010
440
2413
769
1159
1439
1331
2357
307
473
1178
557
279
1088
2414
1286
2148
763
1467
826
1560
1445
26
17
222
1186
1181
1205
1843
1182
2395
584
1618
1052
2232
1859
113
319
760
1047
813
347
1622
2189
2458
1463
1122
1411
2227
2138
727
454
2067
1280
1127
1277
1631
1136
90
298
2462
875
626
1889
723
1443
2085
1493
2363
1155
2188
2158
946
1860
931
249
954
970
2184
1959
986
373
966
219
377
844
137
1948
1570
1722
1323
320
1749
159
824
1562
390
819
1734
731
1023
2017
1492
66
1213
1080
1735
665
865
934
1976
801
2038
210
385
1534
932
950
269
238
2367
52
2014
840
433
690
2445
235
735
878
1611
2324
1780
2459
751
2129
1261
843
419
527
1672
1685
1011
1937
356
2295
849
3
280
1289
493
1220
1369
900
809
1314
1036
349
915
791
1968
2042
871
2192
1418
1683
363
1200
1546
1848
905
1101
1284
401
839
2128
1628
1170
899
1449
379
1406
2494
85
648
1089
448
1513
1528
1421
205
830
1806
1803
1535
942
1312
2374
1349
42
329
586
645
861
1380
1962
2097
2000
1232
95
624
282
1163
1992
1202
2334
1609
2098
1169
247
892
1303
2288
1144
817
453
993
644
841
248
1556
1663
1762
1180
1210
2289
383
382
1130
1477
446
1000
1699
713
667
1981
1793
163
1491
1797
856
1409
458
1241
2292
952
1129
976
2181
968
94
977
39
845
566
2076
737
195
1768
1498
2495
1873
768
1240
2278
1479
33
2274
888
1984
2164
1225
1134
596
792
1518
1680
567
22
24
2431
2469
2007
477
1970
838
2110
1310
1456
2256
410
45
1160
274
793
2470
2396
2149
2072
2178
1670
1799
574
1915
1796
1659
1607
1831
2433
2419
1812
683
1111
1645
2315
2195
578
2428
603
718
741
1079
1208
532
1472
775
2391
43
50
1850
1723
1276
854
929
600
2467
1549
1739
2086
31
568
1505
466
799
907
853
764
2234
56
2479
1666
2411
1368
1032
430
1828
214
1795
1708
404
1506
1920
1605
1397
1912
1287
805
1665
1972
2306
925
881
201
2146
1407
2336
707
271
2416
1571
1044
352
796
2481
956
2170
2488
1489
65
78
2435
1986
2477
2282
2293
93
1711
21
1110
2251
1701
386
435
1344
2168
1930
1977
2270
902
2124
1993
112
1636
2084
1952
384
153
1064
1096
1059
729
818
2258
1671
190
657
1627
558
1279
507
1070
2015
124
2332
1034
1822
579
990
173
2449
2118
2173
1039
704
921
2219
2237
1398
1322
893
1608
296
1593
523
1459
1721
1426
1146
414
1537
2500
776
109
546
1564
2255
701
220
97
1469
305
850
2055
2444
80
505
2463
345
2487
552
678
870
542
200
906
2361
2260
2134
765
362
463
2101
1923
2221
413
364
1292
1072
2092
887
1499
2426
133
1025
933
2276
2125
1818
1802
1209
580
1375
1478
2182
1626
1600
436
1756
2095
1633
1346
346
509
828
2312
719
1740
1140
686
1084
857
1525
961
1190
1448
1855
550
953
652
564
2376
1808
987
846
2150
323
1502
1964
1265
1643
680
192
1817
1252
2266
1614
67
1868
2176
629
156
1157
1709
744
1077
181
924
1121
880
508
1247
1267
1451
2369
344
1935
1684
1384
1916
2087
366
2261
495
912
2399
1173
2175
2305
1690
780
75
2236
833
1898
758
2207
2299
797
1774
1430
4
447
187
1862
2493
88
1674
1386
2338
2482
2325
27
1342
123
5
2365
1694
851
2410
162
969
2122
1936
562
1365
898
1330
695
1692
748
295
874
1863
688
2478
326
930
1603
1771
2080
44
2347
973
1474
837
992
1865
974
551
1778
1091
786
2452
487
2461
1260
2212
1861
129
2012
1764
276
691
1592
591
1486
2402
1327
794
1700
176
1215
1946
700
290
2356
782
338
2
1238
802
277
835
1480
1410
1745
2027
571
1022
2217
1065
2049
536
734
717
239
2202
1979
534
2204
965
256
1906
1584
2190
2379
1153
1597
1415
12
1660
2415
2271
1487
1907
2091
1109
2246
2208
483
1591
2314
1681
733
1441
1108
1400
829
1649
197
583
258
2028
2397
535
140
1462
188
1087
32
228
2061
2203
2030
1648
1429
244
1707
617
1138
672
2394
1035
1758
2496
7
2355
1790
1655
636
770
1475
598
36
2225
927
500
674
951
1553
1263
226
2137
1237
616
441
999
2291
777
2127
64
2004
138
1819
1772
1838
978
2301
901
1177
372
316
2010
548
710
251
1514
807
2472
1668
472
1853
314
293
1033
1176
2228
1117
597
2199
2069
784
1706
1669
70
2290
51
752
1294
1223
155
1165
1998
2002
2386
2083
1678
2304
531
610
1311
2447
510
1967
2446
1895
746
2307
1878
1
785
292
798
1285
2054
2044
914
141
539
1353
1881
1595
2009
757
738
1911
2211
1726
561
1800
825
418
108
1826
1086
1198
240
2057
2473
460
1019
643
847
2262
778
332
144
182
457
1761
302
225
772
705
191
270
2311
2052
631
1842
1171
1550
1732
59
1857
1512
2082
1419
1612
100
1116
996
2303
1754
941
1455
2243
1164
1635
55
788
2152
428
783
1253
991
1012
521
18
1436
1569
611
2254
2407
2485
2180
666
154
1026
1883
1945
1179
1408
1956
152
1021
1882
1996
253
1024
1548
1994
2104
485
2378
424
2466
1403
481
1953
1085
940
2200
570
202
1465
909
286
2240
1351
1228
1985
1235
1971
429
1874
889
464
964
1372
255
350
755
2372
134
1846
1337
1542
1306
1167
728
1124
1381
230
1037
1941
1598
608
303
2205
2039
2422
157
1658
2209
957
908
635
445
2398
1893
1783
111
474
1538
1664
1845
2165
1582
10
1733
1174
2233
207
820
1345
675
1773
58
1156
1625
1689
393
146
1049
2024
268
232
514
1447
2465
57
431
1983
82
1413
913
2339
1313
1698
1308
884
1815
2368
972
1849
1919
1002
659
1057
1008
692
1485
664
1288
2036
1931
2100
1437
184
406
1511
814
803
1496
1616
2275
2046
503
708
1424
1233
2492
2453
2070
47
1334
1058
637
1653
699
1060
1599
2177
2020
86
81
669
1579
1069
1877
559
2284
119
1776
1572
585
1379
1256
1688
1536
1043
1321
281
317
1191
547
651
816
1293
655
1940
2250
28
1055
1934
417
604
206
2273
1112
1924
223
288
370
246
1687
203
2060
1577
935
712
1454
297
2380
92
891
122
498
177
795
2450
34
358
145
1358
1751
1765
2242
1766
2003
1606
2162
593
421
242
2115
516
528
1539
812
2283
60
2136
590
324
1132
2483
355
923
936
2011
423
427
169
569
241
625
1738
1871
2317
2194
640
2439
434
212
1973
2144
14
1269
186
1099
2249
762
360
808
1302
1533
984
2424
1046
1396
767
2103
1526
1385
1949
1194
135
2442
312
676
107
224
272
1013
266
118
730
1524
2418
592
106
1563
502
16
335
148
917
526
1719
716
1298
2047
378
1018
1075
1610
380
369
217
167
724
572
1870
1896
1255
1586
1484
1667
76
2231
2056
1030
1933
1957
411
2109
2385
340
1145
1450
1350
84
1580
2018
662
331
1054
671
183
1903
1027
387
408
359
1258
35
128
1438
1063
1763
2366
1630
1926
1902
545
938
2451
541
96
2392
2040
1390
1858
873
196
1880
1250
2310
139
2253
1367
1283
2102
1867
2179
2267
623
1884
1807
939
1142
208
960
649
353
375
1404
2114
1168
2172
863
1904
357
2145
2456
455
2196
1705
1332
467
1917
2059
1510
420
947
2064
895
2016
400
1414
1832
2096
1905
2121
2404
1325
2455
1816
1471
490
2287
114
2475
2454
1657
2120
715
1068
1864
1433
1297
30
506
1736
1416
2279
1910
589
189
2089
1391
1702
8
1954
1425
1196
149
2320
264
2117
642
982
199
1431
2326
1939
815
2364
721
2065
1490
1076
1123
2071
1236
2474
425
