2124
449
2432
735
1352
675
2328
433
682
1375
664
1945
698
2114
2038
298
507
467
613
1460
849
1305
998
2006
2338
1810
2471
1348
1041
2386
2157
47
130
2497
2010
51
1955
473
1619
1072
489
335
1656
269
1557
2401
784
1507
2336
1311
2445
1614
2229
229
529
377
2019
494
513
1101
2500
9
1317
2295
617
499
1642
656
1995
2388
116
1541
976
1187
1611
1443
1357
1164
1013
542
2349
772
1561
2317
2244
232
65
2273
73
1615
1232
497
34
2080
2377
1158
312
1605
614
1758
922
199
189
679
1414
1623
2397
690
253
896
1385
1905
2192
522
261
1240
2121
1177
380
1724
1050
1742
1714
124
1346
559
1845
1935
246
897
2436
498
2314
2408
330
1851
195
2234
794
826
361
147
1862
126
997
1519
98
250
273
370
480
2425
183
2209
595
2106
2447
1734
1719
780
2178
426
1184
999
272
624
63
2089
2289
411
1934
1513
1693
89
1457
632
314
86
182
930
4
1086
339
724
2174
1979
1641
358
443
2171
1840
350
236
1475
2256
1422
2154
1497
871
1508
1532
639
287
1684
2318
2322
2004
2097
1306
862
937
1411
2113
1125
1982
748
1452
1923
1546
1755
1
332
226
2292
1946
716
2409
1038
514
479
1076
1190
571
2136
368
1488
44
1949
1246
20
1215
992
1795
1419
1464
558
607
1166
486
1751
644
1185
955
1732
2051
137
601
2248
1326
1044
80
1145
1456
1360
867
1678
1562
2450
1332
438
1390
1551
6
1813
1487
1774
2283
288
1957
180
1977
2044
1785
169
1004
739
135
2049
146
771
2254
761
366
305
1805
1510
1736
1032
519
1842
1278
1869
1151
692
1692
1743
2033
532
2379
1675
265
1106
2477
2461
2413
2444
1109
2457
722
2270
1650
1652
276
293
2347
781
873
1153
576
2344
1818
822
1455
1322
2482
1069
1520
2362
2
2291
2076
1160
630
204
2452
1560
2003
2216
2402
1338
2307
2300
518
723
2358
732
2069
703
547
701
1500
2107
1553
2224
1051
1744
1258
1798
2193
476
952
834
475
2240
810
809
1250
345
1866
650
565
941
2037
669
1256
92
1582
1687
1676
1391
134
2105
1632
142
1887
1126
1900
762
1882
1498
1143
1912
717
1655
2219
2311
1902
1972
2261
191
2119
1224
1283
1492
1371
455
1749
551
2102
374
247
2262
172
1740
1691
304
581
2277
35
1527
492
1189
1868
1753
2304
767
1978
1916
481
37
2022
2120
1312
1509
245
980
379
574
319
1373
1886
387
396
944
1857
1387
105
776
2287
484
831
845
931
1694
1253
2356
875
2382
2355
730
2125
1727
818
1754
1616
32
925
425
975
1713
1624
783
1216
320
2131
1416
2210
369
1169
1474
2242
77
1733
2405
2453
1045
2201
562
1085
419
2175
1150
1356
1921
1669
2339
2116
670
1710
894
758
731
1721
737
1031
623
1832
2313
938
1340
1291
125
2237
2041
805
1910
2086
1007
2249
915
174
1626
1861
2488
131
491
903
1223
1870
1298
836
1113
523
718
1697
2123
839
2101
1932
2372
1342
422
2070
30
1327
1489
1711
1647
2075
548
1683
216
1415
71
973
622
1329
317
1171
1347
821
741
1052
1043
2480
1350
1831
1424
1556
1490
593
158
2272
1288
2122
1773
284
1401
1801
605
1176
2062
1029
120
139
870
946
1827
45
100
638
1850
2446
27
1466
2251
1917
1922
1735
2166
2005
1584
1681
1844
1485
1617
1610
1491
2483
916
280
1976
2428
842
1780
1748
1479
439
949
1637
2263
132
844
1325
2323
994
914
313
93
1663
2050
2027
2195
612
575
1241
806
503
512
1252
1320
1156
2454
1539
1825
1653
1459
1243
1772
791
404
1875
782
1765
538
924
1222
515
1820
1814
1578
1377
1341
557
1354
1731
360
1635
688
654
1872
504
1534
171
2443
357
1463
1612
2173
633
804
1670
341
1871
138
1709
1181
371
193
706
2367
2319
1204
255
448
2008
1259
217
530
775
2498
2170
1275
2306
241
1260
599
244
2335
827
1138
318
1992
257
259
838
286
921
1022
2059
74
363
1155
2368
2268
1471
1881
454
1725
2393
2073
541
2205
2196
891
865
1673
1911
918
580
400
151
694
42
1235
1856
895
853
1821
584
1781
935
1931
1128
766
1648
1575
1936
1940
2036
1251
1468
2481
886
991
1127
84
787
1065
1102
1601
1014
294
1544
1550
1745
1231
2280
1609
1019
2387
1117
981
1440
2320
18
2182
385
964
1854
208
1000
953
2030
1703
1890
544
237
2232
2487
1227
2308
1662
324
196
1547
1690
1665
911
1213
1372
1061
684
1091
152
16
720
2353
1218
52
2475
927
1090
1124
1111
1722
1392
2421
1448
1726
1308
2309
751
1191
816
933
1266
1867
1505
1883
431
2128
235
1503
2203
2380
2321
325
442
1447
1095
1793
1764
1602
1885
300
860
1752
1389
299
1574
2435
1011
709
344
1708
1055
1634
2247
1054
348
2068
1596
78
744
1640
1786
770
1906
2365
2143
1523
2299
825
1075
2032
440
1089
1769
1685
352
948
528
1135
333
640
1174
1559
1405
2084
1210
1859
2065
2456
880
1379
966
1162
2352
203
2138
1836
1993
1431
651
1496
283
1012
859
1835
1974
740
560
2369
823
1366
392
2359
460
2412
773
1811
1939
2126
1577
2326
2276
618
2133
2021
556
2067
234
984
466
942
657
1118
1394
239
407
1453
2135
2186
2259
1951
1026
22
2354
750
956
1478
469
945
1908
1068
913
1622
2013
1154
1289
725
2451
2151
1353
1907
1529
289
1627
402
2179
1217
1214
221
2404
122
176
652
1514
2155
1225
1988
464
1782
56
2220
1303
205
727
1199
487
140
2140
1425
1244
619
904
536
2144
2383
1954
1588
2141
502
631
1668
797
2350
13
188
378
1287
1436
681
327
820
1193
843
1139
815
1009
1070
242
2438
1797
2285
1998
1058
2348
742
2146
947
1919
1429
835
2430
194
428
629
57
535
2360
1915
1538
1408
1994
2485
1969
444
2361
729
712
485
99
939
2282
1310
1476
354
2490
2269
1667
375
1168
1608
711
1319
2046
2437
960
1378
2343
1948
1590
1680
1403
19
1083
1263
2330
41
1435
840
2440
1909
462
2246
2063
847
1695
1696
1595
2499
67
441
412
1328
1779
2072
2214
162
526
1433
64
410
1383
596
1048
40
1114
1672
1144
2099
496
2026
954
1330
290
2191
1739
2235
585
157
846
738
1152
1581
2185
2406
1323
2206
1001
1838
1120
1756
1483
2130
1040
1545
801
1467
660
932
1017
1336
231
1706
432
858
1543
830
2325
1404
103
1409
2043
760
2158
995
1567
1002
1604
1788
1039
1053
567
1292
2052
190
295
1565
1809
2250
1966
220
2466
2212
1833
1005
1728
786
1761
695
1770
1008
1874
1238
31
386
2149
747
1607
1097
1220
1402
1784
251
2415
1613
1963
699
1180
185
1087
1830
55
468
1952
1060
2132
2459
778
900
2078
1423
61
148
2165
415
1816
892
603
1677
2363
906
50
1973
882
1165
1027
2168
611
627
1334
2223
2176
733
1321
1920
910
2020
1094
672
2172
1926
1081
1580
1201
803
1630
1817
1953
110
1316
597
721
506
2271
1572
179
1864
1395
260
488
752
1568
1382
1804
161
777
1702
2039
1794
2296
2000
2225
1511
121
2422
704
1268
1526
2017
2418
1589
117
1542
297
888
705
1270
2222
537
197
1750
1123
715
418
1521
2092
1759
2419
291
1477
416
1092
356
1629
2042
2294
2187
1257
1318
1566
1700
1860
340
1660
1269
2279
516
301
1757
521
2095
1129
1515
337
2134
1324
181
1163
1717
2458
1242
898
710
707
1121
435
2001
2241
1597
210
1494
2257
1873
527
2231
2083
592
128
1233
2484
107
1272
1451
2181
1799
450
1100
123
1105
1271
1657
500
2150
1295
279
808
2298
912
2202
1067
1518
768
2204
1380
1723
2115
1762
1221
2110
511
106
390
1636
2230
1273
696
227
1555
1274
421
2342
1397
1400
1790
1571
1082
1046
2340
2470
2226
1576
2472
1512
1880
501
228
2345
1594
979
268
222
1896
2381
645
1878
254
150
88
1822
700
837
2007
2399
2390
1276
2197
1586
1746
539
2288
2290
349
2218
430
621
1170
1956
792
33
957
1368
328
2284
338
3
971
164
1313
1399
2385
1062
1096
1140
864
2198
2215
1846
336
417
2312
1064
555
987
175
1205
2129
389
2233
673
160
653
965
1877
1570
817
743
2002
963
1194
874
267
2293
1374
2034
2200
43
2429
1552
2455
2145
1943
2184
1110
608
154
1651
2160
248
155
1826
1737
968
1361
2153
1286
996
2493
719
2337
2427
807
2164
687
563
1309
2274
1351
2217
2441
1666
1741
643
343
29
1239
868
1583
734
156
1314
367
230
648
2045
1863
678
1449
461
1469
634
1899
851
2252
133
606
2297
1924
885
166
326
1033
1073
934
413
1803
1197
993
920
1132
1339
663
1237
1247
1036
266
943
306
1598
97
2207
2346
1705
456
1925
2156
2266
1195
1300
505
759
540
1855
1122
1450
54
1384
334
2426
342
359
2315
1892
2476
2213
2025
5
1928
1618
1985
635
2058
1206
1277
414
902
2093
940
1876
95
1901
1219
2194
861
1517
2462
788
90
646
2167
961
951
1141
1315
1098
2410
15
2177
2414
1362
143
225
1337
2327
1161
2264
218
1897
1255
676
1249
2014
249
2148
262
351
1254
1778
2371
118
2431
2139
1296
1540
238
983
1486
893
316
1020
184
1099
610
2094
2169
689
436
1030
1776
2420
917
2245
2096
113
2396
274
482
1918
1279
1071
926
1536
2085
2373
1480
508
1812
959
1944
1983
141
2118
2364
769
2467
1839
587
2286
285
1502
814
1172
655
1807
1971
550
1716
1116
372
2161
2463
841
1428
364
2411
2090
1211
1947
857
391
2460
1307
1686
2162
256
986
1264
1074
1386
224
1388
1267
1418
1078
659
1248
322
616
909
1535
531
66
2331
828
186
1245
1282
1777
471
970
969
602
2190
1592
1462
1470
111
1938
1843
472
459
263
813
586
2310
1047
625
2376
1530
600
726
661
457
1981
1699
46
26
1775
2334
401
1410
872
2071
81
1767
1888
1420
1018
583
2199
223
764
667
1203
381
680
2009
115
395
445
510
2189
1446
811
2117
278
798
665
1157
1301
1967
2489
101
2253
1506
1729
800
1499
1437
323
1704
1625
1834
307
1965
85
2031
1049
2395
545
1599
889
1914
14
1738
1808
1958
1884
303
2211
2265
598
83
104
1522
1698
1427
1023
1439
1293
790
2275
1961
2061
424
929
282
2208
1984
353
68
1997
408
549
163
832
1359
94
1281
2047
1847
1898
674
1417
2082
573
533
2479
666
1495
434
59
1789
1516
1730
553
1104
757
1792
1421
1186
1183
642
206
292
1025
671
745
1077
1024
1504
153
394
2449
1783
170
2012
713
658
866
2494
49
990
1941
2474
728
75
972
749
58
1646
543
493
1349
1573
1458
69
1304
1493
1473
1712
1747
2495
561
1819
1930
855
102
2486
1426
1262
2238
36
398
2416
355
1179
1962
1149
881
714
1207
96
1823
1621
2243
795
1393
890
1950
1345
1358
588
2147
1290
552
403
168
1208
1975
2079
566
1927
1196
517
277
1178
397
1465
2239
1396
590
755
1548
863
1849
2398
1297
495
1021
1600
1302
1230
1294
1202
1438
2332
91
1454
173
609
1999
144
1990
463
1980
1148
1200
399
982
1853
989
1084
62
799
2227
2015
1299
928
365
1175
311
1365
1093
405
2035
1633
2357
281
1620
447
697
1006
1335
2492
2305
2098
796
270
774
2424
275
1587
1059
746
2407
2442
2228
1895
2018
17
1649
878
373
1209
1603
1828
87
1569
2055
564
1398
1531
1659
406
1768
1891
568
11
243
214
1564
579
308
258
2066
1987
1606
756
187
907
1236
10
1056
201
1034
793
2394
2465
668
72
1042
1791
1893
1280
1996
1016
1146
534
570
82
453
626
2389
388
1112
1131
1159
1119
129
525
53
1115
967
1959
2104
554
2087
1760
1879
159
647
420
2152
1787
1654
437
136
1989
1173
591
2040
1806
321
2378
1003
2188
1970
923
1369
1088
2469
212
458
1585
1986
765
1643
785
1107
2303
1537
985
1484
48
1591
1661
524
383
1136
589
901
233
264
988
693
1852
2366
145
451
119
869
1229
346
213
1035
23
2103
520
1188
950
1182
2023
1134
296
177
70
211
302
1028
1593
1407
207
474
1720
899
1889
1933
109
423
572
2029
2236
905
628
240
21
1904
753
178
1800
1331
887
1434
856
25
2127
2278
2375
1763
1367
958
1802
2341
1482
2370
1829
604
2496
763
2053
429
1442
620
483
1412
1968
1658
1063
1524
2056
2054
39
1343
2255
615
1472
2384
594
1376
2088
2081
1066
347
1639
1689
2137
1638
2111
1771
683
114
2434
1103
1228
2163
79
1481
578
2011
736
1929
1010
2302
1261
854
936
1715
1142
1430
1865
2464
546
2439
200
271
1796
569
754
908
2180
1824
24
686
1167
2016
2400
2423
677
1533
1674
198
1841
1554
470
1671
1558
12
1284
1903
1333
2260
636
2048
446
2077
2301
1525
2024
2478
1461
641
962
819
977
662
490
877
1037
465
708
149
165
637
2100
384
1079
331
427
1579
1344
1370
477
848
310
38
812
2448
2142
452
2391
28
219
1212
202
2064
2333
1707
2433
252
309
2491
1701
2109
1631
1679
1848
509
1960
879
2281
685
1644
1406
1057
1147
1381
329
315
1364
1501
1444
1133
582
376
167
1226
2473
789
884
1894
1815
1937
1563
2417
974
2267
2183
2057
2091
1015
1913
1080
2392
60
8
215
2221
1628
1682
2112
850
2403
919
2060
829
2074
108
409
1413
478
127
824
1664
2316
1198
393
1718
382
2374
7
1964
1549
1766
192
1688
649
1265
76
2468
1445
577
1137
702
802
876
833
2351
1991
1363
1108
209
1645
2108
2258
1130
1528
1234
691
2159
779
852
883
112
978
1432
1192
1285
1942
1858
1441
2329
1355
2324
362
2028
