350
2142
1333
1395
2137
40
812
1856
70
76
1734
1287
1203
1621
383
39
369
1197
853
1081
575
2430
1704
1188
101
728
100
1914
1335
1021
2297
1206
1329
1344
1549
1703
2009
835
494
2019
424
413
172
630
349
1463
1738
2064
2453
250
576
533
1786
414
150
864
1037
1402
503
355
1893
2026
2308
846
2157
797
201
1689
596
561
1912
1118
1942
1473
2385
116
2132
165
531
982
213
1439
444
540
300
1494
1291
448
749
215
1035
1142
2095
2149
2239
1079
742
1014
1207
1771
1290
670
1869
2461
1087
834
1823
1835
1735
2052
1985
195
1613
2030
1721
266
1279
2432
469
1795
1299
770
856
2050
1660
1524
1390
511
334
2094
1388
47
783
1698
1765
1121
2497
1215
1283
1453
516
1498
1358
2342
1474
2010
182
2262
152
2477
734
1375
661
1254
1305
417
1682
2425
1062
92
1471
491
1699
1866
1167
1825
1164
1849
1500
2007
496
731
2078
1233
852
756
253
149
941
187
220
2072
2080
63
1185
997
2365
1804
1425
878
106
771
2302
1887
1084
1073
704
903
2440
1832
915
363
492
504
620
72
1820
1045
1452
1638
849
2399
1523
280
352
714
2077
1578
1307
2023
1351
894
1119
1101
1312
2275
2344
583
1631
1350
1423
1850
2326
639
644
1705
2118
1018
386
1752
1770
782
2047
1533
2129
1979
2392
1086
1872
553
388
1688
2082
1988
1065
1320
354
415
1968
766
1125
1950
1131
1043
1891
789
455
2318
1024
1772
851
60
2048
2334
1309
1729
655
18
1243
1949
884
335
296
447
2069
1382
57
1346
2345
1566
226
2251
1298
1345
1693
2001
366
1361
265
37
569
170
888
1799
689
1967
2066
1550
1633
221
513
2298
2348
1001
318
407
158
1711
707
649
2208
1997
461
1209
1260
153
2000
641
1574
1163
2084
502
68
1507
433
759
1651
938
2146
2293
1481
1750
1472
1378
482
2164
1459
2250
1842
1701
1905
2115
607
2252
509
538
293
1341
2062
2027
1105
248
2243
2481
1303
79
308
633
1798
311
1674
2465
1231
725
1319
252
1876
775
2034
2464
2134
1725
1617
411
1480
1276
96
1730
1418
143
935
306
1450
2201
25
249
2442
181
662
1833
2429
1987
387
1321
715
292
1848
1002
2374
1476
344
209
1122
529
2008
1214
711
1579
1136
1759
1127
2141
814
643
337
2131
1543
204
842
2493
1295
840
2483
1349
301
701
2246
1963
1115
2278
2353
2145
2120
1875
520
1221
2199
1607
14
2383
2327
1903
2225
1517
2186
868
2324
1525
2299
1250
2133
251
2333
1488
1562
2032
1930
885
1650
805
608
32
1451
1074
177
971
244
80
1969
290
1853
990
465
400
1709
1964
186
23
1176
1262
955
1403
1902
882
726
828
2351
1447
784
2037
1575
1340
813
1006
753
376
1190
1285
1975
2379
1005
205
1541
632
2147
377
38
565
1788
2113
973
1055
923
1328
1091
1547
544
1783
359
208
1889
832
552
866
498
2122
1038
2305
1455
326
1468
718
1225
1815
2184
44
2187
1391
1106
1183
1556
2004
432
1667
391
1099
727
1736
497
710
1723
330
1103
1937
1092
1356
593
1199
1854
119
768
379
926
2354
1878
930
1518
1226
2220
666
416
420
2190
102
1657
267
1877
906
1685
259
1818
1741
1025
1343
519
1263
446
1789
2227
2193
872
1843
642
1672
803
916
66
495
1802
1070
1049
2144
716
1173
2043
1782
890
1171
580
1200
1890
657
123
111
2097
1661
988
961
2482
261
1913
2364
2331
514
468
1945
2197
1871
2258
1598
913
2244
1513
1957
2237
2183
676
1544
1412
322
949
1819
2427
2206
1991
1584
682
2104
351
138
78
2151
879
1932
2053
1484
1838
198
2039
31
1962
804
2470
1793
1852
1594
1096
1784
1258
1003
45
691
599
1565
705
838
370
1175
1413
936
459
1769
2222
1561
178
202
1983
1509
94
1612
786
2371
1519
398
1398
1671
776
112
418
668
275
754
902
1331
640
1748
239
960
708
1622
1274
2231
1158
188
327
2056
2025
257
2256
795
650
1851
1961
796
2370
185
2290
1694
1528
394
1380
919
2314
2457
346
737
2343
1187
995
2419
921
977
401
2390
1196
548
762
2301
164
1208
1240
619
2135
1787
1569
142
518
1803
1928
224
1940
1355
653
305
2434
103
256
1411
1954
230
2059
2341
1936
1069
1432
505
392
1454
1976
1033
606
151
1123
959
2217
294
1146
1152
1535
1916
1443
2207
875
2274
1489
1013
2304
331
2332
2312
1159
826
806
2112
855
1615
658
1678
1437
833
1775
190
2443
1434
2433
2415
1430
216
1512
1572
2474
1559
891
974
1960
1491
2424
562
622
2272
1663
744
1909
2500
537
1781
1008
467
1943
108
35
1595
328
58
1641
2173
1326
706
1011
772
2089
594
2450
1938
1901
1732
648
1813
2214
1673
880
2306
1537
1431
799
597
724
2362
2166
240
900
115
2148
2175
912
542
895
2109
162
585
26
1659
558
1129
535
1743
2035
2282
2273
2495
610
2270
787
588
1237
1442
405
243
1098
139
288
818
732
1469
274
272
1966
1649
741
2163
2155
2295
587
1754
1000
1934
1499
1293
2321
55
2229
451
1844
2240
1219
408
141
1726
2177
2020
449
1408
1624
820
1184
1374
659
118
2083
2447
2126
2179
1169
1482
1558
2021
1656
1655
747
957
984
1546
2408
1414
1366
1377
2436
48
1744
166
1990
2168
225
2121
876
2074
2315
1467
62
1778
965
2395
1908
2100
1174
211
347
1284
1108
545
1563
42
1267
2013
523
1446
200
2323
1898
1124
773
1107
1170
74
2271
1318
2417
1095
1311
554
2418
1941
454
1647
571
2296
1157
2138
802
1044
457
246
1860
2316
2394
2061
340
113
480
2284
2188
1986
1441
254
1154
1394
2375
2233
1973
1532
1271
1644
1448
1927
743
460
1555
2029
2
1841
983
2498
1116
1540
2263
2283
140
1677
939
1971
1178
967
1347
458
29
1984
214
1755
1974
590
399
510
2444
1177
2234
273
819
423
368
1640
2329
2403
1389
1083
1195
764
733
1601
609
627
931
2152
721
1767
1405
2459
2398
1939
64
1492
975
877
1791
389
2071
1067
824
2492
1022
2369
93
2221
2472
1576
258
928
681
534
1139
962
163
279
625
1294
2467
746
624
2204
1888
1428
592
1773
2216
2279
751
1907
406
1475
557
412
1717
816
1602
2476
2178
1515
1010
765
1502
1880
2458
231
1514
2423
573
1686
71
994
892
1731
1742
2363
1314
2063
2361
2130
810
179
2412
2355
1151
2223
1665
1234
1812
133
2174
1429
122
12
560
75
2161
217
2198
426
874
2091
521
321
515
1004
1706
647
271
896
839
1416
1415
333
652
2471
336
2426
1506
1323
299
530
1357
421
46
618
1268
637
679
358
2405
2165
159
1993
925
829
1149
1272
823
2267
946
9
512
1747
723
1444
145
1325
2291
1130
1827
2238
385
1322
1982
1952
2248
2285
85
1785
129
736
1972
579
1821
1496
1777
1824
1956
1273
384
1490
1560
869
120
485
1224
348
760
207
758
2337
2236
2381
282
901
1503
1261
1790
669
2088
1461
1582
2123
135
2330
1017
1591
192
425
1522
2499
1288
33
1410
563
1797
1746
1681
1996
993
1332
1281
944
493
281
1372
581
1702
848
1266
1059
1879
343
476
1252
991
914
304
757
1846
1719
1040
1760
1462
859
1713
950
2249
2311
1836
2259
2014
1692
453
1714
2289
793
654
2127
2167
863
981
722
2162
781
117
1112
664
10
899
2200
11
748
719
1156
475
1864
2016
2496
19
1809
738
2226
2319
1336
1951
932
2057
1198
1610
1339
791
127
1548
175
329
1897
2438
1526
160
30
2421
613
2042
667
67
709
873
943
61
1801
442
1364
473
1026
815
1691
1597
1363
1104
2041
871
97
1924
1239
232
780
2350
1440
54
1255
1646
1676
1102
1616
477
409
2213
1147
1708
2352
168
2060
2182
1552
2125
1229
694
1529
1422
2087
104
893
43
543
77
635
1654
1143
325
1807
1670
1247
1645
456
678
541
750
996
1109
199
2012
1071
1745
952
2389
1904
1608
1922
1077
1763
1581
2090
144
2294
1862
1921
745
1381
2359
1211
665
1194
1304
628
1155
985
2261
1720
110
2038
148
2377
1792
484
1749
56
1128
1306
1278
2105
2114
1863
1041
1032
1397
1504
1675
790
987
82
489
437
811
788
2046
1379
1727
1946
1393
2338
1370
1213
1145
2073
1063
1895
1427
958
130
2468
4
1822
827
1435
1385
2340
1308
1873
2103
466
1301
1588
21
1980
431
774
674
778
90
605
1918
1817
1690
720
969
693
1590
189
702
1042
87
1313
663
1627
626
687
615
2111
464
2140
2169
1445
1249
1648
1058
1994
291
1553
1881
2202
564
646
2150
1536
2260
128
1485
1296
1253
471
1900
549
1064
1027
2110
1204
1845
309
332
173
2170
98
1857
1120
2431
1885
107
428
1111
2257
1232
1392
699
396
121
20
91
1870
712
2022
568
556
1998
1955
1886
1387
393
1259
1193
2322
684
1585
365
373
241
2154
2391
235
517
1078
1530
1419
2086
980
2368
1636
1054
2058
909
1589
2288
2439
1652
1707
922
2028
1090
1592
262
948
2098
1511
1080
1166
1935
2002
1542
2006
222
1409
397
629
1133
1653
1161
1762
692
1094
218
887
2378
1626
1806
978
1697
1840
1623
2055
1338
527
263
1165
229
660
809
338
2380
287
1082
99
2268
1330
1696
2367
1600
1172
1586
2228
2215
589
940
1814
578
1859
2396
481
435
1384
364
695
1113
1373
1246
1228
937
440
1160
672
2185
323
427
1052
136
1593
1868
1710
1153
1808
2449
2266
1680
602
1632
1837
1034
1404
1227
2411
862
197
954
1634
1458
528
729
28
490
1931
999
184
2196
1724
2065
792
907
1643
2413
1396
16
2320
897
956
2203
1270
1596
404
2473
2488
850
656
683
1100
1910
1919
1570
1282
1028
375
886
698
124
1342
167
572
1353
1757
794
1421
808
1944
2156
1628
1839
1242
233
1899
1658
317
1999
1236
550
1056
1354
1047
1085
769
312
2469
2372
361
134
1456
986
1501
193
1126
1564
1016
1779
1256
507
438
1635
2400
2242
255
2466
1046
157
132
1457
2410
1386
247
462
1286
1662
156
972
2452
1426
88
2462
445
430
2143
651
131
302
1609
2420
858
1718
2486
1587
1348
2106
761
1780
2232
1181
2015
2360
289
1531
1205
1302
450
1376
566
81
1269
690
264
3
316
854
910
1251
1317
83
1097
1007
1180
1470
2310
268
1958
2402
636
2292
547
372
2224
2218
1257
1917
1217
1466
285
1075
1465
422
1830
2347
963
223
604
966
2070
2349
570
270
2445
303
1737
2287
1327
2212
315
1577
1978
1855
1687
1925
1733
1238
1668
2269
2463
1554
1929
1989
992
822
2382
13
2255
621
1516
2376
371
452
1210
2054
2241
474
697
2181
1505
1926
1487
821
2281
1497
767
2478
1241
2036
2211
671
357
2076
310
1604
1716
1212
345
717
472
817
260
551
1
1110
180
24
1828
617
735
1068
2416
2393
1371
1520
1201
807
2128
801
1637
539
1460
1479
942
1508
2068
2264
1551
1191
2139
2373
1831
713
1230
22
378
582
95
555
2280
319
612
1433
84
212
1947
508
1138
2247
52
479
1051
911
2307
1222
65
968
36
2437
2313
2005
1352
1493
1534
675
1826
105
237
154
1722
487
927
483
2205
1756
1036
1874
2180
298
2067
1599
402
2230
677
419
2017
1796
1061
645
2081
998
1764
964
1369
1679
577
1766
1896
843
125
488
2093
1794
2101
1618
2475
2049
1683
1834
1603
1066
904
860
1449
857
1039
1847
2235
1300
2119
1365
486
2172
2441
381
1865
2479
6
1383
1265
2209
685
1060
2158
755
924
1400
367
27
2018
752
703
403
1664
1882
2356
1438
73
831
2024
1436
1669
360
278
837
847
1134
739
1666
2480
1776
169
506
1883
155
2494
1867
2265
976
1739
740
1367
2276
1774
1088
1218
1030
777
245
1965
2303
1521
1483
1906
1539
1245
307
2040
546
889
2099
1399
1712
126
295
228
1407
86
1768
1150
501
1977
1072
1141
920
1568
2435
1758
1337
2454
429
673
395
2117
1571
1495
1235
1611
1162
1486
951
286
1510
499
2448
798
2124
1884
236
526
881
2176
2455
2451
2051
870
700
1545
2085
1858
1315
603
1630
1538
1953
2397
908
2366
59
1132
1915
2346
2102
183
616
2033
109
2388
2096
2460
2407
1478
1362
2309
174
1417
2422
844
524
50
2171
441
1202
434
933
1567
2446
2116
1216
1861
800
559
2192
1715
439
1728
730
2286
2253
522
1805
830
611
147
171
1527
680
69
1114
2325
1029
970
686
227
242
2317
1583
696
1020
2245
1248
1761
898
2254
989
1089
276
623
2210
2384
1334
1639
1406
532
1012
2485
1424
1580
2160
1995
1816
2409
584
2401
269
297
314
638
1031
1464
945
1019
238
2191
2489
1829
2107
600
324
2491
2079
591
2044
836
953
2219
1614
2484
1740
1192
1892
861
114
17
1557
2031
845
1280
436
1359
867
2108
1297
1700
1053
362
410
763
1401
2195
1140
191
2339
2328
443
614
2428
1220
339
2487
210
196
1048
1625
947
49
203
1368
1894
1015
1324
1360
15
1695
1316
1620
206
567
601
146
1911
1642
1920
1800
1168
341
785
161
234
1264
1275
41
595
2336
1223
2136
536
1137
2092
1009
2003
2045
779
2404
1050
2194
284
525
2011
918
1959
5
380
934
2335
463
1753
1751
1684
1629
1923
356
1093
2387
2414
194
353
176
1811
478
574
2277
277
2159
1981
2490
1148
500
89
8
841
137
2075
1182
1117
1310
1810
1135
7
470
1023
313
825
631
979
2386
883
1477
1948
382
1189
1289
1277
2153
51
53
917
34
1179
1057
374
1606
2357
283
2406
1619
929
865
634
2456
2189
1186
219
1605
2300
598
1076
1933
1420
1244
320
1573
1144
390
1970
688
586
1292
2358
905
1992
