1599
2435
2364
714
409
814
895
531
1846
542
1842
1651
100
119
2383
1299
1855
1584
1496
1104
284
877
371
1291
419
804
1205
462
477
70
1051
1606
786
1214
467
263
1624
1024
343
1756
99
2
62
211
1086
1123
1885
1329
323
1285
165
1968
117
1182
1453
121
168
1350
428
347
374
1352
2397
1315
775
807
1788
953
702
1859
2064
1595
449
993
1126
296
1464
978
443
2210
1963
2406
904
1348
1057
199
490
353
1014
1571
33
2458
530
1961
436
2304
1718
1058
484
2138
653
305
959
2432
107
2282
899
2436
1260
2243
1770
51
2339
569
2203
1536
268
453
1946
1159
1524
657
795
593
386
735
2108
2373
605
2423
633
2475
625
1068
724
983
417
1783
2463
2021
1741
1121
843
1527
1816
1665
1066
345
1886
132
941
1970
1075
980
917
270
1103
1295
1549
326
592
368
1050
1185
23
2034
1347
1297
548
1225
1407
274
668
2140
1382
44
2493
1618
759
2070
2103
1341
1239
2178
1434
2476
312
148
2208
518
1700
2081
1117
1325
133
1096
1486
136
1847
879
850
159
1705
1389
87
1197
351
871
1221
1671
193
1812
75
1017
2396
2278
423
208
2276
169
1530
2027
1349
2176
707
239
1687
1313
1880
1
1772
938
794
562
1280
1503
108
885
1424
269
893
1134
704
2206
1272
2464
2456
154
1293
2147
1385
53
2119
1394
1824
1265
1820
662
517
891
1538
709
645
1412
991
2091
1723
2185
977
1161
1677
2351
219
1399
1471
1183
2305
2274
2473
1020
76
2334
1558
1428
494
1674
230
2025
1923
2121
134
934
1227
2179
1281
927
185
163
66
2152
1238
123
1324
1031
1116
2487
1480
1361
1426
2413
2247
1331
1545
2094
1918
178
1082
1027
430
496
64
2454
1320
187
1580
1791
1459
1519
1340
808
767
656
140
1659
1488
1098
321
845
207
1529
914
1697
1172
1170
433
2156
2049
543
261
2235
1967
722
1363
526
1423
184
1757
1934
93
307
2223
1836
2428
2457
102
1008
1721
360
1547
1231
195
204
2402
328
2452
1060
949
149
1211
1319
791
1744
564
420
271
1429
72
47
505
1837
482
561
828
455
478
1431
86
88
2420
2038
431
1808
661
2106
1076
248
1344
1871
36
1026
2057
1192
1489
1152
2259
1797
1353
1867
595
2004
1417
1080
2125
1163
1312
568
2268
202
1900
2372
167
74
1936
924
1765
1785
475
2249
2136
2411
1268
2293
1441
1905
2255
1712
2260
2399
1958
52
766
2253
1875
743
144
141
1510
777
145
26
454
2216
2151
228
689
551
90
2354
736
335
2429
2194
2097
2131
1286
146
2182
400
712
1706
2029
1572
483
232
200
1354
439
1516
1002
156
1904
1398
1574
1586
1724
997
1507
318
2110
57
479
594
2395
684
1173
607
2468
2088
1521
259
2128
511
434
2292
2032
355
2257
21
1796
325
403
1473
1643
1569
1950
886
708
504
1655
1118
19
399
1978
127
2261
2072
825
1514
2461
1000
1360
69
683
2058
954
406
432
751
831
1725
789
2477
970
2224
91
2369
1553
2417
1490
782
1448
2449
943
700
1804
800
363
900
1450
1627
1365
1803
822
289
2082
509
2400
243
13
686
1626
257
1751
48
2184
1454
151
1713
1458
1562
1418
1557
2480
1581
338
1657
2008
826
747
1909
1071
1660
2090
621
2183
1025
1567
1743
2227
2107
488
1403
1517
1578
639
39
620
1956
2346
1666
1848
627
1072
688
2250
460
1755
1688
2026
372
92
1592
1985
797
1821
769
1482
2163
1543
2232
2361
1112
1771
908
948
680
2244
1913
721
930
1854
1261
375
1436
1309
2052
880
1276
1763
773
2314
2316
1603
1648
1388
1750
2352
2335
1997
1052
45
503
1465
342
1546
676
1310
2039
1839
194
615
397
153
638
695
2141
2236
392
933
634
27
1306
124
1232
1730
723
608
1178
873
1817
315
849
1396
1884
951
489
377
1641
402
1095
1563
2298
1652
1201
733
1843
1628
2006
2099
725
2112
1838
720
760
552
2204
1220
889
456
1180
1460
1980
1248
286
2497
1878
1616
1922
2378
1777
887
2467
2062
763
713
1732
1054
126
1840
824
1795
918
1411
675
1378
1525
1162
703
1046
1887
1413
226
1092
545
1528
667
875
906
265
242
2426
2113
644
98
1815
1853
1381
1888
1540
1177
10
1801
2211
628
1089
1832
2325
1872
1959
1799
1988
384
410
1877
237
1391
2444
324
186
1828
1907
109
1556
1314
179
2345
1704
2348
67
963
1056
1644
1022
857
1623
1191
624
1683
130
1515
2270
85
1462
198
1432
2303
671
1892
501
806
1948
1377
1101
425
437
2126
2301
985
1371
1243
1590
1993
1298
1977
2154
2381
1891
1602
1257
229
1728
254
1852
1222
1223
2471
2020
2076
356
308
2065
1042
576
272
1200
798
2328
1062
586
884
883
2264
524
730
240
984
1236
1034
474
2174
2114
1607
2212
1699
894
1210
280
572
1246
1174
2353
2365
2087
110
1470
2336
171
1404
1952
1924
1554
820
1708
1807
25
1943
869
1198
2143
1326
2492
2045
2374
1814
1965
129
1539
1504
61
739
1302
1856
441
821
1662
1437
1680
172
923
2148
765
1367
646
1869
1484
1669
1028
1374
1749
2499
341
2037
1889
872
1030
651
498
1292
1667
1279
1881
1440
728
2337
2201
1479
1523
998
2269
1065
598
1701
445
2202
310
1129
287
111
2258
776
84
1208
2229
2030
929
1405
1895
2239
31
2063
955
205
678
470
986
2189
1686
1294
2246
3
2424
2089
1833
573
508
1088
881
555
1401
1944
1053
2342
768
1720
81
2127
192
2408
663
965
37
336
2028
1125
2465
1043
446
389
1727
1994
973
2299
1716
1495
1156
649
532
2046
2462
1106
2297
866
1992
22
632
1722
1249
717
6
2160
1469
1271
2267
1775
380
516
297
348
1520
2332
2498
20
1305
1890
2135
716
224
882
506
1499
829
1337
1029
865
285
2410
1442
1330
1737
892
527
2109
49
979
1608
952
1983
253
157
2427
1234
1091
1870
1194
1942
696
2014
737
2275
2443
1966
2019
2459
1996
1566
14
196
958
383
1830
217
147
1141
945
276
855
2254
1552
577
2453
1781
581
1494
213
1901
290
40
1090
2233
1945
1215
832
2074
563
1588
452
2392
68
537
510
1451
944
762
288
1805
1640
1127
525
1982
346
152
2104
28
913
398
2437
960
1099
2031
2401
2421
1508
1596
1204
1189
2100
2295
1850
727
2195
839
1639
1087
1577
1748
801
1015
848
961
292
1346
2320
466
1358
236
2226
54
614
2092
858
1452
2446
158
2338
2366
591
2256
1443
1457
358
1009
94
493
2418
1063
2466
574
788
611
1707
313
1368
1097
1513
1004
1685
1247
2170
2022
468
846
920
291
1661
183
451
1366
1675
2280
2370
2007
1255
210
758
565
2355
275
1241
234
1070
1142
2414
1561
1037
2133
1242
1370
367
2158
2281
2300
1899
1375
2116
137
818
2050
1794
216
2011
1303
2238
1698
1187
2162
2474
2308
922
740
2214
155
1400
173
856
18
1356
1784
2150
442
1487
1650
1073
189
1831
2416
387
1209
1111
654
1422
522
1735
1673
2318
71
1085
339
2482
1976
252
1235
2048
175
1873
622
902
623
734
1420
1903
919
1818
73
1124
1726
2230
1972
59
34
58
2319
2132
974
1228
1355
2085
1267
546
2309
2164
1597
876
1534
1564
1591
1011
381
827
1256
1625
1568
2073
1108
585
533
946
1139
544
1999
1383
1094
1151
2360
1773
415
1759
349
1702
2307
1860
640
281
1915
989
553
256
2010
1289
1849
2120
391
2066
964
1074
1362
575
787
854
992
641
2248
354
1734
2205
2059
753
2040
2017
2111
2190
1844
643
112
1064
1334
601
235
414
874
2180
693
1339
1931
1351
1695
231
1041
2317
1637
1984
1986
448
1048
1912
1949
1739
2331
314
405
898
1601
1250
809
1023
1359
1780
897
1081
2311
4
534
2098
1021
1237
1402
104
295
301
655
1190
1333
359
1668
427
726
2294
1589
1224
396
1684
1633
936
1766
2479
1974
1386
681
2080
1630
344
56
549
705
1296
1745
2350
916
1114
1631
2199
2485
1506
2086
1274
1664
161
1902
327
1933
1740
2460
1691
1717
842
46
82
785
752
2213
600
603
1212
1136
685
692
1531
939
114
701
772
729
2273
1908
2042
556
2313
1140
1133
300
2341
659
616
382
1079
566
1175
745
1769
2390
2469
38
422
1164
317
1433
1288
2054
2362
2442
1284
1813
541
1474
925
65
408
757
2440
50
674
1240
1467
1109
473
2445
1039
227
2225
1176
2165
15
1115
1954
424
550
2486
2001
78
2488
1287
1906
780
1925
1264
1663
617
1430
499
784
1883
1548
1040
2209
2347
2217
1485
2240
2333
867
350
1960
1466
77
2093
1792
197
2296
1604
1445
679
994
401
2403
214
1047
2489
2198
1642
1512
2200
250
1619
1969
2326
180
2495
2078
1035
1930
1304
841
258
890
1893
2271
853
142
2083
2000
1579
373
1774
2375
1216
2288
1135
1615
2290
926
2145
987
1475
836
1137
2167
2118
2393
851
2043
2016
174
131
790
1761
5
698
1143
212
1130
1184
2470
2494
1971
1764
647
529
101
2055
2071
2009
859
218
2363
2161
665
1862
1782
1415
206
1483
1715
1747
1682
1710
1851
1868
2215
1611
1991
744
1754
590
1609
369
521
2321
636
1213
2398
535
1620
571
2388
950
2285
1689
2069
331
2484
480
1998
1532
1254
458
390
209
2144
1979
1393
463
41
2068
1678
629
799
83
438
1409
1857
1093
870
792
2207
1012
472
1045
580
2451
2218
2129
1463
139
1866
393
513
1343
778
225
1975
2157
267
2013
444
2455
1438
847
947
440
1973
1258
1395
1719
190
2289
1779
1917
1731
2322
2187
932
277
2371
1113
1926
589
1676
1455
2015
1636
1107
251
181
1928
2079
1634
1380
694
1690
599
1481
1653
1937
1406
539
819
2084
319
1444
1533
1947
273
715
2228
1679
1938
609
1332
1681
2181
332
113
1230
388
2191
2075
755
1573
1809
221
1323
1542
150
1939
1647
1119
2095
1311
1357
97
557
746
2266
201
1920
1746
2483
1282
1612
2419
191
1555
2394
915
1605
1919
1858
1509
1032
1865
2422
1793
1439
135
1981
2478
1729
1476
1649
1226
1345
2241
233
547
2343
2265
1390
17
2123
1911
1049
940
587
376
1800
1629
283
1010
182
2291
835
2105
864
264
2382
2035
1397
2496
2166
1273
2122
718
2024
293
1787
118
1694
2327
1863
749
2430
630
11
1179
834
1505
329
1632
710
2139
905
1217
125
602
203
2220
247
1003
1776
188
2192
570
711
811
606
370
379
2117
520
2385
1472
554
311
2044
2262
1635
976
1498
1827
1806
1275
901
2386
2438
840
1145
1186
1218
255
306
878
1882
2036
2329
166
971
512
610
486
1826
1153
366
143
648
2384
333
1940
138
471
1576
330
80
1786
2330
2287
2415
583
260
1778
9
1233
1693
833
105
1157
413
528
1587
2041
1753
613
103
1711
1638
1193
1364
750
1758
404
2286
2500
2153
1167
1544
1570
2433
2077
1810
435
2490
491
1244
1500
1336
1033
966
1006
1550
2434
89
1714
2102
1001
514
1583
1251
2344
1229
2142
1387
844
1929
837
1435
1478
2159
823
2134
2412
1150
500
162
596
1138
1768
2356
635
817
1110
1582
418
523
567
487
262
1551
2283
988
1084
299
481
2340
2053
967
1941
1283
361
1408
658
982
421
1369
1148
485
942
1995
395
461
2472
282
1188
63
106
1196
770
731
116
279
1829
469
298
1613
222
975
2404
12
756
177
626
35
2047
2173
1594
1932
888
2061
1245
42
1069
802
748
1935
838
631
1171
1165
1560
1317
2051
1207
2186
2391
1144
1335
852
459
896
863
928
1955
1016
1421
238
1501
2306
412
266
995
1146
1811
1425
334
492
719
1864
1316
968
738
2251
1059
912
2379
1376
2310
1518
1007
322
519
320
244
1132
2177
122
1559
2409
1951
2056
771
1168
294
1373
176
911
1585
2115
1259
340
160
670
868
1654
1733
30
1491
673
1845
1461
584
2376
909
699
619
1802
1541
1102
2067
1565
1927
1392
2234
429
1446
1910
1789
741
32
652
1372
2033
907
2368
2447
394
779
1876
1219
364
764
1322
2018
249
497
812
2175
1078
793
24
1100
1083
2272
861
558
2448
495
578
2315
1154
957
1427
2359
1916
1018
352
1692
579
774
120
1270
95
385
1896
55
362
1522
1964
1672
2193
378
1822
2367
2012
1158
1419
664
1416
666
2450
813
1169
1492
241
816
582
1834
1307
650
1709
1342
1166
1921
2324
316
706
337
447
2277
1160
1122
1511
465
246
1497
996
1752
1128
1019
2245
1987
1269
1598
1658
642
1736
2222
1181
805
2130
2380
2431
2197
612
416
1120
910
830
2377
357
1617
1379
935
1670
1897
1610
2481
223
1061
1894
1036
2302
1447
937
1861
1263
1825
1253
690
1067
1914
604
302
2425
365
1252
815
2357
411
597
682
1645
2237
1321
1414
1308
1328
79
2003
618
962
43
1762
1277
304
1767
1502
691
1318
1266
2172
1149
637
956
1535
2491
999
990
1874
810
903
1835
742
1790
303
1600
1989
1575
7
1468
1622
245
1703
1290
538
2252
1879
677
1202
1199
29
515
2002
2221
2146
450
1131
1300
540
476
1493
2279
803
1055
2168
170
559
1742
1301
457
1449
1621
1823
1656
2149
1038
2263
115
2231
2196
1990
1738
781
1537
2441
862
309
1477
16
1105
2060
1203
1278
1593
464
660
1798
2101
754
2137
426
1898
1614
8
2312
972
2407
761
507
278
60
1155
2124
1338
2169
1327
1005
2358
96
1044
560
783
2242
2023
860
1819
1206
1195
1696
669
1957
2405
697
687
502
536
128
1410
1841
1456
2349
2387
2323
732
2171
588
2219
931
1147
921
2155
1013
1953
1526
2188
1962
2439
2096
220
164
2284
981
1646
1262
672
796
1077
969
1760
215
1384
407
2389
