1265
190
1372
1245
1843
281
1344
1276
2336
2034
232
1068
387
326
1143
1718
1933
676
2223
1974
1898
2153
195
1316
1566
2235
1654
2480
198
1174
1568
805
902
880
2019
77
1171
854
2058
900
271
528
2120
370
1169
2467
1534
1972
1197
1026
2209
1495
2256
1821
231
610
2280
1829
935
635
453
2075
1378
1569
1573
339
1529
87
92
1477
914
2116
2497
1109
642
2245
230
2143
434
1606
2183
708
517
235
405
2088
1044
541
2163
2063
112
1034
1715
1710
1962
52
567
13
587
977
1832
1090
544
368
136
1952
744
471
816
532
1456
1005
1342
735
132
1277
623
17
2421
1689
2225
1100
1771
1147
91
2265
1646
1834
65
2293
66
1120
2459
1173
76
426
1737
785
2287
2079
592
1070
660
1482
643
278
2289
2301
821
955
1825
919
1343
534
1140
1299
965
2052
238
1759
2086
1567
279
83
1868
650
586
275
1347
1313
1914
5
196
367
1288
1837
26
165
907
2390
1582
560
1063
2231
1383
976
838
503
615
1411
330
240
42
33
1435
1894
1125
221
2398
1437
2197
1565
822
1292
1595
323
427
1149
2462
1711
2174
1051
2010
1186
663
2429
1798
301
575
286
506
666
2007
1121
508
1564
2404
468
2067
373
456
678
433
2028
746
2001
1584
2443
1458
119
2282
574
19
340
2051
700
1462
1706
2096
70
1308
1969
703
1663
1652
520
2341
521
1091
1295
2069
709
1731
266
1699
1025
2201
1671
2454
1260
2288
1306
333
2409
268
2474
814
793
1009
1961
2335
20
1249
194
1390
1905
179
253
2323
2145
137
768
1986
364
1641
1813
460
2463
879
1038
276
403
1105
842
1918
247
429
1733
1400
2107
455
1472
1838
1368
1994
2320
966
1808
2189
795
2018
108
6
1335
2268
917
138
1901
1579
901
2460
1768
135
1617
687
97
608
1660
317
57
1555
737
1735
369
140
392
1164
668
1460
1028
73
1133
383
1192
2361
1603
648
2324
1839
602
818
1428
95
1175
96
1666
987
723
619
950
773
417
1585
2015
832
1599
1131
1396
1840
1407
1431
64
1956
2402
171
2045
1858
489
110
1615
1719
1123
1594
150
1828
431
1601
436
991
817
591
993
2369
59
312
413
2339
861
1925
2082
2396
994
1633
848
728
754
1102
651
328
1716
131
493
2384
1597
2193
430
1066
897
2060
2296
2248
2487
2321
1410
2399
2087
114
1352
1354
154
1284
1275
2139
1587
1229
56
2461
1329
1230
603
380
2098
927
2359
1256
204
1036
8
2311
29
2490
598
1366
2397
1876
2102
627
507
1324
2117
1116
1443
2274
156
1465
1634
2188
1992
2312
1483
69
1190
1878
1498
2250
2111
1853
518
1805
1429
953
1915
1041
1152
10
504
2307
2228
98
748
2214
1879
697
982
1830
223
571
585
790
1082
351
2150
800
961
1195
2030
1093
1796
1628
1998
984
374
720
218
1015
192
1405
2276
1114
1461
321
1362
1622
472
244
329
626
2437
1220
664
1945
1358
1027
782
734
1793
416
2121
1281
1645
2302
1221
2322
850
1964
1311
909
1353
2373
2286
315
1709
385
1762
1285
1191
1875
540
2103
751
867
2219
607
2365
310
1506
1360
691
1108
1540
334
32
1804
1179
9
18
921
1676
2127
1244
1388
852
1298
1742
1635
2014
2039
2072
12
1297
2206
298
1214
1257
1781
1128
1494
1688
990
1226
167
344
352
820
2093
693
944
2135
2342
1991
62
1183
1381
1862
1502
1210
207
1124
1545
1222
979
448
1107
441
1395
155
1273
1127
2133
1266
1505
107
695
622
117
495
2356
831
74
2085
936
722
2412
672
595
640
205
2144
2383
2237
2344
1620
1546
2205
2172
80
2376
1219
2131
1007
1074
920
1754
1543
2041
421
1489
727
1675
1487
356
839
1413
1670
1907
263
787
1448
2417
191
500
1323
2008
2037
584
1157
543
1439
1967
2340
2375
1442
228
789
2315
2360
44
1048
1304
2191
1779
510
188
2207
1080
558
262
2425
1389
1185
1650
2239
1625
2279
1549
158
497
2434
1111
1769
760
270
293
1438
767
1841
120
1867
93
280
1471
2118
349
2099
234
509
1721
511
972
2170
1678
2047
1076
2080
1752
1247
1060
2068
424
2043
1374
1300
2309
639
892
1912
2374
2125
1697
949
1708
1817
173
645
1777
1530
1903
1988
1602
1809
246
1728
2439
1004
2448
1401
2353
1118
1159
2310
964
2159
48
38
161
554
2226
1865
2416
116
1528
206
309
1936
726
579
684
49
1235
1330
2471
713
747
757
875
618
2199
988
656
1600
1560
733
222
641
577
1760
2061
362
1723
187
2357
1264
1732
658
486
2195
2277
428
896
229
2084
170
2392
1947
60
912
1488
671
1484
394
863
1289
856
390
1551
1938
1701
319
938
1054
2081
2100
2056
2262
290
559
2136
1526
2149
706
1586
2083
322
1930
1685
2181
2492
1187
968
557
1637
711
111
1700
2304
2331
2124
1398
995
1616
2345
1621
15
1984
494
1110
2300
233
1882
1662
148
7
699
1290
386
1451
1547
1466
1387
1775
834
1887
2349
1588
1255
1414
1576
670
1045
898
2427
438
2370
200
332
637
1683
1538
1745
630
1626
613
425
1613
1251
2362
2218
336
2138
522
1756
1176
100
1218
881
177
1679
1087
1561
1741
550
407
694
649
1509
1948
1739
2196
2498
788
241
2325
479
1970
2221
1393
2095
415
830
2424
824
1636
359
291
2222
501
2389
1228
2006
1112
2104
683
1077
106
79
1501
1823
749
636
1207
869
102
410
776
1522
99
2266
294
1694
1049
926
347
752
1475
2161
1314
1797
2155
1900
1827
1803
934
211
1937
806
480
2422
219
2192
295
2351
836
1377
1618
549
1848
1541
2259
2241
1325
439
1734
1012
377
1923
145
1236
631
422
1032
813
348
525
474
1649
160
981
588
1940
1999
1457
886
2371
547
570
2407
872
318
2141
2489
1755
2499
1278
36
951
166
1802
457
2130
1369
1067
736
342
1243
2254
1695
1332
1209
597
2423
2091
1631
1071
1279
1740
1554
1039
2251
435
389
1703
2433
306
997
1496
2112
90
1563
553
925
682
1574
530
144
476
963
1101
837
1950
397
324
1031
1224
1951
1686
1053
1350
1423
447
2249
1924
1237
2484
452
2077
1614
1559
2381
1321
2230
2169
1835
94
2142
1146
1154
488
269
1669
1064
1899
884
1800
1309
1881
2032
1166
705
1208
1581
797
1021
2048
2012
1033
1113
692
877
826
1394
1941
446
2486
764
1975
937
2252
2330
1129
1869
1816
600
690
1764
1392
159
2428
1757
68
2168
1486
1507
172
311
133
962
731
1722
572
835
772
590
487
432
1242
947
924
2446
1240
1134
1254
1095
1987
625
1772
1717
1725
1943
2105
40
1491
496
1531
378
51
2071
2494
1241
2073
2350
1750
299
743
1786
629
1391
2176
2319
2194
1761
933
255
2106
289
889
2129
606
412
2148
1065
464
256
2212
1592
2464
1855
685
1215
729
1312
1667
123
1980
1556
1916
715
657
215
527
514
1883
1831
2358
2162
1198
883
11
675
473
2055
1349
39
1098
37
1820
2476
1575
1989
674
719
1871
2064
54
1511
783
1376
819
2258
1019
786
1958
1267
1535
999
829
1874
297
1201
1161
61
2175
1583
2333
985
812
1336
151
564
1150
1467
2271
1911
288
1180
1283
490
1327
712
1136
2440
2210
1355
1523
1845
1707
2137
718
260
2401
2278
1896
2115
482
1337
1348
531
1833
1117
922
357
2328
825
1363
2468
1934
1481
865
2419
254
1010
1227
1751
1968
954
2290
2229
82
1056
1902
2305
402
1558
1499
1942
1712
75
1748
89
2285
1787
2076
948
2173
1158
513
2481
1963
1743
2393
742
1822
305
1212
2391
738
2233
1747
2066
2458
1960
2303
1165
855
2472
2200
969
2022
1370
28
1673
798
1815
2092
621
971
2070
960
1216
2343
2110
1682
2294
14
1966
1206
2097
104
35
573
1698
2478
915
945
2306
1776
1480
1341
1570
766
1367
939
1319
1338
245
777
2044
1263
1130
983
1357
2027
180
1692
2334
2445
1003
2415
903
1640
86
1479
2386
2495
1162
681
2444
169
84
1520
1081
445
2385
1106
609
1983
1403
483
801
2026
384
181
526
1859
978
2380
1454
1854
1232
1550
2479
182
1430
717
258
1196
535
443
1644
465
1181
1778
1079
149
894
1115
809
1380
2452
523
103
2275
257
440
78
85
689
1753
957
2160
620
1238
1310
1785
2297
365
1801
283
1981
284
1955
2215
1544
1099
363
2438
791
2284
1402
296
2198
2332
1872
1935
53
659
913
701
1810
1328
1681
1492
1910
1919
2004
1302
202
998
2078
502
2101
673
1440
118
1078
1880
1884
22
846
2128
2023
887
109
1282
1427
396
996
1515
1137
395
1449
2283
2156
596
739
72
1863
2178
46
2457
1598
113
2263
2147
1589
732
2243
1985
1873
885
851
1203
1253
1959
354
1906
906
845
381
1572
1188
1729
1307
1340
2184
1806
23
973
27
614
1418
1103
849
1016
1521
1604
461
802
316
343
2062
1272
2347
1184
423
1339
1356
2363
562
2355
450
1619
1447
1035
2308
303
775
1639
696
121
638
2180
594
139
1259
959
1758
41
753
2017
168
1971
1017
1365
1421
454
101
765
2436
1909
71
481
189
647
477
55
745
669
1917
1524
1211
466
1982
325
529
2220
224
546
2182
1931
2394
2186
1261
2123
866
1317
1075
566
661
1850
1973
2317
1333
2348
1296
470
2158
302
1223
1294
1270
1422
1627
568
930
561
1246
1920
580
992
1426
1089
2418
2203
2400
265
484
677
307
1536
2291
2382
665
1204
1744
388
2411
308
274
2378
2264
1714
1178
1455
1001
1135
220
2269
2036
2379
399
2477
2316
2372
212
2450
1629
226
1047
1738
1193
803
1200
1782
730
125
1043
1516
1170
1783
605
770
781
1142
762
604
1593
2042
1331
2346
1182
1470
1315
2469
1485
2109
2395
847
989
680
1468
201
292
252
2453
1609
1252
193
1490
698
1886
2049
1037
1436
4
2050
794
1537
1139
1024
1138
1926
1690
1062
2387
1322
2267
1473
1860
2405
1364
1890
860
634
905
827
213
209
25
353
2126
1856
239
2364
931
1305
707
1921
1693
2483
124
1055
1144
2057
1406
1870
2089
923
2090
1022
1659
778
868
2167
382
1326
1416
2466
2033
761
1730
153
946
2213
2152
2327
2029
236
1677
1239
183
2179
1928
1993
1857
2
1847
1647
1375
129
1088
1083
1469
796
372
1153
360
918
873
2157
759
478
2040
1085
1877
178
617
545
858
1119
1765
366
980
1632
401
2338
2414
469
1271
1351
654
859
314
653
1052
2187
350
1946
1674
1441
1510
890
341
1657
1736
272
2366
1979
2016
1519
2208
967
2354
1094
1846
1008
864
1474
105
1072
1084
1590
199
524
1691
1687
2224
1384
2326
1842
2473
1630
1977
2054
285
2456
2009
599
582
1997
2190
1233
1452
414
1050
45
593
519
164
1213
2281
2441
1424
1415
250
1061
862
1864
1861
2151
1577
1280
1126
815
975
2171
1160
2455
1042
823
1605
1653
1202
287
1379
874
1893
1225
300
1826
3
43
1661
710
2247
2432
1432
1092
237
1287
2491
1656
2377
282
1552
2470
758
1177
1168
2114
2242
1371
2420
208
1807
261
2435
1011
904
844
2217
2031
1794
810
141
1696
2002
1557
2038
1766
2298
1503
1189
1836
126
721
21
1651
2388
2165
2238
1789
1476
1643
1790
1014
2449
1608
1433
203
612
1373
147
1514
811
1562
499
808
779
34
1361
1892
1172
449
1824
716
505
1419
2053
655
1578
1002
807
1612
304
1397
2011
2146
162
1799
552
876
273
58
2140
81
932
1702
361
2257
1508
134
1774
1819
444
1580
2367
243
2299
225
409
2046
542
1425
376
1512
227
2313
893
1346
1029
1888
1610
492
375
1727
1655
1086
152
974
878
1672
763
463
451
895
1664
1000
30
714
1713
2113
1386
929
346
1303
143
556
264
1194
601
755
870
1420
1141
2164
871
2020
1795
2406
50
337
1996
47
2005
1922
1939
1749
956
2295
2329
1596
2074
2035
1478
1773
1274
1417
2244
1638
2185
320
1957
662
2108
1668
1446
539
1148
1104
2177
1151
908
358
2013
1623
1163
1345
88
2488
1525
1073
1591
536
2482
2094
555
1811
1852
157
589
467
1844
1269
1262
115
176
2216
63
792
841
1891
1791
986
2240
2403
533
2134
267
1006
724
1724
1318
491
355
214
941
277
1895
1780
2227
393
251
548
828
1611
1409
1132
174
1097
578
406
702
1658
686
1059
327
888
122
1434
1949
1359
163
1680
379
958
2255
882
16
216
197
1607
1
1932
1058
335
833
583
2410
952
2496
1624
1684
2292
569
911
1231
1518
1122
563
2261
1978
1145
771
1497
458
1399
2059
1156
1553
1500
1532
1818
512
1904
652
1927
581
804
1334
408
688
2204
31
611
2352
1250
1788
242
632
942
248
130
1866
1642
1167
391
418
1770
1767
1382
1301
1459
2337
411
857
628
2451
1539
2273
1571
2368
1513
1784
146
2447
498
184
2122
943
756
667
1217
644
2500
186
2236
2270
940
2232
970
1412
1286
345
538
1746
2132
1445
398
128
1954
780
1527
1705
2246
1944
1548
624
2314
2024
1704
750
1013
679
462
185
1995
1533
853
799
1990
928
400
646
2485
1248
1885
1453
515
891
2465
1444
1385
2408
1463
565
1720
899
1814
1792
725
1849
576
420
1517
1976
910
1648
2154
1046
704
2272
1889
1929
2442
331
24
1291
1542
1293
1205
442
2475
1199
1450
1763
371
741
1155
175
916
1812
1897
1020
774
2202
419
551
1493
67
2025
2065
404
1913
633
2430
2234
1258
1234
338
1408
127
1018
2260
210
1504
1057
1030
475
1320
459
2021
2493
537
840
2003
784
2211
313
1965
1404
1023
2119
1665
2000
2431
1908
1851
485
843
1726
249
2426
142
1268
1096
1069
437
2413
1464
740
1953
769
217
259
1040
516
616
2166
2253
