207
1666
344
1053
534
1137
2229
225
19
2148
2138
1033
1800
1796
2440
1479
2121
1847
526
1989
1983
343
1625
1296
891
919
1742
880
2380
566
1724
1809
1947
1416
2351
494
13
1807
811
1828
1482
332
760
1313
1413
2303
723
61
1131
2475
1330
371
1180
1272
926
2329
1019
875
2484
764
1616
1126
1692
15
1357
623
1585
1059
2403
2269
2280
82
2376
851
131
799
1595
404
1559
2179
1104
1636
311
906
992
1674
613
1773
1172
767
921
484
1395
937
338
1822
1367
1412
1747
291
2321
2318
668
1301
1734
1420
341
1373
1291
1560
501
2256
1621
1464
1774
1358
1038
1089
592
348
1799
873
1977
2333
600
1741
963
2478
2116
2456
948
1587
2289
2065
58
1520
2397
1594
646
950
657
920
1034
905
40
732
1714
2014
665
1362
1458
2436
933
1837
2231
893
849
340
247
2402
527
9
2291
1651
1611
908
2204
213
565
1163
1803
2309
2235
2462
569
1105
1497
696
1655
481
493
2173
1237
1743
2186
1757
1554
1703
1042
1401
2122
215
1645
614
2450
1344
1818
686
517
1397
1267
2159
2202
2294
279
2111
1871
1084
1808
1083
515
2221
1280
1505
1716
2086
2307
1271
994
2011
1095
1045
1415
49
1378
630
52
70
430
1263
867
320
407
1446
856
2316
626
1471
2300
734
2336
1465
1664
2308
2000
1887
1376
682
609
817
581
1122
2305
2071
719
805
2485
1795
1190
2421
998
132
685
1702
2243
2413
1568
275
2379
2454
1526
967
39
384
142
551
1242
2228
794
237
282
1772
632
553
1383
563
854
1810
1853
1233
469
323
250
1528
1306
2162
871
2153
765
1146
2176
1054
2293
1694
447
1527
1297
1615
757
833
1158
50
714
2004
1153
2260
2302
270
1227
2394
587
2326
488
2458
433
2417
1848
122
1632
2415
374
1092
2493
2277
85
2006
1046
1424
22
1428
2061
427
2200
2358
1579
1136
1339
1525
89
2464
2448
240
699
1472
285
1760
1318
1133
2481
1487
795
156
1212
1768
2334
1365
1193
1139
2385
2027
46
358
2092
490
721
1695
420
25
2447
934
1312
1016
2422
561
683
1969
71
506
1775
2284
610
1854
267
1461
112
2128
2034
946
742
1469
1916
1727
318
1540
24
1204
1037
684
65
2008
2491
877
2467
1532
37
1001
1951
445
991
2483
803
961
1613
1849
789
1195
2500
310
570
337
1709
480
2057
194
244
1211
42
949
1268
838
1309
1628
2345
1266
489
1933
361
2190
1166
533
2194
2083
1335
782
2367
2410
1784
1816
2223
1004
1035
1802
456
747
1689
1765
1366
21
1403
1048
1881
1064
1385
1075
419
988
1484
1199
184
781
478
778
1618
1582
514
1402
1140
676
987
1825
258
2370
550
319
516
220
939
1934
2398
203
1851
1855
2108
897
1732
1155
745
1786
2215
579
571
1817
2453
1311
2264
813
242
507
638
1923
1308
124
1744
870
1456
2314
844
1121
2082
925
2073
1973
1408
1979
835
1386
2009
2406
2381
776
1872
978
415
167
724
519
945
2373
1377
2372
772
2363
449
1174
1846
1843
1865
584
645
940
18
1459
266
2178
843
73
510
808
1117
822
1317
876
820
989
1086
2097
748
1285
2214
475
1588
1519
1738
1414
308
716
1261
2488
2255
1861
339
753
2480
2443
884
1125
63
402
418
935
1287
2110
1812
214
625
2130
715
559
1368
239
914
1467
2062
446
1769
1677
1797
99
603
471
548
2127
993
2471
155
863
1003
154
1892
2143
661
1999
134
2430
1023
1596
826
1630
2040
971
701
1369
1328
277
1372
1512
211
2174
629
1539
443
355
1206
455
2028
2233
1718
2327
1076
1798
43
1177
1957
366
496
370
2267
2375
1282
1840
850
842
537
1949
2103
1063
1791
2352
774
1234
1345
990
2354
2311
680
1996
1541
864
1624
377
2031
617
353
1423
1214
2005
199
2117
2129
2055
1108
2271
1898
88
1067
196
1966
110
1027
1669
1657
815
1713
1660
1680
322
2025
164
1931
673
1831
1576
712
2384
1041
1036
297
1879
1902
885
1052
522
2466
345
1650
549
2270
1943
6
1356
1277
1509
2242
452
369
846
357
2160
568
640
1224
1240
2360
1905
1150
1533
1608
149
1102
1549
1639
725
1029
2434
2077
161
1722
1305
955
2154
1215
1352
375
2135
2296
1663
874
2389
298
1260
1995
1976
1340
1494
957
1824
669
2306
104
436
2168
2003
1478
409
1013
2396
741
79
1258
1093
1922
847
917
159
1821
429
2490
403
1930
2157
233
117
1521
224
466
2149
476
243
1921
1294
1982
48
2227
108
100
1524
1030
367
1790
47
825
2474
619
644
1688
1488
2236
1780
1883
2043
1450
2192
2165
736
1635
411
450
2220
1399
1310
1161
1859
405
830
1537
523
513
1491
1662
544
1275
2382
832
201
327
1017
1542
1653
1697
1558
2457
2054
1381
2353
1205
1162
2281
1289
1789
1605
2146
1762
708
583
1638
394
681
179
968
2441
639
387
256
182
442
1978
979
1480
2171
1501
552
90
1917
1364
128
41
2088
1907
942
1468
952
2253
1676
2151
662
1175
2312
2261
672
1707
424
1375
1858
1324
1965
962
2013
751
274
2099
857
1307
824
580
848
1839
1246
400
790
289
382
1032
438
435
2024
59
473
1974
2166
453
86
956
2310
1648
2212
633
2132
882
1956
1736
1057
2199
2012
133
2278
1348
841
2134
965
1884
497
954
1794
1767
912
1517
1314
739
1592
525
2482
2356
524
141
109
84
652
804
768
1814
2185
1819
2150
1298
2486
2203
304
1601
598
2273
783
1842
2033
363
2265
1787
607
178
983
521
756
2035
1640
2237
2124
1327
1746
1400
1649
1763
2391
697
1331
1556
1107
2429
1455
218
253
2288
2107
2056
1253
397
395
1069
5
2340
2322
591
627
183
472
1623
762
746
1188
1231
451
1346
66
1050
383
831
1693
231
1304
2433
1167
2343
562
860
1993
1342
193
2383
1543
1602
1998
166
2428
666
1926
1384
186
1394
2272
381
342
689
670
1570
1659
1899
1203
827
1265
448
1548
2021
1239
586
2142
1476
1178
1868
2015
1220
2416
197
855
2472
2444
535
2070
812
2181
314
1499
695
1607
2136
1426
692
2355
251
2087
2145
2010
170
1901
470
1723
1230
1829
1498
928
903
836
1813
1833
208
2085
103
422
1719
482
2494
1835
1626
894
1634
1834
2001
1262
1462
595
2101
2499
1959
650
2246
828
1189
727
2411
1337
1915
1273
1874
1910
1088
293
165
758
2211
999
960
542
116
373
2301
1739
1418
784
671
34
777
102
1382
1485
248
1228
1232
574
2052
290
173
118
324
2218
113
1127
1927
913
2029
677
560
837
717
1040
1390
1551
80
262
1827
228
1347
1535
1078
1936
1031
60
1359
281
1566
1686
222
1944
1885
1217
1500
749
718
2315
2222
691
1684
2427
232
313
976
2240
1223
687
94
252
1805
401
192
158
1489
2446
2094
326
859
2
1434
1518
1710
152
1896
621
793
2232
636
462
959
2030
57
1443
1100
1248
969
505
2184
2096
2368
575
1495
577
631
410
647
2201
1578
2144
1581
771
2046
1026
92
705
1216
1603
1293
1466
2042
2066
679
325
1283
1264
2366
2426
2100
1392
1986
111
1997
2377
2461
674
1371
1160
284
888
1764
14
1142
602
2298
823
2017
97
1531
616
1303
1387
206
660
483
943
2002
944
2158
729
889
2239
722
1845
1255
391
2045
1929
241
464
2182
217
1295
608
283
2248
653
334
1299
1106
487
44
74
64
2026
1994
1496
2325
1749
2297
554
1620
2341
1250
1953
1679
667
1051
1486
121
1875
1431
984
1643
2392
929
195
1975
2252
354
2285
1561
1391
872
1880
829
597
1908
2388
1389
1123
175
1249
982
1187
710
2069
1148
1453
1838
2451
2196
1681
1754
1141
1750
1169
1600
1
504
1409
1920
1380
1022
1134
899
144
459
421
2219
1132
2095
2114
1946
2492
1236
30
1552
139
557
951
1569
1379
1101
479
1961
388
1186
2238
209
1066
740
910
895
2198
454
200
1351
1515
1183
2348
1350
330
694
1120
2374
2365
1687
2347
426
300
130
1207
1274
1530
675
2357
2167
368
1115
649
1565
312
2250
1862
1425
536
2131
1573
883
1470
1343
731
1590
809
1441
136
2113
2080
77
1010
659
212
862
2060
2438
1112
2177
605
2119
1254
1870
188
396
2183
226
2349
347
1321
620
181
986
2249
288
1715
246
91
642
7
1024
107
2364
2126
1138
936
730
1599
352
1593
2274
1964
1683
618
941
1281
2424
495
528
78
169
205
656
1935
1257
763
737
1226
909
1785
2245
821
606
1058
720
693
147
1904
1012
1925
2404
1219
1229
1460
1128
2180
1591
791
2118
995
1182
2105
567
1218
1072
1759
869
1745
1523
1678
845
1290
1332
269
1863
2251
1647
655
927
1503
918
785
1572
2279
726
2442
690
148
72
146
866
33
1055
129
1410
249
615
1341
1322
1988
157
1256
881
398
36
728
2477
1897
1900
500
1911
1873
1457
67
150
2104
2032
2473
316
1756
807
555
1355
190
35
1164
10
2140
1536
465
254
2445
1099
2226
2161
890
1665
1319
596
1690
278
2378
2437
1198
1968
1804
2169
126
1135
1081
1422
2412
755
69
1235
3
1876
1701
2241
1184
1919
350
637
1967
1405
1793
1448
1005
1200
75
1534
1444
335
1546
2496
2048
1699
1061
2125
238
1208
1320
1706
1610
1652
1147
2068
816
379
1584
2216
1103
245
1154
648
1730
911
558
2449
509
907
1473
1110
709
202
441
622
1068
839
1637
474
499
1349
444
2299
2342
1302
2075
1452
83
1170
2350
2016
966
964
985
54
572
2081
664
1627
802
440
2225
530
168
307
1251
1096
573
171
1779
1574
975
973
2432
547
787
1895
16
423
604
2007
1398
303
2460
1696
1912
2044
378
1671
801
1315
2191
1980
1269
26
1411
1729
1752
972
351
2266
1606
1316
2244
1981
1820
904
151
2067
769
1906
775
372
1062
1913
806
1197
1771
137
1580
1361
1806
1209
1938
1014
2335
2072
4
1288
1185
1958
1338
1192
1748
2259
301
2371
706
98
174
2163
520
2386
635
1555
923
704
1667
1529
264
2172
1557
1991
2304
492
2079
1168
1783
17
1547
365
223
2102
588
1598
1451
2409
2050
1073
1864
593
2459
2361
1437
2292
1675
1278
1159
437
477
624
1728
2268
502
286
634
2468
1893
865
1506
1221
1711
590
1788
930
788
172
2423
1658
2418
1028
1210
1002
260
1992
2188
1832
752
1181
306
2098
2344
1082
2359
1406
2275
1245
2390
191
2051
1619
1672
55
702
2420
32
1516
2037
259
145
1483
1571
503
27
1950
1449
1731
564
2407
1171
1292
1878
1439
1633
23
467
531
2439
2262
1477
1417
819
2338
711
810
1646
1609
1323
333
2331
2059
160
931
1918
532
331
2193
996
1670
1614
953
216
140
761
1435
1782
997
1705
53
229
1758
2362
539
268
2189
1119
2337
892
1891
2332
321
1987
389
2076
2053
2058
1801
1202
51
2324
292
1844
1631
744
412
1191
428
1074
1007
1118
1047
1436
2487
189
2234
556
1955
2109
276
713
852
1325
1970
1354
187
1622
1612
1143
2091
1085
1329
1286
1419
1856
1049
2319
1751
1407
2207
2405
2323
958
1867
1641
1149
1433
1196
2038
1562
818
1165
1673
2395
1360
236
576
738
1770
1492
20
1087
654
1984
1079
898
1270
1866
2205
8
1427
698
915
589
878
1830
529
1020
1972
1604
458
902
434
2106
896
2133
380
296
1777
1370
1642
1682
2476
1792
688
271
210
1510
2387
356
2463
255
2497
176
1111
1656
1717
93
2287
900
1940
431
1928
1326
12
106
302
235
641
1668
2339
29
1886
498
750
1080
101
770
2465
1130
317
1145
2431
257
1857
1823
2120
1440
1396
1056
1333
2063
585
1721
1971
1173
1538
1071
2175
2187
786
1098
1629
1241
1284
546
974
2019
1508
1194
663
457
1589
601
578
1514
798
408
700
119
1225
230
1685
1909
2317
1860
1932
1393
273
328
2254
486
545
1152
1077
1941
385
1942
295
1841
707
45
162
1939
1179
1704
759
2263
582
1043
1502
924
2399
376
773
1740
2247
2209
2455
1157
329
38
95
1761
120
28
432
868
1070
879
1353
1553
1176
2018
1124
2425
364
1238
1363
2393
135
2369
1336
1712
543
315
1222
1244
2047
1545
2152
970
180
2408
538
1430
2090
336
1021
1429
461
1960
1753
1109
299
1490
1481
1735
31
359
658
541
439
123
2197
743
2257
1113
834
735
1954
2479
198
2089
2346
1504
1948
1577
1247
901
643
463
1962
980
2276
540
1597
414
280
1201
2498
2320
1018
2123
594
1985
887
1755
227
2224
1374
1094
1586
814
1815
1766
1811
2283
1475
2039
1644
678
127
1421
1300
1259
2208
2400
1091
68
11
272
1888
1914
386
1890
81
2112
1279
2093
2414
87
2022
800
417
2495
2286
1781
349
1963
393
1008
1513
947
2213
2217
1493
115
1778
360
2210
511
1116
1850
2074
611
392
512
1654
1438
425
1726
2041
2164
1129
1583
1463
413
2155
125
2139
76
491
1894
766
2141
1388
219
204
221
96
2258
2147
416
1882
2137
153
2023
1151
733
2435
2419
261
1511
1776
2295
1836
1720
1725
234
1114
2401
2206
1156
1889
1937
263
2452
485
406
2282
1575
2064
114
399
977
1550
796
1474
1990
628
1015
1708
2078
754
2290
1522
1952
1700
1025
1869
294
56
460
797
1852
362
2470
1454
1243
651
1404
1924
163
938
185
105
1564
1737
1698
2469
1252
1060
287
853
1691
1090
390
599
265
1097
886
779
840
1039
346
143
1877
1000
858
518
792
2328
1065
508
703
1903
2036
177
62
612
2115
2020
981
2049
468
1661
1009
1432
1442
1567
2156
2230
2195
1507
1826
305
1011
1144
922
1544
1617
2313
1945
1445
916
1044
1006
1334
2489
2084
1733
932
2330
861
1276
1563
138
780
2170
1213
309
