1510
1842
2287
1371
2044
519
1717
635
1068
988
1125
969
2192
224
1005
1765
2235
379
1492
1648
2143
63
671
2396
1351
353
1513
2282
654
1514
1750
358
1480
267
368
1364
1647
96
1783
1761
401
2414
754
1366
1154
686
132
324
364
2397
722
769
150
871
509
501
1212
2348
2392
1517
933
1211
846
1063
1254
2386
1859
1426
1905
1834
625
54
715
56
2088
473
1134
210
215
622
2492
873
1645
41
599
366
1922
1611
1934
1112
2220
306
282
192
443
1867
765
1275
1884
1105
1952
504
340
2228
2271
1963
339
959
940
727
287
862
362
774
1408
2101
1121
1946
173
476
1780
828
120
1655
602
2343
2169
190
568
2233
985
1815
1635
692
2391
1399
351
1450
231
1427
2372
1822
1098
521
1738
1191
55
2269
495
2349
966
1070
116
1037
755
1022
2178
1872
247
714
321
1714
737
663
127
1865
1228
2303
1152
1483
436
1512
592
1777
2278
451
2204
2097
849
648
367
2081
2405
2499
1608
393
1746
1531
180
972
1593
1950
2060
415
1505
308
583
394
2091
1135
1353
669
273
370
1247
847
2094
2318
1404
1541
222
1856
326
1660
389
1363
2145
1523
1295
290
1179
928
2141
1874
1337
430
1710
917
910
1004
812
121
1159
1789
219
2173
13
1126
285
2130
344
2046
1487
1796
2431
333
594
872
1326
68
2116
2487
1477
23
246
700
201
2495
701
28
695
794
2122
2072
319
83
1272
1479
492
2258
1667
729
1071
1624
2207
2459
1329
1158
1651
1129
1475
1966
467
1372
566
685
1392
438
1221
2059
151
1612
2188
514
160
939
206
422
609
1271
1628
361
934
1948
629
280
2089
2026
2219
1156
2201
1736
1262
1036
1564
2053
419
1284
675
889
1530
1282
423
2439
899
1626
1054
62
900
1807
263
1641
1050
1067
1940
311
1633
317
1809
2393
1833
815
1270
1241
2454
630
16
506
346
1293
2274
2449
2084
1455
1920
745
2340
1214
1287
638
1839
619
2301
1219
1994
784
2187
528
536
717
1466
555
806
1468
7
1436
257
2323
1203
666
3
1463
1341
1263
2195
878
493
1281
119
189
75
78
2157
875
1737
1862
827
1894
2312
2290
960
870
2215
877
753
106
35
2142
2077
227
1453
1044
1637
1735
208
2021
77
895
2406
2023
1627
2196
1088
1317
2473
1779
2355
1787
906
390
252
520
193
868
404
1124
144
1232
432
1529
1999
1311
1194
1767
657
748
452
104
2152
539
274
1548
2261
665
2344
482
787
2426
662
1853
708
2166
1982
660
898
2174
254
1467
2360
1080
1495
58
1442
2179
446
2198
804
1136
1675
118
507
74
596
1572
188
2052
571
593
2168
240
102
2071
626
1409
275
2481
2018
1484
1760
1278
93
1618
845
1802
1040
1805
740
833
475
1711
742
705
141
2284
1422
2500
732
533
743
1493
2069
2232
149
2090
2164
1210
1074
931
712
466
1835
905
1291
43
1652
2138
2006
153
807
1868
1880
1324
1644
328
1931
1912
440
1289
2307
2314
656
2155
1885
1035
723
2329
2244
2267
2241
143
569
2417
1939
2342
185
1007
1277
925
1740
1603
2144
2225
5
1298
2206
2259
1553
1058
2123
974
1157
799
1730
752
1226
2489
178
782
2242
1683
691
156
1906
1511
245
1838
1716
1980
1301
535
1414
2366
1274
1825
145
1432
441
2054
503
70
1443
2400
1915
1167
643
791
672
1151
1945
984
567
381
2321
2383
518
1502
1944
2294
790
38
1248
1103
546
249
2015
811
2042
1296
128
668
1806
1762
1594
109
24
2316
2118
1851
1078
1186
1076
356
1029
352
1718
703
2079
867
214
857
1243
1864
2087
72
1545
412
1800
2075
1421
237
1869
1793
927
2175
270
2351
1584
805
165
2024
1253
199
841
2127
2433
1368
964
2078
268
1985
1102
510
948
57
2184
11
2003
1957
1580
2163
2098
1567
387
2295
365
1053
921
1506
1016
1573
881
444
923
1286
869
556
1389
1435
1962
2403
2108
1011
187
1504
2037
1261
1155
2189
836
1879
297
2286
1748
2302
1051
2324
1681
2346
1610
1763
2066
1571
1896
1808
1065
655
1091
488
2057
1546
1623
1745
554
388
2110
2236
1055
1785
1526
639
26
1348
1500
1276
2035
1027
2239
2254
1686
1073
1769
1312
986
1889
1358
2170
1642
2468
976
1190
2313
1369
883
1574
1850
1752
1636
517
834
646
2362
2061
2172
876
633
1561
1018
25
2389
698
783
2378
302
552
674
184
1026
463
1099
914
60
1818
591
380
265
1378
1576
694
251
91
1668
315
1804
396
1168
525
2453
108
1420
842
1670
1698
1429
2030
545
2103
1928
2194
2353
123
2354
1871
1440
2268
1519
949
1932
1693
1993
1019
515
587
2296
797
2064
967
1327
1542
1224
1060
1558
850
433
2330
1108
1370
136
738
1217
337
803
1917
664
511
761
1781
2272
447
1043
205
320
1349
1465
1731
1446
2292
1772
1968
2160
350
1184
1639
134
2074
1336
2120
2336
1688
66
1209
832
2260
726
1713
278
1172
1766
1393
1909
2005
2185
2363
2222
2186
1560
772
1323
80
946
1388
770
1533
1919
1888
1986
400
481
135
1900
522
578
309
97
168
1299
2010
2073
2425
300
1989
2477
683
262
288
1402
1481
1454
2230
1166
1195
553
1111
1456
341
1187
661
1306
335
1380
1742
2289
2096
650
1245
1847
1860
1516
1163
2070
1491
2248
894
2315
2494
485
1676
2257
884
634
1430
299
406
2247
1445
1958
2065
1863
1471
296
417
1285
1064
399
2451
1899
191
458
2491
1494
478
2051
34
138
911
226
1354
778
2479
852
1032
773
2129
1715
1848
1992
382
1215
826
1890
1682
1153
785
1472
1266
897
719
888
2359
1087
1251
1375
1411
759
2420
1620
1643
4
721
1813
1288
1965
12
607
909
1602
798
1595
734
1383
886
327
90
461
373
2086
1146
1895
1280
1790
1776
2350
680
1615
1269
957
1223
1066
239
1927
1971
1886
612
513
912
64
1936
620
2399
2480
608
107
2158
1441
2128
2020
2332
164
563
1882
295
542
242
1023
749
559
420
2275
2387
2437
2093
32
2390
2092
129
1437
131
1646
470
2181
1741
1021
1998
995
1981
1773
39
1535
1988
780
1550
2211
140
814
1470
524
558
304
1613
2056
819
1230
750
1669
49
1622
693
1521
2237
1892
1127
1858
2456
1855
1840
383
1238
1543
1810
1302
1775
2221
730
1193
1653
802
1309
114
1205
2133
1539
1631
2234
1778
2435
1413
429
386
2370
1405
117
1033
597
105
2317
1654
500
175
212
771
2009
283
47
305
679
531
613
298
982
768
736
2457
572
1345
1712
901
649
616
658
1084
913
1116
1485
1292
689
570
483
1503
1365
2364
2246
454
1255
146
1236
21
1235
2441
2471
1604
1175
496
1322
929
2243
2409
266
1703
1559
512
2197
1527
179
2328
821
2119
1225
1532
2466
767
1959
2043
2217
157
1118
2476
332
1400
1401
103
1924
916
579
1041
550
186
2418
161
217
1343
551
2485
1995
926
2277
2132
1792
994
541
313
1723
2369
924
706
2338
216
1476
2131
2388
713
329
2436
2458
611
1075
764
303
2083
990
218
1705
359
1196
203
962
1448
130
1696
1160
831
2475
800
1817
465
987
1478
1056
1983
628
1585
1377
1090
947
1600
676
345
1249
1947
801
416
777
1030
1566
167
2415
2102
1757
2461
997
1360
1145
2140
1534
1974
1344
9
1093
2033
155
786
235
445
2413
2180
2493
256
2045
1394
637
840
110
631
453
582
1695
1237
1433
1891
2226
442
1373
405
322
1846
645
2229
763
1811
1374
977
286
1861
385
59
259
2190
1799
1819
1177
2150
1830
2283
147
196
2276
1131
751
435
1876
1200
2153
92
89
1887
1424
709
2162
1536
1009
17
1174
2159
2001
529
537
491
653
677
172
1907
334
272
919
1911
1178
2036
978
1916
1101
1395
1416
1082
601
1522
2000
907
1161
825
166
1878
2337
2394
762
824
851
532
2488
2320
1984
589
1300
181
2463
2124
673
2408
2012
980
2135
1109
1252
1185
1208
1935
1444
776
44
1283
65
375
376
2100
2062
2266
2080
2113
31
1057
1313
407
735
1659
33
2365
1352
1423
1338
1926
342
1569
2255
152
158
2161
1097
51
2193
1081
2423
294
99
796
211
204
820
139
1619
2095
2265
779
471
2055
1662
2404
813
2310
687
2008
904
2377
395
2251
1222
20
682
1165
1376
195
955
86
1592
1937
1246
2380
2223
22
1342
1106
176
942
973
2288
863
413
2039
148
1577
2147
1728
1107
1350
1260
1361
2335
1020
1117
1459
1508
970
2382
843
523
2455
1419
2199
1768
1412
2231
377
543
279
1902
508
2040
1910
1700
1977
2298
2402
236
427
1938
575
652
2017
2341
61
1499
2305
756
410
2385
487
2308
142
1148
1038
1725
1930
1734
1733
2177
1551
2107
2240
1929
618
42
1609
371
617
2050
1724
1025
1100
2281
1565
2264
1086
233
823
956
1170
2182
1687
1415
2444
920
15
1265
2498
1000
1469
1362
1658
284
838
1321
1024
2483
1451
2482
484
1827
1239
1727
2356
1845
2379
1841
363
174
1473
1873
858
2412
580
2424
1829
1314
421
1956
1854
2104
398
2367
590
2156
1461
965
1632
1764
2447
425
477
414
1164
1751
1656
2345
1771
2210
2208
1001
1691
2465
1331
937
1875
1638
1346
1169
1120
1140
2486
1557
1085
2297
468
1991
2245
2216
113
1555
1941
228
318
1197
1198
1518
276
1823
1591
1332
2191
46
670
1898
2256
1978
1092
1188
1709
2016
418
1803
2146
2322
2376
250
1192
1537
348
2004
347
817
1689
1650
757
1137
1490
241
1428
2025
1096
1382
1828
1449
938
40
1520
1979
1791
1133
1447
88
1139
2273
1431
391
1355
2027
2014
1359
560
968
2227
1970
2115
2395
29
1549
1973
2448
1904
809
1462
1339
1077
27
1340
564
1759
2019
2121
1598
1391
1334
198
2432
357
19
1914
260
588
1387
1333
1242
1544
2410
1218
2112
1921
866
1562
1464
739
1213
269
490
1942
1798
681
2407
2058
574
1385
277
1496
1110
2176
1758
526
1250
1694
993
2224
795
2200
1753
961
2331
1307
584
2049
1316
2467
2022
808
431
137
8
457
1701
1697
1176
2154
1052
1661
702
1042
1047
1069
902
1586
2148
1852
699
1072
632
411
2309
133
1722
1259
891
1406
1396
1144
37
220
2428
2374
678
1877
2445
2327
1953
2031
1606
1138
1119
1599
1617
2373
932
1782
1297
1010
728
1497
1570
1996
426
1625
1438
1820
854
1786
73
606
1267
456
2427
1812
170
154
892
696
890
2171
1201
1556
1231
1749
1315
115
2398
1972
667
1008
2306
562
1507
1797
81
860
1356
918
2368
1320
238
1923
991
2347
2063
1943
100
2262
2334
459
1870
1649
725
255
1046
1706
810
958
126
1528
2446
724
1104
1234
2280
1788
10
1925
2149
951
818
98
392
2401
2067
1003
2429
2478
486
1048
1540
1089
2117
598
1538
1721
1816
52
1141
2134
197
1417
642
2048
2253
6
207
1729
1961
307
1498
1967
1257
1303
1199
2311
1398
45
684
704
1113
731
1013
1677
213
627
498
229
1258
2167
585
291
2452
30
1308
69
1969
1901
2270
1744
615
1425
887
1955
36
950
2238
822
2462
2165
711
2249
792
221
1554
1784
922
781
2375
2252
581
621
1149
644
462
839
1960
861
1826
53
952
651
2136
1386
2076
527
349
1083
234
1732
975
253
1997
2411
79
343
464
1774
1474
331
87
1049
992
540
1330
885
1755
1059
2440
979
760
746
1216
2214
1601
880
908
1596
2
314
859
604
1913
853
775
2085
971
2352
2472
1452
2460
1883
1006
1665
640
378
48
330
690
1949
1123
1407
171
1335
1525
1273
2105
2293
1563
1575
230
1256
1552
624
2339
1579
2464
316
169
301
369
1666
844
2002
1062
2304
605
1002
1015
893
610
1590
1720
449
1629
1410
1801
1699
1588
953
1908
2326
789
2202
372
1207
2299
223
1233
530
1279
1607
460
733
586
641
232
479
1951
1582
2443
71
124
1990
202
2209
293
1094
258
1589
1837
758
1460
534
1128
647
434
2068
1578
2126
408
1147
1173
439
2319
538
183
1836
1171
874
549
865
1304
1319
1680
999
1674
248
162
1012
1547
437
1183
697
2371
2213
1189
1488
1794
855
1630
2099
497
1458
225
1150
1844
2438
82
2470
2034
95
2416
941
1795
936
2125
1708
935
397
1684
747
2032
1843
1384
614
1824
793
1095
2497
1397
864
374
2490
101
1640
2496
1692
1204
2082
741
1418
882
2422
1028
1489
2434
1881
1673
1664
1524
1903
2381
659
2358
1605
111
455
2106
264
577
1933
336
472
1754
2474
1227
1390
1220
1866
2041
1597
505
1770
623
182
1987
209
996
1954
565
1305
603
1294
2357
1501
2139
1679
1142
595
1181
409
281
600
1367
1678
1434
816
1310
1122
1
2285
2419
1206
2421
312
1325
1264
2013
1707
983
2203
1704
1482
2469
1975
1583
1240
963
2038
450
2183
1663
1587
2430
1634
830
384
360
1702
2028
544
716
474
18
943
1726
469
1180
1657
1832
2484
2218
1403
2205
561
1229
2114
1061
788
271
954
1821
1202
915
516
1244
1849
1031
84
1739
112
557
1357
903
122
1893
494
835
1039
1515
1918
896
163
1719
94
261
1486
2250
244
2109
1014
981
1671
2384
636
402
1079
243
1132
125
2300
930
989
2137
2333
85
489
718
194
310
837
1831
1045
1616
1581
502
707
548
403
2263
159
710
1347
576
480
2151
998
67
720
1685
1457
200
1614
1268
2047
1143
1328
2212
2111
354
856
1672
848
2361
1439
76
1290
338
945
1162
325
1509
1114
744
14
1814
2279
1743
1379
1130
177
1747
424
829
1690
1857
688
2291
2450
499
1381
428
50
2325
2011
448
1621
2442
1897
323
1115
1017
292
573
1756
1318
1568
2029
355
2007
547
1182
289
879
766
1976
1034
1964
