1959
310
602
99
1015
634
1944
1502
1062
441
1346
469
1849
2145
1893
1445
2383
83
2270
1413
1774
946
1870
1225
1612
904
852
1463
535
1211
723
1241
688
1504
473
1635
1907
2367
228
2449
2406
964
937
2402
2435
80
2426
1993
1535
1817
464
1279
333
744
718
2129
1807
4
894
25
1410
1784
50
2003
992
936
2231
530
1120
969
336
1594
1519
585
2185
2180
2434
3
342
46
1212
70
525
984
1171
2181
2290
1913
479
1732
147
216
1825
1405
1356
1823
2135
1684
736
1853
2140
158
1796
2472
1985
790
219
2064
2098
1543
1343
398
2170
2004
722
2489
1393
753
60
2002
1523
2196
823
1696
1088
1408
2388
1812
1246
2159
1094
542
1420
2300
1530
1505
2034
791
1180
1426
1064
1621
576
236
2305
345
918
2062
2045
1289
1048
512
93
1431
2483
635
1027
1130
2142
1847
1099
625
1494
1634
363
2476
1319
1142
334
1884
1239
238
2090
477
929
816
642
37
2477
1308
1839
2390
1076
350
1379
1112
1619
1198
1730
1963
1383
176
135
1686
22
298
2103
563
1842
169
2481
225
1500
132
2487
1980
2298
2155
2032
1537
861
1659
2324
952
1297
825
1965
2346
57
121
1275
1013
1283
64
2484
1783
452
2005
1010
2391
1724
1469
1263
947
1310
741
162
422
1803
1948
1162
246
1846
990
136
882
1031
371
605
1680
1682
851
1234
2427
569
672
2224
454
574
696
761
2182
1486
721
2127
1058
1106
199
35
870
30
1055
860
942
2444
2495
1876
1637
1147
33
1226
302
1610
654
2464
2326
1889
2053
2266
2095
757
1127
416
66
2493
1721
619
414
1605
1584
335
999
832
161
2186
480
1617
282
1145
1039
360
166
1626
2440
1020
1056
2137
1163
1240
2136
1873
616
1763
2099
245
1971
909
2104
1146
1664
261
2422
448
939
103
1000
392
802
2102
2479
1984
408
1399
1467
171
1912
290
2416
2453
1455
687
1929
1554
1249
1685
2468
476
1970
1389
311
2248
1317
1268
501
1681
1387
1688
884
1771
593
786
1023
1589
681
1491
1699
958
2086
1017
1753
580
2269
2287
1648
144
1689
96
1834
126
751
2410
804
175
111
632
2497
1781
1233
1843
23
579
1380
174
385
1656
773
506
300
1901
1726
387
2378
338
1459
378
1468
77
1087
1591
58
1974
1428
1433
817
2212
827
2128
1262
1646
2007
774
553
1354
1740
1096
2365
974
2316
1129
316
887
1178
76
785
880
1739
381
1718
1818
2354
92
2163
418
2079
1136
337
2158
665
328
59
2235
948
1643
1629
1729
221
329
1727
1203
1457
2223
1499
1641
925
2299
278
2338
2350
2194
502
2257
1418
711
837
40
931
1872
1546
915
224
1750
1522
1596
1079
831
769
1243
383
1536
2178
2183
2015
2385
1210
1293
348
841
2302
2131
1477
1339
805
2332
2014
1540
2344
1526
938
1946
10
241
456
705
1967
1205
1148
1735
1394
401
549
1258
1144
2089
1506
713
254
455
1102
2267
1338
1336
85
2197
2471
1931
2019
29
1415
2012
910
1033
1757
1952
1820
18
303
1214
28
876
1675
2236
552
2292
291
26
678
846
2084
1238
106
1909
1653
2258
1615
1334
55
1654
1091
1453
1553
707
1284
2330
1715
932
1697
1273
1888
517
1190
758
608
1962
2048
116
2441
1181
833
1558
1973
151
1098
478
596
591
1557
1991
78
248
1267
1493
1342
975
1028
1222
2401
599
920
1172
2225
331
1369
2169
2076
227
1603
1759
1938
17
545
977
234
982
1398
1968
1919
2123
1940
755
1169
637
1618
1597
1790
409
1224
1051
14
2013
186
622
1417
1950
2296
675
2227
1969
71
2268
589
1322
2036
1103
1670
1598
1135
344
1105
750
2285
2386
1593
566
140
1444
2334
2199
1133
1286
1321
1270
1266
1725
355
587
618
659
1620
788
1376
347
2244
314
2500
812
2321
2250
943
1100
1090
973
1085
879
1633
715
138
2077
1473
968
288
1798
1073
1069
1625
2237
1189
2280
1483
1744
1751
2341
676
1304
1251
1657
1976
2445
1631
196
621
1174
1871
259
2039
1528
2038
690
2318
1808
42
1642
1437
2204
1961
548
1859
2144
468
2229
1328
893
799
1533
1295
885
1159
850
614
793
864
1747
626
1454
1705
906
1375
271
2179
367
312
2205
458
1900
590
629
1324
463
1911
1711
2366
2052
669
2022
1047
838
435
442
1517
279
2192
2457
205
283
638
86
1209
1883
13
1004
2043
1071
388
911
2418
908
1858
375
369
1200
1761
839
34
853
944
668
107
935
309
368
218
266
2474
1095
2139
995
2263
2421
604
1424
251
403
627
560
1392
873
1779
450
2288
2193
1742
704
62
631
122
905
1436
2146
1977
1957
829
2210
2486
1207
923
2066
1128
743
1814
1161
1400
268
1582
1733
1152
1396
544
917
1401
461
821
185
2431
436
73
395
255
1298
483
867
1479
2312
1722
1296
1353
2379
1600
1981
2152
482
941
847
648
1035
1216
1895
1982
983
1669
1089
1086
1009
187
1303
1157
1552
1852
1496
1487
1640
437
1636
445
858
972
2447
207
2411
1881
2051
1933
735
1077
1357
844
2499
156
2395
985
2336
667
2221
2085
8
1647
651
1372
137
2475
1833
390
379
828
2161
1244
2261
531
1001
1851
474
1044
556
1720
503
2138
1737
1804
394
299
492
933
728
600
1622
2226
1199
1131
2311
1403
292
854
2371
1464
836
1471
1191
72
1987
1016
1390
127
919
1049
730
1038
443
745
2113
2143
2310
1166
1767
250
862
1809
1638
2373
54
1793
1787
993
1592
2319
38
1204
459
1377
1370
777
1367
1274
2491
2380
400
413
2070
315
557
426
1887
56
267
1108
2393
1057
1877
114
2469
2065
539
1658
2387
702
405
322
177
235
2415
226
411
1290
447
2110
467
2398
2176
1314
1154
655
1599
94
536
487
2239
2275
1247
373
1863
2213
2360
1690
1563
2356
1556
45
798
1560
588
2041
1312
1427
572
1218
960
1850
551
1419
692
1014
540
1167
2055
466
1920
653
2031
801
872
1749
1924
1897
561
620
1302
662
1716
1125
188
361
855
859
2303
1786
1072
519
818
709
1878
1704
193
1269
1926
783
164
231
1845
951
1673
2429
1691
1677
1165
697
1416
527
200
1092
1813
1456
693
1862
421
36
244
1639
661
2074
809
1815
1698
2245
1943
2173
2256
119
294
1150
1687
429
835
520
2272
2331
1521
963
189
1461
1460
1899
1709
1801
90
883
822
2443
2233
130
2203
612
1539
1202
2044
797
440
1395
2264
1728
354
568
971
1373
489
372
182
1785
1245
725
393
2428
471
2335
308
708
1341
1151
1683
1250
2218
1869
924
1080
243
2195
2352
317
1066
362
683
2006
582
105
2024
2424
1032
1782
2047
493
1527
101
1894
869
1789
451
1542
514
1998
2463
1439
1990
2149
1674
1442
2164
1666
586
1723
922
117
1002
2329
1908
843
208
1844
2162
2320
109
1616
528
1896
2230
1602
1545
874
691
537
1113
781
1366
2124
597
826
5
2156
1318
2026
258
759
1344
1018
108
419
1578
305
1140
1053
794
1255
747
2342
2284
581
1260
1607
1503
1291
240
811
95
998
1288
1184
1989
1663
1694
1101
1822
2228
2101
1432
2478
2175
2092
840
2328
1848
2294
39
712
1012
636
252
729
364
215
1568
2376
495
1285
2494
152
573
2069
1958
900
1185
2286
1743
547
1932
1074
2482
2078
1489
1797
2251
898
1215
1754
907
1082
323
962
1024
1855
763
856
2271
131
180
2008
1084
2096
1361
558
1770
2490
679
1628
2273
1126
2322
1927
1430
490
2301
472
2220
47
601
353
615
959
494
2240
1155
2450
768
1914
1325
522
53
533
639
1945
978
1423
1986
1922
720
664
1
318
1575
663
996
438
1544
2253
486
848
706
172
1748
1999
148
220
1574
1412
2190
1755
67
2389
2232
1404
2219
2112
475
159
2068
2075
2255
2172
2184
2023
242
1443
2117
2167
1802
1828
2188
2438
2327
1223
397
699
1903
670
997
1891
1800
351
2291
1904
1006
295
592
1134
488
2364
1119
1435
956
1036
1374
1110
2370
940
607
327
1819
650
84
1717
613
1860
2111
2448
1841
427
888
1060
2049
2409
534
1309
178
287
901
2058
1928
1865
991
277
2081
1040
430
2010
2314
1613
1905
1182
1122
2392
146
2011
970
1509
2150
1470
1371
1118
1569
1549
1788
7
1287
921
2157
1760
1349
1874
1708
504
2108
913
778
896
2016
1388
326
1421
577
65
272
1811
2374
257
453
1158
2345
2333
2362
1609
1141
1772
2033
1587
1979
511
1565
1301
97
578
806
2115
2202
2238
714
732
1864
980
1769
1219
2282
1660
1192
1668
1799
765
554
1440
652
645
1966
1368
513
994
1512
2293
737
682
2252
1447
260
510
646
210
953
21
1170
389
194
1652
611
2122
1008
1111
432
233
89
891
2017
365
902
237
2241
2189
190
1265
2187
1645
559
1335
2473
2394
386
2413
48
1835
546
1277
2462
1364
446
104
767
184
321
79
875
1034
899
123
11
1194
404
1472
263
550
269
2118
142
1939
1391
129
624
976
609
2349
2126
1067
203
2001
966
1538
1003
1547
1261
1381
145
2211
824
1104
2120
370
695
1402
658
325
2347
886
118
1153
815
657
2214
644
1264
505
465
1123
181
87
2419
515
1482
1316
2177
674
128
2094
306
1220
410
1337
485
2171
173
2399
1566
710
1762
2458
1906
1448
808
125
1534
1678
1438
2168
1838
789
1525
1451
2368
2459
1327
1766
570
2420
1826
229
1061
41
2339
320
1052
2100
222
1177
2116
820
402
27
1606
497
1734
564
141
787
1422
2353
945
752
1736
434
2417
1714
262
1513
289
6
417
2340
595
44
1880
2381
293
1590
1792
1305
2304
2348
1810
1821
863
143
2485
91
1644
1331
1232
1935
1624
2436
686
1196
202
2134
2278
2105
1143
1572
102
1583
2029
1311
2407
68
2
1837
1358
1703
2315
197
834
1320
1138
154
1407
1429
1916
521
276
1409
508
1446
1229
195
120
795
1776
1885
680
124
807
2351
1149
865
1816
2147
756
1580
1632
1937
523
1248
2337
1272
814
987
51
481
1892
1510
1983
748
524
1492
2035
1996
2405
52
1156
2207
698
916
399
1481
739
2323
738
470
1345
112
2046
1738
2357
149
247
2246
2307
1548
1197
1065
1752
1562
217
1778
903
24
877
1518
2262
357
1201
74
2165
895
1365
1330
407
2063
496
2191
1529
75
20
1294
2121
1434
1326
868
1452
212
1384
1227
9
61
1041
304
1661
1078
2442
1964
1466
1679
734
1515
1347
594
507
726
1124
1501
1025
214
1406
115
462
1475
1923
1773
1997
2209
349
69
2400
2088
2141
673
516
2057
1114
878
150
1107
1655
1300
2125
1208
110
2027
168
2030
1794
2404
1516
2369
1242
1462
1168
157
1567
1972
555
1507
1449
1137
1559
425
1805
1340
297
2358
352
526
1355
1930
1827
849
256
1397
2021
1925
359
2382
391
2243
100
1795
1176
1579
1186
1237
1667
2198
2222
2372
374
1746
2217
2056
1707
950
324
81
1882
232
928
623
1281
253
2412
2060
1514
2206
1571
1029
1576
428
1382
1917
796
784
1352
155
1230
2174
198
2451
1081
2403
1710
2028
2249
2283
583
1476
265
779
571
1254
889
2408
2080
384
1595
366
376
2216
754
1764
890
1866
1731
1949
1608
183
2492
2433
1511
1348
2061
641
1918
1236
2313
2247
491
719
733
307
1630
1329
1488
1898
1323
1307
211
1011
2148
1824
606
2396
433
746
340
538
1278
926
16
1362
1188
1045
598
1524
424
575
955
2432
1836
1332
2317
1702
1179
716
2437
2071
330
1193
509
775
2020
223
1450
565
1116
1259
191
989
396
1651
1995
431
914
2456
700
1954
213
2466
1217
1231
689
649
2097
2384
1083
1902
1941
957
1831
897
792
420
1777
2119
1775
1276
1745
694
1713
2488
1662
2498
2439
2274
2363
1676
666
19
1951
1947
1497
1235
1531
541
415
2067
2297
133
1458
2130
1921
2153
1363
2361
617
1059
1649
206
2087
749
2397
2040
204
1495
179
1160
339
457
1386
498
656
770
139
209
163
1030
660
1478
2054
949
270
201
2114
1385
1934
346
2425
845
1693
2359
819
1019
1604
1955
1474
1063
760
776
1665
1601
1508
63
1359
2166
1936
1588
1213
1117
356
1068
2215
2072
275
313
717
499
628
1139
2343
1550
1700
1256
685
603
1614
881
1164
1765
934
1712
1791
762
2042
1173
2470
153
1561
1695
954
2467
284
912
1121
15
2277
1719
98
842
780
1532
2000
1756
296
2281
1046
1960
2059
2208
1299
281
961
2377
2242
965
1175
2018
1093
810
871
740
1857
264
986
1581
701
192
1988
892
2151
449
1758
1701
1650
2279
1915
1585
1313
1875
643
2160
1306
803
584
382
866
1868
2309
12
830
630
1692
1271
2083
1890
1555
1221
927
1026
412
1280
2109
2375
1350
1577
1282
1195
930
633
285
1780
1109
1879
160
280
319
1861
274
343
1115
1832
1856
1292
2106
2430
1411
1551
165
1253
1037
2037
2355
301
484
1097
230
2025
2423
1854
2289
813
1183
772
766
2107
2308
439
988
273
771
1005
2461
406
341
610
43
2460
1994
2465
1829
358
1252
2260
2091
1956
2454
567
979
82
1132
1910
1520
32
460
1706
1867
1886
1187
1257
1414
2093
532
731
1627
1465
2496
1022
1975
742
1570
1672
857
562
1351
2201
1541
1360
2154
134
1992
1623
1942
2276
782
31
1485
1043
703
518
2306
764
1333
332
170
1768
1054
1671
1498
377
1042
1480
529
1490
1315
1206
2200
1378
2265
286
1953
2082
1050
1741
2234
1573
2009
1484
2133
49
1564
800
1070
444
967
2132
249
2414
1830
113
981
423
640
727
1611
2295
1806
677
2050
1425
2455
2452
1441
1007
1978
2259
671
1075
2480
2073
1586
647
684
1021
167
543
2254
2325
1228
2446
88
724
1840
500
380
