1489
1339
341
986
1078
1162
1527
1404
1349
836
1947
2148
1225
935
2280
1155
1171
1164
1851
1237
1837
48
1875
2166
222
1097
2446
1372
1136
2429
549
1980
1630
493
275
1006
32
2218
1370
647
1236
2151
838
409
369
791
1053
1142
1575
2060
1359
2395
74
1589
1680
771
1574
2307
959
724
1185
2105
1975
251
698
1988
1805
180
1383
292
115
2481
1268
2484
2316
1655
1176
2366
1269
1927
67
71
1054
1994
1264
322
216
1012
2119
319
737
727
1836
2108
760
2371
171
353
245
2355
1098
72
109
1247
843
1243
1207
2067
1132
899
1792
901
817
1334
1282
38
961
2094
86
537
1920
1401
957
508
1448
1208
525
1384
1206
2252
189
1606
1285
1496
2335
1019
1852
1064
1475
2328
693
2018
274
1296
2079
2044
1740
373
2147
1288
1689
1033
1179
2428
286
2339
1635
130
1929
348
533
589
211
1850
2040
363
949
1001
454
1869
1091
2013
398
2425
931
968
733
1369
146
1191
1914
686
2071
1141
696
757
1287
842
503
1933
840
1787
1087
1582
2448
243
1573
371
1029
2170
2291
1901
1324
554
1276
2158
1182
1306
688
1826
1593
2035
352
2462
1592
29
2386
259
118
1898
770
1390
1657
2052
1500
830
1576
1595
522
354
250
978
1889
433
2214
1632
1166
917
1089
1752
2275
627
1622
1999
1028
346
2352
615
2153
1603
200
1009
1145
415
1693
2373
1857
1192
1957
163
1890
539
31
1105
58
1623
2341
2499
681
888
468
2185
1218
1992
1737
23
1407
2226
388
1567
2351
1266
1885
1118
2361
1734
456
1646
2268
1228
450
106
334
891
1663
1973
469
1766
742
1515
928
2306
2029
1996
1061
1070
1310
643
1059
2207
1241
1794
544
1855
1651
2470
611
1827
510
1954
2133
1466
1018
2117
1214
2444
1470
8
1330
2174
1795
807
1812
822
134
2415
28
442
2325
1101
1961
2061
261
753
198
585
2069
302
386
1521
1344
401
1110
155
457
1227
2134
1031
37
1571
685
583
2036
721
2311
1935
587
1270
460
695
297
1165
2475
2199
1381
596
2304
2055
492
617
1691
1427
1468
1873
1886
1891
1432
2313
2072
2327
255
1522
1747
1779
203
1304
687
2410
1781
735
604
1376
616
1355
1469
600
1700
826
1050
1004
2441
2049
1461
1553
1776
2491
1014
1753
679
165
2129
2120
78
2364
1444
2473
974
408
113
1143
543
1902
772
1755
2090
504
1445
232
1749
1396
1020
1876
477
2353
385
930
1517
1249
1682
940
381
2367
1167
209
805
190
1242
1046
2332
2247
2110
1080
1231
1536
1546
777
1063
1617
918
1615
1543
1671
787
449
1317
1408
1077
960
81
1042
247
2145
1499
1320
1195
329
1894
104
6
1115
2157
1503
1591
1884
482
586
2193
783
1406
1717
1221
193
205
1022
2303
648
1824
1600
414
699
534
821
333
595
1328
2396
2237
407
997
1480
2493
390
1327
907
1329
483
2205
1457
548
17
1172
516
2025
881
93
436
1133
2488
2177
100
743
1710
1433
1435
18
392
90
1618
2378
2400
565
325
1808
73
1490
268
2002
670
1908
1393
1301
2264
1608
498
1653
2294
987
2204
992
2368
1450
1610
1588
1363
1426
656
1921
1709
718
169
1587
2161
419
2216
84
1514
1825
620
1034
2043
2497
858
1157
1173
2178
971
1465
271
1451
2073
1094
746
1673
642
1728
202
2356
1434
1570
2392
320
1226
1584
2195
440
1970
1092
1910
1923
1809
1072
1154
1374
1224
487
217
1590
110
1939
1684
1526
895
641
601
2138
2427
1893
164
359
708
1907
2128
108
365
531
715
524
103
857
2458
1701
580
2011
594
1790
799
1222
609
53
1073
102
545
1120
962
327
2292
1670
1194
1784
1419
2107
207
2200
2068
990
1512
666
65
2124
2115
849
1941
183
1938
1454
1138
80
395
2349
2344
339
19
2059
35
1477
1356
119
122
2010
514
1647
862
1354
1800
1437
1847
734
2288
1085
2347
572
1754
1539
1052
752
2404
2379
824
2494
2080
1549
1761
792
1807
416
2426
2162
1258
694
692
1802
786
1743
853
208
2478
63
246
437
2421
1838
417
434
1005
1255
927
1104
2004
14
254
2312
399
1967
1801
2009
1798
1724
739
669
2323
1196
1960
819
779
62
1823
1248
1449
2387
629
794
1612
991
1811
98
954
1846
1135
2101
2046
1810
1502
1345
2026
2139
2235
1291
342
860
2065
1859
815
1148
2096
1169
869
1949
2243
1966
1892
1079
645
1913
1086
499
2384
536
285
459
823
728
751
1931
411
705
730
1416
1002
1309
21
972
397
2449
2249
2416
1977
2228
126
91
2262
1335
2007
626
719
55
1360
1357
490
2418
1159
453
1609
1043
2142
1707
1930
1751
2439
1232
2137
1666
1137
1065
1346
22
1458
2465
2496
984
1223
1003
2382
562
66
361
784
2215
1011
1467
1580
2463
45
1062
1829
1289
1441
1420
2146
2172
1644
1189
644
2160
56
1152
1924
2320
1879
2390
535
1909
1323
1114
1695
964
1106
833
875
934
314
265
630
2265
2261
1758
1436
1198
2283
497
2048
1958
731
559
663
2329
1082
1881
948
2260
2225
1300
139
1614
1535
1883
2217
1767
839
834
181
136
1741
1476
1299
1439
1713
717
2500
1649
2374
1699
980
808
410
943
402
1283
160
337
2301
1581
172
1697
837
1537
335
690
362
187
204
505
1400
2422
229
1862
2021
293
2034
2391
1694
240
2104
1520
2466
1240
1547
1596
2322
2038
242
1254
979
1212
1685
1312
2445
582
1780
1704
1204
1659
732
2109
1986
662
2250
153
785
1760
379
2190
1341
809
2271
151
120
1715
637
2460
2354
605
1205
88
2221
953
154
941
221
1252
1498
2383
2442
741
2482
1969
1160
1665
619
145
765
1211
1763
1872
2453
111
740
1712
137
2333
1668
2233
914
20
1554
874
458
1672
1516
2401
701
1667
1348
963
1620
977
358
1425
1804
529
124
1305
755
574
1968
2241
1039
711
1982
2087
129
1598
588
989
1365
1246
832
418
1051
13
147
444
671
1518
599
305
841
780
1184
400
802
1392
636
1678
317
707
2289
158
471
192
2167
847
1932
1597
650
552
2273
1495
2309
845
2223
1534
427
664
2031
1601
1711
466
375
1965
1552
148
368
1917
1845
294
1629
800
270
2300
1642
2402
1315
489
725
2155
2078
635
1971
2191
736
1675
2041
140
1703
553
1507
2189
1888
310
1102
1076
1821
1038
266
114
2495
1735
919
445
1557
1245
343
2102
2471
912
2017
76
1621
349
1952
723
467
691
1962
863
330
2438
1174
116
1501
946
1484
476
709
99
132
1483
1551
347
2314
1197
958
1318
570
2479
871
988
313
231
1773
2116
51
1128
1531
2062
1351
383
852
1624
226
2336
2042
1395
1505
1013
1513
157
1510
885
924
966
876
658
2464
2299
2431
170
1519
1769
689
806
2474
2154
2290
1284
239
1350
2393
2340
983
846
355
2203
661
942
675
729
932
668
1016
1474
2403
1658
936
1453
1424
2175
2051
1725
1736
2240
2144
1129
1286
939
1545
357
639
2394
726
1333
225
1636
994
249
1126
1676
2298
2269
528
870
1140
1015
2362
1293
569
478
628
96
1613
1721
1922
1816
2408
1674
2123
2485
1491
2321
933
1024
2111
1180
1112
2238
2342
486
1026
982
1640
12
199
2097
2058
703
1529
571
1878
1523
672
1256
2477
1928
1860
2270
673
1906
1572
1866
2113
884
1158
2171
2267
1131
1069
269
472
813
309
909
2093
2440
1007
998
1757
1462
2001
2414
318
1336
855
882
384
2086
1611
2245
1430
720
1775
1417
272
2467
461
1956
405
758
854
1648
2360
2369
214
1688
1471
491
1912
141
223
710
789
655
316
1844
1759
2016
82
868
356
1261
2310
1302
2212
304
1244
2457
1627
1150
135
2132
713
1493
926
2255
1263
880
1391
2092
2324
1926
54
2192
423
2169
1325
506
1380
496
2183
1936
1332
2281
1343
704
296
520
581
2070
649
425
2346
518
1088
1037
1856
866
1234
555
15
11
39
2019
782
166
1075
1017
389
1200
370
1428
429
64
2287
2076
922
404
1478
2196
1524
201
1262
1568
367
256
1905
607
745
1783
2150
1964
2417
33
2272
2447
1209
1916
1025
2405
2136
1641
1532
287
1937
44
575
512
1955
1634
1377
2014
1708
541
1797
87
1250
1959
1822
224
2451
213
1842
798
2232
1385
2
867
2263
2406
185
1278
1945
176
975
1861
2254
52
2084
1074
1307
1990
1714
236
1563
1107
507
95
276
1455
1925
1839
30
446
1322
34
1066
1151
2370
532
475
1586
1849
1347
654
234
291
872
564
1187
1696
1984
2039
374
282
252
1880
1414
2424
1418
59
1371
551
2365
1633
2187
1190
326
1100
1978
328
1656
1729
2028
828
2330
196
2279
2492
485
1170
1607
1405
1882
2005
716
1662
950
2141
1569
2286
1146
1561
1423
908
107
2277
295
43
593
1257
1479
952
597
2455
244
2319
1585
865
2088
2253
1048
1918
1951
179
1486
42
7
1298
9
306
567
1378
426
584
2258
142
2219
1233
1616
1915
1993
2399
495
484
632
1388
1308
905
700
844
774
1731
380
2234
1863
542
896
1877
2135
929
1730
311
1402
1460
556
973
1280
538
1887
283
25
321
1482
1989
1265
156
2487
2083
981
1744
494
2006
1681
2459
947
391
2433
279
674
1835
2246
638
1177
2242
2315
1813
350
684
1652
1068
804
2182
904
1041
1976
1178
517
237
1202
3
2317
937
683
2184
2168
257
2350
212
976
1692
298
1373
1111
1799
923
1950
1093
848
191
1793
1814
2498
797
1124
1210
2022
2003
2033
1864
1215
793
889
2343
307
1274
131
2443
1702
1456
2454
2486
1738
816
299
921
218
1511
2149
403
1161
2348
999
1446
2430
1337
750
1459
2398
680
1397
1687
886
722
1508
1742
1387
2407
70
2027
519
2118
831
127
1297
2081
1719
2179
759
464
767
364
1000
1410
1733
1896
1509
92
1431
470
1321
2194
315
175
1619
1791
372
1679
1778
447
1660
1625
1492
68
2302
1488
1541
1273
1637
2251
1090
2450
502
2186
1149
2469
101
1997
2409
547
473
2489
951
969
634
898
2413
312
938
105
2103
1130
1785
1117
560
47
945
1777
1841
795
606
1083
631
1900
396
186
873
1832
290
1560
2461
2257
2244
618
1819
1979
676
2089
1817
603
2222
89
2098
85
2468
2125
2213
2334
1661
273
1494
2476
1267
1125
1366
1279
1429
697
892
2202
712
887
591
10
2231
1352
1542
558
1943
360
1134
1765
2122
2381
117
2047
2106
1834
2274
2452
227
1311
2229
1108
125
24
903
1386
2278
2297
2008
1183
2210
1220
420
677
2112
956
744
2163
438
1464
1578
749
2159
967
883
788
1669
850
159
393
1326
1538
2037
1103
660
1577
435
303
1871
1175
2227
1548
592
803
277
1599
206
2318
2436
300
1230
2209
1403
194
579
177
1771
2420
1199
602
1559
1940
2130
1774
1463
1919
60
378
818
465
920
1639
540
2411
2266
678
1638
1533
2211
16
1528
523
702
2015
1294
413
1193
1948
1544
714
801
1579
2490
1690
2331
1782
1732
428
69
1897
1750
1772
1768
563
2284
1953
2054
2082
2066
1985
1558
167
985
1981
2140
377
248
138
230
1203
41
2164
1067
235
1899
174
576
1762
1806
1147
1421
2375
925
1057
2397
1303
83
1271
1156
2057
1650
825
2056
1565
2121
623
1942
2064
1756
1602
1023
2376
281
781
1818
2377
2345
422
2176
790
197
2032
1472
366
1739
2388
338
566
897
2296
280
748
351
332
133
995
1944
500
2480
1027
1238
2208
578
1316
913
1562
1081
820
509
344
640
2198
861
1045
526
2285
2385
1277
2372
2095
448
2023
430
49
965
1099
851
598
258
1290
2024
667
1628
421
1868
633
1361
2074
1251
2472
57
2030
1556
1683
2201
747
2358
1119
2206
2239
769
577
1364
4
1113
1272
776
331
2075
527
2165
2224
1972
1422
1239
894
1109
659
143
406
1044
766
1235
1828
835
1550
906
1440
178
2434
2435
530
431
1643
1443
1746
412
879
773
557
173
439
1412
2293
50
665
1895
1946
738
161
864
2000
1991
1789
195
515
1201
1840
2256
1506
2432
2248
1726
2143
253
2419
1181
1008
613
778
890
1139
1409
1116
1796
859
336
1555
621
1342
856
2197
463
5
1021
561
1963
1583
1903
260
1010
2456
1071
1911
1123
1438
1413
2389
1217
152
345
40
26
590
1055
657
144
1848
1677
1275
814
1186
77
1447
1415
1566
1983
1096
289
1295
812
1987
219
944
1313
263
1604
443
2012
1594
775
2045
761
1168
796
652
288
2099
1626
546
233
1530
1540
1358
810
149
1831
36
706
1786
1867
2412
1382
162
2220
1870
900
2063
1722
1030
128
1219
284
1745
1353
513
1049
46
996
1698
651
1497
1716
1830
2276
2359
1934
1452
278
1706
1564
479
2357
382
622
376
488
2020
573
2156
2050
2091
1121
451
121
1
2230
2085
1362
1686
1122
462
94
893
1368
1853
1525
1815
2326
441
1995
228
1398
1379
1705
182
79
1411
2437
568
1127
1188
220
2100
2188
1229
474
2077
2173
877
1040
2308
1032
653
2259
168
1654
1058
452
1331
827
2338
394
811
1998
1764
323
521
610
1056
97
1144
188
764
1820
1036
970
1153
210
1394
1338
878
112
902
123
501
241
614
1487
1718
1163
2363
1723
2053
1833
1843
301
1259
756
763
2295
2127
1904
264
916
646
1720
1281
1367
262
2423
1631
27
1974
1389
1319
238
1292
61
1645
1095
2282
1260
1375
1084
1803
387
829
511
1442
1858
2131
1399
1253
2337
911
184
2152
1060
2380
481
1727
432
1664
1314
608
150
1216
1748
612
762
625
215
2126
1605
324
2180
2305
1788
1874
424
2236
1473
1047
754
1481
682
267
1340
455
1504
910
2114
1035
480
1854
2483
1213
75
955
1770
308
915
1865
550
768
624
2181
993
340
