466
1739
2379
1986
802
1661
1589
1057
1335
1869
428
710
2347
931
1102
1259
307
1659
246
1077
566
290
836
134
1491
1843
2014
295
1025
2207
764
2104
468
1624
142
2227
1603
2376
841
1454
97
2469
2170
806
1072
1303
1993
1032
1383
1313
962
1191
1107
2432
929
1636
2123
2390
679
1378
1425
2257
1938
2439
1103
2214
1874
524
1942
2029
1115
2264
1453
1585
314
2484
2406
1865
1325
201
377
2400
555
279
1647
1490
1470
188
2004
434
297
373
471
2219
1883
469
1927
1681
11
106
2162
1966
666
404
1913
353
612
250
277
340
2231
1270
571
2252
959
2494
1018
550
64
743
639
1200
1549
607
683
2154
2361
2230
1788
2438
1183
73
1316
587
1609
2197
2395
472
389
518
1780
1747
533
380
482
205
2003
190
495
1180
2094
602
115
1349
55
1974
1918
877
1238
1649
2425
2064
1838
228
1168
1181
86
1814
2030
1608
1945
1296
736
1299
2249
922
2054
240
337
625
336
604
2142
488
158
487
680
2073
1278
827
1480
506
1361
1830
463
848
1170
813
944
1463
2085
1847
977
2367
956
124
1766
2178
3
269
1746
558
220
1548
1412
1952
1543
318
292
19
1337
1748
863
425
928
1714
771
163
1422
1024
903
2441
2404
2039
2288
669
511
238
1366
409
113
1309
177
370
2271
467
1900
2010
1092
859
152
975
101
686
1515
1500
1198
112
583
2416
2126
1623
1617
204
1689
2005
65
2149
423
2348
1190
310
1156
2378
1985
1751
1158
9
499
2285
2050
1786
1398
1224
1965
1723
1040
1881
1112
1021
2415
143
2329
1067
2317
412
2325
2191
173
1192
1817
1466
1288
1565
2161
2445
1468
151
1004
1935
1634
2309
2116
1903
1146
497
728
1613
1081
508
1186
1859
28
595
52
1029
961
242
481
832
457
797
1222
2437
312
2486
1642
430
1505
1122
1138
1196
114
96
909
1581
1293
960
1828
1771
2456
982
1606
904
1545
371
2291
2254
2018
515
2321
2293
1248
1519
2130
2015
600
2174
2106
2160
1254
1694
993
492
2125
2444
178
613
722
27
577
2066
516
78
49
1185
824
1919
650
2474
1010
1339
180
1749
1630
2061
331
2391
1365
1835
62
531
313
528
1967
1408
1978
2495
624
66
1264
125
509
1778
2
1291
1494
309
544
2156
2274
1640
738
1626
438
1280
1677
1676
192
1207
1427
843
1773
2221
2108
1143
2417
1488
1616
252
2111
675
465
1884
1116
1812
474
1100
1348
421
1995
1250
1559
1033
2426
1338
1557
133
2295
1605
950
401
1472
1188
627
1008
2134
2338
2453
861
2279
1571
1552
782
1334
1364
942
1441
1625
714
100
1015
660
1277
641
491
489
1550
1728
80
585
709
1306
751
1351
1416
1204
329
2407
923
1680
2222
2362
435
1701
1909
2300
1706
659
630
1668
15
2372
1177
1178
191
1097
2229
212
1159
1489
440
1328
1621
1910
774
1036
912
1377
181
825
2409
1687
294
1108
2413
957
2356
1442
1074
1854
2239
1231
2265
485
2330
1086
1247
30
2359
567
803
1079
1023
1053
2358
87
1996
1087
2480
40
2105
203
2431
2268
1458
2036
1406
2167
701
157
102
498
886
1901
1527
1765
2370
998
99
1705
1815
85
1853
2069
1240
2255
564
2138
135
2063
1604
54
395
1187
1132
2052
616
1755
197
1675
195
554
538
1048
118
1717
700
2236
2136
2002
822
519
119
2078
43
643
443
1506
935
2339
18
1295
25
758
32
870
145
1051
1800
1573
2424
1088
1555
1445
2498
1614
2047
2354
2284
1031
1607
84
890
1819
1226
289
591
387
1165
149
746
2466
698
1878
1284
795
849
2410
1724
1987
712
418
288
2242
2086
1354
2277
1777
632
1395
971
1925
1860
1656
910
322
2366
2182
4
1227
2120
1124
281
1237
2446
473
367
788
967
1429
1774
2482
631
670
386
1741
1321
1203
1003
2412
2202
852
470
512
582
278
1437
175
1011
2286
867
405
1892
1176
1908
1046
1210
865
1873
2267
1537
47
917
628
2292
1643
2464
1459
148
804
997
694
2490
75
1162
253
2344
37
168
1725
1279
540
653
447
2033
677
663
1697
847
1271
36
355
2187
553
29
2019
160
1551
1862
426
41
1126
1831
393
342
580
2442
332
2165
244
702
1327
623
2121
2386
1518
681
549
2243
2342
1212
749
1658
1043
1179
642
357
416
833
1888
1228
265
105
2172
213
1286
1300
853
1110
230
619
2455
692
1144
2365
8
1274
783
1970
258
2385
1926
1683
1403
1547
70
2353
674
1584
287
1988
1709
1648
1962
504
483
1397
1924
1402
92
1465
1510
2188
2233
1368
1487
1246
1736
1258
1582
955
374
384
1851
897
1507
184
637
264
2237
308
807
2403
734
953
1220
233
1267
1439
1482
1902
947
1340
2470
1980
1646
578
1772
1583
2491
352
1424
319
268
2259
672
335
1249
1326
1276
1704
695
1690
601
1414
1580
399
1789
1700
2053
1957
940
169
245
685
477
2185
2060
1404
2433
1394
999
1602
433
887
34
1373
1471
2109
1760
2090
2384
2000
901
1601
266
1266
209
122
1219
1740
1333
1586
280
1175
1899
1594
7
317
347
2175
1524
777
720
1558
422
338
153
2155
398
994
1502
349
1556
1742
1217
610
781
1374
1252
2012
621
752
1329
2440
732
796
446
1563
1893
1890
1530
542
2307
1821
893
794
1990
320
592
1787
987
1123
1982
2146
93
2380
167
2092
1447
927
2208
1336
594
1619
369
1781
1933
599
1142
2315
1956
969
1332
2357
815
2411
693
1232
662
1529
793
1969
2363
1113
293
614
1474
356
864
520
2310
2190
790
1825
2475
1478
1994
2318
1166
2195
273
1840
1813
2158
2248
261
2489
1462
1971
826
2430
1269
223
1949
1696
1473
1275
620
2204
1672
1456
90
2020
1620
372
1026
1392
186
460
2483
76
388
2114
452
1522
2382
589
2308
786
494
1930
1861
302
1839
1372
2452
232
2044
873
211
1243
2256
716
1560
1682
572
79
1484
1758
1310
1715
1722
1125
462
1779
2218
652
1419
26
801
1153
2112
1082
1302
1802
1485
1906
1438
1221
1511
2245
862
359
444
2051
263
2270
635
976
1214
24
1972
1785
1428
1770
413
502
1401
2024
480
299
586
2476
1091
1554
2434
187
723
202
316
906
1155
1396
920
2131
146
651
2296
1206
126
1539
1761
464
1702
42
255
1610
1268
1561
71
2241
2369
2140
138
1615
2179
1131
2080
1476
251
1973
282
410
1308
1852
1182
411
1363
933
1294
415
1905
1038
1916
1241
522
2159
2067
1735
1834
2421
381
913
1413
2212
1698
2463
618
780
429
2251
2220
2313
1824
1382
2089
219
1261
1065
1997
883
884
2479
1415
1189
170
1148
1804
1932
31
2008
2103
839
770
383
691
1347
48
345
1720
441
2113
809
1708
194
91
1762
1699
1058
1045
1663
1876
1083
1104
2302
914
2423
321
22
941
2157
1856
972
174
1885
1444
284
1244
2492
1578
2217
1379
259
561
1946
427
1039
1137
948
1282
918
1384
2465
2487
2065
2343
2228
552
243
2206
1653
2027
1922
1799
748
1501
2035
1093
1449
1951
1133
1710
2461
1958
2485
689
1845
980
1071
2224
2392
2110
1953
1418
1405
1513
109
2323
1632
1599
1574
1842
513
2040
2427
1407
1637
121
868
573
1820
136
1239
1743
2081
1504
880
937
1579
1941
2458
1611
208
779
676
760
1080
581
1430
2198
530
1344
1066
2132
254
179
644
1479
2209
1562
860
1867
2199
2145
162
140
400
2028
1536
2405
731
2298
1955
818
871
1324
206
1164
1399
1001
2462
2408
2273
590
226
2266
12
1999
646
792
1767
1030
808
2057
560
2282
56
2082
2181
1355
881
1863
2278
2305
341
330
1315
514
1061
1209
1598
2283
2481
647
1318
2180
845
1389
60
343
1095
1362
1796
2399
83
2371
2070
476
724
1570
1738
1940
1312
1075
2447
661
348
2327
1197
568
1639
1612
1085
896
108
1495
72
402
1827
333
1367
2102
1047
1870
1816
970
2007
507
1041
1019
1037
789
1423
1353
699
2375
286
2350
493
2143
648
835
527
1272
104
46
256
891
551
798
919
2320
2139
1201
1753
1078
536
1688
1012
139
668
1114
50
2115
127
224
2077
556
1528
2351
2129
1806
1150
2322
1832
936
811
63
454
1260
2246
1044
1431
2041
1233
1287
420
1850
1590
1542
1596
876
274
830
2319
2352
541
548
1460
1769
812
1650
325
526
1503
2332
2031
990
283
1795
1532
1871
721
1225
296
1172
995
968
1593
1194
744
417
874
2127
358
450
2083
2194
2394
1256
300
1655
217
1664
1566
2013
984
147
2346
1669
1944
1216
958
424
1317
1981
1791
210
1455
1106
1868
1111
1319
1273
1673
851
979
2316
2398
432
98
534
1763
1016
16
1174
1764
2467
1151
2345
569
1975
1257
609
207
1880
23
1096
2150
458
1912
850
817
185
767
1421
13
21
799
2043
2088
327
1356
1752
563
1059
2473
2435
911
819
501
1898
247
436
1173
1208
437
855
323
1516
991
1517
1320
1628
678
2373
45
1136
1433
1388
562
1263
1068
547
787
1443
2062
576
946
2122
633
161
1756
77
44
1119
2360
2381
1592
1810
894
2500
414
326
1732
596
1255
1
617
1330
2402
1289
517
351
2287
196
821
225
291
2449
603
1807
889
974
362
1826
1588
2152
431
1879
902
1147
461
1352
1464
1350
1157
2262
1895
1729
1568
260
1587
729
1013
885
1627
1734
1823
1896
1184
1322
1512
1712
1298
1064
608
183
222
742
2021
704
442
915
2436
1674
1959
814
2056
303
1846
1055
611
59
996
1618
895
756
1783
2137
1440
1934
1575
665
2153
1983
2289
361
2340
1855
214
1486
1638
339
1907
1285
1073
1205
588
2147
842
500
1811
241
235
2045
2232
1792
166
2210
38
664
2025
1726
2335
2276
270
988
1782
360
391
1546
1572
89
165
640
1841
2038
1014
2497
2304
249
2336
1477
892
5
95
2297
1961
1818
682
1292
364
1346
791
257
1134
2263
899
939
2177
1822
945
475
800
1534
1692
1531
2203
128
772
2164
1948
2095
107
1128
2349
2189
1400
1436
2093
831
2301
1386
1837
1577
1809
532
1105
2098
2023
449
655
150
1411
2389
1721
2026
2260
658
1145
407
366
1665
397
1864
1376
989
667
2076
1684
2244
703
1094
983
2324
1866
697
1703
1794
159
1685
448
943
1622
103
1757
1076
2079
354
1230
155
778
2328
1160
478
176
2420
2128
1790
1875
1056
2418
1343
390
2107
378
61
1314
1149
753
1737
2068
120
1469
2144
2006
392
1695
823
1118
966
1141
645
1833
1644
597
2272
275
747
837
1954
754
218
733
2135
717
2213
757
1483
713
1750
350
35
584
1050
2100
1139
1360
2240
2211
1161
2471
1234
2022
1060
510
708
1435
2457
1380
2401
2468
735
20
1889
1099
1991
916
857
1923
14
1597
1894
1754
1745
57
2247
116
985
1022
907
1358
2333
156
1381
1872
1006
2071
2193
810
231
304
1301
117
654
1857
154
193
1631
2046
1523
696
2032
1977
766
687
2058
2397
198
1882
1452
1101
2499
1719
1535
2017
1497
306
137
262
1509
129
1667
1914
719
2016
2383
543
934
570
846
1744
305
2235
1848
1135
1169
2205
2163
2124
2151
130
2388
1979
229
1713
1297
1671
1693
1117
598
2290
858
2118
2312
1514
1633
1307
615
1475
17
1035
2171
1163
2303
2234
834
1686
1049
2299
1801
1387
2281
1265
1716
932
1929
1154
2364
2393
2460
1670
706
1027
67
1281
346
2326
131
328
762
1290
2337
2049
2192
2048
622
739
2280
638
1964
227
2429
82
574
503
2119
2275
964
2488
237
1943
2261
271
1000
925
419
973
785
1917
1591
605
1202
1009
1229
1498
2306
725
546
496
1262
1998
1304
132
1508
535
2428
1891
363
2117
171
2334
1499
1711
1657
626
949
1493
2059
1492
1432
705
986
1063
816
634
926
879
1098
869
2091
1345
1236
1020
1805
182
673
649
1467
2419
1849
840
1797
1054
408
1127
1357
1253
1897
952
1937
396
523
1121
1564
1496
2422
2084
878
1305
2216
1215
1385
1167
745
451
951
1784
2450
455
2331
33
1213
740
727
2183
1858
2477
324
2478
2258
1569
1540
768
39
1654
1521
1526
1595
838
74
1808
285
479
379
344
930
2387
606
872
1662
875
2311
1600
2493
385
521
1140
236
403
829
1904
1090
1931
1420
221
2168
1084
189
1130
1062
856
1727
1461
199
1409
1968
2074
711
1251
2223
1730
1370
216
10
2472
2355
1921
376
439
684
456
2101
334
1691
2314
1152
1323
1829
2037
239
301
6
750
2443
2176
1042
2001
1391
1457
1109
272
1775
1541
2099
2341
2368
921
1960
2226
123
905
741
1915
671
924
1120
375
707
828
486
1629
629
2097
1836
1731
111
2377
1390
1434
718
759
141
820
2414
2250
459
2087
53
775
1393
1520
94
2200
2169
2148
1342
298
773
453
1635
505
1641
844
854
1718
963
1129
2184
579
2196
2374
164
529
1768
593
1223
2253
763
2034
2075
1678
1538
1218
1005
1028
1525
1576
1911
1359
382
200
726
1963
1887
537
1989
88
1451
276
58
69
965
888
1070
172
1034
882
1920
1007
636
2225
1193
311
784
1311
2496
1666
1331
368
1733
1211
900
1803
2451
2201
2186
1936
1195
2459
1417
1651
761
992
657
1947
2011
1375
765
525
730
2215
81
1679
1776
2096
2133
1450
144
715
1446
1341
978
1283
769
688
1553
545
908
365
866
1448
1089
1928
2294
1069
1242
954
1950
1544
1235
315
1199
981
2009
1652
805
1984
215
656
1798
1426
559
490
1886
1481
1002
1707
1759
737
898
776
394
1793
1844
68
2055
110
248
557
1371
2072
938
565
2238
539
445
1533
2173
1017
2141
2042
1976
1052
2166
1567
1369
484
267
1877
1245
1660
51
1939
755
1992
690
575
2396
1645
2448
406
234
2454
1410
1171
