2338
1078
584
1095
137
1188
944
1597
578
2444
746
1999
2460
175
2279
278
728
102
2217
1280
1858
1137
2465
1144
1468
1282
1594
1039
514
1385
744
1270
97
201
794
929
1995
2157
1682
807
1583
61
2463
2489
1118
456
706
250
1983
1200
444
1801
1268
1748
2471
454
127
766
37
2194
337
2191
1257
568
633
1743
872
2301
2084
59
104
750
623
725
1620
2069
860
2017
131
290
1009
803
193
1560
996
227
5
1569
1576
1738
558
399
75
740
2068
480
2054
2285
12
2264
352
1130
2214
2270
955
364
1577
1772
236
2169
778
2092
2331
513
648
1
620
1073
280
1063
1209
1240
1943
1455
1788
2212
545
314
430
881
1563
882
890
1334
234
1664
538
2009
606
284
1933
1588
2131
71
639
1811
1714
864
2459
845
65
813
1794
20
1726
245
2139
1813
1396
266
1406
1852
1327
1140
2339
1430
1816
631
2355
2424
1851
2197
1189
2393
1962
168
172
745
182
1203
2353
1131
167
436
1776
141
1703
38
1665
821
775
741
802
462
1012
2235
2154
441
346
952
964
192
206
987
2321
169
1415
1973
2312
1265
1473
949
1642
215
2437
267
1028
619
1574
1638
2480
1407
2128
2302
1438
2281
730
412
839
658
2448
1862
2239
1948
1722
2028
2499
1720
405
1717
635
2482
1818
1713
495
455
2286
76
386
681
1185
2428
981
1828
978
1757
2456
954
2036
112
1223
1518
2380
406
1619
1425
1386
244
1476
2132
835
2433
566
1878
1482
679
1136
2336
734
91
449
1346
1959
533
509
1800
1393
1176
2394
1435
1819
1762
438
1278
2111
1504
1589
1843
2466
1387
191
1279
2110
1632
437
1790
1971
1232
179
1636
1592
136
1710
1914
199
161
483
647
367
1979
2354
2429
1930
2060
1326
497
1724
1367
84
1901
186
1196
1483
2090
1596
646
388
980
2204
1870
2408
1604
1834
500
598
1239
2066
1453
2341
688
2430
991
2488
259
2016
2304
1103
285
89
39
871
818
1156
1820
782
323
508
975
239
34
1616
660
2250
1037
851
293
2126
478
1030
2455
1655
321
47
308
1106
567
241
1825
368
2358
574
616
649
1057
1910
2108
139
1416
2317
1102
591
1322
31
120
453
2119
1227
238
1184
932
248
1497
1219
1603
1489
561
389
565
2258
537
1286
810
1540
927
1224
1781
2295
1267
270
2367
2112
776
222
692
1849
2273
651
324
1238
1093
1053
1369
392
2307
2406
1731
1687
1245
1032
1051
1408
1426
1109
1965
422
2299
1835
211
1187
2391
164
1502
333
937
479
2417
135
98
1231
805
1960
88
1803
331
1978
2255
1029
1615
95
1537
1587
2030
1252
1651
629
1411
2385
2271
1149
816
1310
1554
315
64
969
1985
1945
1607
1077
2148
1806
884
258
2363
151
543
1050
1384
1810
1795
2188
1194
2058
446
269
1052
1041
2206
2085
2218
1357
1705
510
382
486
723
1997
1372
138
1175
2124
1598
2032
96
757
977
743
1647
669
994
1652
2071
63
891
1420
667
1264
1567
74
2496
184
1505
407
2484
1307
2303
1663
1667
1321
336
888
2221
29
554
86
836
1439
1927
2464
846
505
487
2023
2313
100
2387
2397
1400
1570
1755
322
1192
1600
1991
1070
277
2280
661
1197
521
595
1440
251
2452
1373
604
1064
1447
655
2309
1804
664
1699
898
1066
550
440
32
33
999
1375
2040
428
72
1955
1590
329
466
627
2431
162
1894
1021
28
979
1645
1201
959
2136
1419
1478
1744
1486
2173
1765
1316
909
144
420
1602
515
2493
1123
1251
1779
105
378
2272
123
742
1695
2443
325
1308
942
1199
2059
762
42
1352
2440
117
2327
130
634
659
1972
165
1981
1096
1345
2215
381
1062
2427
1126
1147
237
2294
1472
1623
1740
1374
960
601
134
2400
2101
358
2
1662
1648
1575
1666
642
1696
1314
503
1545
2310
1339
526
1498
46
2019
973
163
1003
1146
1088
213
296
262
2181
1989
603
1807
1169
2487
2240
1183
1535
1998
1907
789
1162
1613
469
73
852
1338
1728
1701
1719
697
967
696
940
353
541
158
2442
2174
2485
57
2200
2118
1746
2193
733
154
2223
2074
1860
1627
1261
2252
149
276
2137
1013
318
1872
416
2432
1952
974
159
1911
1129
1544
2031
1958
1236
1890
1706
92
2171
1355
787
886
297
1938
2073
1994
1791
1871
25
282
1004
1246
582
984
2298
1172
1585
950
926
475
43
2398
2145
2203
387
1526
1226
613
904
2097
868
2377
223
859
1881
1356
1181
1716
1963
1626
1376
729
814
450
1249
1490
1135
1263
1456
878
471
694
8
1516
1449
1363
1949
1679
2064
1966
256
354
326
1212
173
2134
2038
856
520
2481
2246
2082
2251
645
1829
1361
2107
1842
1107
2438
1555
585
194
1887
263
171
525
1654
1452
1360
781
1127
143
739
1752
2478
1465
722
1230
2373
1984
255
583
418
339
1865
2116
77
1797
1253
621
2234
1111
2007
153
540
972
1775
1611
842
780
1332
1764
962
434
1179
2156
1550
204
2045
1404
7
1303
532
2378
1343
1671
235
1364
1058
2477
2476
1414
1142
54
1857
101
1186
1928
2076
82
447
1827
626
1561
1006
1148
1536
2290
1370
900
1401
2305
40
1403
2348
593
1309
2500
833
640
467
2462
1398
2168
1712
809
2177
435
1258
103
654
840
1218
426
570
748
302
1628
140
35
657
2088
625
2147
1049
2345
2434
1767
531
1340
1145
1507
2000
377
931
1579
1071
602
529
1853
1976
1061
1702
2458
310
1206
874
721
2374
1891
218
253
257
737
665
1635
484
2067
122
2292
1564
431
1606
1379
1882
1538
1595
609
600
2328
2329
793
2165
1822
957
869
614
391
274
254
2146
150
231
945
2340
1342
1656
1040
1580
243
1274
2300
2049
1975
1329
1727
1242
1027
1048
1936
2366
1527
2175
2291
2160
1937
1886
228
1734
118
2164
1271
894
301
699
672
468
989
1020
70
1855
1641
1988
119
1541
2379
403
2498
837
1094
2297
1215
683
224
2062
1255
726
1511
553
1848
1010
716
2266
2405
2248
246
1817
2151
678
413
714
2150
298
1312
800
901
936
1780
1491
1241
2063
883
982
1022
1939
1905
1290
990
934
1055
2269
275
2365
1110
2041
209
2078
1101
2359
1105
1915
903
1650
1832
2138
306
1082
1629
148
1114
1766
2350
2081
551
1390
1344
670
892
108
580
359
792
1324
2454
865
24
2308
80
873
1956
1515
1741
1514
198
767
1293
1875
1170
1529
1917
219
1624
902
1633
9
1759
2115
896
552
534
1700
939
917
49
2497
1591
1269
829
1080
107
2267
1166
115
1353
1042
2259
1521
911
414
1395
36
2407
2349
1864
111
1831
1892
2447
1292
272
465
998
427
1796
2296
1405
539
2247
1297
2105
1354
1823
1195
1233
1171
861
1559
125
2257
1954
351
2093
1539
2254
355
1721
1503
1216
1178
1202
863
1904
2333
1879
2233
2388
2083
1993
1067
2222
2446
2253
232
1640
1454
946
2043
2095
1069
1711
1124
1033
2315
226
763
1685
581
2306
1225
676
771
1528
1091
641
2415
1680
523
334
1572
1392
187
666
176
922
1139
384
288
2332
2182
2445
1154
2325
1302
2089
1868
1190
1821
2231
519
15
1674
2208
6
1982
404
548
2226
2370
555
1908
1446
1660
1778
1260
1362
563
106
18
369
774
1874
2209
597
2319
328
2051
1463
594
1787
1134
1867
502
2127
2020
397
2422
2318
1016
1646
1922
573
1859
1448
1763
1869
2048
1031
976
208
1681
1074
124
2207
205
1305
2343
2015
93
501
1450
686
312
1677
2486
986
1708
2034
1247
919
1281
45
492
2094
518
544
1509
1317
732
731
1531
2210
357
220
1283
295
291
2453
2375
1089
656
1045
350
1506
423
345
759
1443
2012
769
44
499
841
402
2330
546
689
1060
2236
1639
385
2244
121
1944
1769
905
928
185
753
1913
2369
830
1669
1244
947
785
1692
965
2410
2184
756
815
970
1161
1926
79
1573
1418
448
2080
1732
294
2104
1466
637
1193
2114
2225
1409
303
933
1034
1008
1931
2263
1076
1157
1081
4
383
216
113
292
1259
2052
511
1730
457
1777
1601
1929
1840
690
1996
2395
1899
94
2467
1558
1921
261
608
948
1694
588
1065
1250
286
490
2152
1295
1866
1932
1495
51
327
212
432
819
494
60
547
2383
709
877
867
700
1593
2457
630
1622
2050
1471
1207
344
56
2372
1116
452
2347
1237
1863
2376
1164
2135
1205
1957
1718
2473
808
913
1153
796
2237
1113
1488
1553
396
875
207
2005
2316
1434
1445
1358
2163
1557
1643
300
109
342
751
2256
715
2086
2183
691
1085
1038
2360
2102
758
443
2475
1044
1698
1433
489
1900
912
831
429
702
923
281
67
1542
1084
349
200
935
1180
1510
240
2230
1805
1388
2479
1697
2277
1158
1275
1844
289
1964
1422
2167
1942
682
1903
48
579
2061
1097
2265
341
1412
798
997
2241
677
938
394
1366
340
13
2356
2288
1961
1850
1586
993
2451
1625
564
157
2053
2243
675
1605
395
2189
1234
668
908
202
1940
1248
2185
1138
1824
307
755
1659
1987
2141
451
1534
897
674
2006
1774
195
2346
876
522
1323
147
129
528
2070
379
1802
2490
1254
1916
1296
2401
1011
1661
611
2351
2211
2289
1980
1023
504
2342
1688
1210
822
1437
1365
2495
2013
507
1676
1761
907
53
166
2096
1128
1809
1494
1522
1056
754
1683
69
2418
17
309
1413
360
477
221
1284
1784
2046
572
2014
605
1380
826
887
1830
622
710
1132
2249
1436
827
2224
2322
2087
1924
459
2268
1330
1086
1970
279
330
1299
273
2205
2494
1614
1532
2261
832
506
1758
1002
55
879
1043
1331
2098
463
2435
1658
2399
1287
1906
2412
2213
474
50
1410
2077
1424
2469
85
174
1969
596
2411
2079
1035
52
788
1477
2323
2414
858
587
2100
214
1276
2103
2029
1120
230
662
1750
2042
2402
14
460
2125
2199
1441
1783
424
1513
1885
1992
2392
408
2021
1075
249
1837
834
2436
2278
2311
968
1152
1786
1397
1325
1986
1543
1383
2229
2364
1599
963
1902
110
768
2044
410
1117
1808
2033
2187
229
823
624
1350
1925
735
1723
1479
542
1125
772
1675
1262
411
536
442
1838
23
2065
305
271
1715
1751
1221
2037
747
2179
2324
362
1191
524
586
2245
2039
380
252
461
2368
1108
1745
2106
607
2228
2113
1847
797
348
717
445
287
1480
1747
2018
2450
773
473
790
880
1519
712
2326
1737
1429
347
1523
2403
1814
1336
2143
1005
559
1492
1608
1990
862
1462
1895
988
1014
1951
906
1335
1119
1007
1163
10
2441
738
985
401
736
1953
1141
1349
21
1315
1815
2335
2122
1524
1657
1941
628
680
956
145
2283
1348
1876
421
2413
1378
1617
116
152
1054
2026
910
2166
1341
2381
2491
2091
2129
895
177
765
155
1229
2421
652
1133
1735
1481
409
83
1173
562
804
703
1320
1530
1968
1273
663
1087
1974
496
2123
693
1220
2419
824
1621
2035
684
1143
2172
1950
530
569
370
1799
1668
1457
2389
853
2004
1856
99
2109
1391
1826
68
1912
1333
855
560
1789
1888
316
1861
1469
1208
1562
811
786
1678
1610
1174
2284
203
592
2409
493
958
615
1547
2416
1159
1508
1918
1217
476
1873
2010
2055
1773
2461
210
16
1909
1578
828
1288
2449
1977
1898
366
711
2186
433
2262
2196
1546
2027
1079
1381
1487
1673
1770
458
1768
320
779
1845
1019
2149
372
81
1749
847
1839
1756
893
1464
87
1214
724
850
575
1474
78
247
1046
2133
2142
2384
806
196
784
1967
1691
146
2120
2178
695
2468
951
371
1368
1461
283
1630
62
242
995
393
1568
2144
638
128
924
636
260
1399
2404
304
1291
1015
671
557
1496
2155
2219
866
2024
419
843
481
1337
685
2357
844
1313
517
374
1565
1631
820
2274
1644
491
2195
1155
2075
698
1709
400
2002
498
599
2008
2287
764
848
644
1328
1198
1739
2344
2386
332
2352
488
801
376
577
1000
918
761
1812
2170
1923
2337
1025
1151
889
1884
1475
719
1160
783
1686
311
2161
1394
189
1733
2275
1431
156
1792
1115
1059
1841
2072
1833
707
516
1301
190
1760
1024
885
2153
1211
2420
1168
2238
398
1001
2492
2314
2396
1493
365
2474
2198
992
1298
22
225
849
1090
1427
1026
1371
632
1304
2276
643
485
1092
160
1428
953
791
1670
361
470
1920
1300
1444
713
1121
705
1946
941
1736
2220
1311
2470
1704
1782
1637
1318
188
30
1243
650
1729
1934
1306
1099
335
1880
2176
1653
2320
899
2334
1846
356
2117
610
612
482
1389
2056
2025
2293
41
2361
1793
1072
825
983
920
390
66
1690
1068
1351
1294
1272
2158
1785
1047
720
439
1649
2423
1684
1423
1897
618
2001
264
2099
217
2282
2382
1707
914
2130
1458
2390
1359
915
1618
701
854
2047
233
1460
1235
1689
571
1083
2202
1889
1609
2162
718
317
870
363
90
313
170
1036
617
2011
1854
1533
1470
417
590
2180
197
1177
19
1222
961
2483
180
770
1798
1499
1382
838
1551
114
925
966
2022
142
673
11
1525
1319
3
1634
1548
576
795
415
1421
1584
1771
268
1896
971
535
1266
343
183
1165
2362
1552
1693
373
425
1417
1459
1402
1112
1919
1520
126
1582
58
1612
512
2140
1566
338
2216
549
1877
1167
2227
1204
472
1289
2232
1725
2426
653
26
1277
1753
299
2057
760
527
1672
1256
2260
133
812
1213
464
265
2159
2425
708
1556
799
2371
2190
132
375
1893
1485
1517
1754
1484
2121
1467
1571
2439
1549
589
857
1581
1104
181
178
1377
2003
749
1742
1883
2201
556
1501
921
1098
916
727
1122
1442
1228
1150
27
1017
2472
1018
1947
1836
319
2242
704
2192
1935
1500
1285
1182
1432
943
930
687
1512
1347
1451
817
1100
777
