2378
1256
1042
1901
1693
130
1940
1416
549
1200
1222
292
578
1710
1595
959
1514
1063
1938
374
1099
1005
16
2033
461
1638
1083
1381
632
507
603
607
1146
708
978
2131
754
837
1454
702
631
673
1719
1387
2328
1776
2366
384
1888
1952
157
1874
242
205
1430
1881
2129
2242
193
289
1015
514
298
1816
730
1287
1922
2372
229
1709
1573
2226
738
342
2061
2203
1445
1553
1792
2070
1442
444
1798
1428
330
1090
720
373
867
2493
2162
227
1206
1432
2289
678
459
2013
1392
1534
1228
705
111
2166
2030
2324
828
769
1196
536
674
1163
1904
51
475
1556
834
1073
198
1449
964
382
56
995
1717
2310
290
1368
597
2189
433
428
45
2243
585
1803
544
870
656
318
1322
2290
2263
1805
2068
1378
184
2463
2472
1427
1286
1195
1500
518
751
1926
149
958
1843
969
1420
535
35
2414
1019
280
2329
1245
502
667
1739
255
2007
1145
1771
1662
2090
224
2228
967
779
2194
1003
1340
2168
2465
2044
2278
2180
473
2232
805
1954
898
1365
936
48
347
488
2434
446
1976
1321
1207
888
1291
1884
941
201
68
1319
1482
2459
63
1481
755
345
2123
2236
1311
2001
1768
2184
1982
1081
2271
214
1825
1678
1815
1215
1125
2171
2062
1797
1447
1214
889
2331
901
218
556
2199
2101
582
1760
1336
2100
1714
854
107
799
663
2313
1560
1612
1268
2469
1304
700
1647
1097
2299
2387
143
875
1757
2144
2134
831
1561
1450
1562
1947
15
231
1623
1707
1299
2419
331
1155
487
1616
1544
990
1973
1688
1460
2065
528
1082
2284
977
2297
1870
1590
1626
2205
568
434
197
2098
1704
108
1080
1395
552
2315
1007
1750
1609
1470
2072
192
1643
950
593
1657
372
406
1559
923
879
43
2094
1132
1769
531
1961
455
131
1333
2087
2276
823
1504
1173
1858
1495
2403
1166
929
1747
491
714
711
750
2490
717
2071
699
627
1379
1902
2022
375
441
424
1049
2170
319
2154
2064
1437
1931
1185
519
134
1625
120
775
1114
768
2397
1
933
2398
2287
2357
1501
2301
1247
796
1424
260
794
951
104
1134
2183
1848
2075
670
1076
1993
1695
1212
169
138
2337
2081
1029
1859
2415
1044
832
1691
1664
269
173
1362
2355
220
50
1057
2108
1496
1989
177
1646
1353
2244
2345
91
1518
999
1070
760
1068
337
2491
126
92
1348
1485
1836
804
540
2235
1890
2291
2421
1301
1054
1332
2339
53
1211
712
996
398
1850
1284
388
1681
616
386
419
1730
1842
74
500
1927
370
203
2151
1071
2012
1893
449
208
573
688
103
649
94
829
956
2167
543
643
1105
2361
521
1844
1339
1972
2227
1596
1655
1394
1937
333
40
1327
1763
2213
1875
2399
265
1525
1022
1575
1519
273
1469
1232
405
480
1977
2436
2255
2042
1959
9
154
2381
377
1220
407
2369
1219
1606
1673
2305
1278
1955
1911
302
1545
1900
723
2417
1441
1914
150
731
1230
2367
1865
1637
343
881
2192
546
836
1305
112
2050
264
1813
2416
515
917
125
883
1098
1966
1823
1157
452
1192
2260
986
2037
808
904
869
1745
2376
85
366
1728
753
1280
2460
948
913
1754
921
2430
1492
2406
862
931
2009
1876
1538
1115
1016
314
1619
902
2314
523
1708
1199
650
1179
1740
2175
1700
525
239
2103
2418
2169
1726
1413
2373
2470
1869
402
2153
243
213
661
1540
1778
2035
960
1703
1696
1156
1723
1285
1089
1240
1434
1239
713
42
1773
1550
2122
2246
1093
2031
7
1992
1092
1055
1936
1351
987
610
259
2435
620
320
2365
1984
78
1840
1060
2452
1591
46
1221
1107
278
1249
1323
1423
486
1752
972
555
912
1162
2311
771
2054
1205
2384
1303
257
1923
612
1796
954
84
2426
2285
204
1067
172
838
1126
1807
1213
2164
2450
1582
363
141
860
72
513
1476
2176
1764
2250
2273
924
1236
2479
1262
2005
168
1077
57
356
1766
737
1088
301
741
1461
182
132
1034
1617
1921
200
306
1393
1603
1072
1248
2396
156
1440
827
1241
586
1618
21
1417
476
368
780
943
248
1828
503
1968
802
423
1140
1539
1932
1127
806
404
344
564
2202
93
1032
1622
1589
1831
952
1794
2293
2059
2388
1829
58
550
2041
2375
1371
1567
2277
2394
1634
908
2309
1334
591
2248
1059
1497
394
747
2351
1621
2432
861
1583
618
1758
1682
1547
1183
425
1201
1837
2326
2354
1390
672
135
2040
2239
945
2440
261
922
598
1912
1477
2261
116
122
274
2307
919
82
186
1056
961
1860
1555
1483
2211
526
472
352
1784
437
1217
430
2195
2335
489
2048
1523
1169
2371
966
842
574
1079
1928
323
2386
2484
399
1356
1635
530
456
1397
529
2089
1315
2279
1010
54
1341
1009
266
998
365
939
1574
1953
397
1066
105
2057
681
230
458
2443
1300
258
426
1405
1809
740
1252
654
680
2286
1062
183
1546
1965
2106
1580
2038
676
1502
1152
852
558
2111
2247
1313
1354
2163
1144
393
1102
14
2233
136
1184
1543
545
10
1871
2251
219
2321
188
2114
1226
570
2095
2458
534
1786
2118
2325
1139
1863
1251
1925
777
1551
1012
1113
221
554
2049
894
1168
1721
2234
166
2402
729
1433
24
196
1957
2032
2148
1403
786
118
622
2391
1537
2447
1349
859
30
1325
787
1887
87
33
2137
2079
1133
815
1594
1451
2078
566
773
2159
471
1790
1529
1732
537
1934
307
1069
1812
1004
1402
1388
845
174
1130
1306
576
1288
522
2270
52
339
1699
581
1312
2356
1172
2409
76
572
479
900
511
2282
1650
2143
1679
1808
657
1272
2411
2467
1916
1376
2240
1344
355
767
2019
653
432
979
1025
159
765
2257
1814
1851
1347
1141
932
358
387
79
2092
2258
644
69
757
2400
1780
1464
62
910
1359
1027
151
1847
1511
858
2377
2182
170
34
679
1330
23
1426
2073
2451
493
181
1176
1438
1868
2456
1677
811
1680
1639
629
2026
2423
1091
1074
463
2223
1564
749
1259
1242
1491
624
810
2332
1642
2302
1358
2392
1530
2011
359
527
244
1533
752
6
993
313
1832
2280
1101
101
1085
1494
228
2161
1775
865
2395
1686
944
781
937
396
1948
1452
785
1372
1294
721
1930
1227
391
1367
1047
2091
1117
332
2024
285
37
1945
1978
994
580
2494
2352
1419
2003
1910
2237
1527
1422
2207
1774
1498
1383
1690
501
20
2010
2039
669
1915
1270
13
2067
2360
1867
2334
592
1824
160
2055
1129
223
2446
279
1950
989
442
415
689
1189
1956
2348
746
666
326
1676
2139
2500
1269
217
1021
716
2253
1713
1827
1505
2069
385
1510
1826
1171
2188
635
254
1683
401
114
1611
403
1290
504
1558
795
2269
1772
1436
362
2051
2046
508
90
70
1216
942
1431
1883
639
662
2252
1052
2206
1110
2476
1153
925
841
763
341
2196
2027
872
1585
1988
443
914
1503
315
416
727
1882
31
65
1712
2294
2264
1722
2444
288
1997
920
613
1001
641
236
2492
133
985
1841
599
1587
605
2420
466
1316
80
687
965
1737
1765
853
642
2230
611
2084
1802
2018
2231
1907
364
980
822
1478
1331
1994
541
851
115
1517
1355
1924
991
77
207
1759
2047
1045
2004
698
1238
412
2274
291
2303
1274
1909
226
1942
1651
647
102
790
429
311
1342
178
793
2133
1415
803
1600
1385
2422
2429
694
152
1366
1631
1475
2113
73
439
1106
784
634
602
973
1654
1409
2267
1224
25
895
312
2390
1974
1512
1971
19
2043
589
60
155
1535
510
1979
1116
1352
668
1734
2066
1839
1733
497
587
140
1897
1283
2401
2385
440
2099
830
575
590
110
695
792
336
1468
849
722
1346
1150
395
1724
957
1838
1801
2453
532
646
1061
2322
270
748
840
1435
1154
1273
2191
1258
1770
2127
1929
1324
457
233
2000
464
1175
2165
49
1577
588
1834
2096
2138
1095
809
579
253
1014
2496
565
294
3
210
562
1980
2256
98
1182
325
299
206
1866
470
659
2204
1165
638
640
664
1998
1039
5
8
2441
2466
660
1384
1035
608
1508
988
378
379
844
167
1856
819
1234
764
1277
22
2475
1895
1479
1382
66
2308
1186
1151
369
2437
495
335
2014
2298
548
1749
1008
2112
2045
1337
1892
26
2121
584
520
1218
637
409
2185
241
2110
2389
1672
1026
868
383
86
1958
1879
788
1295
1830
1041
728
1610
692
95
2025
2439
2104
1532
871
1246
595
1919
2215
1767
1795
1048
1360
1373
88
1845
38
422
703
1718
604
376
2449
742
1137
1064
2353
2312
1943
484
1756
1806
1671
251
2359
271
2197
940
145
1566
232
1474
1738
1407
1855
791
2341
658
677
1282
1486
1443
820
2330
1147
1078
1487
328
1490
414
1253
1472
1467
89
2063
2483
560
970
1043
968
981
1933
171
1864
1187
1549
2074
1120
1018
41
2158
2241
310
438
2477
1524
877
710
724
1444
801
2173
55
2086
308
707
2109
1946
1112
1190
1465
2224
1509
106
935
2454
1593
2008
601
2160
123
418
411
360
1536
1310
1167
427
1918
1568
863
918
2076
1698
2135
626
1058
577
1913
1000
826
2128
1697
462
817
1314
1520
1990
1326
963
813
161
683
1418
329
645
906
1777
1260
1135
2120
1335
1986
44
1406
903
2262
2448
2272
1506
1753
1598
856
2006
1279
886
216
1281
1264
2085
1669
148
524
1800
1729
1818
847
547
798
1687
1645
1811
1742
18
655
1889
317
371
1488
761
1675
2021
1872
1995
953
2028
268
2473
915
736
1578
286
485
1363
1649
474
1033
665
146
2288
1456
1987
1231
1298
855
2116
2017
2478
766
142
1194
2344
2370
277
846
1667
725
1939
1579
1641
1412
542
1457
812
1852
1819
2407
2198
1109
1389
1257
1692
1762
1123
300
1935
701
636
600
1453
1975
1788
1701
1350
293
2029
1755
1541
413
1404
1689
814
2275
2141
380
866
2481
1421
839
880
745
1181
1810
100
2295
2404
905
1715
2265
885
1459
882
2172
1136
718
1991
2052
28
1493
2412
1896
1684
32
2304
1328
1886
1597
1188
1414
1748
2147
1263
675
2292
2124
238
1985
726
1028
113
137
2218
1237
2427
1375
623
843
2140
97
163
648
1020
351
2130
2150
949
1024
1396
2136
772
1563
1862
147
2480
1233
2132
2318
1364
1223
1399
818
1439
2217
1571
848
435
1746
2
469
234
1308
2333
1731
874
1030
1391
99
887
596
1877
96
483
1473
272
962
739
1602
947
807
2225
651
1632
187
1674
2350
2097
1210
2216
2461
262
1160
1608
1615
797
445
498
1963
782
1380
876
1581
2002
1197
465
75
2152
447
1720
2433
1455
1627
696
1741
2080
2181
2093
1735
2431
927
1906
1905
878
1620
199
2327
1276
2319
1177
2229
693
357
71
353
776
1266
735
1727
517
1149
1586
287
1013
179
296
2105
1318
2471
2015
451
762
1302
506
1605
2083
533
2474
2058
450
1569
1515
250
283
569
1821
83
1320
2362
349
1565
1161
1817
1640
1820
1531
1148
303
2457
684
1357
1970
211
1793
606
1386
354
2349
482
1209
410
2155
47
1880
1648
1668
1660
2364
1006
153
833
1050
2405
2424
39
1100
1908
557
1789
928
175
983
1652
1254
2266
1096
338
2053
128
1267
1122
1629
492
1706
2464
1663
61
81
652
1949
478
743
417
984
420
275
1345
1554
1036
1317
2220
1751
916
1361
162
2190
1023
630
1142
1429
36
857
2201
496
2485
448
1969
2317
955
1094
2157
1878
783
561
1377
1040
2016
2056
583
2214
1894
2200
1861
2281
12
245
431
2209
165
1983
499
1570
1203
124
1202
1833
1374
235
29
1398
1644
1917
281
322
295
164
1521
1898
1108
1779
1516
129
1103
2455
460
190
2488
477
305
390
617
704
2125
1174
1725
340
2487
1522
971
1661
2268
2254
1899
1873
1255
1588
2020
282
2413
1343
1118
690
1787
732
240
2306
1857
1542
1484
185
671
1111
1711
1121
992
594
2212
1119
225
1425
2115
17
304
246
1835
180
1528
615
195
2363
2393
1307
400
389
800
734
1633
1046
825
454
824
267
2445
2380
1964
252
899
1694
189
1037
2187
2489
297
2368
907
117
2259
1513
2149
1846
256
392
1053
1261
2146
512
209
553
2119
1666
1604
2142
494
2438
2179
127
789
1244
1084
381
276
2296
890
1613
538
2495
1462
1410
1297
67
1584
571
1951
1128
1572
2283
1999
2316
893
625
2410
614
1138
2374
2340
284
2408
633
109
453
1761
1143
1526
744
1471
2346
263
1781
563
1785
2338
2486
892
1204
2343
1208
1804
1159
2077
2221
1614
490
1170
1822
997
1548
686
1293
327
2174
1087
212
1499
1329
697
1658
2442
1158
1659
139
567
974
1289
619
1656
1685
1981
835
1065
1370
1446
1448
2102
1243
778
821
1854
59
930
1480
1235
873
682
685
1853
691
909
2117
11
2156
361
1275
2428
1920
2300
976
559
1338
816
1967
1783
2245
706
237
934
191
144
539
2210
926
982
911
2497
309
1960
864
1744
1466
158
334
770
1458
1369
1401
64
1944
850
316
1038
719
896
1124
1670
247
1601
1891
1592
2347
756
468
1292
1193
4
1996
408
176
249
1309
119
1489
1104
715
2193
2358
1743
348
1665
321
27
733
1164
1296
1400
2178
421
2382
1031
1624
1941
215
774
2482
481
2383
1131
121
194
2249
1075
1552
2498
621
2222
1225
2177
1180
1628
2082
1607
367
2320
2036
202
938
2145
1962
350
1791
2336
2219
505
2023
1265
2238
436
2186
1051
2379
2088
758
1636
1716
1017
1799
897
609
1198
1507
2462
222
1250
1782
759
2425
324
1411
1849
946
1705
2499
1271
1086
1408
1702
346
2342
2060
975
1557
1191
509
2208
467
1011
2034
1653
891
1178
1229
1576
1599
1885
551
516
1463
628
2107
1002
1903
1630
1736
2323
2126
709
2468
