642
2352
2123
835
1964
1265
1575
764
1245
1694
2361
951
2431
66
325
264
1388
2231
20
973
1650
1953
1630
1649
664
1339
2236
1292
896
2443
1658
169
1539
127
1299
618
1496
1033
884
799
2328
2021
539
219
784
1939
2179
1517
681
1974
2138
2068
1622
1319
231
917
1309
472
1075
660
517
651
1370
509
996
587
762
1338
1770
449
490
882
125
605
856
997
1069
741
236
1543
620
2273
321
2255
901
167
1417
420
1032
399
439
2133
1758
2392
1926
2128
189
1134
485
91
1347
2194
1064
1753
1143
1311
1639
1927
2398
1585
889
1591
503
1937
1958
153
1427
2423
475
1592
1246
1569
1798
535
429
1220
1843
1423
1161
175
1855
1861
1550
482
1476
554
145
2436
2224
479
1251
559
763
1183
1023
64
2291
2099
1662
972
217
2483
975
1519
631
443
2078
769
1202
38
1221
47
165
2025
2297
19
1663
1812
60
507
875
464
1573
1371
442
776
1998
2474
692
1866
56
198
2016
391
194
445
2153
1415
2490
2058
2102
2487
266
909
698
700
1049
530
2209
1296
2046
2262
184
2336
1379
2460
625
695
1893
1278
2381
1886
1526
1321
919
670
1399
2206
406
277
1146
480
1827
1554
401
474
929
1746
1900
859
368
463
848
1210
197
2353
983
258
2421
1387
1454
421
156
1469
213
1159
2047
469
1990
2251
1473
1806
1995
1540
2367
1529
2287
1467
680
158
150
1482
2440
205
2450
898
1619
315
1931
1908
523
1781
295
1037
956
1701
1127
1801
1644
1104
1475
5
2354
1882
1776
1871
116
1072
461
1258
876
1768
311
1208
1535
2340
691
343
534
2279
2465
1365
1304
173
2086
934
1879
1884
879
2346
1531
813
2053
873
1528
1079
954
2050
4
687
542
1729
608
2244
925
1949
2393
2371
2121
2161
2245
2024
1289
1449
1430
2384
138
1108
237
423
826
1445
2348
456
839
176
1408
591
1951
367
283
1377
14
1982
1235
1712
476
1984
1942
1283
1810
793
1055
1771
1336
653
453
2199
759
2409
52
866
415
114
2368
1606
1831
790
376
567
1063
318
1034
1921
296
686
1757
1390
1772
1185
2154
1813
1863
1547
727
911
1109
28
1315
168
2023
944
115
403
1492
1067
2396
1833
801
1717
1533
887
323
2468
2259
2004
1260
615
1623
377
552
1169
1154
1147
2388
628
682
1088
130
1073
1859
1976
832
1320
2008
501
494
1698
88
1996
207
487
2400
2379
1153
2056
2220
777
1355
1269
438
514
483
602
2074
1897
931
1943
2293
830
1358
76
1590
379
1491
573
1382
693
1421
2073
2477
1036
2369
943
1310
1647
966
1065
643
1814
1507
849
471
1988
416
789
657
347
1179
2260
715
74
1155
1959
714
1625
2495
1588
780
1105
1923
641
110
825
1854
2347
1502
1909
1468
744
245
1035
1989
798
2435
2116
2085
1774
553
23
1820
204
1687
2222
2281
348
720
1570
140
85
738
908
746
18
1750
2446
103
2270
2186
636
1885
1123
268
646
1327
820
705
965
2356
647
1930
2088
1266
1887
1669
757
2117
2175
2212
1413
1560
672
1181
108
2492
1924
1083
49
1383
2313
234
80
2261
1353
357
1618
2278
1138
581
2308
1549
747
1237
1066
2363
2491
1872
287
409
623
274
192
1891
2156
1572
1565
1019
1941
2015
1222
985
932
1497
1058
1731
1351
2076
1439
2324
1791
2434
1196
1297
2257
547
346
883
102
1018
2170
499
1002
2394
316
749
1050
455
132
1544
1485
1747
840
1419
1328
1405
2109
139
2240
1890
1616
417
70
1008
2449
1579
1197
2366
1688
566
1822
1807
1719
2322
2070
10
2020
1966
1429
1704
1478
540
2031
532
35
2135
868
1011
1435
1677
392
380
860
734
71
1168
288
1337
37
195
355
984
1696
131
351
665
1014
1858
1516
270
558
955
1340
1913
2104
1453
2461
1703
2059
1348
407
1652
1783
179
2103
1186
2416
307
1732
1017
662
737
497
857
2410
1981
2213
2136
1103
1817
1705
1282
1341
1779
332
572
330
1997
1901
220
186
852
2292
2349
1458
1158
903
349
2405
1632
915
174
1852
310
2001
48
2415
511
2311
2407
622
1842
2242
1106
890
729
128
1472
206
498
1975
2143
2034
551
2378
533
2243
393
1378
582
1443
2288
1493
1346
58
298
958
247
1675
1177
607
1744
2149
1293
1905
1883
967
2500
2182
538
13
952
661
1922
1144
360
560
331
2198
1896
495
995
588
1402
2051
899
1178
1973
1660
718
345
1171
1862
457
1409
1068
579
291
1048
2174
1357
302
2280
1802
45
2406
1655
410
327
1948
1091
148
1796
337
470
1716
335
689
778
1229
893
785
2134
1627
823
2132
2424
6
2389
161
1906
196
1955
617
1303
1892
1945
286
1252
791
945
2230
2067
1725
301
292
916
15
1489
112
2193
1039
89
841
2359
1566
902
2096
276
386
2158
834
1040
1474
1803
1043
1837
891
1929
1118
2148
1054
1465
583
1236
774
2401
614
2217
1928
1816
1646
433
677
806
986
1916
1092
1607
2286
2253
1141
516
1610
1626
1128
504
275
2283
1298
1583
83
69
422
1513
527
640
1584
468
113
2190
239
505
280
1488
1042
90
2026
878
79
814
375
2484
408
626
2258
226
701
1345
1873
1367
1450
1230
2466
2100
390
2126
1479
77
1711
2334
1329
788
1391
394
2098
171
320
2118
816
2049
865
1555
1518
1418
940
1271
1715
977
1581
333
2139
2057
2267
2003
858
999
1029
1316
724
690
1667
2300
2172
1522
249
1145
1051
2485
2372
2459
2060
419
590
1834
1007
1697
2164
2009
912
666
1115
978
2380
2092
1322
870
2412
2285
1012
611
94
2472
1674
2248
2125
1728
1462
1389
1985
2106
428
510
1755
2225
1385
1956
260
1899
756
1876
2197
1148
561
1117
1461
372
92
1752
1175
1332
353
1708
549
2276
637
1053
635
1243
1656
2422
2097
502
1736
496
564
1459
1777
736
1219
1016
2044
1486
1795
2083
203
843
363
743
1785
2254
1024
710
1850
906
2035
1276
2192
745
1363
78
1021
188
2087
811
460
324
772
1836
1603
381
1604
595
1676
2469
1903
1089
2272
426
959
117
1527
2493
370
528
2476
1275
200
361
804
1156
267
1933
1198
2157
1936
289
2122
1638
812
1224
574
1139
1542
920
2195
2382
696
2200
594
592
297
273
942
2266
336
1487
1350
732
491
2032
256
645
30
121
1944
129
1721
1733
8
181
2365
2480
454
1853
1291
543
1368
2265
1754
1947
2445
340
2014
713
1938
1794
994
1306
27
163
446
936
694
356
976
2171
1080
82
1510
1665
2075
1044
949
1636
2178
1668
938
2071
105
2235
760
1829
34
962
1250
555
7
1366
1203
1730
1600
991
1333
242
202
451
2475
2166
676
824
1741
712
1301
1052
62
1659
1563
290
2229
1868
122
2205
1911
851
424
1994
782
2448
1481
1125
2196
980
1832
1907
241
1826
2256
863
2141
2323
2146
2176
716
548
1609
96
1756
1223
1809
2061
2383
1452
2140
1846
1438
1918
576
2124
191
50
190
1484
2093
2010
144
730
489
1511
1786
1934
1317
880
382
146
1742
405
414
683
1840
97
222
1686
1416
990
425
1841
1180
2081
1261
979
447
888
600
578
723
2310
313
1045
1586
61
2039
2312
25
2307
2467
263
2333
293
717
1448
1149
1611
2404
1780
51
228
1641
525
679
531
1426
1313
1849
1093
1285
971
2274
1983
1617
2338
913
612
671
1107
1334
1323
1722
802
797
2295
137
2079
1157
987
1060
254
2232
44
1446
1122
1506
1961
833
411
1738
1001
1769
2150
2331
1165
1811
1624
1759
358
907
1520
2187
2012
1411
1499
2019
366
1046
2006
731
225
400
1851
1726
1615
354
1553
2208
109
1689
1902
711
1189
2316
803
2105
59
1564
2027
960
1889
396
2145
404
1552
2264
329
1848
2304
610
1568
2168
1749
1525
1302
1142
1978
2077
1206
1116
1962
1917
1094
2177
1098
1870
1480
1087
1629
2303
1280
300
1441
2437
2155
603
775
328
2370
1633
674
1393
2357
1713
771
2429
1342
1133
2131
2332
1739
1598
120
319
1167
2210
1993
1025
2238
2120
1381
261
1209
1979
1194
2417
2414
1878
627
2337
1277
154
634
1970
1254
921
619
2064
187
2095
1028
492
1372
669
988
2425
2341
1932
2344
2214
2167
1589
2296
1767
2294
1392
1095
1174
2441
1631
1431
1241
1231
2062
1204
1881
1061
1919
2342
1199
1789
54
2089
1330
1737
1864
1541
215
922
568
378
2497
2207
1364
458
1099
1790
2438
342
871
1534
1078
2239
2499
1004
1500
1787
828
904
1724
1546
2360
1594
1748
32
1597
1648
1151
580
1164
2163
2038
230
1038
792
1404
1963
2457
185
1129
586
3
1845
1414
1150
518
781
262
2203
1234
1740
151
1952
522
2142
1766
436
1470
1671
1818
697
2350
1599
1335
1172
2002
947
1684
1723
703
768
2269
1102
650
838
100
1681
440
1577
1325
374
1825
989
243
1460
67
1132
783
673
1672
141
1490
2289
638
2028
1070
927
265
309
652
1270
1182
364
2314
1763
1433
1376
2327
1706
2329
1207
104
964
1720
2494
2241
107
1215
1314
1287
1651
1815
854
1084
1799
1844
486
271
1830
466
1121
1216
805
214
1362
2385
2284
937
1233
1352
106
753
1027
794
339
1710
770
1805
796
1532
2268
2470
1126
269
1745
754
570
1195
2204
654
529
1819
1273
1056
1308
807
1394
1300
1867
1440
1498
1239
1874
512
924
383
294
36
1666
1643
1447
1281
1582
2299
544
822
914
2418
1587
111
1225
725
2318
1580
46
1578
1635
63
1634
166
897
1086
584
99
22
17
257
1969
1090
1782
1935
836
2130
1238
389
2397
819
2007
1991
1136
1295
2420
1401
1960
1184
2029
1451
2282
1690
1509
432
55
1940
1664
829
2
668
305
40
941
1920
412
968
385
1856
1101
1760
1361
388
1279
1022
869
513
766
124
430
765
604
1595
678
1692
2017
216
655
229
606
862
1860
500
795
1244
164
926
1612
118
413
123
2216
435
2066
1657
1693
2451
864
569
1793
1515
199
1031
842
2486
844
837
872
2249
1205
12
2233
1613
1865
246
1211
2040
1551
519
41
183
1477
2427
1434
221
1324
2101
312
2428
1162
2043
1003
755
208
149
2201
1880
252
593
182
1062
1608
398
177
1514
1163
613
402
1173
1130
1571
2358
255
1112
39
1538
484
2306
387
75
233
1576
1680
218
575
172
1556
223
2181
1213
1326
1398
733
1124
1857
2127
1567
2395
2219
308
1166
1992
1369
1968
1788
1839
1682
1620
278
2189
2250
918
1047
2223
2345
478
658
719
2362
969
1965
649
1256
2458
65
2399
957
933
1294
1645
2309
1407
2335
1593
1360
240
2041
1743
1176
2091
2022
2045
160
1100
362
550
418
1673
1530
2462
84
726
2355
2433
1000
1120
2319
563
1057
2211
2430
585
767
2402
1821
1545
427
2489
1015
1187
536
1359
373
742
101
556
1699
1912
2376
1400
1765
541
1653
1192
2351
98
874
2263
2226
1442
459
2364
1642
1894
434
352
1424
2228
629
1190
739
1354
2112
134
809
861
1247
706
1670
1946
1824
2184
279
895
1797
1898
1764
1193
728
1457
211
1214
2343
1384
1268
1828
2452
1131
1455
624
1110
597
431
1524
2042
488
648
2013
2479
709
752
2011
1980
1085
1464
1006
599
1910
1986
2315
2325
1628
72
1494
526
1076
2317
786
1386
2151
1152
2183
1373
2439
2000
808
2147
2447
1396
1463
384
2377
1097
2162
26
87
545
905
1249
395
86
2411
571
180
721
2419
1312
272
1778
1200
1114
2478
365
2271
465
2188
2488
1375
684
974
1875
1264
133
827
633
1773
1374
1734
2426
761
675
821
437
948
1397
1559
334
1284
1137
303
42
1751
338
235
2252
1262
928
397
1987
1263
1637
201
2277
1428
2464
157
1444
493
1255
930
1
1020
1895
779
227
963
448
2374
1030
867
2247
1259
1558
147
1835
773
2339
1286
1714
2218
688
2084
520
142
467
284
1702
1678
155
1561
2129
950
304
1967
259
1999
1096
946
2063
1406
1420
9
2110
1290
250
251
1074
2054
159
2408
621
2152
1925
2052
565
787
855
1602
1654
1557
1466
521
2065
73
170
2169
740
1119
2018
722
993
2498
314
1160
1240
1380
1343
1331
53
2072
1605
1344
1536
31
350
2473
515
2375
2302
1503
232
702
2301
2234
1508
596
939
704
817
1709
998
524
2290
2496
2115
992
1436
1727
1505
1026
885
317
699
1191
2330
209
2185
630
2048
481
1111
1800
2094
1804
2326
850
845
143
16
135
562
1501
537
2321
193
2454
1971
1685
751
2114
1495
2082
285
894
1318
1954
1005
2482
877
281
1212
1248
2227
1661
2159
881
2456
477
1288
33
2160
2180
1188
2107
1010
2246
2108
11
1077
1523
1135
210
2390
2453
162
29
1640
1548
1683
1695
369
2471
1691
1009
1071
1226
68
577
1888
1349
935
473
253
212
1307
810
639
326
601
735
1877
24
1735
1537
452
1914
2413
667
1437
119
815
589
1217
1305
546
462
923
644
1784
306
982
2481
1081
1412
1471
1679
557
359
2090
2173
1201
248
441
1915
1227
1140
81
1356
341
609
1775
2387
1483
2463
1707
1614
1950
1847
1838
508
961
1504
1512
2305
2111
2298
656
95
2055
450
1253
659
2202
2444
2037
371
1621
224
1257
1113
1170
663
1761
57
1957
2320
2237
1228
1422
1792
322
847
1808
900
126
21
136
1425
2221
1596
1562
2033
1977
2005
282
2391
93
1718
1082
970
1410
758
1521
2442
1232
1274
818
299
886
2036
444
707
2432
616
1456
1700
2191
685
1869
506
1242
846
2403
1823
2119
152
2275
2165
748
2386
910
2144
178
1904
981
708
2113
1403
2373
1267
1972
43
2215
2069
892
632
1395
1041
598
1013
238
1218
831
1574
953
2137
853
1059
344
1432
750
800
2455
2080
1601
1272
244
2030
