658
1675
871
506
2027
1506
1247
431
2043
2376
2030
1567
144
1952
1585
721
601
962
2238
1293
880
2460
2474
1660
67
678
1448
1551
1604
473
816
1116
861
17
1581
982
2459
825
2392
1718
530
1845
13
809
386
1407
847
2067
1918
741
516
959
703
1745
641
835
626
2036
2383
1540
1664
2401
751
1214
1517
1687
394
1740
466
2300
1043
1343
1989
2087
2351
1468
675
1041
1081
687
775
2183
1870
78
168
1047
1712
379
157
1555
824
2412
2246
1899
2419
1184
1527
872
995
1796
476
979
2151
2257
1515
2157
1131
2089
820
1873
2109
2213
923
929
2305
1958
441
1165
794
2110
1947
151
1607
1709
1237
1368
1187
1835
1834
2452
1524
423
1408
1725
1162
672
160
2163
1487
1401
16
2245
69
1437
434
2277
1244
1193
1107
2219
1614
704
2284
1460
770
50
1858
2230
1842
1887
1917
1864
1810
388
599
1600
1181
2447
2394
1087
2008
338
2222
786
1750
18
746
308
897
986
1309
1672
574
1721
1730
1759
229
1499
496
1300
1587
35
1966
890
428
1990
1962
314
604
766
2071
1091
336
1583
1902
1691
240
1684
1475
2200
2097
886
49
1595
2499
269
2296
460
310
33
1196
1704
1208
1240
186
1735
682
867
2289
1126
1991
617
614
2470
1556
725
2155
542
224
2020
1820
120
1101
2187
83
2134
178
1298
88
1375
509
1120
155
2127
947
587
1385
1521
1366
2002
1700
705
1104
435
1928
2462
260
1065
1433
1769
485
915
2228
2477
619
1135
494
1269
1417
294
1682
245
2158
142
2192
2095
545
1925
589
2202
2154
1619
968
335
671
666
1312
1239
1495
1228
887
1613
34
1189
2041
1561
1216
856
1426
2261
1397
2293
339
268
1353
1924
1574
503
2446
2489
2094
2463
1305
2018
776
2175
1280
2312
697
2349
1243
1020
907
1345
1449
943
474
1039
1297
1151
720
1676
2191
1705
2473
2259
686
1477
329
1
212
1236
2471
313
306
1018
2005
1434
729
1316
453
733
1507
1238
902
1518
1627
763
577
2444
1031
384
1390
1074
690
1294
105
1452
1891
1016
96
1511
295
377
1050
1103
909
892
1554
1133
650
799
1372
603
605
748
2032
2299
2088
853
1647
1981
1311
1159
1315
554
2374
1588
527
838
2138
1019
2255
29
1636
2105
1803
1319
754
64
1957
192
2426
1504
2286
833
75
2171
1141
1732
1054
1797
210
1857
162
133
618
1197
758
347
132
46
296
1773
952
146
918
693
1178
2358
1699
1601
87
579
345
1867
1438
2250
2361
2009
350
2218
556
2035
1741
2324
258
207
1100
1003
1746
2013
2325
1680
2413
1592
1573
1859
1436
2409
888
903
894
842
572
1775
1194
1886
1338
2108
134
2388
1163
342
1472
1695
1961
742
1463
1869
1486
443
152
2306
2248
1795
2251
199
992
2203
2000
23
932
446
99
821
1900
191
544
126
1299
286
2053
1738
526
56
2429
1094
1136
1944
1586
2085
1079
1203
1686
927
297
70
782
1406
1414
931
965
2326
771
1658
2369
1544
2281
216
1392
1702
945
490
1860
403
590
283
2270
938
792
2106
795
1430
1371
1205
1553
1681
1871
370
1848
491
1570
1509
1128
462
1579
1186
928
954
2178
830
606
1459
291
784
1995
1550
591
2440
472
196
1513
669
47
1533
568
676
397
2065
627
1502
1616
2332
1288
77
274
1265
662
1936
332
620
2472
1874
586
1382
991
1888
1974
349
578
1302
2042
2486
1589
2461
409
2301
1968
1779
706
1972
2046
958
1202
58
1580
1034
1429
2448
1221
1419
2441
1223
2382
236
2236
1303
512
1716
93
1383
736
1753
1080
956
1231
1278
2321
276
2119
659
1907
393
1099
2093
2003
376
353
19
2431
2040
1328
521
1863
2130
2199
4
129
2309
2162
1645
2381
1723
92
1967
61
1154
1883
114
1304
333
1661
2172
1282
2380
2184
74
1067
2367
219
267
1027
48
645
1839
30
2450
499
1015
250
913
327
63
1260
3
458
1404
1765
2269
873
1847
2223
1025
465
1030
378
1931
1077
373
562
793
2288
2292
1284
2142
1324
1606
785
354
448
22
73
367
2492
372
2343
2241
2271
302
1358
264
1634
1257
1367
136
2029
1373
2493
1789
1427
2433
1377
772
848
1621
149
2207
1028
2384
1945
942
906
1356
2379
543
2235
205
1093
1841
252
2408
1896
1068
1791
1362
368
905
1350
1346
1786
1389
878
80
874
1632
227
2303
1626
1552
1051
504
2498
266
889
382
850
2317
541
404
215
1522
1148
477
1973
1102
1762
104
1941
2047
1071
246
1413
602
1455
1758
1868
2268
1192
1923
2291
374
534
1693
789
2081
1412
2423
361
419
2058
1882
1490
646
180
1329
290
1708
1965
2080
700
2391
1802
1090
1359
1977
2204
948
1220
1908
964
1370
1075
2031
1332
2290
1451
380
1979
1017
147
2386
1811
447
1124
1618
1130
520
904
323
2355
38
6
862
1076
971
1893
1279
944
299
1410
209
774
2078
1930
1760
951
253
498
346
987
1254
2365
195
2247
978
415
2466
1191
710
450
158
2456
2197
679
831
1643
2017
1956
876
1301
1951
493
728
598
1793
1331
2314
559
1707
392
1249
1398
1142
2432
2062
1156
1277
2039
884
1605
2330
1993
1539
1872
12
2362
293
468
1851
1790
1160
175
164
226
546
1813
1336
1424
2370
1677
613
312
524
1904
607
654
203
2357
1749
716
257
1143
846
1310
2004
244
1035
194
1569
1744
2483
866
457
408
764
40
1724
81
513
223
722
90
1897
1849
750
2195
1609
400
514
2254
1064
2034
261
1987
1890
263
211
1176
732
1656
1575
1807
475
1291
1423
1532
2225
1535
1808
967
1469
2226
165
2212
634
2049
1173
2244
271
1630
410
1365
1086
416
284
560
2016
1953
615
315
1085
1123
1520
1665
1258
1866
1465
753
119
204
1736
911
737
2338
1393
1825
2126
2418
1926
484
449
940
501
1457
1200
1711
1313
1405
1399
1591
688
1959
432
518
919
1021
387
1097
1464
1006
1776
230
2149
2121
437
2240
1182
664
859
1905
1320
1697
860
2405
2335
351
777
10
305
813
172
1948
1082
689
254
718
609
1246
901
1829
826
557
920
1503
1788
1326
655
41
1275
2001
2
2285
2170
1140
2363
790
459
1078
1114
1620
535
2390
1466
1317
581
532
798
2019
2070
849
684
1564
1628
1152
1342
401
1798
1920
1824
773
1836
402
1209
743
1474
1149
1442
555
891
823
1772
694
661
565
1976
1055
2434
810
1069
2011
72
285
1852
2026
1157
2190
1225
2193
1119
573
674
2454
1248
2396
91
668
2145
629
337
2421
724
1508
2239
1833
1073
2487
37
2485
953
340
908
910
1622
2015
2398
808
1673
1198
1307
2393
2054
2139
1444
691
45
289
298
452
1657
1710
900
583
461
2320
2311
429
642
639
1395
1822
2428
102
430
228
563
1932
1447
611
1166
2044
767
1169
1650
2165
547
2159
817
677
1445
249
325
1088
2274
1004
996
2455
2231
2395
1690
2114
71
1232
181
1938
1805
2424
1913
111
1659
1631
2125
141
1217
994
1984
445
66
1816
1838
1273
1782
1846
1983
1519
1008
488
2208
561
330
1880
206
1865
1644
497
738
2198
2276
969
2147
739
1862
735
1361
2316
1641
2182
2099
1912
2233
875
755
455
42
551
1387
819
2153
214
540
1639
217
103
356
189
1843
436
852
2146
1272
174
2294
621
870
1337
2181
2475
1826
107
1783
1837
1653
1022
2033
492
2164
1462
1612
1380
1748
2279
1939
2096
1341
912
2025
1286
2221
571
2074
319
2427
711
324
27
1190
1975
1479
1391
171
787
2273
1174
999
1348
970
471
1655
1818
1840
39
1669
159
1014
1000
1608
2387
2243
796
936
594
1780
570
343
1396
1471
2415
984
1998
1889
442
652
1929
836
1885
1118
1322
51
1526
2400
101
2399
425
1115
759
2328
975
1171
225
2086
243
843
213
1729
2372
582
237
2206
1649
398
622
895
1352
985
2264
644
328
1158
1134
2092
2318
2177
480
1056
2133
865
1777
2064
2478
1568
202
2137
657
1108
2304
1787
1129
1009
2188
779
1431
200
320
1172
242
2410
1525
1792
444
439
1596
1421
1036
389
1428
977
1666
531
1010
2430
1185
2495
1685
914
814
1110
877
1289
487
980
2059
647
632
670
933
2174
1109
1111
1706
801
124
322
1323
2329
2476
1250
1139
1295
2464
834
1207
355
683
1327
1832
2132
1122
148
1549
1349
125
427
1378
1812
1982
1409
2389
1970
1986
2090
2258
470
765
804
558
1062
564
2234
1138
2224
357
1402
145
2437
2348
2209
727
719
1927
1572
405
523
998
2232
2469
1450
1603
1742
406
1493
2262
1963
966
2496
1971
238
845
963
1403
1856
1817
1978
1562
2144
1809
1954
1876
898
2023
1095
365
424
2283
170
1514
537
221
1040
1270
1241
788
89
1206
1734
885
2406
2077
1137
2336
1245
2297
344
1985
68
2176
2378
1670
385
1940
515
1943
84
150
934
113
1667
1026
1884
1224
14
1153
1969
482
85
303
2179
550
20
1881
2347
717
1501
536
2066
418
2168
2350
1689
97
1164
857
1226
1296
2435
2135
1694
1875
201
538
1731
1831
256
1179
1610
2194
1598
1263
127
1538
1637
2076
731
1542
156
800
1713
2180
1013
62
1557
489
1566
426
1147
198
362
262
1877
1715
193
251
1531
1999
2402
990
1582
2117
44
935
1768
21
2201
549
508
780
1177
1002
2443
1770
553
1052
2148
2229
699
2045
1781
1145
1743
529
2091
53
2341
1271
989
411
2048
1484
1980
232
422
352
420
1150
712
454
1032
2140
1494
2308
2196
2098
651
2497
2214
1132
1439
36
1354
182
292
1994
946
1274
533
500
467
1144
79
1720
2439
612
1121
138
519
972
143
8
2083
2084
1092
2458
1422
2375
2479
2010
1096
616
486
1785
1662
695
584
1801
1425
2397
1671
749
1267
1597
595
1048
1563
2217
1400
7
730
2468
2124
828
118
317
2327
163
2063
939
2152
2129
26
1024
955
2404
117
1351
2014
864
2104
304
726
507
2141
2161
300
176
1488
1800
643
636
1292
1213
307
167
369
1692
130
2414
1344
1512
974
235
366
1233
1823
2346
567
2210
1453
640
2101
623
1001
1042
2055
1098
311
153
270
1485
925
806
399
1916
1757
1415
106
1642
1919
783
1766
1934
2021
301
190
2211
1266
1828
1854
829
281
855
1950
2112
1806
1251
1497
839
1935
316
760
1183
1234
2252
1576
2438
2050
539
1308
2385
1180
1376
937
52
2368
548
11
348
464
177
1155
781
1910
1007
433
2322
131
2220
1478
478
2339
287
1688
517
1285
1467
2494
768
2242
122
1314
1895
692
239
1594
881
2334
1049
633
511
358
2333
1061
1492
2465
272
98
916
1188
1988
1347
1679
1339
1167
983
863
649
1105
1921
154
832
961
1379
2038
1727
1033
1146
2120
1355
752
2482
1489
1578
479
2160
2302
2166
1903
1756
681
1763
1537
811
463
1227
2037
2488
57
2167
2068
1057
288
1215
702
1901
1053
1170
1281
2253
2012
723
2051
140
1754
1046
1117
1733
1321
231
2319
2216
1483
1470
1334
2313
123
660
2118
673
2416
1894
1906
1510
2364
930
2467
1072
2282
1491
414
1528
2442
197
1663
1764
1879
1112
1914
1011
108
173
2227
585
924
1629
993
665
715
1625
1089
1827
1654
109
1210
2136
1454
1440
1752
234
2186
2352
1168
630
569
395
2069
2490
115
1211
1737
552
321
1045
1646
1127
2156
1543
1411
1668
1674
2278
653
2185
1481
973
2072
882
2360
2102
1381
1059
1819
1388
2420
1559
1268
2337
222
1844
1242
2052
2451
359
1577
1219
610
1652
1253
803
456
1113
734
390
1276
2056
1386
1651
631
1830
1363
696
2310
762
1722
1861
1063
1615
2345
840
1683
709
879
1256
1933
593
1306
1456
1558
1728
412
988
1698
791
1992
926
2061
2006
279
1106
54
1290
2371
625
375
1505
2189
381
2480
1480
169
2266
2298
1964
2131
440
2060
2353
685
9
1617
1739
2280
76
413
24
807
2249
1037
714
1719
1761
1364
1516
166
1384
1909
1794
121
1949
1997
1678
184
1432
1335
1374
2295
188
2103
600
896
1199
1222
950
2403
1804
837
2449
220
2366
1441
1635
2359
2342
277
1996
1640
960
522
1500
608
421
1703
481
656
1878
502
1623
31
899
2287
341
2007
921
1201
1915
2272
451
1446
1458
1012
363
1814
86
883
278
778
1590
1850
2315
1955
2237
922
1853
1476
851
596
2407
2307
1416
815
1482
331
1599
1536
1204
2453
893
869
2128
2173
2422
2265
1714
1584
1287
566
747
637
580
1523
2169
802
1701
1755
185
769
1946
1529
976
259
1624
1767
309
2116
179
1473
941
2075
635
2354
827
1696
1571
2150
1638
438
2481
100
128
1038
28
745
1937
1161
273
638
1960
247
1898
575
744
2111
1545
94
407
1023
2323
1461
756
2260
1005
1892
1083
1778
2256
1784
1066
812
592
2122
248
1593
241
183
1175
95
854
648
1546
844
1418
1821
1229
981
997
65
2100
255
1496
82
1261
2073
137
15
110
326
282
757
1262
1922
818
1602
1565
1774
1443
1611
1394
1369
208
187
1747
949
2491
2057
2445
2079
2263
334
1044
2022
761
318
60
2436
43
483
112
1498
1726
1560
2411
469
2024
233
2267
2417
707
822
1029
1360
1420
841
2028
2340
628
2215
135
797
868
1717
1058
1771
2331
1530
588
2500
805
1548
1325
2344
2425
528
1911
505
2484
576
371
396
1333
525
1942
2457
1541
1799
1330
1259
59
5
391
280
698
364
708
701
1855
1070
1283
495
2205
2123
1633
1264
417
1357
957
2107
1060
2143
2113
1125
663
1230
1534
218
597
1435
1195
680
2115
265
1255
624
1751
2275
917
510
1815
275
383
1218
858
139
1252
1084
32
360
1318
740
1547
161
667
1235
713
2082
2377
2356
1648
116
1340
1212
2373
25
