1069
659
476
536
2009
6
2113
2041
961
2168
633
1628
2080
1868
1569
959
418
164
1461
44
519
1478
2155
1811
521
1707
574
674
1780
2458
1266
1975
1229
541
68
1717
647
904
720
516
1697
1700
859
898
2433
811
495
571
2228
1849
2072
2297
141
2398
857
774
2
276
848
2482
1615
546
2473
1514
900
819
154
1414
909
995
269
444
1565
1118
1098
814
1306
1248
1344
594
1147
1299
578
460
1712
390
1821
2085
1375
854
183
2126
787
1377
1239
1642
1133
1948
682
165
177
1646
336
845
1429
1343
2448
1860
2053
1100
2350
1719
2481
796
560
1822
1673
409
1634
376
1346
110
1320
1140
1661
488
1583
2229
675
973
133
439
2086
1515
2286
1442
2285
2058
2390
1510
781
2129
938
299
281
2074
227
1424
1701
1576
990
1216
1855
2157
1882
645
713
2462
310
1139
1244
1186
53
2380
469
1043
485
1648
691
1403
963
1158
1128
514
2232
1228
2273
2494
722
775
2239
801
1920
867
1764
1210
1286
552
2275
78
1614
749
425
217
1748
355
1311
838
1271
1997
544
1683
844
86
1900
2449
680
2317
1568
1504
561
972
1907
320
1425
2120
1084
1798
1746
1494
1324
1958
1931
1838
1772
1499
2435
1112
763
703
1936
9
315
1610
99
2471
1144
2334
1922
1519
1264
1351
813
228
1716
604
1695
1000
1329
534
525
388
965
1067
2213
1317
1281
743
1132
2060
1573
2379
770
2292
366
802
1711
362
1149
783
1143
1058
921
1625
1596
687
1483
2470
1398
1224
246
2417
540
852
1525
948
1736
2147
1035
1120
702
507
352
282
2084
2331
1354
2216
1480
2389
2171
27
1598
1448
337
2091
2140
1444
2187
498
1973
1790
2089
697
970
1895
1011
159
1954
2117
1877
391
1543
810
2067
1603
2200
222
2492
354
1371
2355
2174
378
1872
1522
1188
428
2173
424
630
1840
508
1730
481
1028
1406
1363
2039
1901
1116
293
345
2219
1136
888
846
327
2377
401
531
1774
1784
1446
613
389
2082
1450
1464
2370
384
1134
1710
2320
840
1557
1526
849
862
1949
168
1660
1875
2099
676
1909
709
1834
1227
2333
807
213
351
752
1213
1342
1530
166
46
1493
1802
1310
895
450
940
1735
700
906
1580
1637
285
1323
2106
993
349
612
1984
558
765
380
984
2385
2338
192
204
1983
1165
2254
1775
698
214
982
2336
1486
2324
1567
326
1066
1768
2230
2268
199
461
1814
1538
603
2075
2445
1053
1883
2045
1386
1562
825
1987
1708
260
150
918
1370
1010
1332
592
178
863
623
639
229
179
210
886
681
850
643
744
197
869
1068
57
173
2429
1230
2184
398
1541
1031
262
750
73
2251
1744
1298
1597
142
2453
1702
2400
1676
1373
2259
622
1321
1918
2034
1589
1999
1820
635
273
16
1643
1687
1254
2289
437
1993
1585
2124
420
2444
1018
1096
952
1592
1869
1698
1438
2138
235
907
2094
2440
642
1818
340
683
2353
1193
1965
1630
644
422
1022
795
2340
791
714
2383
475
1789
1226
2472
255
1421
933
17
124
1654
1189
2368
1985
2224
997
1639
883
524
1063
865
1899
557
2466
132
2343
1154
2296
2395
2109
449
2043
563
2249
2413
489
1558
1629
1667
1005
1485
1857
1783
230
408
936
491
897
301
976
312
566
1287
1535
172
655
1179
1008
580
1823
136
2456
1304
2258
1586
581
790
119
2365
1191
532
1584
36
1234
2207
1080
1581
1437
520
1111
596
1379
190
738
2447
1714
221
234
2309
1512
407
1170
397
2374
88
2042
1832
1182
2069
927
1073
1689
494
2426
1477
754
2351
2401
2088
1617
296
1214
926
291
987
2119
3
568
650
2002
2498
248
121
988
1982
414
1126
1155
2071
1252
2310
85
780
1704
503
1731
1737
250
1087
905
1721
2151
2294
1521
706
1427
2139
1156
1649
2036
2163
42
394
1391
1720
75
545
95
2098
111
186
2100
1881
1288
1896
939
945
611
308
708
2203
1769
731
1241
319
1355
2107
1905
371
2349
1911
1835
1891
48
149
103
2262
2402
576
1388
1374
527
971
861
1469
785
373
2093
1075
1620
1755
2443
1876
2299
2083
237
1552
194
471
1127
610
1293
347
903
1745
1397
1810
2079
1507
2010
1608
251
1961
2202
2288
1696
1250
406
1086
1808
1369
257
593
1383
1528
1934
2325
1047
768
452
463
2464
1582
368
1274
565
1621
1020
537
2193
1751
2025
1471
196
732
2434
216
342
1195
829
187
784
856
464
56
233
2064
1301
567
258
803
2409
1410
37
2361
1400
297
1856
2330
627
1794
1942
2054
292
2030
31
529
2018
1888
359
2123
1083
1786
996
712
1502
621
294
550
487
2160
2141
1490
1333
2403
2130
1456
1021
823
1061
2339
1218
535
2439
2346
1340
1359
1432
1846
1677
1627
185
600
96
1734
885
1051
30
1117
2037
1473
2095
2419
1192
985
1341
392
2078
1275
1219
2386
1550
779
975
1160
153
1223
2347
2486
1879
1688
114
1964
2180
1892
2290
161
252
1316
1537
2208
584
1314
1048
2162
174
277
1904
523
1824
1247
2211
1121
431
2479
741
1315
2108
2236
648
486
1998
504
1387
2410
1613
2116
1212
130
685
1638
1534
28
1545
372
1006
2047
755
1758
79
156
126
203
1162
1319
1233
586
2205
2312
1108
582
387
1062
562
704
1566
1356
370
1105
1756
827
789
1449
1277
280
899
884
1289
2274
131
2150
284
2021
305
10
1396
1337
920
1295
1395
399
2252
1265
1122
2329
1575
1013
155
343
746
924
599
688
108
1681
726
2348
1670
60
1542
1729
2087
1532
2332
1561
1641
1917
205
2148
2281
607
1023
559
2061
733
2233
1587
2029
980
1887
1027
1300
2076
957
404
1036
634
256
1511
1991
2315
135
1423
1992
2366
1990
1531
218
381
836
1509
1874
2276
1743
1940
2244
1607
2028
629
1095
570
2441
2399
751
1291
1352
686
954
2214
1368
357
502
723
1378
1038
1256
1880
526
493
2359
1972
543
2358
2415
1805
1225
2056
1871
573
2026
728
1902
1411
2371
43
77
841
2050
1110
441
618
1903
1739
240
2314
1325
2063
2428
1360
23
147
438
1157
122
1792
721
2272
1894
1159
98
505
1690
666
385
211
2024
271
1463
169
2496
268
2176
465
148
1914
2304
483
2191
1382
2421
2280
1209
2165
1178
263
1657
2438
1109
2007
1164
497
727
2455
151
1859
1014
455
468
1364
1307
1606
1366
113
1401
2222
2328
1870
1163
977
1847
1453
484
1921
2051
605
181
47
2135
477
1851
953
2198
759
2430
1828
1197
1350
2284
1878
1305
2306
548
2404
951
474
737
1680
891
492
1349
2253
2185
2090
1202
2485
1577
1956
684
1137
875
678
1380
2092
261
2049
2264
2424
247
1513
317
1056
876
1452
1328
1725
1732
833
1376
673
2145
2027
1757
978
66
1102
321
1285
2241
386
619
158
1963
8
1819
2125
1050
1103
49
1682
2137
1866
2298
1009
2206
2226
1547
1728
1622
1663
1776
1101
2104
2004
628
59
1082
689
163
1668
1131
694
1809
241
1760
510
1283
509
369
831
266
2161
92
198
1237
919
1284
402
1935
679
2446
669
26
2242
175
2477
1413
307
1072
658
2414
1169
664
2480
2132
272
1001
2406
191
1185
482
423
1290
931
632
395
1433
2303
346
1181
572
870
832
1408
853
332
140
1282
1326
1705
1919
598
794
880
2110
25
1040
821
511
851
878
998
1659
1436
1129
1932
1385
1467
1837
2278
456
367
2194
1496
585
1795
45
1236
1536
459
1246
969
914
270
1297
2452
761
1766
670
429
232
225
788
1302
1966
1923
955
118
2101
2384
1658
2277
663
896
1926
901
1208
1669
1618
1574
1015
254
2182
1177
1957
757
182
442
2250
283
91
1908
1330
1161
1799
2283
1115
1865
1546
231
244
2235
636
1831
348
1843
1829
1946
1085
1055
188
1516
1393
828
1119
2431
1029
1672
426
1389
100
1640
1981
2326
1261
2103
2048
350
577
1104
1308
2474
1742
740
2201
1754
2293
745
2022
451
1057
2337
478
1294
2457
1138
1206
253
1500
2144
298
1950
989
949
1674
2227
1970
1365
309
1462
822
1167
943
1150
1806
692
2038
1402
717
974
1842
116
1272
1944
2335
2322
160
649
2212
2260
329
2031
1457
358
1044
1190
1924
894
1204
2363
90
139
646
2005
334
2225
1135
782
1215
1839
430
436
564
1145
707
797
1853
1890
793
2418
2188
690
19
2152
11
1600
2240
1141
1718
1394
1609
981
318
769
1019
316
415
1980
360
1679
1479
2405
2454
275
950
817
313
70
910
152
1339
893
1312
1916
1196
2436
2341
446
212
69
41
470
1309
1994
339
81
1076
2425
323
847
2221
1091
1348
2196
1722
2266
295
1937
937
2204
71
80
705
1451
2237
239
259
2179
1039
695
1925
1703
1988
1026
1419
473
1678
1474
1431
207
1861
176
2190
1833
2475
2291
554
364
1785
1967
417
1807
1593
1362
549
2001
303
716
915
2321
1765
860
1889
1263
1303
1952
363
223
1554
1960
1781
1539
923
1166
338
1979
1612
2238
1518
2156
1863
1497
928
1114
2451
661
2261
766
1176
941
858
34
800
777
1578
382
2220
1418
1910
1372
32
304
1709
1367
2300
1211
2189
413
826
1715
2175
637
2186
2183
1544
1523
1003
2052
624
440
668
902
638
412
2499
1845
1243
1097
341
2356
2270
1913
1016
1893
1465
1632
2121
1873
1148
1353
1194
1969
1741
1675
665
2197
1327
29
238
1945
922
2153
1037
2017
1844
1335
300
1624
1280
22
983
1570
202
513
1977
1556
2059
2192
2102
2279
518
2271
1506
1422
725
2394
547
1953
112
1060
715
1616
115
1025
287
815
1002
1174
24
1336
1381
2354
1986
1572
747
804
654
2352
2500
1004
1258
1251
1041
2114
569
1848
1441
1257
2115
167
2369
5
2077
756
1030
1599
1968
105
102
117
1733
448
506
1912
328
1124
35
1727
209
1650
1292
480
517
917
1331
379
590
553
400
1517
591
2199
2344
427
2388
1042
1123
1428
2265
1435
1594
1142
1752
729
2210
1198
874
512
1384
2122
1152
1007
2305
1623
180
864
671
184
1812
2011
1826
551
1854
2178
302
968
925
2068
89
1460
1232
1827
1817
2313
2164
1390
361
265
1996
641
2460
1270
1524
818
1255
597
1858
1943
2269
1175
606
2223
1928
699
2411
1941
104
1489
609
1416
2154
1801
2282
1947
587
2008
2057
2035
640
792
1107
830
289
433
290
994
1830
1476
947
958
767
1864
1788
462
1313
808
672
123
2461
206
556
2245
2393
1201
2247
1791
2133
711
575
739
960
1740
411
1361
1420
2231
2412
1666
1505
2033
2491
967
2295
2267
84
866
1200
820
1989
1595
1203
1045
1475
786
1686
719
101
1793
2167
1644
82
882
2158
2416
109
2118
2450
1885
393
1841
942
1796
208
1253
1468
403
453
64
696
1426
2468
1455
93
50
2170
1065
243
2387
335
1548
58
1645
1533
962
1588
2342
170
137
1392
2016
1749
1146
1656
2073
1508
1440
615
1951
245
946
1415
916
2469
1199
595
106
1470
2131
2006
435
538
83
1171
935
1071
134
602
1458
458
1782
1692
189
87
2215
1955
377
1151
2257
220
1906
1653
2422
374
760
2012
1153
2420
617
656
1850
677
1501
1447
434
1495
2323
120
2442
1466
1491
331
805
125
589
51
1059
2301
1770
1222
2345
1412
2490
1092
1867
1407
764
944
1238
539
657
1652
171
443
908
1962
2055
107
127
1077
330
956
445
837
195
2062
1724
2459
1591
1
1221
986
608
432
1492
1454
1529
1691
771
1750
2497
734
1338
1439
1527
999
2263
1763
496
2013
881
499
1245
1626
1693
2478
2378
2040
97
1929
748
1278
1635
2483
375
929
421
528
4
816
2105
2382
2364
2467
834
1173
1318
1971
2476
249
1978
1553
1662
242
1540
193
61
1094
1852
2423
1604
799
1671
1804
1276
542
20
1079
2302
879
1125
892
1779
1706
2112
145
662
2437
1260
724
1078
286
730
932
1816
39
1633
1249
1017
1322
1180
1445
157
322
1787
1054
1631
1459
454
2149
1777
1046
912
457
1862
1231
1259
2408
490
1825
2234
701
1187
2097
274
991
2489
2019
2493
76
128
1549
2367
890
2373
2488
693
839
1267
38
2357
2372
2128
314
2143
324
1551
2465
1184
842
2495
1090
1279
2256
873
15
742
2015
1800
2096
1559
12
1012
472
1933
1699
1049
1205
1664
1571
843
1636
1032
934
74
2023
1481
1611
2014
129
1488
144
1915
1443
1217
1472
1897
1417
2146
219
758
871
1434
1713
877
2127
365
146
515
651
1409
1560
1240
588
40
2081
21
1753
2134
1183
1334
1959
2432
1024
1269
601
500
215
18
911
1482
626
1815
344
2142
447
2020
992
809
772
631
306
1685
2243
162
798
1797
1242
660
2362
652
1033
2327
236
224
200
1694
405
762
1761
52
930
2003
964
201
2484
2376
2070
2209
226
1484
2316
776
94
2360
1747
419
1995
2318
65
1520
1430
416
887
667
1619
1503
966
1590
778
410
333
356
2065
1647
2392
1106
1070
1726
1357
1168
579
2307
466
1579
1651
718
2427
1563
1296
1052
1767
2311
2166
620
806
143
616
33
1088
14
2066
279
2375
1113
1836
1273
2172
2407
2181
1762
7
1803
67
2255
2159
1498
735
383
1655
278
2046
855
2391
2248
1130
773
138
1347
54
2111
62
522
2177
1235
1938
1884
824
653
1358
812
2308
353
889
1345
1684
2381
325
1778
396
1064
1665
72
501
2287
1220
1034
2032
530
2218
1262
1602
583
872
1738
1886
868
614
1399
467
913
625
1605
264
2463
1172
1081
479
1074
979
736
1099
1927
2487
1093
2169
835
1089
1898
63
1759
1773
710
1564
1974
1930
13
1207
1404
753
2217
1976
2000
2136
288
1813
1771
1939
1487
2319
311
2246
55
533
1555
267
2397
1723
1601
1405
2044
555
2396
2195
