523
406
1916
1596
1775
920
125
571
486
2306
2123
430
739
1175
952
1477
1264
844
2224
1234
661
732
848
2191
146
1275
811
210
641
185
2269
1862
1068
649
1361
2001
2027
1313
18
1866
668
1587
355
675
280
2056
580
317
1578
40
168
899
504
1283
2484
1903
2036
225
1523
1301
75
2078
1051
691
14
1702
1079
2298
1249
2393
726
499
801
755
892
1111
1447
2022
66
142
1530
2154
535
324
1662
692
1611
1863
268
1191
197
958
1192
1326
219
2478
412
190
1034
657
1896
1678
2045
329
653
2444
1608
1640
39
2018
1739
1077
130
827
2372
1259
1855
1904
1810
625
189
2475
1948
2384
909
2434
926
386
893
218
1897
183
1170
121
776
911
466
1350
1101
1680
888
2319
882
457
1698
2349
1618
1020
519
1574
2472
1484
1557
554
663
2038
1252
514
1800
748
660
1195
2006
202
2353
2400
2096
1828
274
1090
196
38
1932
553
2094
1921
1715
2318
187
1674
762
1184
434
997
1105
1761
850
2380
1625
828
2292
1681
416
534
28
993
1546
1279
2304
433
1319
1104
1929
1177
371
2462
2049
440
461
328
2295
866
1806
500
107
145
2280
1155
2013
2363
2419
930
2043
1373
229
2309
2007
2053
1005
1647
855
467
2054
809
102
921
2177
1964
2062
1569
2449
900
957
1558
1999
1415
934
29
1933
1779
664
2172
628
1405
2287
1102
84
1345
255
914
1771
945
1684
245
110
260
1117
750
390
1
2329
1975
1362
1200
1518
1002
905
2206
1148
572
223
1575
119
1650
2076
2139
2323
1440
1156
932
1917
681
2327
496
62
222
756
646
1711
72
2461
1498
896
2270
1838
1856
1657
1554
71
1480
659
1582
1456
1359
2039
1285
1462
418
788
2213
1646
1075
1119
2114
1382
410
1150
321
2342
688
458
2223
1468
30
2147
1260
1386
541
520
2430
1236
2242
2324
1973
283
246
1974
1870
339
2257
1835
2418
364
1706
336
2238
334
290
677
1081
2092
989
171
2142
1693
1719
490
1343
1443
1052
816
1031
669
2155
2040
2377
2278
513
55
2184
1012
247
411
895
1311
561
1871
1331
680
730
1053
700
537
139
784
544
1452
2452
1501
526
2328
2385
744
1957
511
876
770
2137
395
2210
2276
129
917
2299
1563
492
2167
981
209
799
912
865
2290
16
98
2382
2371
212
1524
2050
1112
1522
326
2069
1944
1508
2463
360
1914
1703
2234
1804
184
1836
2362
867
842
460
612
1539
796
192
303
1339
1056
814
1427
1675
2311
1076
2065
741
1934
2414
2271
584
592
617
2466
1396
1621
577
1714
887
581
1464
862
1004
1354
1935
1620
37
2317
445
473
1570
2427
2274
1165
2409
1211
1207
877
1581
1100
936
1357
2102
95
2153
780
1660
2489
2181
1629
768
1525
1069
2133
2197
879
299
718
745
644
2190
1164
1900
1243
622
2402
908
1970
250
678
1691
1817
575
443
1888
1847
1244
515
1808
891
1648
2216
789
1057
1829
2256
1915
1958
937
15
817
2132
2236
835
2140
967
32
1393
864
1217
118
724
600
2291
379
387
2041
873
1638
1874
109
582
1358
135
2193
650
2413
356
1713
1588
1142
2235
871
542
533
2152
1744
806
2106
1512
547
1141
2034
2146
711
1213
2495
1600
1619
1038
1718
1143
51
1048
1461
2397
2030
1127
1136
1936
2482
1062
1335
1377
69
2266
1086
240
760
868
852
81
1928
1781
1849
2458
538
1815
43
722
986
1250
2464
819
991
1430
256
758
946
1071
1882
1772
2500
956
712
1565
2127
2248
2485
1845
1492
1433
1566
161
1398
2261
1030
375
261
1641
2275
2252
194
1018
1078
749
407
103
2403
380
1219
2243
1017
1094
424
441
271
1276
2389
1218
536
459
1911
2300
352
1556
2456
451
1159
1813
1497
428
698
2198
1883
1183
278
286
1039
2075
1179
85
2343
1937
2315
656
1454
53
1786
2376
1533
2023
2178
655
1710
2233
1579
456
733
2351
264
1043
2443
1190
1651
1521
2048
52
2493
1690
1893
1284
108
2320
439
254
1019
1154
2450
167
2176
764
1585
1864
49
351
474
1166
1341
1277
654
186
1825
716
2367
2417
498
1972
182
521
1968
839
1482
2136
2125
1997
1623
220
162
761
1388
235
226
1290
272
1811
1487
1754
857
1481
1029
778
2497
1979
2386
199
1853
281
2192
631
2325
2267
277
729
933
221
944
315
149
1634
1390
2373
1328
1299
2307
2214
44
593
1750
54
2498
880
2469
488
494
1391
1171
1419
2072
96
1805
1093
138
2350
1439
2211
1214
13
608
188
589
1026
1877
643
1222
645
2122
174
1371
76
559
1231
982
2205
1041
651
1157
1528
1295
2066
1261
596
1381
2057
2115
2359
1598
969
1163
1092
1571
1470
1637
172
869
1455
2487
86
990
976
626
1332
2002
1614
1300
431
1913
1067
2407
840
366
143
1645
567
639
605
706
1905
1408
1368
1271
275
971
2168
2424
1478
2134
1059
1918
1895
2408
2209
1886
2263
913
2433
574
1875
447
400
1850
1860
874
1787
1174
2428
859
1453
951
432
1312
753
1125
2128
1940
1792
1867
2088
1110
1383
353
2107
1809
1834
1576
1238
2374
88
826
1612
354
1505
870
1212
346
442
284
736
309
2120
1403
1589
169
940
2457
425
436
468
685
1510
717
1496
2454
133
522
597
176
228
1266
1899
529
838
349
311
2101
590
1186
595
727
2481
243
1232
1736
787
939
1089
1308
1305
1907
2404
1162
2189
420
665
810
1493
402
2467
1797
289
2468
2014
906
883
1137
1208
518
527
1304
1384
2258
224
1450
1708
282
785
1230
1173
357
1220
2346
319
1602
791
267
1844
2011
2293
1631
1730
300
1551
237
1309
613
132
2255
1912
890
632
2046
148
821
489
2162
1107
2104
1616
629
10
2313
2360
160
2392
1926
1796
100
1584
1770
2477
2332
825
1511
1235
962
929
772
707
1816
2420
1832
1045
2476
2029
994
2288
365
1013
2232
765
885
2277
1432
1347
1168
1728
1251
1226
2406
1097
1980
738
615
373
2143
834
370
1738
1526
2171
1658
163
361
965
2331
2480
1950
1938
20
57
927
973
1894
647
995
2387
1314
992
815
616
1515
1562
980
747
111
2010
2354
2087
310
671
1727
201
1263
1413
1035
1966
702
686
2365
305
1998
4
1697
624
818
285
2254
1436
448
642
684
234
2496
1661
845
598
1704
491
1700
2281
2097
531
2279
2455
1082
1500
1201
24
1507
358
1055
1380
1010
2383
1717
773
1740
1298
1196
783
2180
507
510
558
82
637
2156
318
1676
837
266
696
1892
2113
1878
343
1683
2024
2071
2199
1995
1765
1025
1400
1969
1065
89
231
58
922
123
1095
506
48
1397
312
1560
2008
1255
578
1954
2196
23
1084
556
155
1802
884
1435
627
1852
2352
591
2121
1032
2265
347
78
1759
394
1906
1233
1990
1379
2337
708
2370
1139
1302
1199
217
1696
21
2105
1743
2388
2369
856
348
429
477
1823
960
948
251
126
807
1561
93
177
1884
693
17
525
2355
2303
2395
2344
403
493
505
27
381
377
2151
1113
1128
2340
1725
421
545
1144
2015
1216
258
1225
843
1667
2490
907
709
618
338
797
1193
2345
1610
1434
1721
1666
1868
2012
1991
156
1204
1307
964
1203
2284
1567
170
1009
2218
340
569
195
1607
1766
1636
1365
1547
904
1372
1663
232
1058
276
1553
894
1015
1475
296
1827
413
153
1389
2479
916
1594
2310
800
1474
1412
1344
1151
1665
1488
1209
1889
462
1745
614
771
804
941
2175
1807
2429
560
1502
1689
6
949
517
1685
1457
1831
2202
25
1996
759
2381
2441
2412
2217
2085
638
77
1724
1699
1282
2215
1633
1670
532
259
273
1527
1353
1064
512
1615
1552
1465
640
2491
1431
539
620
1639
2226
719
1270
34
2204
1799
2064
924
1544
2231
2144
1028
1520
1472
774
1826
59
2098
288
378
1198
1644
970
464
1891
127
409
1723
1880
854
308
1751
1490
369
546
1317
2447
588
151
820
419
1167
1228
1824
1044
583
1535
1952
1564
438
2442
1376
1705
50
701
824
2251
1160
1149
293
2305
1399
1814
886
2025
1294
1338
670
2361
216
60
2483
2326
1074
1890
562
1256
2100
389
831
925
2262
1664
579
1624
793
1417
2148
1741
794
2348
116
2246
543
1406
1682
2185
2079
47
164
1134
836
1121
2158
2239
1172
1224
1063
1830
687
863
602
1293
1466
790
2179
376
1504
208
860
295
898
298
1106
147
1130
1352
1605
2166
1603
1483
1471
666
191
2000
1503
1789
405
134
1865
530
1965
263
802
943
337
861
1767
1288
846
516
1794
1072
2421
2435
2052
9
362
570
2474
2391
385
1677
1538
1908
1188
728
1103
1016
2301
270
1240
367
2401
996
1416
833
1401
137
648
2103
1145
2031
1659
1138
1422
1374
1630
720
1879
94
2138
897
740
1791
2061
1008
2169
1323
252
207
117
1545
1197
1409
1549
1070
304
2068
1340
101
471
2042
2237
1351
1459
417
2108
2415
372
1742
1178
2081
1983
1548
1821
227
1040
1402
90
1262
585
1185
485
2229
1287
1458
159
1363
1054
2090
248
1922
332
1297
2074
599
1336
690
1042
1851
1988
1325
1227
792
453
2059
1833
1783
1425
966
983
2431
166
1762
1555
1541
1348
200
341
1943
483
2438
1296
2089
74
2208
2341
179
2273
476
1047
1315
1187
173
1857
823
634
497
1842
1902
136
2183
301
1003
1635
858
1273
1108
1378
757
297
1022
2145
97
1673
1036
2453
1014
703
779
1109
2488
1590
1392
1469
1609
935
131
1182
1655
423
61
938
2117
1421
746
1407
2459
1729
211
113
1274
2425
947
204
7
1289
2174
1758
1066
705
1152
1985
482
2119
2260
915
830
1318
1516
953
1158
1898
1858
1617
1788
63
901
1085
1180
674
67
478
350
786
928
1404
2170
2126
1843
1514
509
548
1930
777
689
1517
1411
1367
104
619
540
587
1961
2436
2423
141
1784
1763
279
1135
449
1977
621
1414
87
555
1124
1333
1572
236
2016
1722
152
2378
1073
1537
2182
501
566
322
1854
1491
1146
1147
1169
652
1024
1346
715
2165
875
1509
414
781
910
1543
1007
1210
1080
1945
889
2164
673
1656
2268
1774
1269
1423
291
452
1568
342
1242
2099
230
2285
1442
1793
2338
1120
735
1061
480
2390
105
144
601
2347
1927
918
33
1000
611
397
841
974
1812
878
2161
1237
679
73
2494
120
630
2157
79
205
2283
1597
881
694
1733
782
1820
813
754
2195
1446
1088
977
767
822
1873
2130
140
450
1366
2230
919
391
1116
658
114
2150
325
1955
2083
576
1679
1939
803
2240
1583
557
2241
508
1513
1229
975
41
1205
697
1732
2308
2149
1291
1993
955
931
2201
1122
636
851
1426
1776
203
2118
633
2253
1027
83
435
2465
923
1949
1356
19
795
1885
1215
1123
1324
1819
306
1046
1395
181
2312
1777
2422
437
262
384
359
1841
31
1133
832
961
2194
2405
1278
106
1534
695
2394
2080
316
363
1872
1542
1818
215
11
1716
984
1385
502
198
1859
175
1606
1206
1126
954
2426
393
1253
1258
1429
1268
344
682
2219
1701
1489
714
2186
213
2486
415
2163
65
122
165
193
1573
1334
1671
2227
1764
734
1757
2289
2200
1132
1748
1925
704
2330
988
1370
2302
2091
1286
2473
1989
1281
743
330
999
484
475
1529
472
1604
2116
2093
1006
2410
2437
1861
294
1476
731
422
335
2020
1342
2399
552
2432
1438
872
1330
383
1559
35
2460
2334
388
1246
1586
959
1687
902
2220
1463
1577
2032
1247
812
524
979
1098
2470
2448
22
573
481
1592
331
2245
2499
849
239
607
1329
2058
2322
1869
1941
454
2005
1532
1221
2272
713
2131
1060
2044
320
2082
1424
392
1280
676
1091
56
1360
1712
154
1375
1778
1189
1037
1837
427
1695
1349
2047
603
564
1731
2398
2188
2051
769
1306
528
1780
1692
1910
1951
238
2067
46
1960
1001
36
752
2321
1593
253
1181
2440
249
1981
1709
2035
1726
1992
1337
233
2110
124
1239
1449
568
2124
302
847
1694
1803
1622
1848
1755
1947
565
1734
265
1978
2247
1963
2356
2250
2416
1460
1316
1049
766
426
1601
92
2004
699
2249
2129
1428
446
1747
42
808
2003
1846
1485
1920
586
1364
2055
1840
1494
45
2060
503
798
1550
1669
2339
985
2296
1223
853
1613
1506
1652
1320
1887
635
2492
1410
1987
1668
2335
1420
269
987
2203
2375
463
1118
1790
2366
323
399
1129
1986
1272
1445
594
398
1499
1962
1982
1753
470
2336
1327
313
2368
2160
2112
2187
1387
2294
1011
551
404
903
1114
667
1202
1486
751
1033
2021
5
495
444
723
1686
1654
1785
487
1752
1021
401
2244
292
1473
1087
1967
1096
2033
2
374
2225
469
1245
1194
604
721
1437
725
2037
180
2207
1580
157
2333
1881
241
950
1720
1023
1956
2259
563
1257
1909
763
829
549
479
1448
1707
2286
2009
710
314
2314
408
2084
775
2173
1540
70
112
1642
1735
2141
12
1355
683
2439
115
2070
1083
368
1839
396
1599
1131
2316
2135
1265
2063
1971
333
257
345
2445
1519
327
1310
1984
1467
1626
1737
942
1901
242
2077
1495
1176
1321
2396
609
2019
1923
99
672
128
307
1946
998
1248
2471
1161
2109
1876
1394
1801
2095
2411
550
2221
8
1627
1953
2159
2379
1153
2282
214
1444
1672
1418
455
206
978
805
662
1653
91
1632
1769
2358
1746
382
2297
2111
244
1536
2073
1595
158
80
2086
610
1591
2264
26
742
178
1688
1959
1115
1292
2451
150
1369
1773
1451
1649
68
1643
2364
1994
1822
1782
963
3
1768
2222
1756
2026
2017
465
287
1924
1628
64
1140
1254
2212
1931
1976
1441
1531
968
1479
1303
1099
1749
2028
1322
606
1267
1798
737
2357
1241
623
1942
972
1795
1760
2446
2228
1050
