2369
978
1603
1290
1021
1409
893
1273
988
1587
1703
1292
273
59
192
1422
1120
1259
82
961
690
970
1165
1088
1471
2008
2307
1215
1553
1599
1816
68
2138
796
1127
1849
637
725
319
136
1176
605
2084
871
422
1109
2181
1833
881
1681
2287
620
1502
53
772
2432
2426
2230
1968
769
1354
677
2096
828
208
1644
2371
1168
2079
2455
1102
1285
1532
2268
794
1692
820
1383
392
1523
966
546
150
2300
1044
2428
1880
1770
1349
487
1344
817
2127
1778
902
1075
1201
276
834
1055
1626
987
2434
93
1147
288
191
930
1198
83
245
1267
2071
559
362
565
586
263
1023
409
2001
352
2043
1028
595
1464
2103
301
2167
2483
1720
1009
1649
1137
2005
2231
1295
862
2211
1683
398
852
1431
1018
1271
2024
2350
1559
940
1515
1788
1256
829
681
481
146
819
81
726
866
143
1931
753
2169
97
839
1545
508
2082
2068
463
1430
789
252
1513
564
1303
778
269
1824
684
1070
2278
781
864
1333
262
277
1921
1038
1912
1180
1067
1637
2310
1246
621
1296
1704
754
701
1966
286
913
1728
626
175
1658
589
654
1800
386
1119
1456
1543
706
2126
326
1199
1823
1820
821
1580
2158
1392
2064
1716
36
31
571
711
2462
210
705
1148
2016
151
594
1133
251
1240
71
841
1241
942
2086
2226
2273
1628
628
2225
927
1380
1560
2404
2150
1986
2384
168
533
1978
294
2476
1550
2386
1393
2332
383
543
182
2348
2334
2077
1853
2441
1101
1575
2176
2439
693
618
1828
640
459
1624
2499
2134
1643
1858
1811
1598
407
1435
1511
2081
1268
2090
1427
1121
2290
1189
1492
1604
707
2346
2214
1901
672
900
1377
1030
376
193
1765
737
1996
331
1016
635
1766
2023
606
933
882
1394
1646
1458
1863
399
1860
1040
1802
922
178
670
623
1233
2435
1918
744
807
1961
2000
307
1565
2194
903
1610
2251
1938
1323
1501
607
1312
1767
419
48
253
898
1212
665
1516
375
2165
1338
246
924
1719
1329
2163
573
1668
1676
1235
1482
1896
2274
177
566
1690
77
1311
506
1079
415
108
1920
1825
1928
1710
848
312
936
1857
1998
2405
1887
602
2135
2239
633
2245
1910
1389
1310
1083
261
1913
1487
1593
1517
1363
803
1682
826
2303
1000
296
2285
636
1708
2277
1712
32
2360
2477
1597
1924
1640
514
1421
1729
402
406
756
420
1370
1848
1657
1065
694
889
2445
2175
231
1758
1955
1866
1745
1784
1847
155
12
1905
2423
2183
1448
72
1020
171
679
2494
454
1277
4
2340
1138
1548
96
52
1763
907
421
1899
1951
156
237
1783
218
1569
1405
1126
2446
91
1970
765
716
965
1369
188
1337
1817
1868
179
1287
1634
51
1667
1750
478
1842
1345
2431
2341
1939
1232
2298
561
1754
568
2291
1305
1531
867
126
89
854
1304
211
1145
661
2388
2365
2293
2101
1768
1480
1679
916
1498
439
709
1519
1885
1919
686
128
298
381
1685
1153
2206
433
1223
997
1002
21
869
368
2047
2393
1442
722
232
2366
18
2447
353
473
2232
634
54
2305
2459
268
1420
1449
1408
1577
1193
272
1977
2075
1620
404
1156
1775
905
2492
1753
1534
2294
1192
455
348
2472
2061
1352
1257
147
462
2463
1226
1812
1481
2242
760
3
431
2159
2217
1007
125
1472
384
1244
224
2215
1760
1834
974
1773
2112
2474
41
2099
892
2336
1539
1762
1781
1064
741
450
2094
1662
1041
2203
1574
1139
1096
471
23
906
1461
596
2387
1722
1388
1081
9
2026
939
344
984
313
1717
1460
904
721
119
1561
1671
680
1300
2091
1740
33
2130
1589
403
2335
426
723
1410
424
517
1688
293
2037
187
1436
2143
1774
2170
2119
1078
1960
2036
1726
2467
1341
1131
2038
981
427
1814
45
2460
1647
669
1036
2498
369
1159
745
1384
715
773
491
379
1900
811
748
1445
1170
2048
843
1976
2473
1374
1359
617
1027
1869
1411
2224
207
1755
223
1586
2367
109
1049
1735
861
1360
209
2197
652
2392
691
1665
1742
120
1135
1306
2427
1591
1769
1013
2182
1871
489
2394
771
1799
446
1567
1902
643
2223
1520
1278
539
1281
20
1493
130
1655
496
1188
1991
271
2308
1253
2097
305
1864
388
1672
500
941
524
2352
2210
872
547
1638
2454
86
833
1395
15
329
2481
1503
1496
2279
70
206
2117
1930
440
1006
361
655
2345
775
880
2267
35
1012
779
1780
165
604
1645
1886
482
734
1936
888
1776
1386
979
2035
728
1979
1889
2362
801
1831
1419
391
5
1940
1418
2488
107
1091
1407
2004
2262
1318
1469
1111
644
1752
958
1670
1840
695
2186
2482
980
1315
1850
2213
198
784
2
1371
2113
2205
2375
2357
1124
1335
396
2321
2149
145
2486
1613
1229
507
2188
513
909
2354
1949
1602
2444
2093
2318
1542
2316
173
140
1636
2152
2189
512
1724
2074
152
2168
1633
461
29
1331
673
2312
2190
2013
1792
973
456
2410
358
40
1494
1372
2151
1142
1342
2385
484
1713
1307
1975
1414
154
2006
367
945
675
1245
1923
883
1648
910
411
959
2058
1846
1798
1551
1862
569
1340
899
1158
1224
2139
2202
648
324
46
1808
847
17
983
601
2212
1675
994
26
929
719
2145
788
174
603
7
1
2337
873
908
1974
1809
2120
1547
1789
567
43
2416
92
674
790
492
1440
1623
437
1444
221
1144
505
577
2493
468
1339
1706
2014
1206
1709
2011
1227
1761
1746
1252
2461
1541
57
2204
2125
519
225
373
1062
1803
2421
1997
215
1621
971
222
1959
718
2056
490
2233
1171
1490
1043
1787
1194
1806
914
2015
2153
1140
759
1175
735
401
1262
2092
937
1927
159
2401
2284
1528
2147
2018
1486
710
625
554
297
417
1024
954
1035
2052
2464
1631
1045
2489
557
805
265
214
962
2146
387
1607
1141
1612
849
762
943
1715
518
1122
1347
2372
1367
1555
121
14
1473
438
878
876
2246
1134
309
1530
364
2359
895
1947
624
1397
1771
2468
377
2297
2219
2235
1524
890
1157
791
609
1836
1406
102
2458
1786
993
2057
2260
1073
1616
802
1447
989
497
1046
118
948
894
556
1488
378
2122
562
1181
1243
578
50
2288
2324
1220
1204
2029
2330
13
2397
1086
1677
201
2363
1050
1642
1210
135
1865
1714
550
597
1294
1237
190
2076
66
738
2080
1385
1578
558
493
504
780
585
663
503
2063
1584
1581
950
1324
1479
412
49
1695
1537
1925
1061
1948
697
395
1723
429
814
196
2012
650
953
2220
2343
696
279
1191
2193
1136
1280
2121
1922
1115
1894
692
465
2442
1552
2069
1351
1705
1504
1373
2378
1483
502
1219
2237
529
938
768
668
774
1993
219
117
1413
863
2440
1518
749
79
2116
1897
274
2319
1617
921
758
592
320
2450
698
732
341
1944
449
2177
1467
38
1744
2456
292
6
1059
2133
2248
1739
975
588
885
785
1546
831
2342
202
1104
254
1935
2306
777
1839
2240
1308
2443
2166
1037
1129
702
2115
2209
1622
2156
810
2391
1756
2349
1579
2040
1100
2430
1992
746
2032
822
235
1535
229
1382
1625
1116
2420
2281
2425
631
308
1838
1605
676
2054
2172
2282
1004
323
2002
1001
1355
430
1213
1047
1973
2199
62
325
1211
1656
832
1128
2395
1443
537
1441
372
1907
932
2370
1417
2480
641
333
2039
2317
919
671
405
343
2102
1106
2162
1361
1582
1733
2355
1805
2173
452
172
1952
1177
2491
1003
1954
1190
1727
370
1401
678
1533
2041
1247
731
1988
2207
1641
2311
1261
2253
2484
2437
1698
615
575
920
234
238
830
2470
1779
1239
425
106
1926
891
1813
330
1937
1664
2380
111
1785
2009
2108
2073
1843
116
486
1563
443
157
255
1203
441
639
1087
1635
213
651
349
2060
203
2419
998
1117
112
167
1053
2229
1945
1279
2111
750
350
1856
436
1330
836
875
1195
1014
2192
163
416
124
614
2283
1029
2095
739
799
299
1957
683
806
918
897
999
2106
1231
1234
1558
1526
1183
2144
44
600
447
469
1796
1155
688
1475
464
1249
2326
798
2280
2269
1072
2161
1015
248
1143
161
1794
205
874
1855
955
1008
2344
1956
584
1759
645
1178
522
1965
1994
139
901
551
80
314
1749
1328
1228
2347
153
1909
58
1437
1132
1423
1525
322
2017
247
591
158
2105
1291
611
385
521
1025
800
2374
1314
1108
747
335
2195
479
2449
129
1777
434
1510
1343
795
1099
2157
2174
1701
838
520
289
1221
1810
1854
2046
653
1465
823
1995
11
851
2222
1614
2406
1898
840
516
2453
2465
95
766
495
2415
1611
2109
176
593
113
1207
337
969
1841
1154
1680
1174
1362
1457
132
2020
1396
1184
133
278
360
1172
2191
1092
1876
2286
1795
2249
1514
2088
1222
541
2257
1316
976
622
2399
1350
1917
656
2356
1592
1236
318
1632
1639
1987
2021
2471
122
88
1861
1214
574
1489
1187
1005
1512
380
733
1272
2452
1368
366
1618
2123
1491
1845
400
1152
1255
483
2466
532
1185
2072
1282
1772
1477
1412
1821
1540
1248
714
1797
1438
25
1149
104
189
682
700
19
2131
131
1652
485
776
1415
581
1971
1098
1063
1353
1878
1110
1416
47
579
1402
572
24
2328
1424
501
228
2500
90
1554
2087
2275
2309
1114
2218
1934
1107
184
824
2178
729
1276
2487
2022
1585
1164
249
1741
1576
55
310
2389
552
100
1379
10
1877
1711
687
813
2338
1782
488
782
2160
432
1867
1264
1571
1162
855
444
374
1432
845
1694
1619
2497
1446
1538
1196
1615
1804
689
2110
418
964
911
217
166
2259
351
304
1048
1981
1500
85
2417
2408
2241
2490
1378
144
1288
204
1146
960
2065
859
37
69
515
662
466
2059
1691
1570
1242
408
327
1484
1309
724
858
346
553
699
846
590
1573
260
1216
1425
1429
60
2333
1150
1332
1608
2263
713
926
1366
1381
2422
764
2098
1564
1069
230
1186
842
1080
1572
2295
1230
1904
717
1747
2331
536
2376
212
390
1218
180
1093
853
256
1508
1238
1627
243
1499
767
1010
886
1042
200
947
1169
712
1562
1568
2398
295
477
1033
1895
1453
241
527
915
101
1908
2400
1202
2164
977
2296
963
2104
2261
467
63
1566
857
1893
815
2089
264
1874
2070
946
912
498
1217
1730
1544
2351
1321
1089
181
658
1875
2353
708
2377
1609
957
1702
2114
1906
2100
526
1829
2129
1933
1097
389
233
1161
1738
1085
2256
1297
792
2179
2019
1693
2457
423
134
1751
1888
280
685
87
282
1105
2051
123
1250
472
1718
1950
1687
186
110
197
660
220
1200
357
1364
460
1793
2078
1844
549
1674
347
285
1985
786
1450
1556
535
2185
1601
1669
951
306
137
300
1737
1870
1118
1173
2479
1298
2044
476
65
1254
1336
545
2053
499
2049
442
944
303
2382
2234
1346
311
1398
2200
242
2323
752
583
2050
1962
428
1433
148
1084
1734
359
1269
2271
812
2221
287
397
2066
1468
194
2358
1832
1984
1478
1283
1989
1629
1322
2364
2407
291
1990
363
2255
2085
1505
1439
382
1163
2433
538
825
1859
2244
2411
1818
2276
1112
985
879
992
1286
185
629
480
995
334
1969
448
816
1071
1320
1463
414
666
580
540
1455
1943
1942
270
952
1660
266
664
923
76
1404
613
2180
1700
1019
114
227
2301
1932
474
1356
99
534
1883
275
239
1403
2025
1725
2436
2409
94
649
259
917
195
1557
530
1301
925
1697
67
1549
2485
1052
612
2118
2270
1879
991
1034
770
1090
2107
1982
2034
1914
1302
856
1684
1205
2198
1830
169
531
2124
2299
1606
103
2329
619
743
1166
1764
884
1911
1588
2083
727
797
410
608
1852
1058
1313
2304
2413
544
1594
740
755
2196
8
2302
2250
1790
968
1748
1375
1031
598
2390
642
98
2258
2424
1891
1946
2137
1659
1507
860
244
523
2062
2136
302
1801
2496
338
1497
365
1074
2010
659
1630
1051
736
2132
1275
1474
340
1596
990
2266
2243
928
2314
2028
1529
339
64
78
56
494
2184
2478
1060
2045
1113
1736
2140
1590
1434
1673
1881
1595
2402
844
74
1757
1077
1967
511
1650
1299
170
2252
2495
2414
1197
1454
84
1334
2264
1872
413
2438
2228
2368
646
393
138
2373
281
956
720
2003
39
1094
2320
1039
1357
1721
2289
1884
1958
61
1289
555
1915
451
2313
560
1509
1731
149
2148
1265
371
1941
2396
2429
1459
835
1274
258
73
2216
1462
216
1527
1826
1151
1485
1209
1179
1600
226
2141
1390
283
1017
1686
1451
1903
1011
877
967
1376
1835
1348
1699
510
570
1293
827
528
236
1663
870
1651
115
2238
1980
355
1837
315
2030
250
1476
316
445
837
1696
332
548
934
2315
2448
435
28
1032
793
2208
1054
704
587
986
321
703
563
632
1365
2381
1270
667
356
317
1466
142
1791
763
1815
1678
2227
783
1689
1892
1521
627
1066
394
638
808
2128
896
1387
1400
2403
2418
2155
2325
1130
1068
1319
1056
1822
1103
2067
75
1916
1536
2361
1522
542
34
2475
1057
1358
2327
931
1225
342
1095
525
1666
1325
1260
1732
1929
1426
751
935
818
509
982
2142
284
647
1890
1399
576
1964
2031
1125
1026
105
2412
345
2265
1743
1160
787
1251
2247
2339
1284
164
183
2272
1428
657
1167
267
1827
2292
1882
240
127
730
458
2171
1208
1258
1819
1317
1654
809
141
865
757
2055
199
2254
761
453
1182
630
1082
1707
328
2236
1495
27
1972
1326
2322
2042
582
336
2187
850
2379
2201
616
742
1391
887
16
1653
1807
2027
22
1583
2451
162
868
475
1661
30
290
457
1983
610
160
1470
1953
2007
1851
599
2154
1999
949
1076
972
1123
1263
2469
804
354
2033
1327
42
996
1022
1506
470
1963
257
1266
1452
2383
