529
1860
1687
52
611
2426
935
2334
1776
1517
2289
357
460
1611
875
397
1443
1564
1583
2452
1507
2137
551
2082
227
777
809
2443
2347
1474
1773
1258
1861
1287
6
1944
613
2408
2384
1635
313
1643
2469
2032
695
1195
2164
1823
1132
1057
581
2286
68
1433
2450
189
909
2173
1616
2461
1178
1078
1914
957
1727
188
528
1198
1971
1383
56
2253
199
1891
2189
1291
631
813
1096
517
1813
1957
1649
725
669
921
449
196
1619
527
2115
830
677
2202
248
1863
2464
322
1593
1048
599
34
1958
1753
415
466
334
2363
2462
2
1152
2013
2231
27
13
947
2045
1103
1256
2304
2240
1938
585
129
1605
865
945
1481
119
1923
2316
1791
1482
1374
2381
2087
849
1883
230
2301
1514
1840
1491
291
1606
1011
2071
890
2308
1077
443
1755
752
2355
1882
2266
720
345
2011
59
2481
1282
201
2050
1170
2143
844
1062
251
2077
1296
331
2245
723
317
799
321
2290
816
766
1815
210
843
2025
535
2052
1046
220
2242
1458
64
696
906
1389
2369
2400
1438
231
58
396
1452
2379
970
100
1527
1907
940
884
807
412
382
1697
2184
870
2236
2020
1284
183
108
942
1008
305
2079
1917
70
1399
598
916
1243
1802
1656
853
1324
48
1075
1140
2277
1921
1722
615
727
348
2193
1244
1862
741
502
1808
344
1804
715
355
115
368
789
1829
1300
2159
1768
1463
1154
2320
406
432
763
2097
1500
33
755
2382
876
1329
2410
617
370
1601
1087
887
390
1868
1827
2264
2273
1792
1866
2054
1431
708
300
1227
566
894
1037
2294
145
2387
1973
1846
804
1799
1495
1864
349
422
486
1394
2495
470
1091
1473
582
166
1602
2446
128
1051
1953
2135
1476
522
459
2148
173
1120
1141
1231
784
393
968
480
1594
627
2439
2017
113
1209
668
1786
1629
666
2281
542
1650
1723
1212
442
280
1751
229
805
388
1378
1145
353
2358
2213
1341
1513
2250
2354
1532
2239
1979
1079
530
60
2429
2112
1716
1884
1769
1447
1484
1537
2263
2113
1889
1937
2389
97
157
1987
54
915
2197
1522
2475
2466
95
30
255
1612
279
690
661
256
205
602
143
977
376
2074
1894
1571
563
1870
1351
245
1950
685
839
1174
540
1342
117
2477
1211
311
1124
2036
139
314
2407
622
2315
2394
793
1067
1623
167
904
1171
1646
610
1748
811
1444
19
1354
1909
2192
1711
1015
565
246
570
1541
1662
2314
1980
1531
603
181
521
1218
2181
375
361
706
2188
1179
1749
745
493
1744
338
467
1534
1020
719
2058
24
699
1843
2110
2156
109
286
2447
2372
1644
1199
2088
783
670
1968
779
1434
1367
326
1822
1580
803
683
2056
55
1848
1729
238
1169
872
538
700
315
628
1337
487
574
1595
1252
857
94
580
1497
1439
191
1905
402
924
1303
2195
1954
1839
1682
747
1180
1706
2216
1941
537
2018
1554
2377
209
1018
1119
637
687
982
544
1741
765
1851
2362
31
1664
710
1934
1319
57
1509
1704
1321
169
594
400
217
337
1298
380
379
26
1004
367
1881
170
1403
550
2365
740
403
1867
1946
2248
620
1213
1181
660
1750
2167
1872
1418
656
693
2163
473
1055
1330
1528
2403
1005
2158
2093
503
1961
2303
546
122
1471
2498
163
125
791
2166
584
1188
116
2265
101
2190
867
1505
132
1350
2449
1801
1538
1592
1440
1076
319
1501
820
2063
1659
2012
9
2272
984
1070
1166
499
482
722
2150
1955
597
1561
2455
293
2352
1692
2138
1852
448
2125
1159
472
430
1896
507
1775
1194
533
553
590
1414
653
1065
1370
1309
2326
1191
491
1977
1089
289
943
1468
450
364
1600
352
2390
2376
751
8
1982
703
519
806
911
1386
3
1745
2494
1352
2440
2479
386
1506
1429
1107
1487
1995
1911
1362
32
883
701
1391
1118
399
1375
2022
69
1879
2145
2291
819
1205
1546
1686
1660
2191
1542
1117
828
1201
1007
1512
234
851
1876
65
774
2117
1589
1587
2208
168
1926
1249
310
350
1895
1584
192
746
993
918
2057
2341
965
1510
307
1752
1994
1125
821
842
864
2023
826
958
2398
2028
1928
1715
2024
808
1266
120
2169
2105
418
724
1032
1347
697
395
555
1998
302
986
990
1148
1732
698
96
1328
925
1295
1388
383
436
1655
2430
1318
1142
1900
1956
624
591
1422
954
1387
1653
85
2238
1074
2096
1807
1585
426
1695
825
2351
98
1679
1772
75
510
1560
1430
1123
852
1878
933
593
1052
2386
262
2165
782
734
1573
2226
275
268
2182
1428
425
2131
832
1322
1441
643
1536
1226
79
662
2366
185
709
2051
509
760
663
141
1381
2371
1112
134
2048
218
193
2209
1098
330
1090
2227
1348
1989
2203
1912
1312
463
1812
929
667
651
2002
966
2411
2042
296
2070
1782
2404
1787
931
1530
1490
240
1978
881
1116
1892
1993
892
38
1115
1933
2441
2101
485
824
2424
1897
320
1966
939
1761
1951
2325
1203
1450
232
290
1040
1850
475
2229
605
2241
2111
514
2021
1158
1360
468
586
953
414
1714
2160
221
2065
2034
787
2187
1263
749
1316
2460
1835
858
1470
2285
1200
1735
812
2130
1940
175
1071
91
2154
863
1837
2487
309
1068
180
1333
1305
1986
411
796
2421
1828
2215
401
1607
1407
735
2419
1097
37
2258
1810
950
1809
1183
1785
1095
1970
1599
595
301
1379
665
316
202
2336
1253
786
63
2214
2168
1990
2157
1063
447
2296
1549
2295
359
428
1492
1155
439
53
1962
524
99
1313
162
259
1197
2235
989
1811
478
446
1022
937
164
2383
51
1030
2420
2176
2177
378
985
260
1984
23
2204
1217
564
2493
736
1663
534
592
797
1737
171
133
1703
165
1972
86
219
1544
1708
560
1550
1241
1393
131
998
2486
1545
2066
2414
871
1939
78
1796
1949
1691
2121
306
2005
2490
846
1224
1467
1586
2471
1498
1918
2434
2252
1931
557
1054
1567
1314
1047
2178
713
12
1947
190
437
2298
1627
2324
1698
726
2279
991
1575
1056
1002
1672
1042
684
2342
1425
1442
451
983
897
2067
187
987
1355
172
2085
2205
1540
17
739
2136
899
515
1759
675
389
1885
46
583
1121
2470
1377
2397
948
479
926
213
1445
2468
2037
174
919
339
1569
474
136
1559
1780
2069
1027
440
2437
1969
2061
384
2128
2370
413
15
369
604
847
895
1334
1899
481
1503
938
1673
756
1216
905
1275
282
249
569
1665
144
2186
308
780
1992
2367
511
1865
1100
1207
2219
794
2161
1838
520
1157
848
612
429
2038
1237
2116
74
182
992
1654
2313
633
1913
1261
2331
2310
1363
404
1684
2425
2415
153
577
1935
1187
211
292
1277
547
1092
341
2247
1572
1798
1710
927
2274
1816
1631
1208
505
2422
579
1927
271
1036
1029
233
1795
1175
1297
1603
1083
2268
508
407
1101
408
1259
704
387
154
336
2359
1521
1777
1675
204
43
2026
1963
1800
2417
214
1135
1669
363
1936
431
1873
1854
1694
636
2489
441
495
1614
1232
1743
587
1919
642
1496
2175
2364
1651
902
1833
2480
241
1398
2144
2109
1424
1317
1336
2180
980
2344
681
1652
1493
1746
1857
2081
1419
2095
36
680
1581
1240
1061
1320
237
1462
2445
215
66
1533
1681
14
1622
329
691
328
913
2030
1150
737
2220
11
1906
1628
1819
1017
1288
882
572
216
2129
1138
1960
398
2146
1034
2217
312
716
768
72
1929
22
2339
1930
1293
356
771
1539
126
1359
2140
835
434
176
1886
679
156
284
2435
543
738
489
1251
1578
1677
1344
960
754
274
1009
573
614
1464
239
972
2199
1680
2072
1974
1143
373
868
1163
150
1525
748
1563
1437
351
2108
1049
802
999
1325
596
1405
1975
1717
531
717
2317
228
959
207
1736
2230
1343
1267
1699
2090
1613
177
676
462
295
1133
2307
1488
1235
2132
1591
2103
1105
772
952
2488
2062
776
600
1255
2244
1774
559
1044
1924
1844
523
1066
2288
270
16
1415
1106
1146
2393
1411
648
1582
1702
454
917
2302
836
242
2345
549
2254
1728
1413
2126
1948
512
103
299
1219
831
1279
2043
1137
1667
2329
2033
607
1338
1260
729
1683
1869
1364
2375
420
333
2451
1853
702
1395
501
1299
2183
1529
2246
1888
907
973
1778
2198
898
2305
814
2270
790
2139
2142
2282
2029
1763
1041
1701
149
810
1013
1877
1733
649
893
2171
1821
1238
2207
1943
1480
10
692
2311
1000
1880
1113
885
536
1356
1767
1678
1385
2179
1685
781
941
1668
2427
1566
2293
2172
278
1834
2068
930
1014
1765
1625
841
288
257
1382
244
778
152
1349
178
1426
1416
639
2223
903
1304
253
287
1705
539
151
28
1276
1709
346
2323
652
93
2353
1826
471
1147
2089
1339
138
1165
416
1345
995
1842
1588
1634
912
391
2243
923
1562
2035
2162
197
297
962
87
2378
1369
589
1757
2335
2073
1455
859
264
1518
1311
996
655
1502
1841
2094
427
644
827
1758
1228
1981
92
1340
1689
1214
1126
1086
104
1406
1327
2357
2078
1831
1059
1624
623
1193
1221
198
1551
1814
161
1085
1173
186
2004
1700
1788
2010
45
118
1264
606
694
896
1404
650
1707
82
981
711
40
281
2283
254
2267
1988
1770
1326
2152
1306
1887
1793
1167
1033
1461
1357
2123
146
1210
1570
2356
1803
1511
1281
928
76
1229
1035
2454
2106
1162
2485
1451
1526
1290
2402
1168
888
1925
2256
1160
2463
730
616
2211
2107
2418
1423
2134
1373
421
496
1073
2337
1756
1486
1099
1754
608
1908
2332
1247
374
458
1151
1553
1976
1215
2114
1547
767
850
2482
971
1916
1577
1185
1641
362
2297
1466
2091
1361
464
742
1128
1535
556
2259
25
324
347
452
1286
410
1060
994
2086
1435
770
2001
721
1855
1001
1456
1331
2300
2467
2312
41
1182
976
2015
1856
1122
2395
759
932
2225
1565
2222
2260
2399
1991
886
1025
121
1310
135
2413
1023
2059
901
1610
2027
558
2049
946
29
761
365
2019
1945
2436
963
1400
2076
664
1136
102
303
1806
140
1621
1640
795
1996
47
712
372
2391
1453
1766
1365
714
1131
159
1397
1134
1308
673
1608
332
618
1731
2343
2484
2327
2196
123
840
2496
4
688
1983
1609
975
908
571
325
1368
371
381
601
77
2492
457
1189
2292
111
516
856
1797
1156
1257
1489
2319
71
626
1904
2271
625
837
2000
758
1734
366
630
1713
1730
1820
112
880
2330
2360
1082
2210
1190
1942
1446
184
1268
1094
619
1006
2153
817
1265
1693
775
1548
1289
1504
1402
1408
2350
1494
1457
2416
2428
1794
545
417
1910
1196
1932
2120
1448
294
2084
1236
2388
2442
327
1725
1845
1323
1250
1144
2122
1069
621
127
1718
2405
1604
762
88
576
1849
731
764
1515
243
877
1192
1818
225
1088
1307
1579
1427
2053
147
2444
1633
629
423
2287
124
272
1376
158
1499
2100
1177
562
1053
1738
934
874
891
2456
654
1626
5
2269
1026
1690
1890
1830
2322
1278
578
1469
1161
1016
526
1597
854
798
1127
1223
634
1790
2249
879
1875
567
672
1574
107
1781
67
263
525
1254
200
250
90
81
1172
392
2431
1724
1824
1072
1647
1617
7
2206
769
1762
818
2409
1353
1043
588
1164
1483
2200
2261
1477
2380
2218
1332
1967
419
360
1552
2448
1248
80
148
1615
1764
1010
2224
1648
1058
1410
1832
1012
504
318
445
1874
2201
969
203
978
438
2233
2006
609
1740
1590
2124
1555
1825
252
689
304
2458
1893
860
568
862
155
2092
2212
949
1965
340
2406
2257
800
686
1084
2075
195
2147
2228
1401
1915
21
42
2459
951
1620
1783
1409
956
1784
920
1671
1081
1771
1184
226
682
1039
1999
385
235
1670
1222
1959
641
944
435
506
829
1283
2328
1964
2255
2476
1639
532
1045
1019
1111
833
1636
212
1292
1747
1432
2149
2340
455
194
2465
845
1346
718
750
823
1817
2432
2306
2170
1028
1901
632
2438
785
2003
2007
483
873
2098
967
269
494
2278
110
518
1206
1789
105
936
792
855
1760
276
2374
469
2014
658
2083
1280
861
1465
2368
1520
1449
1997
261
2474
2080
1392
1657
997
2031
2453
801
707
2119
488
1459
2060
1358
484
224
1108
788
2262
142
1420
2457
1285
2008
2499
35
497
561
1
1245
106
645
838
1262
1390
866
2151
335
2478
1230
646
453
1902
2055
179
2309
1270
1129
955
2276
2251
236
1543
2433
541
773
358
444
705
2338
1093
1719
266
2232
283
323
2349
1294
1985
490
2118
2046
1301
964
1272
498
1080
492
2321
1202
834
2009
2102
513
1050
476
2284
674
753
1720
2099
2174
1273
1436
61
1479
1104
456
1110
1519
1139
1186
2361
1412
1598
961
2194
1524
343
2185
1836
1460
273
1242
2472
39
50
1712
1674
500
744
1666
554
1021
1630
1726
18
1645
2491
671
1637
2155
922
659
1064
1557
1676
732
2047
1315
130
1225
575
2385
1847
889
1696
552
910
979
1233
433
988
1302
2039
869
1274
44
405
1102
89
83
1556
1903
2423
1568
1153
2141
2104
822
1130
1485
1642
223
2127
424
1478
1114
2412
160
640
728
1366
657
1421
2333
815
1596
1372
2348
206
2041
1805
1779
2373
1658
1661
114
2500
914
2040
394
1234
247
62
222
465
2396
2016
1239
1024
678
1632
137
1454
1396
2401
2237
342
477
277
2318
974
1576
1269
1688
1508
1271
2275
1898
1003
20
2299
2221
1920
1204
1871
1031
73
1742
638
2044
878
1380
1371
1523
743
2473
1109
1149
1176
2064
461
1384
733
647
354
1952
258
285
84
267
548
49
635
1922
1558
1220
377
1038
1475
409
1472
1858
757
2497
1618
2346
1739
2280
2234
1335
2483
1638
900
1721
2133
208
2392
1859
265
1417
1516
298
