502
1059
1405
1320
331
1029
494
2349
81
1811
375
518
2088
727
348
972
2043
75
412
251
1117
1378
1103
1949
1087
1418
1590
485
1182
717
2224
1941
254
1170
842
827
517
2443
692
1039
1156
1565
483
1773
1922
754
5
253
812
59
758
160
143
544
799
2269
169
672
2480
1092
2476
390
429
237
447
145
2308
1223
710
1528
1999
1617
1282
1076
2400
1061
2276
328
2464
364
905
7
792
1026
1575
850
1589
1434
1935
806
1330
1984
605
1127
2199
351
2339
1194
140
887
2190
1227
2348
1763
142
1894
573
1065
39
1603
752
791
2185
2216
77
418
2160
2405
1516
2195
1758
613
2301
1214
1342
657
1099
2027
1069
575
697
912
845
1141
1169
394
2460
360
283
1365
1082
1319
2085
926
162
2286
1297
968
578
667
3
714
2178
1558
339
1818
1580
1097
1721
1977
2303
523
836
1982
1183
1648
161
261
387
76
2154
1326
1693
2425
2265
1640
258
918
2268
457
1901
700
676
1499
2359
199
179
1399
2360
1477
652
1409
843
1882
629
2256
556
1515
1746
601
2125
1808
329
756
1420
974
1078
1689
744
2373
911
1897
1133
2206
913
411
2134
921
118
1302
1070
1581
79
1247
1129
87
557
442
914
2356
1715
291
586
2245
1075
1756
2290
1633
984
263
2118
816
310
2266
2412
274
1185
1537
655
1963
54
115
1738
1027
1098
599
1669
915
1452
698
2172
520
1954
1475
1474
664
2009
1469
1900
479
2169
501
1816
2179
572
383
1381
1605
947
476
1064
35
776
1942
2082
1699
1371
1584
634
1508
1361
1846
2032
1232
1928
2390
1033
2099
313
1718
2463
2495
2046
2084
1912
966
736
877
822
903
1349
643
823
1038
1106
1285
2026
1228
235
591
563
849
1373
1974
508
2108
272
222
209
400
1398
1251
2446
1215
1947
197
2250
1770
2327
656
2243
1240
726
434
1597
971
1362
2358
106
705
1683
309
58
2180
785
1609
40
2003
2101
2157
596
581
1805
1015
2029
1443
989
995
1425
1089
2451
1060
2236
2083
1367
1573
1315
1740
824
1524
1583
33
2131
1224
1548
2284
1021
1851
1201
890
2370
158
1393
524
2135
1109
1679
206
419
2057
2282
1370
2081
67
2104
1146
1610
1105
783
484
1139
2153
1313
1540
1944
1647
1306
1300
500
1448
1752
2345
719
1112
381
1181
2036
1526
2183
41
910
1557
1478
1261
620
1102
738
1101
1199
2070
1913
1856
571
1072
766
608
924
306
1733
1879
499
1363
2442
1860
1510
804
2257
870
27
1364
1710
417
123
1230
2479
2033
1520
2326
1554
1005
1355
2211
385
2436
311
1881
565
1717
543
2021
82
1008
319
244
1769
965
2146
451
466
1835
614
63
958
134
1625
2049
888
1262
1547
1091
777
1585
795
509
2461
885
2204
1191
324
465
2147
554
2006
403
1527
2383
973
2015
2317
767
2119
1396
1390
492
1444
9
830
616
1174
1920
1100
459
2428
1602
2238
1336
264
658
747
1579
2340
1275
1497
1624
1789
1337
638
650
2500
2413
619
2411
1034
743
1506
907
1911
675
1042
2489
1188
1392
1779
2091
516
2137
436
548
88
2458
425
2132
2044
252
1417
1684
1686
1284
2401
2090
2235
1990
1681
1248
2352
646
819
1854
2277
1650
789
438
166
1940
798
959
2045
803
1991
2071
1599
1728
833
2399
1819
8
1921
768
863
358
337
2355
2498
2163
1149
781
2064
393
1594
642
746
837
1314
577
1340
1591
1549
1932
649
233
1458
512
1331
1802
482
80
2052
374
1696
1672
1904
988
315
242
1762
2196
2432
2472
1553
594
2261
589
1687
997
107
900
301
1217
416
2138
2016
203
869
184
112
320
1776
2161
2126
1872
1234
285
96
2056
2248
1002
462
55
2388
1845
936
954
1658
725
168
1379
1630
2087
2444
622
23
1551
707
820
2375
1473
550
1151
937
426
1472
2437
951
1431
298
1494
950
302
579
2395
1153
1210
919
1436
994
1939
2387
703
625
176
600
1054
13
1862
2181
1095
1459
1592
636
542
2019
2034
1688
1601
2389
991
474
901
1184
925
1903
1441
317
566
21
1244
1662
2287
1822
513
1463
1559
808
899
432
1218
1259
2302
2225
1231
873
1629
2379
460
204
1079
810
1498
2434
891
366
2173
733
2275
892
706
282
1885
25
2240
986
1735
1265
1765
878
1464
2155
1813
1792
1550
1017
1048
1476
389
16
1893
100
49
1937
623
2304
12
2115
423
231
2079
1730
935
801
2086
232
897
539
271
50
773
1305
2149
113
2233
1544
1824
693
630
896
1850
711
133
2251
1933
1384
1614
2271
1532
1946
2151
975
1541
526
406
528
654
633
2005
189
1157
1460
227
2491
1189
862
1891
48
2376
2305
1664
653
470
1358
1242
1812
889
1552
1018
355
1465
2097
2295
2350
2010
996
1907
2035
673
409
867
2291
1246
590
1272
731
288
46
121
2213
2431
250
300
377
2310
2209
1204
1869
1395
2398
496
2249
669
1839
1915
864
2422
666
335
52
977
2127
146
2426
487
2078
533
2073
813
1351
1466
1992
287
2145
336
1890
1606
1804
1270
382
1815
2481
1750
65
1958
720
1132
463
53
893
2396
128
1296
1354
1995
1731
167
1965
860
1978
1222
2380
1931
882
1570
230
91
2433
702
2025
712
2409
125
635
187
1150
30
2300
576
671
276
748
2324
685
284
1924
323
2418
2288
1777
750
1608
2298
156
1871
2365
2063
2470
2023
135
1574
1772
678
504
268
2159
1168
1045
956
473
2382
1841
922
751
886
1522
699
1673
1653
1353
1724
120
772
1525
44
1604
1853
164
2280
949
2176
745
852
2473
243
491
1016
372
1260
1546
294
2174
1855
126
866
2465
1415
1152
1895
1226
1195
101
110
2237
847
144
1595
234
532
1523
2197
74
461
713
1115
1530
1010
1345
2343
1906
2228
944
631
1857
446
1196
1119
1333
472
1556
201
2048
1206
1620
1960
2377
2318
2227
1486
1716
2177
2011
1682
427
760
1832
1970
297
1934
212
1616
800
1814
71
609
430
1046
722
2294
1484
1096
1930
1794
2297
2283
939
1704
1249
2007
1266
2198
552
1898
1705
661
1843
2333
486
458
422
1825
14
216
2219
2408
219
498
391
1861
1220
117
1674
1764
1909
1121
1916
413
641
999
1799
1936
2497
192
1983
281
807
992
2419
157
1279
105
109
993
2096
325
456
1394
2299
1798
2494
10
859
1449
2410
728
1927
1588
408
832
2193
1277
2095
1074
1346
186
724
1697
2439
2184
127
1372
1467
1329
1155
2191
1646
2430
527
1914
367
1025
2098
1140
2281
809
1280
857
236
2136
83
1388
1377
1950
1209
2262
2314
2260
2212
1725
2105
1318
440
1385
2017
1700
1703
1719
1004
770
1136
1938
1032
2496
1438
1130
1671
490
2229
1979
593
2074
2162
1492
606
493
1867
2065
1293
1179
31
1501
1077
1190
93
1577
4
247
102
2420
221
906
835
1745
1698
441
1748
1743
2450
510
1539
1161
568
2164
1663
28
2363
1502
560
2293
2141
2117
607
854
1120
961
1626
1299
152
2394
119
1328
2187
1943
273
2214
851
1707
1519
934
704
582
2369
2171
2342
56
1442
2217
1254
610
1273
2139
1050
2121
1094
1899
37
1123
2254
1771
1335
828
312
909
1775
191
1213
1778
207
357
73
1321
1376
1889
305
363
1858
1996
1888
2232
448
755
2207
2255
334
84
467
1031
1708
1639
2215
1158
962
651
322
2142
1694
1211
1286
1757
538
1786
790
1720
1001
953
314
1706
780
701
42
1427
879
2447
1622
2351
1308
399
69
15
85
2113
1255
188
1419
1817
2203
2220
1301
269
1923
95
916
1836
2054
683
1357
1563
2407
1821
2435
1283
715
782
980
2182
1047
1107
1661
469
1952
1177
1167
208
759
1767
122
257
861
1997
640
1787
1800
1035
396
1203
2406
1142
431
275
131
66
2058
1823
2323
1052
1063
990
151
228
278
884
1631
2316
1864
2386
529
551
2336
1734
1668
2102
1967
1413
521
978
1576
2366
1593
246
718
1902
952
475
435
32
1712
1401
1040
1162
404
410
405
1953
674
181
1560
1334
202
1962
561
62
1973
1925
583
1842
1531
507
2485
1216
941
1536
1447
1726
1084
1
327
1241
506
488
2466
1057
318
762
1056
1945
2328
1382
2337
2030
611
1766
895
1159
917
2391
1987
1483
2130
439
2133
1783
562
1623
1919
68
2110
1253
615
735
1014
1796
370
687
2053
1041
1807
1066
24
2306
1118
225
1569
788
2060
1887
1667
1451
2047
1148
1643
2263
280
2205
34
1446
1471
617
1988
1023
1607
1239
564
637
597
1480
691
1375
116
1093
587
60
2042
2039
2075
1324
1959
1504
2384
2467
2322
1009
1615
398
453
266
2414
2392
368
761
1791
1424
982
190
1397
471
205
1739
1421
960
1828
1288
1165
2020
970
1500
1690
2144
1969
1205
929
2468
2067
2397
2438
198
378
277
920
2309
1628
296
2357
17
1410
742
680
525
534
1462
248
424
1193
401
1455
1562
165
1657
923
1676
2038
592
1761
1433
1635
1037
2111
1256
1067
1325
452
1114
1976
1876
2116
132
716
1964
238
1678
1632
2140
1347
1439
2270
2486
1374
817
1348
855
514
1343
540
1511
1316
386
2319
1468
844
1564
1521
547
1723
1691
2417
211
1062
1327
730
1806
648
1782
1245
2278
1961
480
1612
1634
1044
1489
2341
1760
1269
948
574
2168
868
1637
535
1304
2267
1081
2150
1339
1356
2353
1709
612
1865
2143
1929
1414
1644
1613
1298
2493
1866
2040
72
1172
805
2487
875
871
943
1173
2368
1852
1918
213
148
2315
558
2077
1116
1457
196
1053
2107
89
1309
1268
825
2208
595
1310
468
2062
763
2264
2325
1406
1649
1243
2089
955
1780
332
150
1747
1036
602
345
1236
2320
1387
1022
621
349
2385
1281
343
445
2230
1178
1892
559
604
689
1138
1073
437
883
29
679
2441
1713
1212
2471
1781
2285
1426
1020
1291
1250
1043
1267
536
1295
443
1154
352
289
1966
627
2484
6
154
1638
1534
344
1513
1108
1803
2114
670
1088
1545
1428
1292
1187
1908
1235
2247
2112
217
1910
765
647
853
1011
2061
1128
1582
511
677
407
624
894
545
1055
2367
1359
43
19
214
2448
2123
1784
1124
846
2221
1104
818
397
286
2234
1829
1493
2354
1085
2449
662
1258
2347
515
848
1479
1274
420
2014
957
1883
265
2332
1567
497
2274
709
1980
1680
342
598
174
2165
11
2004
279
1311
2128
1875
1454
1714
262
1456
175
2429
316
1368
47
1509
2175
22
2335
1145
180
694
567
1221
194
771
303
2346
2092
369
2059
20
580
1677
2456
2252
2186
2475
256
660
1164
477
392
2334
2273
775
183
555
2393
481
2148
395
1886
226
931
537
2167
2002
1870
350
1744
1840
170
1701
1618
299
2069
734
1030
2253
26
2330
177
114
1518
1729
1722
130
2492
2239
1785
1884
1542
1481
2166
2200
1675
2427
522
904
1294
1400
1711
1252
111
1742
2462
585
963
1208
732
444
1538
1408
2292
1422
267
811
489
1755
141
2424
1543
104
2338
794
1834
1278
964
987
2080
1831
371
223
632
2478
90
546
259
2246
220
839
1868
1754
1820
346
1878
942
1880
241
938
1741
1596
137
61
1263
1135
983
696
2202
1207
347
1163
764
1000
173
1411
841
2402
380
433
1416
1507
1271
159
1994
1490
2066
1338
2483
1737
2331
1200
57
255
644
1790
1380
1652
1859
1505
2210
2490
834
36
2374
829
2321
478
2188
224
2028
139
1186
2455
1844
1529
1006
1131
1993
1003
2189
365
708
2344
690
1774
603
2068
1642
1727
359
753
1166
2415
1503
1086
2362
663
260
2499
553
86
455
353
838
1636
1289
2272
2093
1598
330
1482
1896
2371
1202
1514
927
2194
769
415
686
874
1111
1797
1058
2192
737
588
1312
1692
881
1257
2296
1568
826
2055
379
985
2459
1341
1972
1491
376
1322
171
98
1788
1402
1611
307
2222
1237
814
1651
2072
163
1571
1795
840
1793
99
1998
531
388
976
70
1383
1948
290
2241
2279
998
684
1233
2100
2201
1389
1600
421
1702
940
1470
933
1110
1495
1555
1180
373
908
1147
1826
1080
2454
2124
2482
1450
1561
741
2242
200
1837
519
1830
786
757
1809
2152
495
2361
362
2001
2103
2440
1332
2037
787
2452
1847
94
136
1951
1090
1403
155
1437
1307
1323
1517
1071
645
858
2018
681
1225
1290
1126
2372
1955
2404
2226
304
898
1732
1407
2156
1751
2129
428
688
108
354
1654
2231
1533
2474
1028
1917
341
149
880
1863
1971
1453
1229
2122
945
1485
2445
454
2258
802
1024
2000
18
1985
1833
1810
450
2378
1144
695
2416
384
1430
659
2050
1122
1496
1566
1660
147
569
2223
1360
1849
1905
1197
195
1303
1838
1641
2453
2012
1659
333
2488
1160
2022
245
665
541
570
308
739
361
2244
2051
2259
668
1753
797
2120
1391
2329
338
723
1386
1877
1645
831
967
902
793
628
1012
78
2289
1429
946
1350
2477
1049
2041
215
464
1137
1874
979
1143
1578
340
796
92
292
2311
249
1317
1432
1975
2109
1957
1113
1013
1264
2313
865
1198
1801
2218
240
778
682
784
2421
1423
815
1344
1621
1572
1176
721
103
129
1768
2094
185
1749
1655
2469
182
153
229
138
2423
1695
2106
1068
1083
210
1287
295
414
239
218
1440
729
2381
1219
1175
779
1125
1586
1366
326
969
1873
2457
2403
97
51
639
1587
1535
1627
1276
584
626
2307
1619
1685
1412
64
172
1656
1445
178
45
2008
930
124
1019
505
774
549
1192
2031
2312
270
928
1736
1989
449
321
293
1981
1968
402
1238
503
1986
821
530
1512
2
1404
872
38
1926
2013
1171
749
2076
740
1827
856
1369
1461
356
1665
1487
2024
1435
193
2364
1759
1051
1666
1488
876
932
2170
1848
1352
2158
1670
981
1134
618
1956
