2175
1873
1293
398
1761
1975
297
2499
1431
141
2475
62
889
549
259
312
1347
364
174
594
2214
729
52
1755
954
1603
1275
1130
1284
392
1854
1985
512
1602
397
2343
1103
678
2060
1428
1853
541
950
2164
547
1427
1464
915
655
2051
243
1422
868
1313
1450
2397
97
122
1729
93
240
2373
946
2142
877
278
2391
2346
403
1065
1331
813
1139
381
1525
651
1552
2052
1549
2114
1516
1696
296
1663
1423
1400
993
1614
164
195
902
730
1115
921
742
2265
1704
106
1289
39
1634
1532
733
1843
858
1304
1750
1882
1909
504
1620
957
478
447
1917
64
436
424
2488
1984
1013
2340
1743
1799
983
899
2247
2339
999
755
815
360
228
1831
1002
435
2445
279
2223
1485
767
1638
477
1871
579
1442
1414
330
1548
1897
769
1224
532
73
1382
1481
1893
661
421
1435
1535
2177
2081
940
2195
1835
1621
2331
1353
2113
454
735
1611
2347
570
772
2413
856
1938
209
696
724
2
1797
61
841
2120
804
401
236
1178
1793
563
1883
827
2083
2062
1906
309
671
660
495
1154
255
319
1927
1932
415
1996
994
882
1718
996
824
2092
557
2382
624
2290
2352
2099
828
2342
1721
727
720
1097
1326
1672
1826
1623
600
929
83
98
425
2236
1609
468
1518
1336
2029
1416
1590
2176
2167
2471
1531
526
269
2371
114
2426
1059
1713
1033
1619
1776
605
944
1993
1819
2109
550
2018
595
473
18
2145
112
679
2309
1863
1181
1706
947
2452
2356
1429
617
1923
1287
1502
2137
706
1745
11
1267
777
334
432
1257
1328
2313
1355
2047
525
1207
126
3
2073
70
410
2480
448
2076
509
552
378
2481
139
838
1467
527
2153
1629
47
389
463
1078
2344
1840
1163
172
1498
535
313
885
2398
979
2286
2470
282
1017
2112
2187
420
2399
2229
591
627
1478
1969
453
1095
2134
428
13
1780
780
2312
1987
355
607
2324
1711
2274
2004
1912
662
1646
2159
2463
1126
658
1859
1164
1218
2297
1108
2307
1675
43
1519
214
881
323
1918
1660
533
2364
268
886
1803
1631
1324
1007
247
1798
1135
178
2068
1482
990
1009
1496
2273
2006
973
1230
1490
283
2325
239
1861
198
1812
1970
2243
1031
642
2211
790
548
1411
1949
1301
2414
649
1189
1232
1842
2375
202
1536
1099
1321
1143
869
1958
1870
857
2043
38
26
2383
1023
1208
2116
1190
1892
1581
939
2001
1201
107
1105
503
2085
1026
287
2392
941
1632
2316
1644
1028
568
2299
166
1522
797
20
1155
2139
873
2437
1265
1703
884
1749
2056
481
731
519
2404
2234
2178
271
1165
2150
2130
962
2232
2439
1378
249
2402
1408
1339
326
203
613
14
116
1196
2219
375
1217
291
1524
1199
1186
1227
1573
2032
618
583
1575
2055
368
1633
1814
1005
1636
1816
2023
1047
90
668
321
522
907
1587
2482
771
1589
1048
305
1334
901
347
1179
1277
786
263
289
253
1396
372
1137
1225
1953
2067
2201
919
15
2292
2455
1377
693
406
669
1844
1345
1978
206
455
476
2271
69
1505
1849
2255
1290
935
2275
143
353
1145
2205
2341
1810
599
571
2431
292
2096
1158
606
897
1037
2484
1777
1359
2289
716
5
2372
2419
1192
1625
2053
2124
968
878
1809
131
1583
217
261
2303
1579
667
472
1329
1796
876
2227
1720
862
1281
969
2089
543
1255
936
1908
1702
905
1529
65
2119
1572
2430
2490
1438
423
1794
274
1259
1846
1774
997
2429
1187
1986
982
1278
1080
201
16
193
1608
2453
2026
2421
2034
1915
811
840
1805
1188
1533
2169
2444
2123
2030
95
895
1698
2500
1888
1728
2094
87
988
707
1708
1841
1825
2476
562
1441
2009
2057
513
1479
234
1601
1513
1864
1526
442
465
1961
1424
1936
2408
409
2181
2216
1360
1362
1319
2194
411
80
105
2147
2103
1771
356
224
2102
989
704
1413
2162
656
560
958
2279
1144
181
2272
110
2210
2285
1759
787
186
2417
2152
374
1508
362
2213
470
2070
650
1727
1390
1510
1264
774
749
1350
615
1934
2361
2355
29
511
590
1371
1647
1296
408
1851
30
1710
438
1982
387
918
2071
871
1866
144
1828
1491
306
1517
792
2442
1674
1959
216
1198
1914
1920
1412
4
1173
860
220
1434
1662
795
2257
342
44
176
1950
344
1556
1955
2128
1012
1249
938
8
2197
1325
971
1156
35
2020
1409
1739
187
2048
267
260
2225
1852
880
1484
933
648
262
148
2333
507
2403
927
1152
970
222
604
647
24
1070
2349
109
2193
1737
2369
788
1615
251
2314
819
165
1506
1617
1768
638
1333
1049
2357
1235
1109
1223
2395
2021
1685
1937
1543
361
1381
1515
1847
723
1034
1029
1088
175
2281
246
339
183
2132
1719
154
691
1444
893
1645
578
614
633
1300
132
434
1041
1935
325
685
1107
963
211
2241
184
1869
407
1271
1274
1320
1309
2239
1787
316
1677
310
922
1584
1520
462
200
104
952
2374
160
121
2224
155
2077
1247
2486
383
757
1637
145
1539
566
2496
690
1246
1075
636
1785
1226
1040
610
1599
1511
1758
1965
1480
1087
1093
2031
196
177
450
1162
2046
404
665
79
515
759
117
1385
874
75
2090
1690
2168
1580
609
49
2261
1700
1146
1351
1653
1191
1521
1817
1407
789
556
115
741
225
1129
1113
100
1500
1387
2405
1372
1367
2327
1044
1676
2353
1458
2387
1733
1630
1403
1119
832
961
1569
2472
625
2245
1628
619
1170
1988
2434
1261
2165
545
928
180
1172
1779
1717
1452
2390
2253
1306
2433
1857
750
190
1116
745
1754
2326
1220
628
2300
118
870
48
1238
1001
2199
848
350
1822
2477
572
1740
908
778
2104
1436
1784
1922
2078
2174
394
746
2189
328
1171
1457
1055
1062
153
1886
2427
2389
2451
753
229
1947
534
418
2447
1120
1214
1769
1833
748
295
1622
1406
1722
1242
1090
2287
486
437
270
369
66
324
986
1701
1370
1881
539
1997
1911
207
192
1079
854
346
2135
2036
431
692
1054
17
371
576
1233
737
586
1693
747
863
1597
1379
1570
654
2411
1468
256
675
1209
179
2011
2418
191
151
159
2025
1744
1437
1182
168
855
2258
1964
242
974
429
1398
909
2101
2122
354
717
99
433
2401
1735
833
111
553
1791
1724
2388
2054
1848
142
821
2012
514
2190
452
266
2158
2215
597
204
752
766
1082
1885
1967
302
913
953
555
171
861
826
1335
948
510
2319
2489
1804
914
1302
129
1821
388
1462
130
1346
1818
2366
1618
2345
1064
761
210
163
1747
1159
1574
592
199
1689
1616
629
1138
1895
1658
1
817
1669
2000
768
751
1600
272
1030
1872
1081
883
2228
396
2306
51
1591
2409
1894
45
496
1989
135
1250
2493
829
119
853
88
1148
2318
1343
1486
2138
2207
608
603
581
551
602
851
55
709
2492
1577
2294
842
1404
943
2436
2416
221
281
2304
1976
800
1905
71
782
1405
1368
715
1174
1060
492
1668
956
1025
2022
2238
2148
972
1074
681
2091
2422
1294
1641
1204
82
1789
888
2039
2337
2385
2248
1276
2059
998
2335
598
643
304
2446
1167
1613
1764
298
1820
2487
1280
1891
872
1998
674
593
277
984
705
2151
2378
1032
1566
2203
125
1133
2143
1741
288
2449
1018
1887
847
822
699
1210
1111
1461
1193
1248
942
1830
1022
6
1465
2016
1695
471
898
1782
1563
54
1311
322
1251
348
1868
2256
2351
1694
137
359
1945
574
2125
1361
2110
1919
241
987
474
57
686
1297
1593
2244
1443
1931
2454
2170
1312
2466
1725
127
538
992
1746
1811
1665
1150
2049
2420
816
1640
799
991
2412
2019
2140
351
377
2111
1561
951
301
657
931
265
1497
1916
892
1036
146
2368
1180
53
1392
925
955
136
505
2291
1067
794
1707
2209
78
133
2014
2082
1083
2259
1098
1664
1063
333
33
620
1509
930
1245
2263
916
385
1085
248
1494
1269
1020
395
546
1686
714
980
2423
1656
460
1027
1092
475
866
2180
1425
2315
400
363
688
1712
315
1043
147
2044
1472
173
2080
1322
1266
479
399
28
1839
314
698
1731
587
1430
1823
205
865
1046
414
1101
1459
849
712
2296
120
50
1489
1801
2149
2456
31
2204
1582
1456
2365
230
1270
1338
1547
1068
194
37
1499
2155
1124
1166
812
1773
1545
1363
1875
349
1211
1374
2264
1688
1024
1867
303
1691
2192
19
1019
976
981
520
1966
1649
1829
1102
1417
152
890
616
2407
1402
1904
1003
2288
285
785
252
937
823
469
2415
58
529
2069
1585
831
1738
1974
676
1202
2448
1567
357
227
1856
1770
1760
2146
666
1469
521
458
2133
1673
2160
1808
694
1661
589
237
1926
427
582
2328
1850
1571
1605
920
2367
663
2066
2095
1678
102
212
2072
276
1256
1748
1262
2107
444
2358
72
1463
1038
311
1884
1132
2249
1940
1564
1942
719
36
25
1559
584
1356
2298
544
1299
1670
390
22
2276
1528
530
2278
89
1066
1349
439
1241
254
1127
1285
1268
1730
1454
644
2432
776
1386
1901
818
2320
736
2157
632
1184
1792
1650
1008
226
879
536
565
2284
42
2037
564
2380
76
621
1449
770
1252
331
554
1393
2377
537
1314
1228
1125
558
1131
9
2305
487
1057
805
2027
2381
499
1501
1903
416
2035
1136
2074
697
677
1323
233
1376
1298
1394
2485
215
1042
2015
1878
1598
695
1221
2237
232
2322
1921
2100
59
77
1800
784
949
934
1862
945
637
235
1802
932
1279
630
1836
1391
2198
2474
299
2260
1216
1455
156
1944
1902
1161
646
1447
1837
639
708
623
1318
1470
490
850
1239
1015
1121
1483
2394
1330
1200
2438
540
2063
612
1073
1195
1540
2498
379
1493
1212
337
1874
1716
1762
1960
1426
1317
138
711
1992
1607
1084
2363
1657
793
1357
701
280
2478
467
837
803
459
1222
2321
2108
336
2262
791
219
1709
34
2468
2424
516
1052
1951
1880
2129
2144
422
1058
2266
1332
2007
1753
2230
2220
1679
341
911
451
2033
1244
2461
1086
1558
170
1410
764
1104
293
250
1487
405
2105
2013
762
1898
335
867
2282
32
1421
580
1756
457
108
1389
157
1692
67
464
1943
1091
1845
91
2462
1783
887
739
807
2086
1229
1471
1639
2467
2186
2310
2017
1504
1488
92
975
2460
1147
2064
373
1292
573
567
2317
150
2479
1972
726
1766
640
189
167
320
2251
366
264
2003
900
631
1395
808
1928
1554
2121
2098
275
1050
2457
461
1168
1016
2058
376
2206
2242
965
635
1231
1383
1177
964
775
1648
2301
1815
2269
1295
2497
653
2038
1315
445
2370
2106
2441
1946
1433
796
1913
485
345
1752
2050
1772
2202
524
528
1977
1592
1954
2465
2226
402
1477
393
1723
1282
1117
906
10
2350
489
1476
1941
1439
1035
1473
2376
1705
1260
1606
493
1492
2473
81
2362
488
577
1790
41
384
1194
2161
1578
1397
2179
569
365
2491
1213
684
1327
721
2400
382
1594
725
1654
1604
1446
449
2028
1021
1258
1697
2393
1348
2308
430
687
128
169
2354
2348
1763
2267
2156
96
2212
1788
508
1990
2268
74
673
441
2329
103
27
802
1981
1451
2010
1122
1056
2163
1253
904
1010
926
1072
1352
12
1273
1096
419
1206
601
1243
839
1283
2338
466
1215
1659
959
1900
2334
611
1077
2410
2280
2459
1553
1364
162
2042
182
846
480
561
517
765
2118
1635
985
124
689
2075
710
875
2093
317
1767
2221
1071
412
1929
1971
1176
773
332
1342
443
1595
273
1263
1995
1999
1879
358
1699
2084
417
482
1004
645
978
1596
1514
1288
2185
758
1419
370
523
500
1160
1344
134
1039
2240
491
1612
1781
756
1952
2233
977
1983
1530
1838
1051
1341
1813
1994
1855
760
1714
1453
1643
2191
208
1876
763
84
1169
588
1006
1541
1655
1671
664
506
781
1832
659
484
1576
1544
1824
1418
682
497
23
1933
1197
891
1560
2115
56
1523
1778
1366
1388
2171
798
1237
700
440
1907
995
1337
843
238
2406
680
2200
329
622
1827
1979
94
68
1957
1786
2360
1757
2450
2183
1666
21
740
327
626
1384
1890
2302
2270
1205
917
634
1680
1687
1011
670
1118
1588
1507
1142
1316
1000
1460
258
783
494
1415
1445
391
912
2396
1014
820
2231
1045
426
738
2384
779
308
1742
2208
1751
1110
718
1236
2024
1610
713
2458
2065
641
967
1307
340
1128
7
1538
2117
1586
149
801
113
806
1877
2336
1537
446
2332
2002
2184
1684
1889
1474
2166
585
46
1899
498
1140
123
1732
483
1495
1667
1925
844
2246
859
1734
1991
2386
830
290
1910
1432
1151
2136
703
1503
836
158
1565
2295
1219
1546
1401
1715
352
2088
1094
1123
1555
1286
413
1683
744
197
1736
2196
702
652
1562
1340
86
2254
2154
1896
2277
1153
2218
188
2188
2323
318
518
1568
1963
2359
1939
386
1973
1272
575
501
502
2464
1475
2008
923
1380
1512
1134
367
1185
1534
1860
2182
814
63
140
380
218
1420
2283
294
60
1551
2311
2494
40
2087
286
728
2483
284
2061
743
722
1726
2235
1354
809
223
1865
559
1234
894
1956
161
903
1399
1924
1254
1775
1308
1358
845
825
1980
864
2217
672
2045
343
2097
1834
1114
1373
1089
2172
213
185
1448
244
2443
924
1527
300
1440
754
1681
1651
307
2173
1806
1157
1291
2040
1765
1240
1375
2428
2435
2330
835
683
734
1542
85
1305
1369
2127
456
1795
1175
2425
1303
2141
2252
1106
1550
1557
1642
1930
1069
1100
1112
2222
852
257
231
910
101
2495
1183
1061
1807
1948
1203
1624
2005
338
2131
2041
542
810
2293
1149
1141
1858
2379
2440
1682
245
1626
1652
2469
834
596
1310
2079
531
732
896
1466
960
2126
2250
1053
966
1968
1076
1962
1627
