1887
1608
477
1349
2328
1786
1602
2268
408
267
1455
26
271
2102
1915
1973
1226
2244
1231
750
1895
1404
1738
566
826
2283
674
2340
1949
190
1232
1464
413
1372
21
2380
881
835
230
1683
1396
717
1353
217
1444
1525
1242
1948
940
1105
617
1597
166
1953
1292
1635
513
2143
17
993
400
722
1442
1269
2057
686
1227
2095
1685
2163
1544
2484
2229
411
386
332
946
1509
2500
604
1490
2373
1528
337
318
1161
359
1591
1051
2159
1036
1800
249
343
823
2147
787
2469
1380
245
468
694
1073
1969
506
698
2433
1959
1321
2189
956
1336
2049
1676
1149
110
879
1140
1186
673
77
1108
651
87
1698
1489
232
977
1311
1146
488
2338
2397
159
1581
929
305
78
2209
887
478
416
2028
1374
2232
589
1914
1774
1013
569
1804
53
649
175
158
41
1339
2269
1665
204
1507
362
1754
189
523
2470
1225
2075
656
1125
1839
70
1663
456
1617
2491
37
102
2442
2161
2446
2187
1885
1962
1631
1501
1460
661
181
1562
760
2497
1687
1739
1843
2415
2031
1083
1290
2464
784
1479
2201
1214
1071
960
603
643
1210
2432
2188
2072
2499
2418
893
108
1577
2399
472
510
2474
1006
1471
1975
620
600
2134
972
911
1743
2308
1668
2197
2029
466
1040
2494
2162
838
1706
1238
439
852
1284
1740
2042
1138
1191
1579
2424
622
732
2273
105
1549
531
2468
1250
1857
71
1492
1416
2020
2144
875
1883
1090
1849
2034
167
1590
67
2129
1411
2351
1331
1605
1612
2071
354
963
1289
2105
372
1106
2174
39
339
293
1241
781
736
486
1335
899
391
98
1546
1308
709
1221
1553
1864
1592
426
145
1286
1707
2058
1812
678
1968
63
2366
1207
817
479
94
756
1217
1793
1144
880
2344
1096
871
2423
2390
2465
1018
1903
2053
2334
1971
897
1341
1103
1532
1807
2266
254
128
723
2326
2453
152
745
1939
1816
1758
720
1344
933
811
2315
2203
697
2408
751
1833
979
782
46
1623
2346
666
422
1147
1637
2378
2111
1987
1751
297
1692
1715
1746
2
1828
120
2193
1265
1622
1085
1680
928
1003
1382
1792
837
2056
384
1245
1061
1415
587
1403
2331
2332
2055
1722
2443
1445
227
1080
1049
741
1157
1530
815
2381
1488
2247
1788
1675
1653
447
185
1796
2123
2293
1476
1033
902
306
298
1064
2489
81
295
140
1497
220
2436
374
164
853
1732
1101
854
780
1679
2298
1967
1817
1015
2045
1205
2498
458
2093
16
545
1727
1818
1176
1731
607
1750
2164
95
762
1294
1007
1035
2046
628
1072
1521
801
2103
1646
512
1972
1996
1902
1933
1930
10
1465
2234
131
55
959
935
101
754
335
1776
1657
2084
1278
2405
371
810
2195
2393
2488
2451
2410
657
1084
1171
1508
892
1795
1150
2114
1185
1418
1183
551
99
1919
1114
1215
1453
1504
514
2248
2349
2444
2043
749
1325
75
1306
165
997
2146
169
434
2151
1859
482
444
93
816
79
1075
983
2070
827
2471
1350
1882
573
282
1109
2231
2313
223
1104
453
380
2023
1302
457
1672
369
1884
771
2090
1087
2337
2010
237
2051
884
2216
804
1659
772
2037
2396
1082
471
1576
1223
1005
904
2041
2223
577
1124
1522
225
2066
796
690
907
540
480
1837
1920
134
1835
1305
1126
527
2387
680
2429
671
2413
333
1697
1580
1840
405
1167
132
1572
1935
179
675
2265
614
1561
2445
84
1371
748
1319
1821
2205
1824
707
2202
1870
1770
1640
544
399
1021
2258
1557
324
1472
1151
2101
1070
138
1771
2392
942
2100
1638
692
677
1505
1063
609
1130
729
2119
296
1088
1876
1942
1271
2038
1871
1681
113
1794
2050
2125
1913
200
19
1016
2296
1213
1595
52
819
909
996
1938
2079
491
1974
2127
1976
2233
1660
2185
2124
563
1202
1922
1954
1067
2224
153
184
1888
459
437
1983
1710
2015
830
499
2353
702
2362
2409
1734
598
1520
1055
269
313
260
1586
2227
842
594
1564
998
2213
1503
634
2177
49
1892
473
1430
1925
2271
1189
1190
449
1237
1086
3
791
430
2312
1806
91
320
1950
1918
1020
939
2386
1440
2365
1188
1030
1277
877
1132
987
889
2414
2318
1257
1198
1614
1000
1689
1068
800
2091
463
412
793
1778
973
239
224
1252
1022
325
1639
1841
1594
1690
945
1381
599
824
2073
1773
1118
1644
2371
2259
1310
1823
1329
2439
294
357
1164
365
2267
2077
701
2252
950
233
2006
668
1267
1172
1928
1437
402
1548
1779
1481
2014
346
205
206
794
1092
1139
508
1387
1421
121
1850
1413
1010
1620
1555
2062
1454
986
2027
1133
1099
1094
1477
136
2021
1065
2300
2336
571
76
1158
626
777
1664
1029
1725
593
2086
1364
1115
1652
209
568
2412
818
2178
1927
2140
1366
2254
1069
2462
650
888
937
505
1500
218
994
1961
2280
2088
1747
436
2120
2285
2172
244
1137
1543
1487
2479
1358
653
1541
392
580
919
2404
1780
2463
303
1379
62
1243
557
755
1667
226
1583
443
2222
2480
155
228
2137
1559
2155
497
171
1898
398
2260
576
1815
1360
1462
766
1053
450
1923
8
1551
2322
401
1827
353
1814
825
1878
595
1759
2454
1066
61
2250
859
2478
1412
822
1900
2307
845
779
1398
2171
1377
1394
2154
315
283
310
316
1402
962
2158
2192
583
848
2169
1008
1322
1516
808
290
596
1783
621
1990
543
1545
1733
910
107
1494
1276
691
183
2092
1457
1705
886
2179
356
2435
1334
658
1769
2141
409
1848
2347
2160
1318
1811
1589
1449
992
924
1298
452
1960
1643
347
1881
125
1539
1201
487
1452
68
1550
490
783
454
2048
1274
96
1573
1122
284
1373
327
773
724
2032
561
1397
1618
301
2264
348
1945
20
2207
2168
1299
769
1077
498
542
29
373
118
1805
2270
1537
538
1910
1052
1985
2173
2467
2081
1924
865
397
868
2302
683
1212
1019
775
361
1168
916
1256
48
2420
632
221
1113
995
849
631
829
60
1179
1438
1050
1089
903
1819
1872
1258
173
210
1246
1363
535
1417
1200
253
1755
922
1295
2191
2196
1994
2108
1268
1790
682
1011
1220
967
640
672
743
711
797
1625
1862
1587
2434
469
684
1691
1047
1677
1301
1966
1079
1459
1499
895
352
1674
1204
2305
493
1650
988
216
1145
2135
126
602
240
1666
1820
1153
2406
451
1346
168
2477
968
116
433
1647
1600
803
393
1178
177
1854
1451
199
1456
1408
2348
2094
1491
1233
2319
58
2089
1901
1703
982
1626
334
2345
1670
342
1917
1074
1017
2001
2400
88
985
655
376
746
1369
2449
1230
2486
1259
1235
836
2274
1351
64
901
1263
2355
14
1478
1347
529
517
1037
1661
246
119
1737
1112
1001
1192
1177
1375
1224
2487
261
238
2008
2281
1642
606
112
706
1474
999
2330
1787
195
314
1429
1649
637
534
2237
564
1772
1629
2457
2226
1206
427
2200
2175
2000
1155
966
1894
1713
1547
1367
115
336
2116
97
1518
291
525
203
11
1782
1566
1399
1896
1163
1041
1847
1531
2460
1603
292
955
383
124
1473
1834
2472
231
1957
2388
612
1266
1450
2012
467
462
552
1863
1195
2085
410
519
610
104
537
1993
558
1128
1127
833
1423
1042
1565
2289
1291
2299
2067
1723
1159
2210
2016
465
317
567
2204
1610
66
1388
608
1813
1107
1469
1701
448
2286
805
207
1596
192
2485
860
2184
2013
1361
1054
896
1368
710
1845
575
1236
2218
1836
548
243
1719
1400
2398
847
59
1684
1842
1320
1034
2150
765
137
1627
1535
1978
806
182
858
2068
146
786
546
670
1598
496
432
2149
2078
1775
1947
1524
1014
1998
275
1767
1356
2288
1483
272
1100
681
511
530
1340
1609
1880
625
47
981
2060
1253
715
1498
844
2087
475
234
273
191
236
1057
176
2292
2279
1693
2458
160
578
106
1359
1899
1285
43
727
2367
1688
1234
1651
2317
111
1098
196
1060
1463
2219
1695
1992
553
1239
926
1405
944
503
1251
1283
1439
331
7
1877
1757
274
2180
1785
1619
382
699
1944
304
2495
2107
1297
1254
57
2132
2256
1355
1937
541
1810
198
186
1091
1621
630
1154
148
1865
2361
1654
1560
623
970
45
2242
938
2217
1431
1264
1383
2117
257
1552
1735
1315
1911
1538
2221
2139
417
69
35
1891
978
1766
735
481
696
931
2403
2327
721
484
328
976
1523
1982
40
1048
1327
611
375
247
197
1718
127
23
1027
378
2030
597
1575
2186
349
1989
1119
2246
73
2417
2145
1856
419
1542
1143
1039
547
990
2374
613
1658
2341
1869
1370
235
1441
1768
665
1712
1180
1312
1166
2024
404
414
28
1832
1401
350
1424
143
799
329
1798
117
1997
30
832
2321
85
713
2022
952
80
1081
1515
915
2074
2324
188
1248
255
2339
2225
636
555
2211
2482
759
1536
2272
1700
635
2309
1852
1756
1851
932
2004
44
1446
2375
330
1708
2314
302
1407
820
520
1912
757
1337
1763
1435
689
991
1563
180
1825
2036
483
494
2490
619
763
872
1858
425
367
1470
1357
764
2212
2181
809
379
2106
1199
65
1554
1448
1519
688
1628
2096
676
2401
753
2430
1222
2376
1187
2033
1904
1765
2394
1428
1981
908
2019
1760
615
1905
1604
2372
1540
528
1711
2153
174
1955
1855
1059
1391
193
664
1038
788
286
969
2448
390
726
1095
1761
812
898
1822
2492
1218
1946
2236
1809
1032
2379
1868
2438
1529
1574
214
1046
341
2199
718
420
1999
1909
1324
2253
2017
403
2483
156
470
2476
1875
1307
642
1879
4
1447
1853
921
951
1964
913
299
363
1131
958
208
368
1606
428
1203
1393
1434
1249
920
1784
162
1121
387
2278
1
961
2069
1940
807
1466
213
1173
312
767
1174
154
1517
1078
790
1354
2441
1288
161
1980
2359
1281
12
744
2064
936
2263
917
74
163
144
516
1578
1831
641
1873
2170
1467
1229
905
2303
50
1764
1443
1031
2493
1279
930
122
565
1510
24
2284
129
396
2382
31
1929
270
322
532
592
1630
1977
663
464
556
2294
867
703
731
1791
1293
1908
2026
278
504
648
33
1716
1838
2130
1406
2239
2323
785
1135
2083
1028
1056
1789
719
407
539
2320
770
2496
1009
241
1673
1296
1696
90
2190
2005
873
1721
151
429
891
1480
2437
1624
2369
2133
1890
2082
742
1420
685
708
258
32
2335
1332
2350
1475
381
1270
139
229
2109
1262
2306
1748
2156
1714
1247
1645
591
1425
2165
2370
1427
446
894
1196
1736
1116
34
489
2003
1156
2157
639
2450
212
839
2301
984
1376
1526
957
883
1333
1889
582
86
2198
1409
1514
1317
377
321
2238
1724
500
42
2419
579
1120
1002
851
2422
142
344
6
2421
1781
509
202
1313
2142
388
2121
2182
1808
1907
795
1352
2287
2363
2076
647
1170
1330
300
585
1678
345
2054
15
431
1012
2473
616
1582
1830
418
507
1433
605
1893
814
1097
1632
2481
1979
856
2208
734
2115
1314
1117
2354
2456
1432
934
492
1392
705
103
533
802
1749
2360
1662
693
2122
2044
843
1970
2131
1802
141
89
652
2220
1384
778
704
2407
798
730
2304
2383
2235
947
2243
435
1216
423
989
737
1916
1316
1502
2257
2291
281
740
1426
1280
2426
2440
2295
2112
256
1886
2126
1613
618
285
2104
2113
265
83
2356
536
1699
1752
572
194
2261
882
485
2428
1184
1023
2118
1671
2183
1860
2099
679
841
2276
262
1599
2343
2395
560
1309
2368
2228
2035
170
1304
1702
2461
51
1410
1568
789
885
1389
1533
1211
266
2389
1043
287
1641
1485
695
1601
1209
2128
733
2297
2447
1991
1995
1846
850
1414
1921
627
1745
1093
1482
1801
1874
965
1326
495
1219
1076
1926
2047
1458
980
1058
714
874
1704
2009
662
1799
1570
92
1984
1390
846
389
358
1861
201
1228
2206
2466
2063
1111
1963
442
912
1730
2214
251
187
2333
863
1328
2475
460
522
2311
828
2431
2059
474
1385
109
1951
1208
1936
82
2357
948
725
1062
289
1181
1558
739
2052
147
366
219
831
421
18
277
326
774
27
1694
712
2391
2039
864
2136
588
923
2411
1762
1633
2275
38
476
554
123
1569
869
792
1272
2245
172
1588
1932
1422
2110
222
1506
263
669
1275
13
1342
1365
1803
1395
1436
1611
1244
1303
581
2384
2310
1261
975
1897
515
1484
590
1102
862
424
1556
1986
644
1585
133
2358
178
280
1134
323
834
56
1906
1709
821
1866
2040
2452
1362
2097
2176
415
1527
1025
1142
2080
1941
248
1648
100
857
1287
1571
264
1753
1141
150
1682
36
2152
211
550
971
215
311
309
1931
526
1593
949
157
1726
1584
738
1729
2002
1511
687
2251
502
2230
1742
279
438
114
918
2194
1829
1656
307
455
667
1965
2316
1123
876
1419
2007
768
1988
2065
440
2352
1129
135
5
1044
54
1741
900
1240
1378
288
925
1282
2342
441
2025
1136
242
813
586
601
250
878
351
1386
752
2325
259
1728
1826
943
2427
1513
268
1486
1045
1616
1952
645
953
840
1956
2138
776
2018
906
2277
1193
1720
2425
1717
1958
914
1686
747
1165
954
2416
445
1567
1004
524
130
1197
149
385
1175
1148
1162
624
2459
1636
1348
2329
2290
2166
1024
2215
2385
2402
2282
338
584
1152
1323
2255
1461
1169
728
1493
394
2148
2262
570
2364
252
1338
370
72
2011
276
22
406
716
1744
1867
2377
395
549
574
2167
890
659
1194
870
1468
2098
364
360
1273
1844
761
2249
521
1110
964
1615
1634
308
927
1345
9
562
2455
1160
866
1495
660
518
25
340
758
646
654
629
319
1300
1607
501
1777
633
2061
855
638
355
559
1182
1026
974
1343
2240
2241
1655
941
1512
1797
1496
861
1669
1943
700
1260
1934
1534
1255
