1908
1772
2215
2319
1625
1301
1860
1694
969
839
384
813
154
1757
409
923
2166
1150
2285
667
1991
1494
860
870
78
2187
1720
2192
1681
664
1615
2124
1085
1957
873
1221
669
998
1622
171
1708
659
2213
899
204
957
329
148
1486
1170
2243
2086
1629
1201
124
712
1097
2107
1505
1432
792
1208
286
1784
830
1125
1706
1617
800
2099
1645
1365
2236
901
1797
1920
45
717
1763
1071
1275
42
586
475
1379
1571
1668
1536
63
1466
118
756
1259
1987
519
1417
1739
723
947
775
38
862
1924
1949
523
1532
1894
2298
64
164
2421
1782
757
81
7
1326
237
1079
699
1910
1988
1561
820
595
985
930
903
1778
1937
2216
1406
2277
1679
544
2027
1385
2348
1805
1167
1295
1638
2329
2463
2406
720
1338
1123
738
918
1078
417
156
2193
1572
2140
1155
293
1368
960
784
1237
451
2125
1182
1626
1669
952
2035
1951
1662
1612
733
1442
1147
2201
704
1834
1310
1173
2218
1936
1808
1899
422
1108
1298
856
94
1542
456
2416
2175
168
2212
804
1537
1594
2392
347
1115
158
2011
1529
1261
920
1395
2246
534
1454
290
352
977
2058
1351
2132
1105
1102
1765
886
2135
212
1421
1088
626
2134
1284
1544
1812
1418
587
2153
6
313
1491
1354
1870
782
1099
1871
1364
2325
1433
1255
2268
1604
2429
2071
932
1830
506
2106
2205
2267
1258
934
1831
2207
1552
1480
2040
727
2209
2296
360
312
1253
2407
614
1022
812
1300
863
774
725
644
708
1581
2150
1515
779
1029
1006
1455
87
2221
744
2474
446
1003
1650
1011
336
1080
1514
2088
1382
1389
1075
2238
1274
1462
452
1850
1644
2403
1609
1779
909
32
1705
1005
98
1773
287
654
127
2056
2380
1639
1493
1156
1687
1484
2311
298
1990
941
1829
210
302
776
195
821
285
2173
1591
1934
1092
1596
178
1305
2043
1068
134
838
2426
1666
2488
2435
2408
751
1872
1756
509
2250
543
1495
1194
490
2264
769
1770
2487
1356
2026
476
1730
1304
2234
686
1452
904
109
310
2477
1056
2171
1273
217
1754
2486
826
52
376
853
887
303
606
152
1959
1262
318
1852
1018
179
2266
1369
1431
211
527
1311
455
562
2489
2399
338
1575
937
864
2072
227
1685
343
402
852
2141
2000
1521
1038
1439
2163
643
1009
366
785
1077
729
221
1117
467
2015
623
1101
692
160
2484
940
2262
100
2347
216
1189
761
2281
783
572
831
722
1020
1979
2061
670
1218
1642
2313
1963
1818
371
1256
1574
479
461
1334
487
1758
495
1010
760
1722
1478
881
695
1223
2104
1904
2467
1294
1420
1036
915
175
299
1869
2466
1476
621
291
328
515
1795
808
342
650
1153
2330
1376
1026
2074
363
1315
34
1331
233
369
1559
949
1525
607
2016
2383
1384
987
2457
616
668
1316
997
511
397
2064
1278
1926
444
2323
493
213
372
1745
107
2188
1719
166
959
1318
1162
1534
1111
2189
17
845
1168
2062
1424
1387
1070
61
1608
131
41
1589
652
2379
1875
1292
1588
2462
1880
655
1627
1821
92
2371
1465
2102
611
382
272
579
2420
2364
473
1176
1851
702
609
2144
478
1192
2138
2252
1696
2048
671
646
570
2257
1245
320
638
1438
2038
2433
2366
1044
2449
79
1972
1270
1308
2300
1636
2199
1359
1222
275
797
2423
1268
2381
326
1050
1602
1372
790
24
1907
1523
1213
711
557
2305
2047
1151
1678
770
913
2039
547
1269
197
2108
1535
2149
426
186
1947
1788
656
480
2028
2418
894
574
1614
2434
1239
252
59
673
1290
1603
2478
883
267
924
922
243
1647
1203
2030
982
2295
436
1950
946
1749
368
2374
1845
1981
868
1446
2203
1100
188
14
647
795
2481
1977
1143
159
2286
2370
258
1794
2316
1302
2361
324
2167
1293
2128
935
1348
1677
1
82
1490
190
1961
254
2012
1013
327
888
619
2287
1458
481
801
2355
1483
649
1965
919
1323
854
1889
2244
613
1353
536
1832
5
2340
341
1928
305
91
2057
991
1129
294
1267
1974
522
765
2297
552
1503
462
687
1394
1329
1802
1663
404
191
1015
1152
1496
665
1330
958
1054
827
1903
380
464
2155
1723
1879
112
1210
1187
1640
1215
675
1579
1661
754
798
54
2468
553
1943
1655
398
1833
1399
742
2304
139
624
1206
1680
2032
1045
721
1595
1209
685
555
2339
1341
240
1328
449
1457
1482
1909
615
1138
2302
1577
1320
1840
1580
2255
1377
176
1817
284
1878
53
2344
89
602
144
661
1383
516
209
1576
390
2391
1635
842
1983
184
1725
295
1137
1374
1883
1658
1671
1862
102
117
2288
1774
40
683
1161
137
2342
115
1204
1340
1428
1463
187
1350
15
1349
2318
1508
1103
884
1146
2301
2491
225
2456
391
445
1897
2465
1716
2282
1980
889
532
235
356
617
2158
976
1611
1960
568
2194
86
2226
732
1413
666
2142
2384
116
1055
1081
545
684
1526
2098
558
2023
35
2031
1518
973
2393
321
1999
2002
1632
758
427
1750
334
541
2184
672
917
1279
1037
2136
10
1181
2470
2222
2308
1135
1733
2354
642
1902
90
1024
1670
198
1707
1667
2413
848
474
2473
2075
2458
1921
584
1583
1524
1624
1916
1656
1411
2397
2499
1876
1940
2346
1299
1260
618
132
106
850
1479
425
1847
381
1504
2365
2185
1776
2126
2431
713
583
1426
1154
1193
11
1014
454
1796
802
1427
2010
60
1445
1793
2034
1263
1945
1414
149
1412
75
836
1858
637
2117
2095
1653
778
1355
2090
1689
933
590
1637
2219
1282
1713
575
2094
1110
1089
691
47
39
2349
1289
19
1846
1567
1196
1398
2060
2276
2
2052
1654
2279
660
1857
1291
2436
954
2411
989
1859
249
463
4
1033
540
1634
2495
2424
1905
2003
1844
1485
1148
123
2430
984
810
1358
1473
520
1064
1699
1566
1046
2154
1067
150
1107
1929
126
1477
345
1578
2410
746
431
1487
2164
1142
1998
1882
2293
1344
1806
2409
818
1996
1958
104
938
690
939
224
680
1249
410
1166
809
499
307
2169
2310
1090
1419
1906
2412
2280
97
365
2029
895
1324
2084
1917
632
731
181
2496
1914
1449
1027
1165
676
2021
2109
912
805
375
1136
62
2261
1519
488
278
440
413
1051
1660
433
172
143
1021
1823
1174
750
2471
1665
1502
1401
2401
76
636
2059
1597
314
223
1517
500
325
2375
1436
549
635
910
335
517
563
1533
1172
2172
507
56
1287
1095
1004
2103
539
2283
1205
2045
1724
304
869
1573
705
589
745
548
1034
1927
2490
1481
1460
858
2112
203
1718
1063
385
2359
1922
1864
248
2265
2461
2444
653
1721
250
1158
2025
2396
1743
625
119
2249
1309
1409
1564
678
1616
429
955
1798
330
1913
1569
504
1698
596
992
1098
443
2324
1388
1235
349
1748
715
1584
521
1648
755
1590
1752
457
2082
834
1188
1651
796
2388
1019
1229
1184
2049
1116
353
333
906
1543
140
1448
1366
1381
283
228
662
2483
419
968
1760
1984
2151
271
2050
1803
1405
1952
1133
58
2292
378
2165
900
512
1970
875
406
1556
752
2395
2190
2065
215
996
332
753
399
728
265
2476
1474
2333
8
2425
1069
208
1915
2210
218
1488
2317
1367
2036
2013
1233
2290
173
1755
346
437
1499
1898
1272
1073
2440
525
1824
1700
2033
1169
2186
789
1558
111
30
780
1791
428
2177
814
339
1373
1048
533
1683
1082
1619
979
874
510
772
777
1177
2227
2414
2206
542
791
688
2089
2448
2358
20
492
1912
288
1968
896
232
2208
1319
1585
1789
1145
2493
1217
2299
2332
1023
1688
2053
36
2156
1643
1084
788
170
1822
911
925
441
2014
2432
1768
2273
897
1226
2118
1407
1735
1283
1682
1440
1216
592
2183
700
518
679
980
1086
1893
2044
497
1528
434
576
1809
2063
72
193
799
1183
141
388
2161
1370
1848
1393
1118
1378
730
1675
189
2321
3
1780
2428
1865
21
837
1565
130
498
560
151
2357
2405
993
2453
389
1703
847
1281
2022
1853
1127
2320
890
2114
146
2017
2367
972
608
183
1120
908
1492
201
393
1592
1783
1001
2269
1212
1753
2181
629
1236
2245
550
105
693
1346
914
245
1094
2494
2113
1313
2350
1386
1953
1811
340
1227
113
561
1464
31
2120
1251
840
1453
155
885
1607
1198
2376
2054
2441
1343
1140
1185
1971
829
472
2438
1234
1247
1332
1160
1437
2362
1873
1144
2211
1190
1815
612
819
2174
1935
1777
1357
85
945
538
1083
1946
219
255
306
1712
367
1149
70
2260
970
408
383
354
2315
29
2176
689
1939
1060
489
1969
163
1186
2469
828
1230
1314
1800
564
351
1285
405
1727
531
1807
807
167
2497
2341
1786
822
2485
229
1443
1157
773
2377
953
1180
1896
1932
1470
101
1855
48
841
2116
2475
1709
1057
1799
202
537
610
1734
1620
1224
1704
1901
1976
1461
634
1919
585
867
1093
794
591
1444
2067
1693
1266
966
1792
1265
2337
157
2083
849
1352
766
1459
33
2398
1380
1539
292
2500
2356
174
1877
739
530
1841
2239
1219
1923
226
674
1509
2143
420
681
2160
600
767
898
554
1025
1837
641
1052
403
73
1997
1835
1139
1586
1966
247
648
2256
185
2389
2387
2147
1441
2180
2237
1423
964
535
1766
395
1507
1813
1124
26
2191
749
2307
93
2353
432
43
878
1810
412
639
2178
1425
125
2085
268
1732
740
1994
2445
18
484
806
145
1404
851
1231
377
1232
1339
1303
1403
1375
439
944
1074
1240
1109
1347
450
2228
260
1307
415
1132
296
2078
1112
1130
1697
1141
1391
2284
2390
2081
2122
988
344
571
358
2464
1337
262
482
844
1744
2498
206
1402
220
578
2294
1942
1128
593
971
604
962
1498
893
2097
230
1710
694
242
28
1520
142
1043
65
1554
2087
264
598
1695
1690
289
1836
67
1096
1360
1016
1451
2331
546
2254
582
1548
501
1955
1692
95
315
308
1884
1336
771
2096
1842
1422
49
259
2068
603
1892
13
630
337
1030
1342
882
999
1475
2452
379
1738
1447
138
2230
1787
1613
995
1211
1801
703
663
597
2182
824
1087
199
907
1686
214
2235
1982
1280
23
599
628
442
1863
1606
2020
2272
566
640
2258
435
2240
121
2460
309
2168
2148
786
1925
269
2195
1522
1989
122
46
1511
2019
994
1513
1195
1035
1104
1541
180
1163
1881
1717
1345
323
508
832
1885
2005
1506
1967
316
631
803
2338
1248
244
1049
1826
573
747
2037
2006
1286
50
2111
505
1061
1501
1400
763
1468
1012
1435
2229
281
1164
438
2073
2451
231
2220
1563
1570
2419
1715
414
931
1264
2336
1674
2145
274
2309
2123
724
1895
1762
1254
963
1175
1333
1714
1557
1538
2241
2214
502
734
581
697
710
1062
471
1238
311
978
2482
1646
256
2055
928
825
950
1560
1944
1867
2454
2322
1469
205
859
2459
1200
921
44
871
2253
279
1995
2080
2110
2127
1410
1761
2271
466
1066
1197
1930
177
529
2131
1849
2204
1676
99
929
781
1891
2133
448
872
236
633
2247
1007
1361
1467
1631
2455
1371
147
266
877
975
1047
1550
1159
2335
951
1091
1731
136
1500
22
2162
1415
1121
1250
1031
1918
2289
2200
815
2278
811
1456
319
1076
876
696
57
1553
68
1113
2008
2402
2427
1126
736
1701
1296
2179
2069
2259
491
1257
1767
2233
1866
1179
677
200
1551
926
768
1191
465
513
2225
364
280
447
2360
2001
793
986
1114
1512
2446
1042
974
51
835
2345
2091
1781
1271
133
2291
1244
2077
486
1416
374
707
524
943
1673
1618
2152
709
1737
2042
620
880
96
1657
2351
77
645
1317
1911
1610
162
891
355
301
192
1751
743
1000
2009
2443
357
386
1547
469
588
110
276
1040
1429
2274
741
1540
1741
387
833
1546
401
182
701
1956
2139
2385
84
1497
1321
322
528
416
261
1390
1986
967
1993
2129
1890
556
196
421
238
273
103
234
1819
1017
1363
300
2415
737
2417
735
1775
1207
1199
651
1397
1241
1568
1886
1277
257
1839
1122
153
1771
956
2369
394
297
1887
396
565
1039
55
494
981
477
1975
370
458
2472
1530
759
1134
2231
1790
1119
362
423
348
1628
2378
1652
682
2373
1362
2137
879
569
843
1472
2422
1276
1322
1659
2372
2007
816
2328
2121
2248
2242
2024
2004
1691
865
857
246
658
88
1843
1549
2404
1962
2101
1985
1202
1335
1816
1516
12
80
277
1008
460
1814
2100
567
2314
135
1396
1874
1623
936
1856
496
2492
1593
817
1058
1726
1828
1065
1684
764
2119
1804
1605
787
1641
2400
2394
128
1664
129
2263
1059
407
2092
251
9
400
1931
2066
2232
2480
1736
1288
1633
514
1900
2442
2447
762
2093
2076
990
1450
37
1028
2223
2051
66
282
2224
605
961
1599
1649
892
846
361
1041
1228
1171
927
965
1430
2046
1527
2251
331
16
1728
706
916
714
2270
1471
2202
1106
726
483
1032
241
601
1742
25
459
1868
2146
430
1820
1562
719
2115
948
1838
2352
418
594
83
1002
263
2079
861
2303
207
1729
2157
748
270
2437
1178
2326
2334
74
1973
1600
1861
359
2217
2450
1740
108
411
1582
2312
1434
194
559
1325
1938
1672
657
1072
2070
1785
1978
468
1888
1306
823
1545
1964
165
698
1214
1225
2386
718
1392
71
485
239
69
222
1243
2130
1598
2105
1759
526
551
2363
503
120
169
1941
453
1297
2306
424
114
716
1252
470
1933
2439
580
1601
2018
902
942
1312
317
622
1408
1711
392
1053
905
2196
1948
1827
2275
1621
27
350
2041
855
1242
2170
1327
1131
577
2343
1587
1531
161
253
2159
2198
1702
1992
1747
1954
627
983
2382
1220
866
1555
1764
1854
1769
1746
2327
2479
373
1510
1246
1489
2197
1825
1630
