925
77
1594
1239
1638
653
1369
852
933
2379
893
158
1717
884
1407
1420
1303
1676
1208
1207
1316
1873
314
205
1247
262
1757
952
1915
2200
2301
1043
2451
748
1872
2250
1508
1939
1901
643
1942
1779
1524
2034
803
2209
1724
2081
1126
870
1820
1082
1806
1557
1910
1981
2309
1329
2371
1464
1913
1260
817
295
2385
367
765
940
2139
2356
438
615
986
1188
157
128
2037
2103
1129
1428
777
2457
2057
1509
1058
2343
1771
1481
221
116
915
1062
1826
1737
2166
623
1658
1035
1072
312
153
1793
2108
2265
244
2087
1413
881
1822
1375
2183
1883
33
597
968
1965
1936
1719
407
1856
959
2348
179
1465
569
1774
1651
2015
1063
2178
957
88
1046
891
554
2150
1146
897
1615
1852
683
2267
934
924
2195
1272
2454
1877
963
469
1248
2413
267
1232
1169
486
120
2444
1393
824
527
645
497
379
1234
1999
2263
2322
1768
141
1419
1495
1500
1246
366
1012
459
1528
708
2093
845
2275
2112
18
991
151
1270
902
1040
1884
1235
99
917
206
2304
2136
242
2361
1148
1094
2337
2470
2378
1210
522
1570
1568
1785
2478
1580
1762
2333
1700
632
830
747
1475
2033
2152
276
1667
2336
1011
2205
576
103
1440
2076
2135
1617
718
630
2084
1860
1647
764
283
401
1268
849
1493
509
882
1546
1249
916
2351
1759
1819
1408
502
2160
1971
2144
425
953
620
1028
956
1054
2286
1266
1251
1362
2053
17
593
1123
70
359
170
2473
685
1202
622
2383
971
1022
639
1468
2406
106
1871
1659
2213
2107
1964
216
2002
2243
1031
2485
1052
1099
534
517
357
1014
1163
1454
380
364
1932
1935
572
783
691
1739
1537
1631
813
431
2188
2400
268
1150
951
2409
1497
2109
327
2223
259
1285
1585
1740
2489
613
1120
873
2004
1859
784
1195
1624
1947
1403
2176
677
2338
6
994
2211
1654
90
38
2359
27
429
1422
1151
838
462
909
1279
614
2138
1205
96
1064
1584
101
2155
1645
520
1162
1226
975
1376
2306
1203
1007
2196
1018
1870
1156
2312
609
1256
197
389
466
1002
663
451
1287
60
1297
2114
2126
2234
2029
1121
495
538
1080
818
20
702
2187
210
997
2299
1106
1380
1706
2452
2121
863
2055
246
862
1236
453
871
2249
671
40
1336
1170
1526
869
1934
1198
2441
1334
1229
1514
1347
1499
278
21
2248
2276
1013
1283
2190
1543
2167
2018
123
2327
298
2479
1579
161
704
455
550
171
1817
1242
1081
920
1979
2156
868
596
1282
1954
699
452
175
523
1322
1750
588
1395
1949
694
1813
424
2011
1289
906
1752
1963
80
188
30
2080
299
2453
12
1985
814
1025
201
81
1017
2143
905
285
1712
1366
574
1924
43
2024
387
308
1857
1608
1879
1238
1131
1299
1967
1212
2395
1416
530
2335
1434
2025
1805
332
1175
1664
2278
305
943
1799
2054
131
1619
196
406
2381
2045
1547
1661
2259
1059
1364
949
436
2277
1341
1201
1340
1775
1607
1736
1149
57
1952
1453
1361
129
2146
1858
1555
2464
1997
2020
762
72
263
1411
2105
2026
2009
1626
7
1168
2437
166
2201
1024
1308
2321
2420
1516
269
1941
650
1085
1655
1367
1781
1669
1855
1172
896
199
1182
180
450
1803
2046
1486
22
329
598
2212
808
1990
71
2197
1550
2280
135
1916
774
1927
64
2403
1480
1177
138
1192
895
1845
998
1384
1635
457
1352
173
192
2099
1463
361
801
1834
553
1792
112
1089
190
2455
661
2141
889
730
2490
334
218
1735
1142
82
31
1713
1073
1523
2293
1338
751
778
1178
1738
2010
978
39
2282
811
1345
1447
1105
1258
1875
362
2031
967
65
531
1457
2448
1435
482
678
780
1994
1666
1946
1672
591
1668
1809
2367
1237
35
1086
94
1133
1573
85
714
220
335
1098
9
1886
1801
2462
2075
686
1784
2273
1288
333
1300
670
1199
668
1160
2428
1642
2468
877
1575
1449
331
98
2436
1389
2377
2368
540
1077
1421
2375
1790
513
935
1933
753
996
1908
1004
1033
2052
1988
492
638
1318
646
414
474
1189
422
2199
377
666
224
1112
1070
1993
2098
1829
36
841
4
1970
2373
2113
207
560
1090
1876
2497
1005
1905
134
169
1286
397
2063
1185
628
1621
539
2294
1332
2096
137
1682
319
2189
140
922
2260
344
1323
642
447
979
2500
2097
1223
2264
676
2170
2182
2484
1833
2257
657
1511
1512
1741
806
2486
1646
2047
1622
936
405
1219
1969
381
785
950
1250
1787
2073
1850
487
1231
385
1227
1551
1211
768
667
636
1732
1228
1456
1326
464
115
1488
1577
1745
1891
236
1629
2042
445
1118
1278
2001
2035
1276
1314
989
1823
2442
2006
2222
2122
1604
2324
1734
592
907
1869
1179
1866
433
212
2320
1304
1460
1808
660
1265
1874
1306
2207
1895
1312
964
1325
1533
1275
1529
973
752
1455
336
496
1591
1078
547
816
10
250
2465
183
2300
1837
510
2115
2154
143
225
1641
839
706
1548
393
217
1530
490
2198
1902
1348
1704
446
836
993
2279
616
983
272
1315
1518
417
899
715
37
104
117
1830
2148
311
245
1045
1743
721
565
988
2440
1333
1898
1698
1492
1605
340
1940
544
1466
533
2272
754
26
2307
2311
2119
876
2460
2319
1295
2022
788
2203
659
910
2168
581
883
535
292
1066
472
1797
8
1695
148
2040
271
1415
163
2461
742
629
955
500
1224
1298
1399
1678
252
1487
529
1426
342
772
805
761
2180
256
2191
1423
1662
1355
430
1749
1387
2185
688
786
1702
587
1445
2000
42
985
402
797
2142
297
418
375
1102
1753
610
144
1479
1670
1412
470
2418
396
1812
2314
655
1190
2227
2003
488
898
2382
338
548
1578
136
2131
1050
1029
541
879
296
1344
791
1726
514
2445
2137
1174
515
2435
304
812
1147
289
1989
703
1865
2411
1890
1796
2325
1680
2369
1010
219
328
1383
1909
491
1214
374
1831
274
2130
55
1836
1917
1037
100
600
476
1008
2449
749
1446
1572
634
2078
2158
743
1844
1360
353
2390
1639
52
2340
857
228
654
2094
2384
1564
970
1193
87
348
2127
326
1458
273
662
1471
1725
1914
864
2241
392
1897
168
1987
1899
2056
1197
378
2060
586
590
282
710
929
108
1103
1687
867
880
1294
1541
1145
716
409
1888
712
626
507
1307
1549
1317
1343
1690
1746
1216
719
918
2438
1980
549
2422
2414
1766
1296
798
1240
618
2498
1386
45
1253
577
2111
1470
1221
443
1599
1053
1983
93
1878
415
1723
1609
2179
2474
1292
1181
420
1335
787
2401
343
504
365
782
1476
339
1478
1729
2407
1161
2380
1677
2287
1215
2499
1244
1026
2493
1055
352
2086
1144
214
2261
624
2360
709
337
779
1838
86
1281
890
1601
1788
999
2268
641
484
1490
1517
1804
404
1444
2471
2036
2357
1660
1694
463
2432
640
570
1701
460
1716
1096
2419
532
1854
1313
237
356
558
1727
1368
528
1957
498
479
617
1324
230
2354
2159
2240
1173
669
926
2062
1165
368
1616
1650
369
1755
1252
1978
2066
913
1614
1611
945
2475
557
2426
1945
1262
2391
1351
279
842
1648
1657
1506
1124
1758
253
423
2392
1067
435
962
2104
1217
737
428
526
1504
2181
2345
186
2289
1976
323
2226
1733
2147
355
904
958
633
29
775
846
1610
563
69
1673
651
1417
555
1772
888
2483
1912
508
927
829
194
2204
187
1791
2399
1076
2358
1091
439
990
2038
1520
1922
2163
1938
2237
637
1410
427
919
75
604
948
287
1815
1814
324
448
552
1382
2162
240
1821
695
1589
679
1406
1644
1391
1152
2397
1754
118
1030
351
1849
2350
48
1186
1842
1311
696
1628
1414
58
1840
894
843
461
1436
561
109
1613
859
2495
1561
1433
449
1893
475
2423
2059
1477
2215
2088
2283
1889
2028
2106
1400
1538
1222
939
928
2110
2318
1350
2012
1839
1972
578
1390
820
2481
226
1047
202
2134
736
2376
575
2089
1625
165
1686
567
1773
720
2326
229
2044
853
16
1722
2364
238
835
1904
1060
1225
1373
1921
91
398
1606
2206
2256
437
861
1176
1164
155
2253
2313
631
67
1
227
937
102
1119
222
1705
599
198
444
1567
2443
1863
191
1418
802
280
1184
403
589
2349
974
930
111
2372
2091
947
728
1643
1697
1452
307
204
1721
1554
1764
386
248
1320
300
1944
1574
2244
1665
2482
1269
1711
1180
2252
1563
1742
2246
322
1001
1461
834
886
1155
1061
1894
2232
601
2341
1583
649
923
51
848
2430
887
693
1346
1515
400
465
619
1385
1765
690
1254
1132
2216
2
477
1394
1632
1358
2344
793
2085
2193
2242
733
2374
1075
122
434
2070
503
1104
865
1776
856
2274
1051
1937
2416
1261
1566
727
1402
1519
931
1918
483
2153
987
1540
1274
281
1158
2220
717
1728
373
2463
724
95
2330
1592
537
47
1405
914
121
769
2491
1926
1756
1113
658
1634
1627
874
1108
1450
454
1034
3
1095
1044
851
2431
5
1363
855
384
562
1810
2303
2157
1783
2316
288
770
2389
270
83
485
2284
672
2310
1305
1183
1498
878
821
2292
234
1116
1041
2315
992
2332
2069
1960
1209
966
1425
309
707
1562
473
489
732
2019
1319
2065
1974
1679
193
2295
1995
1139
1130
1057
1982
2048
1565
1264
1633
942
478
442
2077
2083
512
954
247
1531
241
345
1674
1381
2118
1401
1593
2262
286
2323
1966
421
2017
1853
1107
2058
731
1571
1618
705
264
182
2218
2008
147
211
1093
1259
142
1637
781
828
1271
647
1365
2346
1763
511
1582
321
341
2068
1818
174
1683
1245
969
2467
1507
1689
2405
232
2214
1731
1284
2342
1439
209
390
697
1084
1039
2366
1110
2439
2266
499
656
1846
1882
2421
1267
790
1906
195
1462
162
1612
1409
701
1143
1327
758
652
844
291
1115
68
1392
837
1907
2488
2027
692
1911
2334
412
875
1398
984
1663
1496
2235
59
1032
1117
154
675
76
2219
1552
370
2410
1800
2116
850
741
608
2255
1356
2412
1968
78
2013
1747
2328
1688
1122
794
410
277
1378
1816
1710
1241
2353
2317
2186
2177
1802
113
2171
903
1623
822
1273
833
2494
372
518
178
1134
564
1730
1560
1213
1958
2424
2247
416
726
1649
2386
1991
800
938
2427
1973
61
1956
172
1157
1079
2308
1023
149
413
946
1953
1751
2472
1532
755
347
1868
1867
28
1424
2450
432
1438
2043
110
2355
1293
349
665
1353
1114
1900
1220
1903
1992
1290
1206
521
2459
1135
1489
795
1427
146
1955
231
203
1767
467
2217
394
2236
1827
584
2387
302
713
2245
330
921
44
1505
2476
1780
1928
350
92
294
310
1534
1483
2230
2023
2434
722
124
680
1525
2165
579
1825
1257
2433
740
723
1696
2271
744
1782
700
1337
1482
2169
1602
1448
1442
602
2064
771
1671
1760
2288
1196
2447
1331
391
235
1370
1640
766
458
2041
2128
756
257
583
644
382
266
1864
767
759
908
1769
2221
1714
2370
1959
32
682
860
132
24
684
395
1339
689
2477
506
1861
261
1807
673
571
481
501
1699
1795
1545
573
807
290
213
757
1187
1111
1811
2425
2210
664
74
139
901
1467
1595
2469
627
254
804
1474
1703
126
41
1587
2229
2228
1431
2258
912
233
1388
2092
799
2067
1984
303
892
2123
1328
580
1437
1036
411
73
1100
1998
900
603
648
293
358
2339
251
181
159
2329
1925
1138
1397
1019
735
2194
156
1887
2061
1069
2456
2363
773
2296
1920
858
13
1484
2051
606
399
789
1656
1513
776
388
625
760
872
1692
1961
1087
1469
1996
1137
2208
1789
2388
2393
1962
1828
516
34
189
1930
2396
2082
551
2172
819
1101
519
1681
1685
1848
1880
698
1291
840
1048
2302
1576
582
2402
2079
982
2238
847
885
471
2071
2446
505
1371
1896
1556
2492
1693
1472
1975
200
1709
2290
25
1502
1127
1503
1986
107
1851
239
1652
911
1943
2050
249
2365
2297
1718
2120
152
318
1675
2285
2175
1357
1015
1590
1598
585
1636
2132
19
556
2101
150
468
1141
2239
546
1074
2007
1027
1521
419
2016
711
763
265
441
1372
941
23
1835
2362
46
1441
1000
14
49
1432
1125
1154
1862
1931
426
2225
525
346
56
1379
1544
566
2281
2331
1794
1748
133
1255
408
317
275
2140
1522
11
84
130
2149
995
725
494
2269
1843
255
1396
1354
79
1708
1950
681
1233
674
1501
2049
1588
1167
2202
167
1310
1798
1003
363
1892
1451
1535
2233
1777
320
2496
1569
125
2090
1191
738
2100
66
2124
1715
2298
1596
383
825
313
536
1491
1097
635
1065
1330
2408
1140
1056
1171
2466
1006
176
1473
1948
1542
621
1919
160
62
1404
208
1083
1707
2270
2404
559
1277
1558
1009
1166
1342
2458
1153
810
177
2030
2095
50
260
1761
2394
826
1430
127
1016
866
545
2014
543
2021
376
15
1038
1630
1109
89
440
1559
1553
2173
796
2102
1603
223
2151
524
750
164
1321
2417
815
1847
734
1841
2251
823
2117
1374
119
1977
1128
2164
145
1510
611
594
1600
306
1459
605
1684
2347
258
854
1218
1786
1200
1068
932
832
114
54
371
315
243
1620
2184
2480
1485
1581
746
1539
1536
542
105
1744
1923
2398
1527
687
792
739
745
185
1349
215
284
1951
1494
1653
1377
1092
354
960
1020
325
2192
2145
1042
568
480
1597
1230
1301
595
827
1691
53
2129
831
1885
316
809
2305
360
944
1429
456
1136
2133
97
2125
976
1443
2254
1280
1204
2429
1049
2487
184
1832
63
2231
1302
977
1778
981
1824
1929
2072
2005
972
1586
961
301
980
2161
607
612
1770
493
1720
965
1309
1359
1159
2074
1088
2352
1194
1021
729
1881
2039
2224
2415
1243
2032
2174
2291
1263
