1486
1647
972
170
1598
2375
1350
280
611
1472
1868
1140
2500
2328
1835
562
525
742
878
490
211
2315
1382
2216
2470
718
2323
636
621
133
314
982
2394
1095
992
1990
2474
1341
924
679
528
75
184
90
1587
302
1102
1464
1206
584
2248
1881
392
1358
1802
1311
936
241
132
1786
2154
2068
131
200
892
1320
1343
2361
694
105
78
807
1438
446
1480
938
1741
1638
787
4
2018
2324
875
383
645
1203
774
863
1292
1482
2244
1828
783
1131
160
2249
333
1257
756
2223
601
1629
1883
2342
2207
2424
2396
698
2123
1032
1938
2108
2037
1556
655
1322
418
293
63
689
2182
260
1149
2203
1271
341
428
2227
1454
1158
185
1512
24
1994
2192
2483
2358
2336
1436
2295
1069
1198
541
57
2322
303
189
1824
2032
222
1877
1768
2460
1250
1569
2368
1519
2162
1574
1530
1879
2255
162
715
1488
343
2405
1546
1521
1475
2171
2381
1459
1620
1330
1792
1418
487
1296
1410
1238
502
1695
1179
1608
1485
107
1388
452
2128
1789
146
1435
2060
519
205
1958
1948
1563
87
1827
1099
2371
1309
1808
2288
508
1733
72
593
507
2387
702
2484
622
657
821
1922
1361
84
486
1682
2293
2327
1548
1979
435
905
1855
122
2408
1910
991
2311
684
1504
2097
54
1935
1550
1013
2476
2091
2229
1041
676
2129
268
2329
750
134
843
1122
250
721
766
1000
80
150
1499
2211
183
444
813
1856
1018
633
1658
40
1353
2417
284
1865
270
273
2132
1229
577
453
673
2069
1345
729
1870
1596
1071
2217
2114
2472
1058
1986
1985
1201
1494
1929
2204
672
2082
344
345
2429
900
836
1763
1644
983
1307
883
730
288
2081
227
1078
2246
908
439
1192
2061
1409
691
1440
1349
2067
2412
1044
299
2364
539
1004
1030
156
1830
115
2413
1747
786
1205
384
2222
1497
451
777
1599
1218
830
2449
2103
685
1467
2465
258
397
693
782
942
2086
2420
182
1920
1082
1258
941
2435
667
1280
826
1138
554
753
927
1080
1685
865
163
473
835
806
743
2452
2348
914
1502
1873
1204
977
325
646
276
1498
1439
1696
155
1223
2392
930
1946
1836
2338
2347
1230
2277
2049
2359
617
1604
2007
583
306
454
2423
811
1992
1670
1226
1331
1139
229
2433
489
17
612
1560
1319
1509
736
876
1508
394
327
135
1687
1711
51
708
2169
459
1612
1446
997
955
885
353
449
313
2149
1357
1884
598
1968
1393
39
2023
2064
1888
870
576
143
1749
2026
2224
1314
210
1949
1861
560
838
1061
1423
2294
248
602
512
5
267
1706
2031
970
1847
586
101
1568
1934
1844
781
2095
100
1623
839
417
1200
2209
2050
1234
1491
1977
1394
500
926
395
7
1780
1114
1952
2077
857
1551
1697
2185
1516
67
1235
581
1905
308
877
1463
744
1164
1610
56
925
1636
1105
923
479
2320
1953
1758
1841
414
1814
773
1053
1963
2356
975
2236
474
711
953
639
1912
2194
1086
332
2189
2159
1265
2168
2393
2175
1175
93
2174
1073
379
469
1766
1340
1978
651
1606
610
1460
466
1371
2314
309
203
1277
575
1545
1542
2206
2112
2002
967
20
351
1665
1921
1261
1547
2034
1976
510
385
859
2305
1106
2232
791
2385
1515
1283
191
2400
498
842
589
427
1111
2115
1188
958
1816
256
1170
106
1901
796
1739
1072
111
1770
1705
2316
2020
1136
86
1015
294
1666
1090
1765
1750
697
1690
1893
801
1035
2304
457
1026
1615
1657
1156
1943
495
2360
1208
338
1791
1328
2088
157
1301
389
837
1725
2398
401
472
477
1282
1510
831
2480
912
2426
458
668
1523
1398
1777
2489
818
809
1104
460
1057
1284
971
2270
2335
323
1810
1401
1960
1974
1379
2165
1427
2402
2153
1833
1076
1011
956
705
728
1321
897
722
974
2010
516
1831
536
2038
2076
751
1965
2268
290
369
1370
174
895
53
1517
2462
1655
2345
884
118
1645
2144
1001
664
868
215
2409
1493
582
2133
1060
2152
2136
2117
1145
1251
368
2184
1415
31
856
1177
221
1956
2252
1842
888
597
2220
1043
1794
1338
2389
1182
1903
2301
1385
1359
910
802
1591
1812
1999
1689
1981
2161
188
1384
420
367
968
399
561
608
969
491
234
1742
785
1643
2340
709
1294
12
45
755
1853
1916
592
1625
1751
1760
1068
359
946
1539
891
1736
985
1406
1819
91
1522
1669
703
104
2106
1715
2254
2492
1514
1348
2330
534
737
1820
2226
1503
2151
1699
2166
1247
2134
543
916
2101
1360
412
906
1005
1622
1254
2072
873
2468
864
1264
1094
1042
304
1420
792
1143
2498
41
1614
1589
1329
481
2104
1416
854
1652
2083
692
1764
653
1402
1408
1937
533
1712
1270
1066
1734
2477
2146
1313
430
335
1936
2266
1703
378
2062
209
1133
357
1799
1267
2030
682
579
850
893
2312
445
1070
1260
1840
1845
1727
2258
1698
1782
772
402
2145
2384
2427
1940
95
52
960
207
630
9
2418
973
2287
1714
1103
1891
858
2150
963
1246
301
588
3
784
2343
2155
2450
2218
123
1959
1317
1022
275
158
866
641
716
2148
29
734
2290
823
59
1728
1737
204
2214
1381
1168
1327
1189
614
1811
1074
2425
1525
551
544
585
2438
1885
1387
1194
1003
1779
2181
627
235
2349
907
759
769
208
2180
2353
1817
1217
1761
217
981
233
754
1171
213
1031
1269
880
2285
2052
1483
1558
1774
1064
1290
1997
1947
1187
886
1173
2139
2098
300
2403
2397
1954
2158
1059
1232
678
904
898
2331
49
816
152
128
1654
2009
1613
1304
1458
283
390
1769
2448
599
2256
1585
2019
526
1318
503
517
1898
168
2432
331
1242
1586
2461
2102
670
637
2015
254
186
2333
1540
380
1354
377
1906
1430
1471
2363
1945
1876
1559
1567
2457
2130
2454
874
720
1169
2054
195
569
172
1686
640
145
1481
1872
2346
243
126
1365
2197
1860
1593
628
1500
1825
849
745
2200
1176
488
626
1656
219
1527
1887
310
522
1537
1578
6
242
1039
1788
225
1754
298
1062
1975
540
638
1939
1299
1159
1273
989
808
1366
1554
993
1746
175
1456
1773
2163
154
1931
563
176
851
596
197
1191
2157
1012
538
305
845
2281
2355
1100
578
998
400
1829
1649
1286
1962
642
494
2279
1632
360
35
88
113
130
615
779
1618
861
1287
1120
1027
2419
2291
1148
860
97
1902
223
1199
1465
2028
167
2124
1594
1757
2263
240
1851
1160
391
2383
1738
99
1729
2253
278
1152
1400
1183
326
1077
1239
1723
409
922
1492
2044
1268
387
1266
2100
1272
2125
1356
1117
903
2105
1364
2421
322
1373
995
1896
624
50
1700
762
421
872
2113
1930
1925
1917
724
996
1047
483
1411
757
2437
1731
10
264
74
83
943
558
2233
1778
523
236
763
1297
1220
1664
714
571
1316
1571
2126
178
1673
2467
939
566
2373
1980
1900
2386
2299
780
2334
1991
2367
61
739
825
2160
1713
27
513
2325
824
929
1375
1961
949
376
1796
89
1663
1413
1691
2014
789
1055
2001
1717
164
1132
648
1101
181
196
1561
312
574
337
674
2178
680
1154
470
2056
740
2186
1892
2243
1674
2042
127
1707
1762
1722
1505
1528
1790
1017
2092
2259
1878
1432
881
1680
812
1396
112
1433
2221
896
770
681
656
1776
2307
2070
1014
1489
1520
2478
2003
228
961
13
1033
532
1468
2173
2142
1756
1487
1324
8
1549
901
65
194
1036
140
2075
717
959
660
55
18
239
1984
2306
73
1470
2057
1380
1584
374
2422
2469
2441
269
2497
820
1735
1524
1637
381
1848
2296
1372
415
2039
643
2456
920
1867
2415
277
2176
2036
1858
193
677
537
1716
419
1576
1793
1972
2198
2140
2284
2058
1800
386
165
1197
21
1771
795
456
1671
793
1672
719
396
2344
1572
1928
2274
2087
594
2463
1006
2066
535
437
413
1245
2110
297
1781
2475
2008
2074
829
1019
141
1434
2442
1611
2073
625
372
2257
19
1342
2401
727
848
2240
2276
1010
403
1093
918
1490
496
1688
1367
2378
1932
70
2119
2006
1874
1924
1720
476
919
2261
2430
2195
1821
76
1118
2094
1016
1295
706
1289
1863
1813
1442
546
1135
426
1224
804
237
1474
1476
2446
169
1174
1915
1805
462
1969
1913
1115
161
1048
1701
1907
1942
1535
1455
509
2191
2496
1684
149
1134
1998
988
1276
42
179
2436
726
1724
1677
190
1702
2407
388
570
46
2238
688
573
1110
964
1107
2317
504
556
1850
1601
2354
1838
216
1462
1639
1161
1575
2471
1210
2310
119
1374
1918
2410
432
978
2167
768
2303
1448
852
1098
2055
139
819
116
1511
2228
1097
1451
712
1634
1967
2121
1803
2080
1083
1740
1425
1582
1054
58
1592
109
2116
1315
138
262
274
1237
47
431
1507
465
1225
911
1046
485
22
121
1871
148
2272
206
354
1112
1894
1310
557
1653
555
1646
404
68
1028
1241
935
1581
2459
607
580
125
634
2341
2043
1583
2012
1944
1274
1693
1809
1449
2495
832
1419
2231
1662
411
2234
1422
632
788
965
1590
1278
797
629
37
2283
1466
776
1390
2390
1950
1843
2170
913
1709
393
1178
2443
1146
198
647
550
2016
704
1679
408
2280
447
330
2051
2376
2490
591
882
1795
442
2011
1144
932
2107
957
518
2201
1957
1147
62
15
665
279
1526
699
979
1429
224
1186
1336
1518
890
695
1854
1125
775
889
1839
2000
545
1355
1045
1555
1116
844
265
834
1228
1452
952
2352
410
1914
1397
142
2021
1089
398
32
846
1617
259
171
713
1453
847
747
2278
2365
984
1631
2332
2282
1911
1710
147
644
2380
246
1477
2481
1743
2196
2199
1227
565
382
482
1212
650
1335
723
1993
455
1155
406
1346
869
738
1616
339
778
623
1259
2079
631
1624
2404
934
1444
814
202
1121
1202
1293
407
1209
2369
1823
230
1362
2491
1621
2265
841
1651
493
1630
2004
79
1675
2235
2391
1352
1626
253
1667
2399
652
492
1255
921
2464
2190
1029
595
1376
1263
1405
2183
1184
1849
2118
1300
1801
212
2411
805
2298
1627
1128
1395
2366
790
475
2022
136
1113
71
505
1051
1541
1506
1501
425
25
827
752
1252
1580
2318
2466
1553
1461
48
296
1034
1244
1533
2382
954
1904
1403
1417
2239
1248
1846
249
749
1479
1150
2377
26
1165
1642
828
948
1185
666
1609
1399
2428
434
1970
2486
531
2017
1562
529
1529
1008
2225
110
1895
1323
1597
2093
2247
1708
987
1119
1087
1897
1344
1137
1216
1162
501
853
1694
915
2319
2156
663
1096
1092
2414
1602
1221
2269
933
2260
2205
2099
1899
423
1213
1040
2297
1332
103
2143
92
1325
2326
1496
1153
2179
654
2212
1214
2451
1721
1678
252
1866
649
1534
2434
2321
2416
1126
931
2245
1
1291
590
2379
292
433
1457
443
683
1573
448
1081
1544
1196
238
1834
1056
1660
1067
2362
2213
1784
999
2372
758
438
662
2089
1215
364
1141
606
137
2271
687
320
1659
1163
950
1570
735
1875
177
2065
1971
405
1909
336
1368
620
603
1281
352
1407
424
840
1996
613
1718
1683
2048
1383
2063
962
549
879
1023
484
317
1987
1933
124
1882
1603
2131
1941
567
1923
1826
2141
346
94
286
2453
2208
1775
266
2027
1641
2445
1002
527
605
521
1378
659
2230
609
1151
732
1804
2313
329
2237
1275
366
1815
2242
1009
102
232
2289
1347
2090
38
710
2309
1337
765
2302
1386
2047
2370
733
272
572
1730
1404
244
166
951
1007
2193
1049
159
2
1052
1190
2499
1886
295
800
2473
281
1785
1536
1633
114
1818
1233
1889
2202
60
440
1024
1588
255
2482
1142
2264
1869
350
1650
98
1966
2444
604
524
471
1676
436
1908
696
559
422
1326
2357
108
315
180
2120
1231
349
2078
909
2210
201
2029
1600
855
468
600
358
862
1995
1285
2487
321
1955
1369
1797
1109
356
1377
1552
2187
635
30
1219
1123
1333
1719
1414
355
2395
1807
2138
1557
658
1745
1157
1635
2273
1595
803
2431
287
2455
129
2440
761
245
450
14
1079
365
1919
1050
2439
1579
214
2275
1195
316
731
1752
794
1130
871
2053
2251
1180
361
285
1619
1450
64
319
506
568
917
616
1167
902
1262
463
1021
1495
1692
764
520
1566
799
1181
1088
261
1020
2035
945
894
2388
1469
192
282
1334
497
16
1822
707
1428
311
120
1172
11
1306
1236
1421
1538
1787
1890
1668
499
2488
263
1447
976
2025
2122
1726
1037
1288
2024
899
771
318
2219
2041
833
2071
1298
2085
1108
34
66
587
2040
511
348
1305
887
748
324
96
1303
271
28
1392
2188
760
363
342
1085
1767
1484
467
69
461
1531
1127
2147
994
36
1832
1302
347
1166
1926
1852
2447
675
552
1607
2013
1951
2262
1240
1351
514
362
1063
980
44
220
1124
1783
23
1640
464
187
2350
1211
1564
1755
1988
1859
2045
2033
2267
1628
1025
1565
1964
2109
2172
2241
1424
370
480
940
741
2406
2215
947
671
1880
725
289
218
1681
375
441
173
2046
117
1437
1605
944
77
966
767
986
2059
2096
937
1279
2286
2485
1441
661
548
2479
1445
2300
690
2084
2458
2339
478
822
1543
1982
334
416
2135
815
1207
153
1443
43
867
251
2111
1478
553
1989
1753
1193
1862
701
1308
373
307
2127
1426
226
700
1973
340
82
1391
618
2177
515
1806
1339
1648
1243
2250
1075
1256
928
686
1038
547
291
1837
81
1759
1748
151
371
2337
1129
257
1772
33
1389
1732
2493
2351
1857
328
1363
2137
1473
1513
1532
1249
542
1084
2374
1864
564
1065
199
1577
1927
1798
1704
1431
530
1661
810
2164
669
1744
85
1253
247
798
231
746
2292
1312
1222
619
1412
2308
2494
2005
817
1983
144
1091
990
