1481
1982
690
686
2459
621
1195
1687
2445
2028
1130
970
733
1954
847
1793
1937
1539
142
1055
1894
1028
1447
1426
288
2456
127
2293
2060
78
508
569
2460
1241
971
1750
137
1330
1267
242
2298
1919
1817
586
2313
1597
1114
1782
1094
2005
655
2453
423
1250
72
376
790
212
347
173
2052
1503
2003
2450
1371
1448
2397
1657
762
1826
2322
593
55
1987
1579
1753
2095
764
1835
921
128
256
290
1083
154
230
1551
1077
584
98
118
2069
400
717
1445
1035
147
1419
786
525
1123
200
1408
1401
1994
1864
2484
2387
2142
591
2094
1372
919
1331
2258
425
1341
629
1745
2442
1704
1169
2172
30
905
2093
1030
468
2066
557
325
815
1120
769
1773
1792
144
2224
518
1311
1278
494
1690
1946
960
2225
1491
2394
1394
1062
1043
1388
1941
615
32
387
1978
2266
2
1519
94
1847
950
886
1320
2352
180
1715
931
2340
761
1639
1212
374
69
613
2353
2007
1391
2415
1125
1548
1948
1679
15
1512
270
1229
4
1968
616
95
1200
1997
1238
2110
1754
481
1547
1855
1058
889
438
2413
583
952
1417
335
102
1890
439
349
1075
1615
485
2369
1646
741
722
1830
2124
1025
1828
1378
579
319
93
986
2078
379
678
320
2182
1435
2249
2155
37
2271
125
1138
1769
132
1867
1217
600
1154
53
1210
1223
526
1746
2127
714
479
880
939
720
2121
1301
590
1296
2410
1280
2348
802
648
2470
1903
1148
1945
158
1121
303
1211
2296
2201
1609
1923
1139
1737
84
2358
1560
190
107
578
1722
1100
643
1673
414
2199
1067
925
1188
1232
361
2175
723
2382
2151
1742
1220
528
164
1736
1429
1444
1651
1377
1764
1565
412
329
495
806
1612
833
1029
1909
96
1815
2259
1559
796
1089
1802
2475
514
385
1669
1790
1586
299
795
888
394
254
2275
306
1263
51
1887
1967
1530
1390
1641
1405
1710
2129
469
1389
605
1037
529
2389
689
618
1010
1786
440
284
2325
1442
2170
1016
1516
864
248
1160
203
598
992
2421
151
1310
1891
1526
160
1475
1538
809
2309
1104
1570
29
2359
2268
1228
2063
610
1775
2081
2009
818
998
1398
2425
1158
2038
1286
433
119
294
1053
1322
1617
1373
874
129
940
492
1374
1757
139
751
2448
434
656
2488
1740
1339
1355
2207
2462
1437
2048
157
651
827
1601
176
772
2176
1017
1536
2156
2188
1772
1670
1151
861
682
647
731
1132
2080
1176
233
589
2412
1889
1755
1813
1666
665
2307
664
2065
2280
2106
1103
377
1572
2145
1246
712
1652
2376
2180
1893
444
1881
1327
2019
432
1239
1163
275
1387
1379
839
314
753
983
2226
77
2481
477
442
637
402
575
49
1031
2370
265
2305
1965
1573
684
179
798
1182
45
988
1455
346
1260
1416
2327
169
554
2496
536
381
2351
1452
1713
2152
1046
1340
251
1827
352
235
891
1256
1800
197
348
1150
211
2406
2227
2158
1446
617
334
1362
383
893
612
996
708
101
1034
2247
2085
1591
1469
1972
709
427
2396
2277
1496
2098
1936
1088
2238
193
2056
1092
1944
2120
205
1164
1940
437
1553
1527
505
801
2016
405
1144
2114
1631
1971
1993
917
646
1886
1824
2416
483
1905
1235
209
1402
2088
263
2220
2126
1995
936
2449
1449
1853
89
138
1569
1467
737
1607
1532
748
1788
2206
778
1606
1900
2089
126
2392
1556
2205
1410
1804
932
667
1369
1380
1896
1502
1700
2222
1562
362
85
2006
1219
1561
1961
58
2479
2315
1072
1977
975
740
2064
746
1309
372
2237
1336
60
1839
2103
471
2243
2054
407
2316
2102
1181
1344
497
496
1877
1771
1878
1741
1747
305
1787
27
1131
1403
609
1840
227
50
310
906
724
395
1102
2444
1254
823
1558
1492
2144
2020
2041
1326
1418
1161
1845
877
2349
2311
2342
814
465
2272
1252
2096
623
2385
2318
808
1883
2002
2432
745
194
2285
2429
582
989
980
1206
1897
1917
213
1833
262
1159
775
510
1329
1915
1960
2092
750
620
1392
2300
1537
524
1032
2403
1249
2446
1898
74
1468
499
13
1048
2443
535
1242
309
1257
1098
1842
624
1044
2405
2366
337
1911
539
2074
738
1231
384
2049
345
1500
1691
2310
2107
1376
293
2169
1061
353
1299
24
1454
2116
9
1763
1718
987
328
1284
1155
2398
1808
1337
2438
1682
2062
2045
2391
2428
1135
747
1466
2239
341
904
1794
1907
829
143
736
692
145
812
1511
204
311
1432
567
523
1412
1515
397
315
260
1879
1989
1595
1934
2128
316
1902
409
1859
900
2287
313
1153
2148
1924
922
783
223
1440
2057
120
1324
445
1920
159
415
871
182
1351
455
2075
1895
2246
527
2039
365
788
1367
759
44
22
1593
14
2489
1049
2282
92
1702
513
287
1505
1837
1489
923
460
1494
1649
1413
702
2077
2163
776
1620
1348
1501
2001
726
1930
1234
1871
694
1554
33
1255
108
386
1810
834
503
910
1550
2419
1623
65
2328
64
1931
933
245
1018
304
1274
1456
382
727
897
1637
1602
317
2335
854
431
799
634
117
649
1008
338
2494
2000
489
2267
2034
1338
674
1590
1204
1431
757
326
1335
559
695
2086
1926
1307
2154
1724
1384
1162
16
292
693
2164
149
2183
1359
2261
321
1245
2017
73
856
1711
1213
1841
974
1265
1117
1974
1795
1849
1873
34
2308
553
1521
1838
2046
581
2149
1778
43
820
1306
2468
1095
691
2375
1382
793
1222
109
2339
697
2402
2256
882
134
1290
885
1106
1583
638
23
2490
1297
2010
1464
607
828
883
2109
1485
2407
501
291
2012
784
792
2157
2253
927
35
2168
1216
1128
1305
937
1999
2162
80
1433
1921
1513
2177
28
1261
2242
1057
392
981
162
1589
2140
502
59
1472
2252
1354
457
645
2133
274
146
2283
122
957
2026
82
1041
1334
853
1187
1674
2131
1614
670
2219
2476
2118
1766
123
2191
1459
1230
949
1935
113
892
596
428
642
522
2134
918
52
1619
1323
744
192
166
851
1483
1116
1684
2072
1688
956
830
779
1065
1167
644
375
840
356
969
1580
630
307
650
671
1045
2104
1600
1251
835
1172
188
2245
959
413
777
198
488
1023
277
418
2381
2331
1663
177
104
1259
1480
1173
121
114
1656
99
1458
261
429
785
2292
2312
1951
2073
1811
221
1626
463
1191
1506
2433
2408
1205
627
389
1407
2241
1317
1823
1979
135
2464
2360
1922
868
1141
1616
1136
97
1079
752
1113
2143
1471
226
1147
1801
1535
1288
2393
70
1650
184
2030
755
2435
1186
1575
370
994
1918
63
1992
633
2483
447
1168
2147
2497
410
1664
2288
2374
2324
1825
826
2068
1085
40
1078
252
2137
2213
1342
1779
2319
1739
1866
46
530
588
1461
2011
701
201
1365
106
296
760
1179
458
219
948
1183
1791
1353
592
1998
493
1247
1194
713
1427
2043
1414
1988
1751
1542
322
1000
1851
1266
401
298
1052
1040
964
636
86
2417
68
1694
1428
941
1064
749
1277
186
1385
482
2146
2099
266
870
587
1621
2314
1457
1701
54
2373
222
1523
813
1244
2404
935
718
2451
585
1226
454
1295
866
1563
735
1888
1863
443
1271
1956
404
1655
1576
388
574
2190
953
2270
66
363
1541
1315
2014
825
2165
1364
62
962
332
2223
2198
426
2357
2317
807
1360
669
884
2414
1973
1268
1262
534
156
1027
2139
19
979
1314
2023
378
81
1202
1762
573
1980
1906
2461
725
2067
1929
641
2390
2053
2204
2174
1640
2083
2265
340
954
1214
1821
1517
1366
1224
2031
1758
787
247
459
2333
2455
698
2221
1122
2125
2388
1024
1564
715
42
912
1479
2418
1642
271
537
2371
1571
1221
2113
2123
464
1201
1776
1534
955
1731
453
1170
249
611
771
635
1770
846
2013
2279
1633
824
236
1594
1014
2338
1680
2262
1068
1809
2203
2362
1439
946
991
1013
1026
1495
336
1738
915
1076
1145
2400
2138
2042
75
133
821
446
595
978
1703
1799
1858
11
572
218
1112
1831
278
2233
1985
422
2354
1363
2276
239
842
2216
710
2457
2051
2070
1608
2345
1488
1712
1844
862
1493
20
1193
831
452
1756
1292
1780
1705
666
1720
1497
1361
1149
31
1991
756
1870
228
1399
12
1725
2111
1264
2356
1146
1659
1529
2228
1370
730
1955
943
951
1599
2304
183
2278
520
538
2037
533
243
1248
743
1425
1696
1732
716
168
1499
719
794
1463
532
838
1070
614
2210
1474
1011
1490
8
977
38
17
100
2117
2463
1861
1927
411
484
1768
26
2431
1557
282
461
1726
1281
563
1983
1598
1789
945
765
2500
930
1236
2474
435
1258
1604
1300
1723
232
10
1876
1950
545
911
1215
318
2234
1356
1287
2291
632
2263
2244
240
2082
1698
2330
965
1986
2195
2250
2299
467
517
1996
1156
1966
2302
2108
1632
2100
1957
276
1291
224
1368
67
2289
1613
487
351
865
258
1947
500
677
711
1486
1662
1352
1009
2173
924
333
1118
2115
1111
721
1524
1818
2477
963
732
48
1611
1708
767
791
214
152
1735
2257
1015
269
2059
1699
358
217
876
2383
1063
1276
1610
855
2119
1443
1482
2179
515
2326
1854
2498
845
323
1434
1728
660
371
1552
1001
1422
441
1140
1108
215
1177
1415
2281
1395
178
2029
366
1093
416
170
2395
2197
1033
1316
1157
782
1545
83
1090
1692
220
2150
150
2434
1624
2437
1672
1733
625
742
602
521
899
1964
566
680
189
2441
2153
231
1635
417
21
552
1021
1375
1584
894
2341
88
704
1358
1618
1312
2467
1628
1577
2008
1671
844
295
1525
1689
2273
1178
2248
103
1269
339
2264
1036
1518
985
1727
259
2478
1627
478
1850
706
2215
2025
1785
2141
1289
1208
196
1185
705
1533
558
944
2105
359
1119
1476
2427
2200
369
863
1406
2132
79
355
1171
2380
1981
531
2492
342
1086
1042
1470
2050
561
2420
2485
2036
2187
836
110
1074
1393
1174
1990
273
206
902
1574
2290
1540
687
909
1400
1943
2346
1528
993
1514
2047
1270
130
1587
1636
2097
76
1233
628
450
462
1634
1774
2401
2355
1843
2018
255
2294
942
679
1908
1668
1695
473
1080
1681
1105
1678
1107
920
1199
480
1660
2303
373
895
1916
1081
1963
1875
300
1949
280
286
2452
1438
683
41
763
2196
2061
1283
739
1020
2286
2493
562
2040
507
1721
2469
580
934
1127
1411
1543
2424
2379
929
1812
1803
2255
1555
2458
1450
804
700
1462
2212
1357
225
654
2321
2004
5
2367
1498
896
811
1096
1952
1962
849
2260
234
903
2181
966
781
2295
1761
1717
913
696
1134
1386
2471
1781
1846
1675
2372
2044
1714
2232
571
1430
330
18
1465
403
199
1932
1834
544
673
267
25
216
546
976
2122
3
1282
1137
867
1484
2235
1056
2112
390
268
703
908
1836
1832
36
1087
2337
1332
1508
161
398
1097
2329
2193
472
879
1658
2231
141
2218
1347
1189
90
191
250
881
2320
1585
1165
1638
2185
1349
509
448
2240
57
947
2033
729
1091
659
419
302
622
1885
163
1272
2217
312
1860
1752
470
1665
1003
547
202
2236
1913
153
1592
2347
1478
167
1653
887
1549
541
1686
2135
91
1938
2022
2377
797
272
1677
406
1318
185
1874
172
2230
1487
626
1051
285
39
1578
175
2167
279
2032
2378
1630
1126
774
1848
476
2055
968
1767
1308
174
1460
2229
1346
1253
619
676
2251
1676
1047
1777
1984
2301
1531
1509
2090
1933
1568
1303
155
281
1709
2178
368
2186
2076
608
837
327
1856
2091
1423
1069
1643
344
1350
594
961
1115
1868
2336
1647
928
289
1884
301
408
1760
1603
331
2343
350
1958
1397
1719
841
391
2166
699
1302
1644
768
1066
399
577
707
606
2454
2160
1441
2297
1816
257
898
2465
1798
1925
420
1759
662
1970
308
2409
1321
1807
2071
958
1209
675
2384
1942
229
111
165
1304
2161
1294
875
2323
1629
873
1039
663
2486
2192
486
1622
1237
1880
1319
1396
1124
1749
1829
2101
456
1748
2284
1582
916
1819
124
597
1862
1605
551
367
1218
803
1050
540
1198
560
1054
1453
7
1504
116
241
2422
1520
661
681
1421
1133
87
859
1197
2473
2365
2426
498
599
2211
1343
1409
2209
1022
1313
1196
1012
2332
2208
2350
653
1706
238
1910
1976
1661
1101
1
1814
997
1805
990
1693
1882
1707
2447
1857
466
1273
542
2480
568
1005
1099
2194
570
475
1473
1969
1190
1383
364
657
938
564
688
1654
1939
491
1275
195
283
1038
380
780
506
2021
858
1734
516
504
810
1806
852
2087
360
603
907
565
1852
1325
685
1279
2334
1581
1019
1002
973
324
1901
1645
1073
56
357
773
1625
2430
1546
1240
1765
817
1959
2436
1004
2027
136
2184
131
354
2423
1192
1227
2482
490
61
672
2189
822
210
2440
770
253
1143
550
207
1243
2386
1510
2399
1729
869
2368
2159
449
2274
1744
1588
999
1522
343
890
1914
511
2499
1381
658
1345
47
2306
857
819
843
995
264
728
1544
972
1293
984
1872
112
967
901
1404
421
2487
601
2136
926
1420
1142
982
1975
1333
800
872
1567
171
2361
1820
2254
246
1152
237
2491
2079
734
639
519
148
430
1912
816
548
789
576
758
1084
1596
115
1716
2171
187
1207
1953
424
914
181
543
1865
1648
549
2472
668
640
2214
1796
244
1006
208
6
1507
1180
474
396
2024
848
1928
1683
436
1899
805
1059
512
1822
2495
850
631
451
1424
2269
1869
1298
652
393
1685
297
2058
1784
1129
1783
1743
2015
140
1175
1667
2439
1892
556
2364
2202
1082
1184
1285
2035
555
604
2084
1451
2363
754
1697
1007
1797
1203
1110
832
1904
1166
1109
1060
2344
860
1566
1328
766
71
105
878
1225
1436
2466
1071
2411
1477
1730
