2384
2338
2199
1684
36
770
868
53
118
2382
1965
1367
1061
1587
2253
1781
152
41
286
466
2263
1029
442
668
1962
1348
198
1683
1721
1264
250
67
749
1459
1226
473
1923
821
1137
2451
1302
1794
1692
1408
2016
2359
2230
279
1121
688
1857
1336
802
2273
1614
2280
1067
1624
1886
1727
1557
1
2025
866
1759
890
548
205
1940
1059
1817
1507
1284
1143
2305
88
792
92
425
2024
503
339
2494
1957
1003
1012
1414
892
2238
1071
64
793
1993
723
2082
1662
460
1661
566
1690
608
172
1617
243
2107
1455
1353
643
1709
1089
646
904
875
1634
780
687
2258
1902
636
482
778
2363
2177
1389
755
1547
1700
2106
486
296
1639
2276
831
12
2090
1350
19
188
1000
2074
813
1777
1341
2318
1496
1234
129
995
2250
1988
1602
382
971
2203
2297
1650
1460
1171
896
1110
1312
679
1899
1900
375
1482
40
354
1267
1247
1352
779
1867
447
1318
1509
1360
1505
2423
664
1845
1529
1601
225
1775
237
445
2433
2146
468
2061
1654
1070
1705
329
78
2116
1812
720
2311
594
184
1984
619
1363
1090
126
1173
1931
1966
434
593
913
535
1551
2347
1543
2379
1023
958
2480
2482
347
2108
1577
55
239
1524
2012
902
498
2434
849
241
502
1027
301
847
774
815
2008
2366
504
63
31
2127
800
1010
957
1126
1383
2119
123
465
478
1887
861
2113
471
1287
438
1991
2041
712
1959
2336
2387
989
891
1658
2388
1326
1113
2231
1188
32
2282
1869
1466
2476
2247
2245
1317
1912
1879
2397
1985
564
2281
2100
2200
857
1609
1655
1285
213
108
2165
1820
2425
719
976
1828
2236
115
2406
85
791
680
388
176
1472
1951
370
970
1040
1593
526
1760
2005
1553
292
2202
344
2123
91
1716
1527
635
2155
1734
972
2352
1559
2014
515
588
1131
1387
1588
1833
1729
1400
2408
224
967
1474
1286
2474
411
61
841
2031
693
2009
49
1216
776
288
537
2458
829
772
2013
1523
2242
565
862
1503
467
474
387
980
1156
2093
1398
1561
159
1443
2383
1304
2051
1652
2211
710
580
1586
824
274
1237
2316
1306
1842
898
2266
284
1987
412
405
2464
1104
507
885
1510
470
1973
1087
2055
1095
1485
1860
1851
928
1930
1261
1537
448
2314
2427
1822
1462
927
804
966
788
245
196
625
848
1895
1328
1393
1626
491
781
1015
600
1439
403
316
342
985
1590
2260
1838
2428
1349
994
2369
450
1544
232
1404
796
327
1897
911
58
120
1808
1276
2298
1693
1446
1325
1477
955
2254
1101
676
1093
2168
332
1508
2470
112
345
1526
231
340
1154
1265
675
1852
1934
2426
452
1425
146
379
1246
2287
1839
682
1500
2421
1289
769
2274
850
2252
1437
794
2217
1006
760
1169
963
934
1332
2368
544
2169
2079
1770
1579
443
2227
1550
300
1941
2111
294
750
1055
1637
2335
413
1992
1168
1596
8
337
577
2317
1138
86
357
525
1831
150
1971
356
617
381
2028
2141
1017
1534
2184
96
1236
514
633
2171
1305
2255
238
1487
492
336
2020
1014
1135
1663
2154
1151
546
1112
1122
1676
2320
1225
2490
1453
922
707
1275
1528
731
11
1795
1978
2011
999
90
66
83
1921
1395
1223
1204
1826
1345
612
1096
496
1355
878
2071
805
965
1745
2040
530
2475
2283
1297
2467
1260
1592
1594
1254
711
1175
2027
624
2377
1607
1119
346
998
851
2003
1945
2190
1241
1756
281
278
1738
167
1717
190
1726
1995
1283
2395
609
38
2296
2288
1636
867
1490
2126
1311
1623
658
1489
2080
469
1140
2401
510
320
1788
489
1740
26
516
1268
122
1801
1562
2329
1506
2461
158
2246
623
1613
1116
1409
71
784
1004
1220
2303
1088
1919
993
648
2295
614
1570
1097
173
1028
519
960
428
910
1804
969
1206
1167
2001
1196
1331
2330
1767
1873
361
259
1580
326
2412
440
2196
1811
1344
988
542
2089
1068
261
302
2136
1492
743
2194
305
1020
2324
2179
589
1504
1999
399
407
2091
2157
221
1227
2424
907
1177
2381
1750
1581
2375
1211
2326
1026
1575
1880
1836
325
2370
257
396
775
341
420
1937
390
1085
2057
1872
703
584
2060
200
1092
1673
1533
2099
291
1359
1322
1202
1076
2345
2416
1046
877
1552
1635
2178
1536
2419
1185
2323
959
1066
1866
1249
2457
1048
1598
539
517
1476
402
808
110
331
945
855
2050
639
1230
2030
35
590
476
2355
2198
844
1791
509
640
737
147
1215
528
681
1430
683
2487
214
1378
1452
2409
1949
583
977
2208
2267
353
901
992
2449
990
816
2138
1735
2380
1517
1679
322
267
1162
1465
1733
1565
437
2240
2496
1875
416
1191
2332
1955
270
644
916
1041
330
818
1913
493
76
138
1129
97
1612
2302
74
1541
2350
6
1163
2161
1221
787
1725
917
233
1950
314
1715
1148
2325
2235
1107
1324
2010
697
555
2489
1239
1243
1159
1868
716
2299
1678
2446
1298
2418
1218
1377
1458
1184
1924
736
415
724
656
2105
1604
1388
777
1848
547
931
1141
1501
1288
1357
1091
1219
2059
823
1301
2337
417
1789
603
376
512
427
1320
1896
1108
1277
1975
51
1416
834
1620
256
160
1403
2310
618
2096
1051
1884
1648
423
1832
2234
1664
1573
2185
1574
1983
735
611
275
2214
444
141
1343
1013
740
745
311
2410
2442
1815
2452
1060
1641
828
1854
1263
1555
1933
1643
235
1245
2284
1589
883
1918
1134
137
559
1972
1980
269
1047
2086
874
1179
1094
943
1751
520
549
903
17
1481
1558
968
290
264
799
950
215
1511
351
942
1365
670
2456
101
1723
691
157
2308
2365
1670
1659
1102
1796
1022
1696
2468
2043
543
229
1908
1200
622
2478
1417
1697
1413
532
1885
135
2439
365
1025
2174
2037
265
1724
1870
513
2244
2453
923
372
1743
1106
1294
401
2167
2036
825
1699
817
2264
2232
1411
1911
1235
728
397
2039
606
702
568
2130
1362
1451
2485
1539
5
227
2129
494
501
436
637
621
933
759
2070
2443
860
203
660
1829
1176
1981
2072
1954
310
1835
456
1871
773
180
1217
204
872
540
598
610
1399
457
208
1765
1139
1374
194
1152
2069
500
1554
2117
95
2173
1498
1372
1969
1926
2495
1242
1737
1747
2068
1295
806
1979
1858
1480
1109
1100
211
68
191
1133
2394
1771
1989
389
581
1907
642
1582
426
484
89
2340
1961
1642
1402
312
822
355
25
2385
2159
1968
170
242
247
882
505
964
2064
721
1064
2
506
1522
2067
2073
1428
932
162
1467
1619
2220
556
2500
2135
439
73
220
839
102
552
595
2481
1776
1698
2045
873
1786
2386
2438
1758
742
605
562
563
1272
75
1675
518
477
536
1863
1044
1622
1976
1847
1671
1491
3
842
131
1982
2183
62
869
1401
925
2396
1883
317
1943
2172
2346
319
480
768
1229
859
1739
297
1757
1278
1252
421
1303
2372
1486
2021
1149
197
2004
661
1033
202
2088
1464
575
2047
2285
880
69
1814
263
1540
373
647
1606
1208
1415
369
1448
1584
1250
631
1755
757
2046
1821
2144
323
1628
1266
2429
253
1631
984
2098
871
1566
1713
1585
2124
650
1043
1728
2187
280
1632
1172
1447
2334
1080
1688
690
2445
2473
2447
699
1816
1714
2180
84
1753
1045
2103
1192
490
1792
1599
1255
1513
2229
1644
1605
321
338
189
441
854
567
1461
2256
601
143
105
1927
1083
689
1964
2411
983
1744
1877
1665
2272
2460
1960
2166
1909
201
2289
2398
2486
1407
756
767
1396
1708
1990
706
1183
1695
1002
701
1772
1347
586
1207
59
1707
1253
1270
1936
531
28
1442
133
1653
1687
2306
551
949
1710
523
897
1212
2437
418
533
2095
596
1330
1841
654
1444
2294
694
1471
1054
1746
1769
1893
2307
587
2312
192
458
1194
29
948
1578
727
686
1638
864
1210
521
592
2132
876
33
1364
1672
2333
462
899
495
1354
1469
1749
935
811
2248
2405
2472
1203
2192
2112
1645
2077
485
2459
2243
464
2417
659
986
111
1161
1764
16
1313
632
94
1016
1410
1994
1819
1997
1730
545
1418
4
177
1180
2101
2042
1424
677
1538
1782
819
1063
2018
2343
1406
121
858
2128
1519
179
1630
1105
228
591
2075
2400
1483
2440
1181
2466
1073
1849
783
888
1768
684
2109
754
348
2134
944
886
576
1891
169
1611
2170
246
1892
2471
1718
865
2262
1103
956
1741
2191
2207
1583
315
175
181
2404
657
1009
746
1233
2233
914
582
45
2114
1037
1147
2160
1890
2275
2342
309
524
2348
751
98
1053
2019
217
2277
1111
1390
1640
2182
1412
1323
627
1571
1946
1532
1273
2049
1809
921
1722
461
1470
1038
1572
2206
2378
374
1823
2376
645
1878
905
42
1495
13
2493
1568
2149
744
1914
604
306
1998
747
106
2035
1209
1905
1535
912
124
318
497
1450
1686
144
835
371
1925
1680
1069
2054
273
1178
1244
432
366
1327
488
251
449
60
1780
1651
93
1915
522
1291
1797
1711
1321
394
1232
579
2015
692
499
803
2414
1633
2131
1125
926
1292
1488
1019
333
1018
435
1031
1806
2007
785
1947
1932
299
714
362
2017
2309
1296
1036
557
27
2150
2038
1099
1368
114
116
193
673
1837
349
1783
1394
2356
209
1627
1694
1386
1977
909
1329
1445
771
1920
870
2195
837
2436
2484
511
529
77
1422
1865
1117
1567
597
1423
406
2420
1075
534
258
695
1657
940
212
1262
410
1426
1876
2163
1146
2212
1065
1435
1843
222
2407
252
1576
2102
1618
1685
1144
1974
2186
1421
1280
2354
1274
2331
717
1939
1342
807
2292
1375
1660
820
2120
1834
1405
408
1042
626
616
1521
840
262
1128
1248
2228
1938
2257
383
2002
9
104
56
1224
527
718
838
266
1376
1299
671
1855
463
80
1001
641
2402
1564
1894
2413
2052
2225
812
1785
1603
1157
1281
1846
2371
1454
65
1361
1647
479
2092
1186
1155
845
1142
1034
1468
2455
2104
1720
1120
2153
786
132
1864
1231
578
1798
585
1136
1251
2097
979
422
2000
1563
1358
276
649
145
384
1315
653
419
652
1514
1530
303
798
165
2058
1193
809
2392
1166
1170
72
2219
1944
2175
1434
14
236
726
168
951
2469
1752
1560
433
2344
827
1859
2430
2265
952
1370
334
2241
1649
1062
22
1258
715
1736
1309
395
2319
1431
1457
43
2465
1549
430
364
2393
797
941
2226
87
946
380
1799
282
1174
54
974
953
1512
2164
313
20
392
1475
404
1030
1862
1195
2364
2084
732
1493
1382
2373
2389
128
2026
1123
1369
1484
2454
700
368
254
475
620
1132
15
919
47
1825
1153
1165
293
1629
1520
2205
2291
2491
117
2300
2158
987
255
1929
18
1257
207
103
1844
1008
2360
887
1597
1742
947
46
1516
2448
1293
1810
863
1888
1882
451
431
2328
2415
1201
2142
1379
2062
1432
1307
1429
1150
2066
1440
343
2269
2492
335
52
352
1079
1595
234
48
2304
358
782
1222
398
2006
149
1917
454
100
1115
1904
613
2063
1052
1881
1669
2176
1850
2148
1830
2193
1774
2137
997
1591
1259
1956
2390
1986
148
240
298
155
2151
2498
2315
667
1308
1050
655
248
1827
1427
2483
1084
709
2339
2341
669
856
1187
1805
199
1197
2197
599
674
2162
1790
2087
1279
2122
429
795
1732
1049
1189
1494
81
268
1456
70
561
2115
1473
1784
894
23
1433
50
2145
1391
271
393
1081
2222
10
1436
801
2351
1525
741
142
937
1124
1160
2143
663
44
1731
541
481
136
2279
2156
1333
195
853
37
2479
1380
156
1366
1478
651
1078
1967
734
216
722
2432
1546
164
2313
2367
2181
2237
210
685
1098
1314
1548
2435
483
924
833
1853
665
140
981
908
1706
662
2251
2249
1953
554
1861
920
1011
2286
109
1763
629
1910
1701
1889
889
696
1666
954
929
2327
2431
1674
1214
363
289
893
391
1766
2362
1381
895
459
1039
161
163
185
1479
2450
226
30
704
1205
2029
550
1351
2322
1441
1935
2444
1518
2210
918
308
1497
1787
1086
900
385
2403
2121
1130
753
182
99
1800
571
1463
2023
1874
1682
1271
1970
2188
2189
285
1996
1419
1238
1213
1958
1335
295
1963
1118
1677
328
1385
638
906
283
2463
218
1840
130
1058
2034
572
2065
602
1082
39
2201
79
996
666
2081
1319
2221
1240
2488
1021
134
1556
1856
789
2125
1942
171
1807
508
1199
1198
307
672
2204
249
558
2321
1608
1824
1057
1449
2270
139
814
230
628
991
2259
186
1337
930
1922
187
2133
1392
733
2215
2083
2110
830
1145
879
553
975
350
223
2422
973
1778
765
400
2239
2477
1625
2022
630
304
1256
2357
725
1035
1077
936
174
24
832
2118
1310
843
705
367
2399
1948
359
1779
1691
1689
730
1916
2147
1545
1114
1164
574
1702
1190
846
7
1600
939
1615
810
244
538
729
377
764
1903
1813
2044
1340
166
961
1346
1356
1748
1719
2268
1646
1712
570
678
1056
1397
2391
1681
739
455
1906
2353
884
978
487
360
2032
1420
1621
2441
1901
153
1499
178
1384
1182
2053
1761
1300
1667
34
2218
763
615
2152
2056
2358
2301
2278
472
1005
1703
1338
1656
409
766
1773
1610
2497
836
2213
569
21
938
1269
1668
762
2290
915
125
708
2374
1158
573
1072
2085
1515
2261
607
1032
1793
1542
982
560
1818
826
2293
752
1438
738
2499
634
1074
414
2223
1228
1803
82
1531
1952
287
1007
151
277
881
2078
57
219
748
127
1373
1339
1754
761
2094
713
2349
206
2209
1898
1127
1502
1616
1762
2361
1316
272
1569
758
1371
2076
962
2216
698
1334
424
2140
446
2271
378
2462
1290
453
113
1282
2224
183
852
2033
2139
790
1802
119
260
2048
107
324
154
1704
1024
1928
