884
831
684
2353
1410
808
381
2282
1908
1164
1556
965
1035
747
577
415
663
2067
1810
1818
229
1112
628
328
1231
1463
1575
50
1586
1121
2341
1554
2348
583
809
1226
272
780
22
2439
897
816
413
1053
30
1201
1834
200
133
1829
1585
741
1343
2012
1393
465
798
524
1699
1349
2285
728
130
52
2019
1362
866
2278
409
2233
2424
715
2107
436
1960
1186
1705
439
1993
353
1138
99
2235
1280
248
2210
2373
425
1385
566
1948
1424
1647
433
1222
283
668
195
298
1613
1794
2249
2499
85
1552
608
1456
155
1414
609
1278
1239
1326
456
434
1865
1103
1306
2399
1769
1860
1765
2122
1116
1180
1735
1241
230
865
1704
706
1379
963
111
1697
1206
1506
842
2472
733
2279
2211
2376
1739
2291
418
1404
2446
469
1095
1857
1879
1831
2412
1901
1531
2334
1198
2305
2168
653
1441
1628
2084
794
12
2172
1657
243
2419
1356
784
620
232
1452
742
437
1111
72
2188
958
1876
1317
1229
1912
2169
239
106
2365
584
2164
2112
2261
2321
840
323
635
1532
890
1135
182
2367
1817
1423
414
1568
1608
1598
1208
416
783
917
2299
1433
2077
819
913
351
383
631
1975
281
511
646
531
19
2438
900
470
308
2342
1150
213
2474
1667
1252
1753
1632
1265
327
1367
803
1895
613
1893
1489
1465
65
2265
750
1060
602
1680
152
1470
1364
1216
208
1907
1624
2306
3
71
1438
1461
937
1417
1797
1190
918
2318
1312
2017
526
483
451
1182
2178
1623
1003
2380
2181
503
2246
2078
1803
1805
1386
1331
417
69
1189
1284
2402
189
1482
1141
2047
2199
786
1134
1176
185
1888
1928
1236
1671
75
2431
2063
2147
1308
1369
290
2141
2177
6
255
2227
2250
1392
1099
46
2432
1484
1574
906
10
1788
1708
510
1079
2010
554
1301
119
986
2072
1377
1774
1005
1715
2131
468
294
1323
771
2280
1262
224
2273
2198
1094
1139
48
1806
1944
961
2408
1258
1383
911
368
851
2469
1627
256
1454
878
187
1061
1815
667
2003
1965
2008
2247
2016
428
596
817
928
997
2001
2366
1692
1014
1033
335
2427
1125
336
143
1066
2497
1634
1339
16
2193
1605
168
487
1275
795
623
721
909
1501
734
225
1744
724
2425
394
982
1293
1337
2459
530
2148
1074
1889
534
2465
2035
862
188
2381
1819
2114
570
2430
901
834
1837
1516
1358
1936
1737
1415
1285
1234
753
221
51
1745
215
626
1122
1779
1564
1037
1368
2410
1596
1849
1811
2096
927
2110
1268
2097
1566
1730
559
1233
2051
1155
2137
779
1714
1984
2401
549
1513
412
83
752
1211
1345
2145
934
636
300
2307
314
1569
2364
2357
1493
1906
2055
1665
140
37
764
716
1020
805
886
1869
536
73
502
1395
339
2275
1804
1656
1288
1373
979
1286
467
1519
838
1548
1792
1170
1973
365
1987
108
114
389
2259
1052
1451
387
1787
304
861
730
2243
1217
844
1272
1738
2442
253
2133
373
2124
2360
342
1959
594
338
516
2018
312
1886
2478
1864
1398
1294
1232
311
2206
321
1900
2179
601
1249
2489
257
2139
1802
2163
1868
350
2116
1957
1593
545
873
867
151
1643
1855
2239
580
307
1724
448
212
650
760
1695
1256
2423
1175
673
181
1793
2328
1790
1406
2187
2053
401
1444
959
2484
1106
1310
2426
582
1047
1212
1254
1629
2200
2485
2372
2095
769
1772
1161
656
1173
2436
1304
1257
772
139
1651
2154
96
408
1480
1635
1648
1464
1123
1992
694
176
989
98
1072
145
2160
1244
2093
2009
1124
1728
508
2189
2288
984
1069
442
344
533
100
473
391
1325
1933
1533
2149
249
1435
925
1572
1171
1147
1974
1962
142
904
288
1706
2297
1873
2429
2276
889
849
2258
2201
27
196
2398
1502
429
1076
2100
543
1469
1866
837
431
44
2404
1776
458
1523
1698
402
586
593
1686
1631
1027
704
1038
699
557
1748
839
1520
1763
1104
841
227
1599
2044
1825
1494
1145
588
848
1087
2447
1291
1618
58
2383
1109
39
2037
1683
1214
1546
2015
127
1540
97
345
1477
1688
1030
496
1854
657
1747
885
2460
1137
880
1151
926
2274
162
527
1582
2090
1589
1192
2007
1153
1558
33
1387
552
505
1209
443
1967
1370
278
193
1913
2268
2129
1299
1174
2030
1761
560
1430
492
382
191
1458
1796
1374
607
68
419
2448
1332
477
2029
250
2479
464
1880
1075
2165
20
2301
766
2496
799
18
1101
297
1495
1492
2397
1999
1721
305
1577
1961
538
985
2228
2355
810
1442
695
1630
617
135
1649
1338
56
2418
1159
1867
36
79
2254
2089
170
2314
1963
364
920
2374
67
380
1768
330
2394
62
2313
17
1297
2270
2036
172
2229
1767
5
2130
480
719
770
84
1129
1685
2153
565
832
241
358
1989
1361
1416
1570
218
1107
1827
824
894
948
14
1009
2118
1937
28
190
146
1006
1592
1384
1508
24
1561
1462
2049
675
644
122
1371
1732
406
1752
2294
2298
1675
1528
823
92
1225
1228
1981
571
1565
680
1899
2214
540
1672
1269
1202
1588
2395
4
2086
1300
973
1902
751
1669
1422
945
2450
1903
1344
102
994
422
1861
2220
1690
1934
131
2091
1742
1666
1363
359
258
2440
1447
2034
2207
791
2150
2477
1703
893
1764
1838
1676
2082
1365
1207
1271
269
499
544
1183
902
1200
568
922
1591
1445
1976
1601
1481
2021
427
1242
1828
1626
2088
1446
797
2054
765
1994
2215
2027
707
1
1046
907
1833
1681
1547
1970
1521
25
860
432
800
1524
2253
1401
1070
1789
2473
532
63
1731
665
1302
134
1771
2266
774
2176
2486
674
1625
2002
1089
1196
201
996
1405
1181
2040
302
82
219
2443
78
1100
1583
1932
1058
55
156
377
717
1320
930
1878
42
325
1529
1733
2322
1512
1816
2120
1801
647
13
1328
43
1553
2041
2104
183
1260
573
693
597
2186
2382
1136
1874
2389
1428
1514
1982
2171
2066
1927
1711
271
1026
1476
378
1847
2287
41
529
1340
818
1073
164
430
614
266
548
261
1663
1509
1955
1660
875
2494
916
81
1539
197
1972
1459
1115
454
1342
1616
2453
941
1197
938
1023
990
627
1786
475
2126
1845
1511
2085
386
2260
317
2393
569
980
1950
1015
2458
572
275
983
1440
2144
1578
173
410
574
801
104
946
1853
1215
159
1830
80
1594
2354
1555
1319
1652
714
262
1205
2162
1084
228
995
561
2289
1091
718
2454
1039
220
1353
2213
924
567
630
1250
1248
1920
1049
1590
1870
802
1351
2413
2223
1813
792
285
1759
686
622
2242
295
2117
1576
712
161
879
1127
1472
1156
535
2388
504
1536
2174
1807
776
259
2105
265
681
2028
337
517
1062
1751
991
929
1425
1204
384
1065
1921
563
2406
1315
1490
598
1983
1092
1677
2046
988
1917
2286
95
1658
652
1013
1604
199
2488
235
1562
426
1108
292
1380
1378
2166
2167
1851
1448
962
939
2014
713
509
1055
2411
1298
76
1700
2302
1894
1281
1287
2456
2470
1031
360
498
1696
403
581
514
846
2495
745
1956
1885
363
282
591
2319
2339
202
1911
1426
1538
54
222
1892
1010
756
2092
2083
1357
2108
521
1478
441
1019
319
829
1988
105
376
1938
1348
677
2222
1557
1054
726
1884
1067
1543
845
546
1221
1882
1185
768
2391
1503
1852
2312
585
872
551
466
2079
186
1024
1309
179
1318
869
86
743
141
1321
1978
1427
157
1843
1610
461
491
1820
555
2004
1756
1883
284
999
1177
2119
2195
950
1952
600
7
788
421
1391
637
957
1741
814
1473
1088
2335
2240
968
2135
2191
1270
70
523
611
1388
1530
126
815
1407
870
863
1443
1267
589
2155
110
1471
933
2031
2421
974
2327
2300
287
341
891
1930
115
519
1942
2309
1017
1559
1537
690
2202
2225
23
1119
1195
289
112
1036
1824
277
1449
495
610
2363
1118
1167
299
854
1350
2263
1011
1633
813
479
2445
698
2245
2257
874
1413
60
1162
2013
109
1238
1329
1057
2045
2244
1117
1341
1453
703
1096
301
2483
1640
2471
1085
1780
740
500
1382
746
787
685
1922
807
1990
1002
29
2284
1846
1289
2336
1510
2218
1230
2415
1483
691
1307
1707
882
655
2102
167
77
2337
1551
2056
101
633
1691
804
1620
2196
1749
264
877
821
240
2075
754
2192
2076
1059
367
1411
648
1390
1736
1929
1152
2405
2127
1826
405
605
887
903
1687
2025
767
1143
1497
2296
31
90
1835
424
2068
346
790
2059
1836
727
165
333
1791
967
2128
138
2444
371
1283
331
1336
876
279
1541
223
2323
2252
1723
1844
575
1750
1887
209
1971
943
1782
324
184
1615
604
634
459
1646
671
64
507
74
641
1420
1266
1673
1639
731
1954
457
1264
1113
2461
32
1754
2267
2224
1360
293
642
160
654
619
1573
1637
1527
120
1841
1923
2481
737
1709
550
26
1400
1394
478
174
203
150
1515
2236
236
2281
1534
762
1682
237
1235
1375
501
318
2080
2500
758
1029
525
1839
1935
2407
1909
1083
485
2241
2011
947
2197
137
449
1872
643
639
1915
1602
2370
192
1259
1499
931
1314
440
892
932
2409
2384
506
595
1488
1102
1505
21
1277
1120
1251
2358
651
1659
2132
1563
981
1622
1560
1276
128
987
624
1693
2462
1535
1717
1655
1770
729
1140
2071
1193
438
420
711
1720
2175
148
883
1953
830
332
1051
1612
435
1877
1949
1132
2000
38
793
149
1545
1334
640
2064
1227
2125
482
2315
395
1522
1694
88
244
453
1653
238
87
2159
953
2098
1890
2433
1163
2180
1958
2156
871
2209
2295
781
153
1743
2226
2038
1863
843
2142
404
710
683
169
666
15
2420
1795
2303
1199
615
1467
1273
1785
234
1303
1475
132
2349
1636
1409
2070
592
1004
811
1168
1783
40
785
777
1719
1773
270
231
1093
1919
1154
2256
1581
385
1218
1650
247
1292
2283
374
2039
493
1642
1130
2006
136
833
1466
1679
1457
782
2190
263
1421
34
207
125
1498
625
970
1305
1946
444
1050
2352
2475
955
1662
2264
1086
2290
306
399
682
194
1359
1579
2255
2020
1542
1584
1526
1600
1979
2338
1068
1980
2311
366
1664
1916
1018
708
977
578
2216
558
755
562
888
512
1544
1408
1080
912
2101
678
649
2
1419
2232
210
450
2379
2042
1274
914
1160
280
1621
1821
2324
1729
692
206
489
91
2026
1012
1434
645
1007
1668
303
484
1372
1056
537
1991
2325
486
334
1595
1097
2277
1716
868
1063
1997
825
1607
1644
2074
898
53
198
1397
1468
856
347
700
267
116
2138
94
576
1939
1897
1247
1799
1684
669
1617
103
1169
2065
1645
1025
828
411
1223
738
2185
309
1043
852
1436
463
1418
2052
1071
1022
1450
313
826
978
1580
2493
1381
462
1437
310
476
1848
2326
1619
2390
1149
1172
915
340
1931
2346
1327
1105
2152
1179
949
1875
923
1611
2351
951
1144
329
1760
59
2170
2057
322
361
1871
855
2115
118
158
1822
1996
276
1460
1778
2491
587
400
2414
908
2340
2099
612
2292
1402
2269
2310
2332
1220
407
520
905
1757
1001
2455
447
2203
864
2230
1296
1098
1479
1862
658
1755
2396
1243
66
242
1213
1550
528
2466
1008
1809
1800
497
1045
1597
372
956
1290
1678
972
1042
1910
1969
1324
2158
316
806
1330
705
936
1203
1335
1977
1403
2151
2417
1295
1474
211
2464
357
697
1587
1891
1702
1517
778
1609
1048
1734
47
789
857
2347
2492
1082
2061
2435
1313
2476
2094
822
2184
629
1726
2344
702
513
723
1263
1614
356
599
720
144
556
1347
1710
749
2146
1255
349
775
1279
553
2490
1016
1040
761
993
315
2248
2208
1641
2480
763
1966
1943
11
1485
2205
1396
2173
850
1766
2183
370
49
1661
1253
1028
180
1808
539
1856
1311
166
670
2369
2293
2400
2371
1432
1504
1905
1798
89
9
942
748
515
1725
2204
326
2345
1850
759
379
2320
1064
1603
1859
1986
397
944
1947
1148
2103
178
354
899
1126
940
2468
969
2272
921
2217
1032
163
2437
827
2123
1282
1431
2387
812
494
396
744
998
2308
836
2452
1439
2262
689
245
1131
362
1455
1968
2441
2157
1758
1044
858
2237
2482
286
2182
214
2434
796
2058
1777
452
1896
1158
446
1858
1486
1110
2385
2386
154
2081
343
1157
204
1000
2416
1998
722
547
847
895
2043
1549
2134
45
1881
123
725
1078
621
638
964
1487
1701
2304
1191
1352
57
2194
542
1918
392
2033
216
471
1840
2231
390
966
2005
1240
1781
2219
1654
472
1507
226
1525
217
423
2467
1775
660
1166
1041
474
696
1571
564
1376
1914
2377
488
1784
1142
375
1128
1718
1077
129
1034
618
1964
175
960
881
274
1689
61
481
757
2073
2022
739
992
1995
1346
2330
455
1727
445
1762
2487
2032
1941
632
732
205
1399
976
1722
2378
2359
1389
1496
369
2221
1412
2329
348
291
518
1832
662
1322
1842
954
2457
8
398
773
177
2368
1823
1021
1740
2375
1165
2451
579
975
490
2023
117
252
251
1081
352
260
2140
1366
2428
124
1925
2212
606
1814
688
2350
93
935
896
1674
2121
2111
2362
1194
1237
2463
1090
2234
736
919
664
2331
2251
679
2109
1518
1261
1945
1670
233
2316
273
2050
1429
1904
1606
121
1712
1951
603
1188
2143
1184
388
2392
2060
2024
1924
971
1333
1985
1219
320
1638
541
1355
2106
254
1187
147
1491
35
853
701
2403
1812
268
1567
2449
296
2062
246
1898
1713
2048
1246
2333
2361
522
709
2498
835
2271
1354
1926
735
2422
2087
859
113
590
393
2238
2317
2356
355
1146
1178
2161
676
1746
820
2343
2113
1210
1245
672
661
1224
2069
952
1316
107
1940
1114
616
171
687
2136
659
1133
460
910
