195
729
2405
874
481
1294
6
1646
361
1996
1597
1685
2356
596
1913
2330
2067
2078
2248
2453
2159
1441
2261
1702
2394
67
902
1045
1238
1700
199
1187
1553
1728
873
299
1158
1467
2118
2350
1828
996
1619
78
178
2440
505
2222
913
16
1049
356
1564
2470
2498
1376
1813
1918
1176
1490
2230
2247
439
702
2144
974
2499
1121
1338
1180
950
1448
721
529
510
1334
603
1008
875
321
670
632
1428
781
2304
1717
1599
104
1183
1817
336
1518
259
1663
2476
761
489
1493
1004
861
734
2444
718
1758
595
1271
669
1256
2215
2382
1826
2393
166
2058
963
230
1212
815
1886
2121
158
864
928
987
1950
2277
2188
2209
732
1782
1535
1101
2398
2492
160
433
1241
2055
877
1933
2028
1987
1809
1688
1878
798
125
2072
561
496
571
858
1196
771
1982
2381
2447
2018
2218
1301
1906
763
2087
2213
1165
508
155
348
2451
1708
1777
1344
435
2027
1160
1793
296
1963
2089
1312
2166
1185
590
1790
2140
1779
2
1744
1869
770
868
2365
2246
421
395
1941
1986
853
1016
1215
1148
2076
1139
2411
1022
295
644
1154
96
2377
673
2042
217
751
9
1999
2477
2036
2454
1252
1239
257
1220
1849
475
153
1313
469
1253
1984
1449
2021
688
2099
2353
1972
1365
1905
1603
2407
997
102
1657
1054
1856
1000
253
917
1682
1431
1108
2120
1403
514
1128
1725
1469
1199
2123
2053
947
1322
1976
1028
2143
1059
1833
1928
1398
220
2029
107
340
767
633
973
2171
1138
2150
1920
1329
2412
2408
1308
942
490
135
451
2418
1427
2103
223
1094
1606
1524
1801
68
154
536
316
867
1769
1362
1952
1051
970
2392
350
2066
1948
2011
509
1418
2157
553
704
585
1141
1018
1145
2179
1144
834
493
1412
1325
1120
2305
1784
2233
263
1591
193
1066
2174
1391
248
1931
1839
829
848
1140
2128
2235
1598
2141
2306
1862
1720
2374
516
386
66
275
993
1114
2402
1233
1641
2362
871
2226
1991
1348
1653
2344
1804
429
841
586
1541
573
2197
953
438
1990
1012
1422
1324
792
1668
1940
900
139
745
1164
1350
1013
1355
1979
1590
2376
1369
2220
453
879
387
733
2214
2480
2442
618
1377
563
1050
83
2430
268
1642
1011
1557
260
1836
542
2237
512
2437
1604
1699
192
1071
1754
1722
1861
663
1392
2255
1868
2073
574
714
1669
128
931
933
1207
243
1321
1205
657
1388
2224
1243
359
449
2491
1162
1926
173
1060
1417
1572
1429
1797
1873
2015
12
1714
1930
1399
515
2050
183
291
2462
999
920
1735
38
388
1052
396
127
775
1222
1814
1530
87
2040
1209
803
75
374
319
1529
570
2420
2074
701
1883
1916
802
1259
1550
2307
2471
1825
804
443
1278
1332
2216
1297
521
587
566
948
1204
3
2495
36
23
1929
303
500
281
1437
70
2371
163
2296
286
1151
766
520
1602
1626
901
499
2338
1667
2310
2039
357
1942
2095
2131
399
1694
436
2012
1580
1766
440
731
2228
1105
391
60
686
1875
2165
1340
782
828
625
888
129
783
1136
2340
466
2329
2302
1616
548
402
740
1083
390
375
1015
1096
2482
2359
1135
1623
2097
1695
1973
923
1393
1452
1731
145
427
583
2465
2404
549
1349
121
2342
1934
317
2446
2351
1737
485
2198
31
236
1075
2133
2415
2422
899
1971
2433
1434
926
2137
2490
1877
2007
1997
2426
1181
1318
1644
534
1479
707
1936
2448
1675
824
977
593
1985
5
1961
1531
1545
859
278
2270
383
413
167
4
1660
952
1630
601
1656
964
1289
1192
238
932
2051
1210
196
646
2054
11
447
2114
2093
1816
695
1636
554
305
1558
1298
2170
959
363
2464
1202
580
2080
1410
1272
623
48
1193
209
1765
15
131
1323
1134
562
831
1175
711
1600
2320
1232
1670
2395
1570
18
637
335
218
245
1169
2263
1838
975
784
677
774
1855
105
1056
1384
1645
17
945
1573
807
1739
719
1439
1143
1937
1073
1705
1381
1036
2162
1752
1104
2370
224
1569
1775
1031
2260
282
118
833
1231
1698
535
132
697
1733
1542
684
1368
919
594
654
332
658
1837
1989
1678
2169
1727
2493
1719
1893
940
2052
621
2205
1547
525
492
244
1170
1673
1908
367
261
1964
1890
1789
1845
157
472
911
454
264
267
1379
736
894
200
90
1970
2152
8
1174
2013
142
152
1622
898
184
1924
1612
417
2191
865
2139
672
1915
2109
1909
944
659
136
1043
650
1738
547
2155
2283
2204
2117
1577
768
746
176
816
1387
1824
1453
927
271
304
2202
556
1203
2100
602
2124
747
479
2023
310
1261
2266
461
2181
1150
604
1519
533
2182
1951
1910
2276
1057
530
89
2084
372
1773
1923
820
1250
2354
1451
849
1726
2025
1894
2456
1689
1819
258
2290
1040
1003
1661
30
2399
1058
280
1177
1927
501
179
1687
1526
832
2481
628
757
240
1245
2332
2323
817
2328
1426
1496
1879
778
1354
95
893
1681
468
1609
2425
1749
750
840
457
229
82
2434
1753
2098
2010
2409
813
425
1831
476
231
1447
149
213
503
2111
1576
1372
2485
29
1356
1762
773
2088
1966
937
1922
2497
1834
398
2161
465
1852
1969
2031
1491
1730
1721
2298
1658
1280
640
2105
1686
1475
2045
2219
1506
2038
638
377
1511
1968
1095
165
64
1433
2063
1995
1133
1588
737
1409
478
620
936
1240
968
394
1296
823
918
584
551
2077
722
2363
2309
591
966
2200
74
1713
84
2062
1532
541
1613
2056
1067
308
216
1002
2457
889
203
1097
1563
1367
254
1556
676
1068
1901
10
159
1803
2068
1748
1396
777
1516
1030
1911
2380
2388
100
2386
2486
171
649
1385
255
1567
2316
892
57
958
1635
622
1880
1118
1723
2221
1841
364
1053
1430
835
1956
2387
86
870
1063
1363
235
1111
333
334
1195
1360
1152
1224
1306
935
370
342
323
1131
1257
212
639
1756
627
609
175
1860
2158
1595
1947
1864
301
194
504
606
914
1498
2484
1172
2129
1876
2364
727
141
474
1665
37
298
1949
1373
1555
2355
856
1583
1476
2293
331
2001
762
2185
1492
605
1980
2322
577
1100
2358
2413
400
651
462
1704
985
2423
582
2431
1270
1082
2479
1281
513
27
1033
32
2318
540
1847
1863
169
1265
1260
1483
943
1107
1455
725
786
2172
1807
97
951
1078
1283
2414
1098
1124
2321
1112
1319
537
1539
1859
1070
1034
174
307
2334
1853
214
2449
1724
2385
2460
2149
397
2396
681
498
652
1470
1267
116
2195
891
406
795
1829
1885
351
460
1691
162
523
880
724
1508
2037
46
1711
1269
22
1528
1457
405
210
1615
1235
108
373
1840
588
866
1214
1593
2106
1137
189
1566
355
1958
2125
2047
2184
2217
2331
393
2271
1551
581
990
1216
984
979
1785
799
1854
1314
76
776
313
2079
1514
2145
2253
401
821
847
1897
1424
430
1285
1568
2046
949
448
1666
1017
1191
689
1074
285
207
1544
190
1010
2201
115
532
2401
981
1007
1903
2240
1009
34
488
976
113
1543
1624
1899
1703
1945
635
517
531
550
2163
1288
965
2225
1048
1596
2313
2292
1585
1527
992
2445
1651
1435
146
1411
1126
1552
1478
925
2119
2427
739
412
297
2135
2280
2014
1277
2251
2348
2004
1072
2461
1305
528
270
2075
599
1534
1786
1935
887
2303
294
1654
56
106
2417
2110
1759
13
1582
2168
1509
2337
743
2160
2187
1594
857
986
2211
2308
99
59
24
850
2335
903
1014
2190
1432
539
809
2231
1178
1932
1617
569
938
1548
411
239
843
1419
1954
1655
1463
1955
1468
2239
1866
2009
371
1818
895
1857
1771
1896
1497
982
52
1129
198
1761
1858
1844
426
2406
749
1751
2175
382
1171
2262
186
1489
797
1608
1130
1882
2112
723
2487
2272
1142
262
2319
44
1747
613
1507
1763
2378
302
624
93
2268
2173
2142
862
1351
1957
1159
2369
234
1035
1401
126
266
1374
814
600
1962
47
137
869
1186
2206
2227
53
2193
1251
2138
222
772
312
379
2325
904
2472
844
922
1213
2020
1090
2186
1471
565
1820
369
2061
1874
967
708
656
1299
424
2301
177
470
1842
2085
486
545
1540
876
2347
1190
1084
1061
2333
1981
978
1633
2049
2030
626
1683
247
1197
564
2104
780
1378
1198
1292
366
882
1309
946
827
202
345
1512
1227
1776
612
2060
796
1246
1474
2428
384
392
419
2178
1182
2289
1767
1734
1487
161
2424
147
971
2327
1640
1005
1341
1792
326
1706
1366
1228
181
1268
416
589
1755
1788
1634
1147
459
1244
1889
836
1850
1649
519
2315
1069
1234
511
1041
506
1802
1421
995
494
39
1944
578
2044
2357
1513
1707
969
668
276
423
713
794
2312
1484
2360
930
1830
1887
808
1461
51
1065
1967
699
1983
1946
1415
1249
1062
1774
758
1794
1420
2192
2368
385
284
1303
2134
1438
341
346
497
482
906
49
2064
1815
822
1395
2238
1357
845
2346
760
855
414
1718
1157
172
26
1284
1503
354
1745
339
1750
1446
1024
1109
1146
1218
324
680
1560
788
2108
444
1
921
337
1380
1716
653
1465
1115
1533
568
343
2416
1764
830
1546
939
318
1450
1501
2016
1939
526
2071
1914
1523
2299
1783
2468
320
1647
631
1032
2183
934
1846
133
2057
1333
576
2294
1919
641
215
1810
1311
2384
567
2082
2254
1436
634
1200
1394
1627
1925
846
728
1383
45
671
2094
2288
2041
1808
1295
1342
1425
1025
441
1561
693
287
679
43
1087
1709
477
664
557
2489
2474
1659
1423
662
1001
219
730
143
2035
1796
885
983
1225
1179
1086
329
667
2127
2264
991
1770
791
1485
538
1549
246
915
1039
352
1390
810
1089
2017
289
1800
1898
1149
180
1166
2339
2343
908
742
897
1330
2032
1998
103
527
50
445
124
1375
1370
2265
839
1464
518
431
2285
2008
1188
1525
40
1358
422
1076
1521
2341
2410
1870
1006
1795
1064
1477
741
35
2488
487
1219
1286
2122
252
1610
555
524
972
700
2317
1328
1559
661
1122
1047
1960
616
2156
826
1480
1168
854
2167
779
961
2450
957
1127
790
1812
1579
1639
283
956
242
2273
362
1650
1938
1352
1835
69
2180
705
170
1443
842
1632
471
1201
1389
110
1310
1631
1106
114
924
201
765
72
896
1404
2284
1211
150
368
1456
838
1194
480
738
1743
112
1611
1746
1044
1587
1760
1316
256
645
2286
91
1080
863
2136
1331
1693
1079
221
665
572
2463
62
85
1680
2473
2375
1263
328
2314
1562
7
1871
491
962
204
418
1943
463
2113
544
71
98
692
1892
2229
1320
2002
2269
1515
1364
1637
2467
1953
1823
1975
696
225
787
2102
2281
675
1029
2324
227
1652
2090
687
710
58
1486
1538
789
2107
1978
483
2153
1414
1173
683
1741
290
1117
467
619
2391
1153
432
1522
101
2326
1093
643
1405
1274
1473
1279
187
2267
458
1156
1921
2069
2459
1712
785
2438
241
884
1023
1290
1458
274
1742
715
2000
647
2245
2043
94
2361
1643
2146
2435
1843
1520
437
2452
694
698
1607
1302
119
1327
1315
1217
2241
442
1273
2249
164
1867
456
14
1676
1993
251
1304
21
1481
2389
2429
1994
1444
403
205
2421
860
148
630
1442
1091
2443
878
25
2367
2034
2500
2234
2475
1020
2070
1575
322
1488
2048
690
1586
495
559
1571
1382
1504
1287
117
2116
1102
415
1223
2243
191
941
1092
81
473
330
1353
1625
378
1462
420
2083
598
1346
812
1445
1125
2019
20
1416
753
907
2379
980
1254
998
1672
1291
507
1832
1848
1781
2297
2132
2096
1407
42
1806
2203
208
735
2210
2436
2300
63
916
597
450
883
754
1155
801
1337
1189
2403
109
575
2311
1772
360
389
300
678
1884
1132
144
543
197
2208
1413
1088
130
19
1460
1757
2006
2236
1266
1184
1791
1027
2279
1581
682
611
33
1732
2189
122
2259
88
1638
1502
1335
408
1888
2252
232
1237
2419
805
1974
648
1206
2278
1042
1230
1282
2383
1778
1339
2458
2496
502
2207
2151
134
660
560
1618
1787
464
1565
484
552
2258
1258
1116
1536
120
716
764
851
1397
558
2274
1510
2154
1037
140
1729
905
837
2177
709
2257
1019
1811
1499
1099
1907
2282
353
409
685
1336
55
1992
717
265
579
752
1780
1881
2147
1701
1103
2194
138
1326
1021
1895
273
852
592
1359
960
2295
1077
615
1679
825
77
1891
1371
818
819
607
2126
365
2033
2439
41
1459
1495
1805
890
338
446
65
1343
1440
655
912
759
2250
277
629
92
1821
1965
1317
80
249
1255
1900
755
2176
327
1912
228
1648
756
1026
344
1347
1851
1690
2242
1293
2400
720
1827
1671
2336
2024
1163
1872
123
1628
1500
1554
2478
309
2199
54
703
1119
1386
1715
1629
293
994
2441
1605
2148
1247
404
1677
2164
279
1917
1226
1620
2390
61
1482
185
1236
2372
315
428
1221
546
1621
2026
455
744
269
1902
2352
1229
691
1494
1046
1408
2291
1822
347
1345
2349
306
1537
793
1262
1736
726
881
1406
1081
642
288
1697
410
452
2287
666
1684
1692
381
1402
1248
954
79
1161
636
206
1768
1988
955
1276
2005
1674
2223
250
872
2092
168
1517
2494
1085
1696
608
1977
1400
929
1664
1959
434
1578
614
1264
1113
2244
910
1574
358
211
800
1055
2397
1589
380
748
226
2022
610
1300
1123
1275
1454
2059
2130
1110
1614
1361
2483
1307
2469
1038
2232
2345
237
233
349
1592
2101
151
2275
1799
2091
2366
2256
988
617
182
111
28
1472
2115
2196
886
909
156
712
1505
1740
1208
706
1167
1798
2373
1710
1242
2455
272
2081
769
522
2212
292
2432
73
376
674
811
2086
1662
806
311
325
314
1466
1601
2466
1584
1865
2003
1904
2065
989
188
