874
1434
827
525
1724
2365
1384
1577
2307
816
722
2191
1021
1651
2109
2435
370
2358
662
69
1288
864
116
172
1355
2102
2024
2212
657
1270
1876
136
273
1485
583
729
1971
1179
1847
1226
517
1502
164
2293
148
734
2168
1393
1806
430
438
2279
921
1744
46
768
2015
338
967
1562
962
1429
611
1785
1380
2460
1692
1590
92
1455
1702
322
378
2070
1747
2475
146
2422
1516
1916
1793
2360
1809
1449
420
2136
1733
2417
1237
1067
1443
1911
177
2149
1445
1342
1634
1501
1484
405
747
2283
101
1618
848
554
885
2281
1386
1824
3
1854
1423
1862
1269
1770
2459
291
899
1111
1236
1794
298
2386
2315
77
867
1242
1383
2236
2271
2239
1032
1993
1350
88
1471
1560
444
2484
84
2004
1442
1490
1646
2348
1103
618
1800
600
1536
710
1112
2035
362
462
2469
469
1769
1689
1557
770
2218
192
1277
2339
777
1311
851
1658
917
1133
157
649
2226
2143
1238
2241
2301
2363
2282
1163
1446
410
959
1230
346
1314
708
1510
8
271
182
118
225
2300
2495
1927
1000
2478
1804
543
1572
337
1427
263
1273
2389
137
631
200
1357
208
2345
947
1940
1113
2003
243
765
296
550
1652
2103
360
144
873
1495
553
311
871
745
1850
1463
1005
1165
193
1189
2054
970
619
1398
2418
1960
1534
2481
1092
356
927
1086
519
1487
1541
1191
721
153
2014
988
1042
436
1884
1370
128
51
1428
1225
2284
1072
869
1488
2
2213
1717
1164
369
2262
276
121
669
987
1454
999
1974
1063
1858
73
1933
654
2231
1676
832
1100
230
2291
240
2254
2114
761
1890
692
1767
714
1117
1436
1567
944
1836
1155
12
709
27
2098
2370
2441
2406
585
2325
1866
1219
171
1040
956
1310
1460
760
1097
142
2069
2450
767
595
2457
1091
1323
2431
442
183
925
1823
1293
1732
57
1749
573
2269
1549
1610
70
1894
2201
1788
484
2137
390
2286
1087
1035
1069
432
1720
796
2246
202
1582
1154
1840
437
170
1816
1235
2181
2490
994
727
1625
1748
364
556
254
1477
1864
38
354
845
81
1190
42
1345
830
1483
1973
460
2041
1251
835
1606
285
2000
598
2350
1731
985
2100
1299
1156
973
147
1266
2472
893
487
821
680
1302
524
538
1102
2463
1678
2322
1990
1003
1659
586
1074
2144
318
1059
1082
215
931
283
2311
2219
718
1301
1674
134
1009
1966
304
2353
2369
1812
1828
2436
479
507
1414
870
1182
2033
429
1424
132
328
766
1412
179
803
2071
596
1700
822
1842
2480
1811
1469
1339
1987
1797
261
1718
546
29
1411
2064
340
2046
1121
1212
1679
210
2050
174
2347
1294
1390
1671
1563
701
605
28
309
650
423
1020
1694
1533
1313
804
1639
1343
368
504
1071
365
1929
1873
695
1527
2005
784
2115
1587
1497
1252
660
90
2296
2092
2285
1255
415
694
863
374
1280
1217
1813
7
2197
1663
454
1611
464
2155
1759
551
1231
1178
1629
1295
1897
1526
2413
699
226
224
493
258
1057
908
2233
604
1774
1521
1382
223
1309
187
1344
1489
1757
1321
1737
1227
1955
1943
1852
1645
1376
1379
2287
1377
1034
1641
207
1459
2310
1708
839
1740
615
1920
323
2257
2047
247
2192
1304
1185
2048
2258
614
99
910
1160
938
2210
820
676
1882
2031
2162
861
1711
1548
496
572
2199
1150
1349
1906
1668
742
2361
2375
901
1976
1540
272
1796
391
686
1451
2479
1589
483
1030
1359
1403
245
1284
1122
342
2416
1570
746
548
1613
1363
2157
1289
396
1729
1919
419
1859
1661
1494
1822
2127
1856
2049
1584
1391
868
1250
1875
1450
1328
914
1656
896
667
1756
1605
2198
597
443
2190
1499
1291
1638
1329
2153
2010
2378
750
1088
2211
196
1308
609
439
2193
1728
2267
1739
997
2152
1157
388
17
1098
1207
108
1683
480
2002
569
1575
131
491
773
2032
2331
1305
2351
1539
653
1041
2488
1984
61
1803
1627
2324
1285
2079
2132
1247
2412
1094
728
1649
723
976
1480
881
1114
470
2017
1211
380
1598
752
540
1542
1871
357
2060
214
1886
2068
2185
2319
68
60
990
2486
54
1853
373
918
913
1817
2043
67
395
2029
39
1657
1448
951
741
1545
485
1513
909
355
790
2497
1337
1110
1261
2134
2036
2106
2042
1511
280
889
1967
98
1622
2232
647
1860
2214
1568
2330
1504
1687
228
267
141
50
1135
156
900
621
1617
1519
1586
1045
249
375
1402
2461
1597
1935
1790
2466
948
1837
1354
1957
1771
2183
698
55
486
2414
384
1136
2141
849
1202
2397
663
1241
840
912
2052
2462
1026
2178
2074
771
1655
1701
1802
696
979
1989
1827
1713
150
1633
2123
427
441
876
1961
2341
2205
222
1188
2364
894
772
238
168
1373
1084
1474
2314
831
905
1667
47
1820
350
2247
860
2494
447
634
952
1148
206
1594
1832
2306
100
1766
775
1631
1316
1942
218
1378
2439
1089
702
1849
1648
1815
393
712
1167
2367
1498
414
1672
1058
2380
1626
1055
401
705
581
717
523
1132
371
1722
1909
957
950
1555
107
324
1517
499
2399
2082
482
1872
836
2342
82
2265
521
981
2020
858
319
1925
1716
1518
385
1666
584
178
1558
2470
872
758
2359
587
1751
793
1691
2327
417
715
255
1095
1281
1031
1865
964
1949
683
520
532
2085
2116
2105
299
1173
689
1128
781
2075
1632
173
1013
1954
862
1290
2208
339
2368
265
1699
971
289
1420
2395
41
1401
1982
1579
1628
1085
1941
367
2013
2336
682
940
1319
1637
1408
287
1888
1405
724
96
2142
552
1187
780
697
939
2086
655
1869
930
347
2172
1267
2080
2156
856
5
854
104
1697
2483
1948
1318
94
1493
409
1432
383
630
726
1028
1695
1937
778
35
620
387
1620
2343
629
2357
399
13
341
2425
954
1394
1496
2009
502
904
2340
1419
1044
844
348
1056
733
1208
2424
2302
2111
1367
567
1011
641
1507
288
916
2056
1746
2264
1062
1093
66
1351
345
2158
1470
2415
1924
290
1372
456
1466
616
877
119
242
2259
1783
2084
398
953
1278
216
1276
281
1945
2180
2473
1999
1795
1798
471
802
307
511
1479
685
555
244
1574
1787
2215
205
2159
2104
1262
1698
2411
180
1453
2308
2263
1322
1467
1012
1375
2408
2245
458
1893
2292
1104
1325
809
1015
1895
279
1145
588
2432
1855
2034
658
1726
2164
2371
2025
292
274
929
592
2433
2099
358
11
2097
2174
284
2405
1486
2057
1891
578
2328
635
138
2349
632
2120
1221
1198
1839
640
1440
349
2465
826
2384
1881
1599
1958
843
1917
1257
74
310
1151
974
1007
2022
2390
1404
313
1142
505
1395
1730
535
1819
1887
749
562
1709
1106
2362
256
413
325
1660
1764
920
204
1224
1260
880
1080
1650
1159
969
1595
601
1755
2312
1807
829
1554
1214
149
2332
1256
679
1528
1120
2204
10
26
251
1362
411
2273
1317
633
1465
1772
428
1653
536
1738
1979
2430
1843
2223
509
1643
2234
857
1640
2268
1775
2398
250
1099
547
738
2434
241
262
2383
1706
2379
799
1194
382
1101
1079
305
1206
2275
1680
902
1506
2498
320
735
599
239
2372
2278
2062
1801
1573
1932
135
1234
259
2012
503
1845
2202
2489
1048
1197
154
1326
819
2187
1183
1292
2338
33
2455
2059
2272
1051
1995
435
1946
2452
22
159
1002
687
1246
2376
590
2058
975
2337
1315
1831
233
1561
1462
83
1998
1745
2323
1324
143
270
455
152
813
1844
756
260
1123
1763
1964
1014
1433
1109
1604
474
163
1566
825
783
2165
231
114
561
1204
2078
563
2107
105
1576
329
1564
1922
1018
1530
888
408
91
1168
1601
2423
1046
1366
817
2344
1374
949
2270
1994
977
1818
386
2280
297
1410
2150
1240
327
1181
1210
1096
381
1215
791
122
1108
1593
890
155
664
2176
402
1879
1017
2297
404
1983
1889
643
1444
2207
1600
2146
1851
110
2124
1781
235
795
1647
1137
2402
982
751
2028
1387
86
286
2230
326
762
544
1608
814
1158
1630
958
314
407
1765
1953
1107
1710
2334
823
1654
1417
377
690
607
1934
834
1025
2044
1664
992
1914
1161
1690
2335
48
787
528
1271
275
1704
1609
113
2166
2224
1578
227
185
755
665
1669
2289
2148
769
865
1282
2126
815
700
764
24
1635
451
1503
2366
1965
1985
2006
1037
1834
301
1522
895
1176
1846
1139
1975
1814
1786
730
112
424
2016
1004
1180
1083
2091
1878
21
2427
1307
248
315
167
828
1287
1038
2277
1338
1682
1830
1686
1835
537
527
197
2499
1458
522
1714
933
351
2011
361
2175
800
1126
1696
130
2403
473
626
1762
1715
188
794
431
79
1523
2252
308
2355
1779
1381
1619
2454
2169
1768
352
1010
37
18
221
1520
1131
2051
1868
674
2238
1792
510
209
1596
1258
75
426
808
434
1400
1125
897
1581
576
2496
1184
2377
879
379
220
1758
1944
2449
1537
500
2316
1263
1192
2161
475
165
1073
445
1870
2077
217
2476
1950
63
2251
1885
1456
2453
1177
1364
886
1623
15
1275
2222
608
911
467
376
2229
2261
1352
1368
656
1141
2113
943
2220
628
330
397
1556
1070
934
515
359
542
2225
810
1742
71
1883
160
986
1332
1603
1997
565
161
481
139
2083
1296
1115
935
2163
2381
580
776
1861
1233
1532
1239
545
1681
2346
1016
1199
757
736
838
211
1170
32
1782
1361
706
489
498
189
2147
2409
801
855
2471
779
1147
2108
720
1047
731
2329
1981
1969
1956
1353
459
1023
2256
2442
93
2298
2139
2253
1447
1371
2482
1356
1452
2401
786
2217
452
363
743
2018
45
312
1036
785
1134
2186
1723
571
1124
234
31
2038
1753
2240
2040
1607
508
2196
739
704
1438
418
512
2129
277
593
1385
127
2133
25
1297
332
2294
2388
448
2088
1418
422
833
1509
1743
534
2061
2227
1186
1833
145
1986
1435
531
878
2167
1736
1992
453
1473
841
2410
1244
1060
1939
514
1253
506
678
666
2244
2125
788
2326
1213
333
2008
1407
1426
926
1129
1705
1389
2250
1220
103
1761
1441
725
852
2200
43
2216
1229
812
945
1685
1754
2184
842
336
2243
1205
1727
560
40
2474
232
1821
915
1544
2021
201
1904
372
2154
56
1397
2333
980
1602
115
1583
416
1457
642
1874
2039
1024
1475
477
2299
186
1243
1232
62
636
1162
1076
1684
1333
495
1857
1200
903
1320
891
2045
117
675
406
1978
2354
2087
1468
2477
1936
637
998
85
887
30
176
344
711
575
2195
1216
2131
737
1330
639
1336
558
1001
2373
102
87
1892
191
922
1913
199
1624
2173
490
1947
1741
1029
2145
983
965
97
4
677
1416
1675
124
1149
2130
853
1838
2305
2493
1551
919
623
2221
1591
2228
2117
125
1172
1286
1900
1439
850
624
1799
811
1268
2458
1022
302
1970
579
1054
2290
111
72
989
805
1863
1921
806
1491
1065
2407
213
52
646
681
2094
625
526
1298
2464
2189
1773
651
1550
644
89
882
570
2209
1963
1399
883
461
2118
1425
2053
78
638
1052
2101
2317
1588
2095
530
1784
133
1569
539
1119
1841
466
1908
2468
412
2089
582
1776
1365
688
1505
2096
1171
2023
1642
1615
789
884
2206
564
1259
606
65
169
282
1228
212
1152
533
1248
1829
2320
2295
1
36
252
1996
1896
1580
80
253
1553
151
1053
266
106
513
716
1512
1274
2072
684
1406
2138
2391
1903
1877
2177
1075
2276
1118
1392
1721
2485
465
1461
6
2396
472
53
703
1848
1265
1918
557
1312
923
2444
2179
892
1422
1614
966
1665
984
1703
1805
671
1116
1039
612
421
353
95
622
389
659
1478
753
2420
1127
140
1621
1068
1437
1959
20
463
264
602
2387
936
1464
1616
335
661
1105
591
1734
1090
1826
1899
14
978
1902
1174
942
1218
1306
175
968
995
1968
993
1677
2026
366
906
1006
1492
268
1923
961
782
44
2019
468
610
1789
1223
1027
295
1931
1143
648
2429
960
603
1430
1272
76
792
1346
928
1358
2055
529
1138
955
1140
1144
2500
269
450
237
59
64
2447
1535
195
2385
1203
1693
2249
1725
1153
937
589
1636
566
198
1780
1303
1130
559
1146
457
1019
49
425
1926
518
2081
2203
109
996
1500
1347
2374
1912
1808
1335
866
1644
1915
19
2122
1081
2419
1254
403
1413
236
1482
1415
1612
1222
2090
1910
2194
2394
2242
2321
1050
963
1867
693
203
1547
1043
568
1396
2467
1559
1752
1880
774
740
2446
293
488
1064
2274
190
617
34
2188
2491
1249
2309
672
2140
541
1431
1791
574
846
1175
331
1930
1907
166
941
2437
1962
2445
2393
1340
1061
2170
2440
1712
1543
732
229
2066
194
2135
1928
991
798
1719
1552
478
1777
1409
2151
1360
2065
875
2255
446
1514
1938
1901
744
1673
433
2076
278
181
1033
907
2304
2426
577
316
343
184
294
754
1991
748
1688
2352
400
1524
2073
494
1538
924
2318
449
246
2030
1592
1209
23
120
627
2288
2121
1481
1988
1049
1348
1078
1369
334
1571
2303
670
1760
2112
2063
2456
1515
1825
126
2421
2487
1283
1264
1334
392
501
1331
158
1980
317
652
1193
2248
1196
1662
300
1778
321
763
2119
2443
2438
807
2392
1952
2448
2160
2093
719
1546
492
594
58
1670
613
1169
1585
129
2404
898
1508
2027
2400
932
1077
797
1195
1972
497
2110
257
668
2007
707
2235
1279
1707
673
859
1531
1327
2237
303
691
1008
219
2382
440
1472
1565
946
1341
2356
645
1951
516
1388
2492
2428
16
2067
824
1810
1476
1166
1898
2266
9
549
1300
1421
1529
162
1245
1066
2171
2001
818
1905
1977
837
476
123
1735
972
2182
306
2128
1750
847
2313
394
2037
2451
2260
1525
759
1201
