2458
181
23
2247
611
2270
257
417
773
844
2140
582
1995
361
1061
840
271
1085
2250
36
2368
565
1519
64
298
2380
1834
2187
124
1691
1506
2242
2261
1161
174
746
1642
282
2292
1503
407
240
2285
2422
1116
924
2238
2027
2011
485
1374
921
501
2188
2246
1856
2476
57
2378
702
915
1236
82
740
73
284
1608
96
1989
2263
192
686
737
125
1843
973
509
1317
229
1160
66
150
2353
1653
389
1379
2148
2168
1441
2383
1571
424
980
1770
2040
1372
1350
1331
8
1903
1981
1932
2133
1851
842
742
1668
1102
1013
868
961
446
1996
2314
815
1166
1018
1570
1818
1983
2072
1129
126
972
1541
2257
1735
193
1782
2426
1390
1367
1326
898
1941
404
801
118
914
2445
2090
169
1732
1418
1424
2329
728
864
1312
897
688
281
1121
533
670
1926
1100
2108
267
2437
1316
1472
2114
878
1734
479
665
1633
132
579
1552
1755
484
1055
1675
526
687
2412
1360
1421
693
315
2279
1225
1812
1319
27
1366
1925
552
1943
1415
984
2269
2349
944
2206
2268
599
1803
388
1391
2044
846
1527
2008
1035
2183
1467
1509
109
1884
945
981
2034
20
401
2105
1609
1328
450
1800
441
1802
1442
1068
1163
1437
1654
1966
1656
395
1690
887
1291
2409
392
1096
1627
1101
2204
1492
2001
2104
2249
1242
623
168
478
198
1870
2115
1072
366
1017
590
179
1150
2387
349
964
85
1644
1659
772
11
870
2264
1752
730
403
1199
663
2046
2370
2417
10
204
2330
268
2156
1974
1241
2200
1099
346
2253
626
1352
762
837
1535
1397
863
147
1162
2395
608
919
127
1396
1545
1630
1826
2497
1473
1309
1798
601
78
2073
953
1358
1005
1583
1381
1604
1669
1155
44
1739
1928
1715
727
2276
2076
1905
488
1887
34
1900
1416
1508
1783
1578
1108
1224
2490
989
357
2366
2069
758
1869
385
891
593
300
421
682
1555
1173
448
958
2449
1292
1423
1457
2003
2385
555
752
2351
1153
2043
2159
1298
323
2468
81
1846
2350
1217
220
2441
239
2123
703
203
618
294
2335
1063
2446
2389
790
434
2472
764
470
1959
2207
384
83
1038
827
339
1819
1550
1769
604
761
1774
2051
2063
47
2404
2364
671
1999
1033
1098
2129
2155
550
1889
1791
911
1417
2107
2294
794
1730
1170
753
1036
1052
1624
1171
163
269
558
802
777
1857
1254
572
575
370
2331
1079
1064
211
2205
1301
230
668
2158
1558
1612
277
1022
1177
500
381
811
1400
689
2397
2240
954
2461
2475
1970
483
106
42
683
171
214
12
2134
1348
1000
1023
2281
2100
979
418
1625
539
1958
1657
634
1514
2244
1122
1706
942
1451
908
197
2163
327
1913
2070
1246
2262
1760
1275
1142
1075
1963
1439
1399
1323
2499
793
770
202
1235
333
1502
1144
542
881
905
1306
1004
173
969
1703
1505
1318
1736
2256
1238
226
2462
2369
1874
223
2322
2231
733
700
2149
2077
2005
1605
2301
1635
674
1463
1016
1820
337
1744
302
2096
560
1592
1601
810
1211
1385
455
2460
1307
1795
1562
1873
1353
495
1332
996
101
1598
1804
1050
791
1151
2298
2406
2144
1927
1191
1976
1955
189
182
1181
736
263
2145
1414
722
2198
1566
1965
1836
2377
351
1619
2494
574
31
719
1747
1920
724
537
1216
765
1877
1526
609
1106
1382
527
1938
519
1014
1620
2373
532
1674
2454
859
1532
1091
2371
209
2110
1089
86
514
1697
825
2478
1967
545
833
977
429
656
1901
2035
888
1811
546
1378
1136
1988
1645
2479
900
1042
319
1074
447
1027
264
206
471
343
2439
170
1273
803
80
988
1419
309
2451
1564
7
2029
512
1407
535
1030
1665
2341
531
2013
1446
432
1124
1708
867
1643
1425
2489
1138
156
2299
1426
952
1284
2061
865
1404
1020
199
1234
2452
985
15
52
1230
1258
2112
554
2020
177
1261
431
1585
2119
2229
1848
41
1828
1922
1554
2334
2036
622
2284
224
522
937
317
605
1582
2396
62
922
607
2491
1944
415
743
379
1707
2089
1475
1516
1327
556
1641
1071
2226
1951
464
2038
35
513
97
947
2374
2427
1497
1640
538
166
1650
814
1219
1164
1742
383
67
2186
1083
2059
104
350
1343
1465
2209
139
1692
2467
1324
1260
1919
2303
543
430
732
69
1553
2423
1613
71
2333
308
1032
2280
2137
1766
1975
411
672
1107
2176
1371
2015
1936
1972
786
362
935
817
1270
2012
1814
2411
1701
2392
855
1184
453
540
1858
1978
141
2403
435
55
705
820
472
990
1427
1194
474
1689
1117
1648
1315
1051
2289
644
238
266
2202
299
1914
2113
2002
1389
963
2485
1168
115
2087
2346
1034
79
443
1844
2023
2139
1840
524
2483
612
1263
374
1200
1639
1683
354
427
1716
2342
684
917
697
19
1646
1638
2136
2459
1546
2093
2099
923
1267
1444
1809
165
892
133
1058
255
1563
2062
1695
2128
99
2277
1631
516
5
518
1723
788
2083
120
1700
659
1909
162
1825
852
1131
1228
2488
1806
1957
2232
304
398
956
910
704
22
725
1698
1763
2429
428
2306
904
1351
957
503
685
1484
32
172
49
2151
2227
2384
1357
334
1287
2318
1229
2185
597
1140
2251
2120
1334
1816
439
1784
505
142
2282
1086
723
2080
1948
1513
1885
971
2161
843
1206
2233
297
1821
213
1576
932
1717
1917
486
358
2323
1293
352
490
2025
1336
228
698
2082
991
1551
748
1244
1476
2293
409
598
850
2218
312
456
2172
187
2147
1673
1507
1574
614
2339
1577
2311
661
635
1185
1859
1248
1214
1303
577
1841
1947
2220
721
1459
1549
890
419
2352
2361
1603
1340
1548
2398
117
1543
372
84
2473
2078
1158
1702
2421
1768
307
233
893
494
573
2109
666
1908
2338
1878
1529
1607
1899
882
164
152
581
875
454
1454
2424
857
1759
1655
1500
551
1040
225
571
2379
340
1480
1907
2095
129
1910
913
874
451
2234
2224
2017
347
993
355
155
578
1204
2336
416
2448
1749
862
285
779
260
511
2260
1373
1376
1855
1629
2315
1839
2221
1135
258
2248
1139
2167
2153
2193
108
1785
1861
916
549
1255
2394
1169
692
1056
720
709
1779
2258
798
568
768
43
557
2464
2326
1540
1589
2190
1567
1392
2495
2042
2067
2431
603
834
1912
1060
1868
1756
816
2434
1865
1137
595
1949
63
2241
2365
2500
2482
1205
2381
750
364
291
1534
1980
778
615
1594
939
826
2442
2408
1606
625
1470
221
1250
154
2450
2239
528
2480
883
359
1610
1403
1335
2481
782
2169
2024
2243
660
1915
2068
632
884
1125
813
1741
2057
866
423
2054
463
466
544
2019
629
2165
992
1754
1313
620
2236
2274
2477
1888
1179
960
1333
2436
1817
621
1906
1568
2367
1533
2064
1879
2146
1621
1156
1969
1962
293
523
1008
691
402
1862
2050
792
2091
1105
473
1354
412
785
244
1986
849
2065
2045
2203
630
1682
653
1998
1679
1082
2415
270
1227
259
195
2295
930
1580
2324
1059
6
1916
2290
706
178
249
830
87
583
1300
2142
2182
218
1283
2391
94
1112
1361
1940
1704
1402
1628
1499
808
1445
521
1478
1431
1409
2416
1794
1805
498
2245
847
1531
943
2420
371
1420
613
399
2049
2401
321
2453
2430
1891
54
2216
363
1047
2084
2414
735
123
1393
146
1950
1222
1479
1044
902
1220
1937
262
1012
982
217
1245
617
316
502
1295
414
158
2016
2058
1290
1209
2127
1081
251
243
1272
664
287
2470
1931
205
645
998
1172
1049
184
1276
1436
1053
1193
481
1271
1253
301
508
1483
1286
1807
920
2291
1852
975
107
747
631
912
2345
1933
1793
113
1890
1854
1523
1997
1860
2312
1233
2357
1993
714
1114
1460
280
376
477
1341
314
580
1837
1771
1455
1745
68
2325
2321
1761
1342
1808
1528
775
110
2199
1871
1849
941
655
1461
2026
105
51
1383
180
1881
1971
1006
1433
1864
2118
2471
2252
2433
771
2348
288
675
1178
1088
1904
2060
1832
1618
111
1930
368
2288
894
1658
797
341
995
1320
1952
344
1801
1678
879
584
871
480
159
966
1662
2355
918
1469
2344
776
1208
2447
2132
1833
1493
1494
1636
1530
839
1934
1210
1614
2455
1274
2048
208
1157
647
1823
438
400
183
585
1593
140
70
2332
2402
517
1422
606
1448
2225
536
2319
248
61
1637
1411
353
1824
2071
215
907
2457
591
1226
1243
1961
2356
1886
135
1197
1902
962
885
567
812
520
9
949
2032
1979
1314
1521
1070
1838
548
2265
1487
1195
1452
806
1453
1363
639
444
2399
1045
1797
1569
1982
289
276
1496
231
1670
848
253
1143
999
188
1192
994
219
378
122
72
795
1491
2354
160
1536
313
91
93
841
2456
1686
373
809
649
707
296
787
676
283
872
547
2173
2419
232
1722
236
1126
1296
2362
1616
1964
2201
1898
1929
1495
77
1134
929
1356
143
718
45
970
1384
2272
927
749
2237
1237
1987
1025
2088
98
2212
437
1132
1520
440
1190
1148
17
928
2359
1829
425
48
1
637
2
563
1758
901
1133
2465
506
2400
1767
1349
1257
1120
1781
1449
185
1525
377
2079
2217
780
1556
1835
836
1119
1822
2162
1165
39
1015
2094
948
951
1677
1740
1021
2317
757
212
1466
445
1029
2496
1647
1152
2487
2393
967
273
13
16
1693
759
1311
767
326
1285
1772
261
2271
1141
153
1626
413
1104
1634
680
382
669
1488
1789
751
1611
2004
497
2121
1231
1584
1726
699
1438
1486
616
796
325
2327
2219
1946
708
1850
356
2435
1474
2484
729
1398
1522
1394
2283
1412
2125
2101
234
1087
1410
701
2074
1786
755
1043
1652
2010
2037
2053
1544
1471
2130
2438
2407
2213
1239
1428
594
1080
131
2055
1684
2210
2432
331
2075
1299
2021
2440
1103
2092
324
2313
570
332
1435
610
1559
2197
1145
393
1251
561
959
1710
1011
1279
1992
2493
925
636
2492
1174
14
469
292
38
2143
1028
58
1984
2141
1719
2267
1778
342
1297
1308
1077
1780
1024
1498
1078
822
2081
2022
2181
190
1696
1973
1281
1092
1429
1037
856
492
3
1073
662
1280
2157
711
1764
694
818
2152
167
619
1894
1443
1517
1090
157
1911
1599
741
18
766
1651
861
586
1019
487
1097
56
2164
2296
1831
2138
651
829
2486
26
1515
222
799
1450
1676
1762
507
119
1830
275
1666
29
391
667
1699
489
175
1720
2179
60
1776
53
1501
2413
946
112
95
2266
1430
1294
433
460
2428
235
819
295
1892
1721
800
1796
103
710
873
854
2014
410
2103
1788
2111
515
1201
1377
37
1395
673
880
254
475
151
74
1447
2102
1490
1924
1268
1600
4
1482
2098
1048
2031
390
731
1223
633
90
1757
906
1581
386
1147
569
2189
405
1572
1076
2425
1252
821
955
858
207
679
2255
2052
784
2116
1380
1775
828
367
754
1847
2085
128
148
1130
1310
1215
461
566
2177
2175
860
1596
1727
2030
976
1347
1588
1066
265
130
1240
783
1773
1084
1265
1207
1968
744
394
648
624
965
712
329
1002
1579
2363
1753
933
1345
838
476
534
2006
1321
1305
380
1031
1269
1953
336
1560
1264
1504
1617
2307
322
986
2150
1111
2195
1602
1590
909
369
242
745
1329
1388
1713
1198
2375
1067
805
2463
652
1041
1845
869
194
1573
1408
345
1661
330
1344
449
1688
136
279
406
886
504
50
2171
1511
936
2386
2214
452
65
1337
2194
250
1597
824
1921
1232
1685
482
1660
468
1512
2360
121
1375
559
387
1118
252
1175
1765
246
1282
562
1587
823
1813
1302
588
216
889
1127
677
1365
931
541
25
92
493
769
835
1386
1687
1477
1259
145
1748
1187
2086
459
1872
1218
1003
1109
895
2305
320
1867
237
102
1750
256
1542
1485
968
40
1369
46
646
348
2196
144
1863
1880
499
1712
116
1062
2382
365
375
335
2337
1737
1115
436
1046
2041
1325
726
589
690
1355
587
1462
191
1202
627
28
420
1001
1960
1094
2106
311
1743
2320
1956
1591
987
290
408
715
1777
1615
100
1866
2228
1481
678
657
681
1680
592
1128
465
1538
1256
832
739
1799
1561
1180
1322
2372
1401
1681
1026
756
831
88
201
1792
1746
1991
997
1718
1896
1364
2018
2302
851
1787
59
272
641
396
695
576
2223
1918
2498
134
1213
1277
30
876
2097
1827
1711
510
161
2358
1182
602
2309
360
643
1387
1057
176
306
1524
1288
1093
2211
2039
1289
1009
804
2178
1203
2007
1714
1557
1167
1815
2273
2275
2286
2154
274
210
457
2310
2191
983
278
1725
1339
1709
640
24
458
1977
2340
529
1595
328
1893
2124
1728
1413
303
877
2066
1330
2135
2444
2328
1895
1432
2347
1338
1994
1196
227
137
1985
2184
1539
807
530
845
1069
1362
2469
2126
934
1370
2215
496
149
1406
1935
1853
241
2304
1510
1942
1671
1751
2028
734
1875
1733
1882
1183
738
1123
442
716
1368
196
1468
1146
596
1154
2410
763
1095
638
760
1434
1663
467
1010
89
2308
938
397
2316
2287
774
978
138
2343
2474
789
426
2388
1405
1990
1518
1694
2443
903
33
654
642
1565
1883
2466
1186
1622
1623
1575
1266
1113
2390
553
781
1731
1876
1054
1954
1547
1724
76
2033
338
2230
1705
1664
1842
200
974
1939
1586
318
1537
2254
650
2235
245
2000
1346
1667
2376
114
2170
1249
2166
658
1810
899
2047
1458
247
950
1188
2278
2300
2405
1464
1304
1007
462
1278
1262
696
491
2259
1065
2009
186
2222
853
1672
2056
1456
628
926
75
717
2192
2122
1359
1176
1221
1149
2131
2418
896
422
1212
1189
1649
1729
564
1489
940
1440
525
1790
2297
1632
1247
1039
713
305
1897
2117
2174
1738
21
310
2160
1945
1159
1110
286
1923
2180
600
