2385
983
2440
1629
1105
684
1094
565
594
1261
1878
1324
114
1145
999
1762
93
2387
2153
519
231
907
2227
708
386
85
101
407
1214
50
1380
559
250
1157
530
1106
1906
1853
1661
2482
2484
109
2416
512
1741
1916
1827
38
391
389
1125
1410
1103
1159
1436
610
2009
506
1500
2190
240
845
1658
853
1551
2166
1590
357
1377
585
41
799
27
448
1774
2210
923
2024
263
1235
740
852
2123
362
2472
1265
1946
546
1736
2085
982
2211
226
158
500
2395
2003
858
37
1739
2371
931
2151
2041
1232
1685
1386
1030
299
513
753
2300
188
1948
1787
569
181
2159
2424
1640
774
432
518
1431
1365
1099
111
640
1438
946
653
838
1635
1983
348
1950
1996
1351
1459
1592
1814
485
889
855
1195
894
1161
1719
2374
1271
1662
403
1687
2403
2111
2457
2089
716
808
637
490
2157
257
1172
1972
2223
1095
1394
762
1300
2222
2333
901
2054
1187
2058
2494
2493
285
492
588
1335
714
822
953
1822
1287
731
2037
323
164
1080
71
393
599
1532
743
2093
2366
198
161
1839
1951
660
1912
2273
1800
1407
1602
1481
1337
2370
880
986
1785
2491
384
1888
1650
998
1069
2095
2114
330
42
1927
698
2006
661
649
122
39
1354
1609
1667
1482
2445
2281
1911
1022
1055
309
215
2019
570
1220
131
696
132
535
1430
1385
1529
987
1936
1768
2209
2411
1671
2303
1227
924
1518
1501
2420
1812
2356
671
1781
1524
1121
1029
1597
4
1682
804
1852
1297
2237
1925
2016
744
248
2320
422
281
1154
326
2466
234
1064
1494
429
1504
2291
1882
715
345
1411
1695
278
94
1241
1346
547
149
738
2379
1681
2140
2176
473
890
441
2225
1833
395
1355
947
2131
2110
2263
138
483
1522
1975
70
156
746
1239
644
289
1958
1576
1357
2253
1881
1396
364
1765
1338
242
1644
1088
704
148
1599
1968
1266
2136
2286
382
1369
2043
2012
2045
1545
1330
2441
706
2205
461
781
1132
2228
1009
2226
2485
267
1531
1727
212
419
985
1611
631
1471
1002
2473
1887
1146
2236
797
2456
91
1312
2347
2125
1184
2232
312
2051
29
2015
1549
2241
2341
1704
789
2200
648
1259
1358
1612
179
1759
66
2010
688
1937
700
1138
2337
2313
2249
1980
1449
1342
1520
1970
1707
1941
690
773
2274
400
1450
1390
1285
1982
1398
319
1885
2359
1934
2011
1254
1987
876
1608
1817
1910
1190
1535
2358
150
2410
1211
96
92
495
1869
35
851
1539
2061
1993
958
418
2094
1574
989
460
1659
847
1793
1632
2025
1361
1873
458
1824
893
597
235
639
724
211
540
2449
229
1699
733
151
1372
1790
1444
2408
1114
1977
1066
2057
548
328
1645
1204
2388
2308
2380
1913
365
2427
1753
2069
1537
2282
1506
1692
770
1694
1778
663
1425
1283
930
2099
1771
1517
2438
1168
2267
175
916
1642
1953
2231
137
1375
311
73
1061
1289
141
2451
1076
2422
1998
2096
2060
1954
1628
1044
1359
1315
1747
1835
1160
275
981
1997
2020
1186
878
2112
1643
1222
1849
1578
276
1637
720
1452
1059
1408
200
1210
2055
2453
1733
2365
1897
776
1965
1149
816
325
11
2048
1974
520
277
677
1007
854
1383
392
1242
871
1874
1142
1904
1617
2105
2040
2476
1060
2174
2458
1525
214
679
2407
1779
1820
600
291
1440
676
1077
1809
216
1158
768
1292
2117
1940
2221
1797
941
2316
1203
351
178
1648
26
1610
802
288
162
125
2280
1837
707
1248
2372
55
470
1366
2354
1341
2068
98
1461
1633
1326
642
1528
1237
605
2334
963
2173
1593
2152
329
1672
2383
266
832
2179
2465
2448
1856
1109
2423
994
1437
1023
1895
1305
1743
2401
1100
1194
1290
782
764
126
1562
1760
1364
875
2270
655
77
1714
863
1857
1038
1604
1368
872
1944
1848
2284
2328
995
2478
1623
385
1057
1148
1570
862
614
1516
1577
1862
1245
169
219
2412
2314
192
1051
1453
203
2338
2330
1938
1058
2072
951
1801
633
2404
482
2202
1054
1722
881
437
223
1479
1622
1582
991
102
2487
25
1988
415
2311
990
1796
1455
2250
2483
1673
2004
2014
431
2459
1915
1541
965
2244
1990
358
1711
966
1405
1502
820
1791
48
1144
1134
1250
2167
857
1596
95
1652
2027
489
1825
1413
2348
2475
121
1314
1963
1062
899
1877
702
1107
324
1626
1219
2129
1032
157
980
592
208
1764
954
381
2191
1042
864
1776
15
680
1748
1631
370
1563
2106
2269
117
722
2102
182
848
1362
207
76
835
2084
1777
2119
61
2283
1081
2432
1754
1889
750
2264
1969
1715
2429
1119
1299
1376
960
2121
1486
34
197
1716
146
1842
765
361
316
1905
2430
1039
1277
2428
919
1723
372
359
1169
1028
973
331
645
717
1089
593
2056
2028
352
586
955
1332
1329
1466
1156
1446
1356
2343
2252
120
2340
672
438
1973
705
174
1560
760
1130
1859
1836
1840
1470
17
2065
1090
1469
504
1179
2497
1756
58
1689
2038
553
927
1806
1234
647
527
336
1447
2240
1746
1530
57
1879
1202
1031
1462
2384
1846
621
187
1281
268
1926
636
2100
1321
734
1465
646
1140
457
1323
841
1079
253
1416
302
1499
1373
2124
1015
347
1001
1316
1188
1933
1902
514
375
129
314
691
1133
454
2329
641
2
2115
711
964
1336
2122
712
1769
44
567
619
2496
1959
952
1151
103
478
763
503
196
1406
2352
1293
2101
84
227
1041
2130
1306
695
303
193
327
1374
414
2488
255
1223
2165
79
827
306
1035
376
1418
1657
745
5
2218
579
584
596
1732
453
572
806
2477
1189
812
1280
1767
791
1794
785
373
1491
404
1295
532
850
580
2042
2439
2180
1955
1678
1884
280
1101
834
786
221
2376
1246
589
1745
2247
814
726
2304
451
956
1784
1929
1473
1113
1615
1402
1178
541
1217
1197
2471
2290
402
2369
1999
1344
232
2149
497
2287
481
2239
2375
47
1772
761
443
1124
2326
681
2107
885
1086
755
670
89
1084
2302
962
320
1624
996
218
1415
949
794
2208
2335
2000
2294
2030
772
2319
1004
1922
1013
1616
1892
1420
143
51
1752
859
350
502
574
2177
1155
1196
807
1313
669
244
1267
1317
124
1815
398
767
343
1409
1691
1655
421
1795
1136
1807
1067
603
88
618
699
1571
10
922
466
2126
561
1249
1533
2336
2233
1838
1492
2447
2070
1236
632
2426
2220
1730
64
12
6
2194
961
780
367
2008
1989
355
2050
78
487
1382
1831
810
817
340
2361
1298
1830
1460
2260
674
442
1384
2064
1224
1037
1231
2091
1908
2373
1253
668
1510
1636
1674
2500
638
1515
2201
1478
416
152
2052
1495
556
1798
1552
602
1294
929
1569
909
271
1048
784
2251
2143
194
2402
21
2342
1071
1606
2035
1614
831
620
1139
294
1068
115
1091
1875
269
305
1669
1393
65
446
1427
1971
1512
2128
222
333
601
2158
447
46
2298
2392
237
2245
521
1724
2181
590
1866
1225
2067
1575
346
538
202
1850
13
1378
2032
104
1395
728
1325
2364
1328
1153
568
411
1307
396
1343
1634
1680
2474
286
571
2219
2127
2139
897
2322
891
1763
426
1174
624
1392
1301
335
1302
14
2481
1309
440
2415
505
2480
1749
2389
394
1123
811
860
892
1027
563
1508
308
944
975
465
1579
1744
1675
2433
754
155
656
354
1844
1832
259
2344
900
1534
1618
59
1016
1464
2442
970
1391
2405
1327
1761
2468
1043
1799
1104
2137
1566
1200
2275
1630
2486
576
1557
1163
1654
1388
1173
1484
2199
2075
1928
2489
1115
170
1279
366
1389
1181
1284
1045
1803
526
2367
1546
581
1348
1468
173
729
183
452
988
1262
867
591
1816
1829
1594
1143
2277
510
1511
626
1426
1017
917
1891
1192
341
766
643
1992
2059
100
1226
189
564
53
1543
2063
1932
45
1601
2183
456
678
1421
1709
2132
1221
1920
801
683
1589
870
1278
507
957
363
2454
8
1282
1493
926
378
824
2417
2292
390
528
2268
274
1347
1490
2492
508
1092
99
1207
220
1291
2212
338
1861
2164
239
1272
455
1600
1909
2310
2360
2118
682
1147
2204
2414
1233
615
928
258
1457
1435
1025
1978
228
918
1096
409
2315
462
2120
2161
2135
1740
1401
480
2026
1914
83
732
1653
33
388
771
2203
1935
1893
525
1334
747
2444
1773
777
2256
2150
1400
974
821
846
262
1175
251
921
2238
54
2047
1660
2192
405
1883
1894
1185
31
1984
1318
1870
488
713
622
1467
301
2246
1012
752
1275
2214
261
270
793
1698
2039
1074
118
2021
2104
464
1117
1686
1026
2046
1183
1855
420
1565
2193
2235
1783
874
865
1542
2134
959
2017
82
517
2234
1319
836
1918
1000
2088
1213
685
1488
62
1677
730
795
756
2213
23
436
1917
1639
2276
979
1931
97
741
650
16
1536
2353
2499
1360
2023
1708
551
751
1923
2357
379
296
1656
2186
710
1725
1899
757
904
298
537
911
1780
1587
2103
1867
2196
701
1505
666
2154
736
24
1808
823
265
1665
310
2144
2377
63
2189
1352
606
1050
1588
1581
1498
1964
1230
1620
566
749
940
2288
1010
1006
1434
56
123
759
1176
687
2285
1986
2446
1288
2034
652
2306
1693
2327
2229
199
1209
993
2116
1152
725
1595
136
1141
283
2339
2261
2350
662
849
1788
630
1683
938
459
1526
1705
1903
1483
1947
856
2323
9
2133
401
2081
2393
2083
1898
1442
971
969
369
1167
2013
1690
709
1924
809
292
498
49
1868
2185
1320
2382
523
912
2215
1439
1735
1786
1251
172
166
185
272
471
920
1523
1564
1379
627
1102
1367
1876
905
2312
1625
1296
937
1921
1991
1487
1118
1553
1613
108
2349
2197
1244
1679
279
1412
204
321
2242
533
1087
906
2435
550
1021
1238
778
19
387
1475
1548
1180
582
1128
1663
86
1854
1206
1070
557
1949
1550
1349
828
902
1811
2324
1014
1901
910
2443
2198
2386
1573
2279
1424
205
1480
895
264
1011
549
1863
967
1717
2469
1269
1463
1127
494
1110
1697
1939
1257
1429
933
397
260
583
997
1956
2097
2108
90
2156
1019
107
1072
1063
1847
163
723
1880
1003
1208
1818
52
1448
209
536
1598
3
2257
1907
829
813
976
1544
1040
1758
134
2431
1700
1792
1540
1082
2078
833
2216
2293
1126
1252
2082
879
950
2355
339
2409
217
2138
1713
18
1085
201
241
2053
552
1567
2141
898
1199
60
433
133
1651
2381
1568
1641
1135
1046
479
1260
972
1821
543
1247
484
805
1751
2178
284
1345
896
2160
868
861
843
839
1952
883
623
1586
2307
159
1350
499
968
657
2461
2248
1684
353
1513
439
1363
779
344
562
2397
195
775
406
1720
1961
1120
1960
787
945
609
1445
2142
476
1559
1666
1702
36
2033
1258
1843
116
1333
1353
886
80
180
337
903
2362
1521
2297
1851
1005
186
2452
1304
1865
238
1900
2396
1607
1083
511
1150
1646
1403
72
654
1864
608
1770
2076
22
737
1078
2169
1116
2207
165
1584
2278
1191
1097
210
877
1841
153
2230
748
368
2418
1896
575
2434
1703
1093
472
935
1122
2464
1561
2018
1828
1018
225
2479
1860
105
2066
1371
110
2309
2195
2425
474
282
742
560
106
1558
408
2080
1507
2090
1766
1966
1729
803
1696
145
1775
1177
2087
1098
1286
1417
2296
1414
2092
1268
2074
658
2002
1706
2406
1726
1399
598
800
1890
2378
127
1485
1979
1872
1845
1585
1397
913
612
2031
516
1454
915
1024
2113
1967
67
304
1193
1621
1255
1137
32
2079
2147
1205
2321
427
184
2317
2071
2146
1428
769
925
531
1387
371
634
81
1555
844
1919
1474
664
842
882
2077
2394
322
2498
978
1701
247
28
788
1111
273
1451
1886
1370
1472
2258
287
1477
1718
686
20
2318
1073
948
869
297
139
1591
1432
943
128
1527
1311
2145
2155
2188
573
74
2187
2171
349
230
1112
1810
1805
2184
374
1322
1053
1605
1052
635
1496
2073
112
509
135
873
2255
477
1737
2005
410
1340
1985
160
2265
1034
2332
1688
790
1273
40
190
176
524
2022
1734
1572
1303
1670
300
739
1819
1270
450
1603
2495
249
2295
613
675
1165
1994
7
1738
1047
2272
1509
1782
1627
539
1945
2254
383
529
1065
2421
2301
1056
1201
1742
628
1957
2413
2398
307
818
1212
256
936
2437
1676
425
783
2086
334
617
758
2163
318
475
884
1981
445
1583
942
315
1422
444
1456
1198
2470
1331
914
434
888
2299
233
595
625
1503
147
2044
1274
694
2462
332
501
2305
629
1802
2029
977
2224
290
1638
2098
1826
665
544
2049
356
1489
1008
428
815
545
830
2325
1554
1710
1712
2345
1834
1721
430
1664
113
2390
224
1755
2036
689
1538
424
1131
1731
1441
1182
2368
342
2217
1757
468
651
1276
1962
2399
2062
493
1804
693
171
1339
1171
295
2463
254
2455
727
491
2419
463
984
1240
659
554
413
719
2490
1750
1547
837
377
168
142
2351
43
721
2363
75
1243
1556
1049
2467
697
1813
177
826
1619
2436
1858
1218
2175
68
1580
534
360
522
1170
2391
467
167
2162
87
2243
412
1308
1404
1075
144
1668
1976
1108
1129
1228
1519
555
578
417
30
616
399
1647
718
243
692
866
932
1381
119
1443
236
1942
1423
825
206
1943
939
611
140
577
1433
1995
69
792
1164
154
2271
1020
703
1930
2450
1
2289
2172
992
2182
604
673
542
1871
667
1514
293
1215
1458
1216
1264
1419
191
1789
587
2168
1036
252
1033
1162
798
840
486
1476
380
1310
515
819
246
2109
2259
887
2206
607
1229
435
2346
2266
934
796
2170
2460
496
130
1256
735
317
2331
1728
313
423
2007
2400
1497
213
1263
1649
469
2001
1166
449
908
245
558
2148
1823
