2187
1473
2101
245
1182
1753
241
758
1833
745
112
55
293
782
2218
2470
861
1761
1999
1118
1021
1132
2302
186
967
290
29
685
26
2463
1562
1302
953
2300
1676
1532
358
153
678
1059
1702
942
163
12
1459
1003
511
2224
1310
706
2201
2048
2088
635
757
1044
1725
72
2387
540
2099
2415
803
222
2250
2351
1869
1336
46
2332
930
1812
457
488
1018
1594
557
1218
340
1167
1253
440
1472
233
347
1772
2403
743
1656
100
2232
1298
579
1581
1040
1084
992
128
1860
2086
243
2292
437
1525
1364
1573
1936
1901
1223
980
1146
1881
2248
1292
287
1384
2446
1704
126
858
1125
1743
2324
951
2304
60
569
645
1538
182
143
2098
1414
1087
325
108
149
1231
907
613
1802
2116
1838
1625
575
1048
1338
1185
388
1475
2491
1397
1894
2308
2041
1145
43
850
1122
1932
1098
2092
2252
412
1609
1072
840
400
1022
1327
1320
589
751
1000
88
634
1679
395
2204
903
2268
844
336
54
1419
926
1876
985
249
2434
278
824
124
1986
1311
2176
1535
2062
341
382
1945
385
1548
1857
2439
16
489
947
1530
2386
1435
1001
2358
2496
1100
552
956
2147
519
747
1550
118
2395
1409
1665
1866
1210
28
1824
1049
987
1308
1165
2125
1711
435
560
1170
282
206
180
701
950
556
821
174
326
463
994
2181
2076
1075
2267
1020
984
1097
81
1500
1147
2331
2361
768
447
1316
1514
2214
856
731
2072
1944
1402
738
1941
289
1281
1755
2089
687
1211
2189
386
597
1344
2059
1533
1036
267
1478
106
715
1224
1806
897
1271
2219
1343
1823
813
516
2197
263
736
393
1738
1970
1215
1362
2083
794
1027
415
873
1978
197
822
429
1278
666
1642
329
1902
1736
712
1203
246
1916
1432
1664
1689
1381
531
2301
1041
231
1973
1465
959
1751
1424
1992
1927
1735
134
2318
577
1790
2173
2033
2169
542
2096
1093
2484
1028
805
242
2328
520
69
2400
1544
914
2234
781
1287
1845
599
483
1661
1864
129
1787
160
2024
780
1198
1374
1123
983
1765
2137
1789
773
308
1747
2014
1068
2037
101
2111
2421
639
2242
399
1133
696
889
1930
464
58
21
674
2064
2488
593
1440
965
995
327
1326
1644
572
1966
389
123
697
1889
899
1205
1052
537
2370
1957
1340
1462
169
626
2338
1714
1720
403
565
714
2217
1576
1143
1246
726
2451
2365
1319
2315
652
2382
1601
2417
1840
1768
484
1988
1452
1994
368
1604
581
1197
1227
2362
2285
1229
1321
1959
776
2159
2061
605
109
1766
896
1441
999
505
2424
2151
1950
1971
1569
1593
624
759
576
1684
1004
2258
1506
1730
1411
276
1403
490
364
1862
2289
1153
1677
318
2305
2003
1539
513
1928
1109
618
1510
1251
1025
1653
1893
102
1187
295
82
71
396
1195
2384
2243
1524
1016
1708
879
2310
1065
2154
1516
2178
2464
2
698
1089
877
1619
1646
348
1169
291
561
785
1172
1375
998
1983
2128
689
105
2000
2412
2091
85
1760
2438
115
1212
1428
2473
2357
1571
1672
2423
2409
421
2431
2276
310
1496
1752
1062
228
2363
629
1152
342
1697
651
667
1921
430
2404
1529
2425
244
1030
735
1415
1616
841
1640
2081
49
1426
113
608
432
1043
1464
472
923
633
137
955
1192
2329
1485
727
2060
294
220
584
76
1570
17
770
466
1376
309
2193
2200
921
365
1111
36
2095
1196
527
1265
424
804
663
2288
110
2142
2183
1324
1756
1873
1976
962
1276
2430
807
809
360
2188
1354
2456
1809
1309
1989
2236
814
842
2355
1700
1827
2019
1425
130
2317
819
1361
1010
816
413
945
257
2238
154
766
1887
423
1938
460
139
52
240
272
1090
1734
78
1359
117
2441
1289
1158
1622
1836
1650
1614
171
723
2190
802
1171
319
1728
913
725
234
1783
1144
1219
1269
1113
924
1572
1785
374
401
468
800
659
1250
705
1163
1191
410
2264
1418
521
957
271
1861
2012
1130
2192
2489
1159
831
1606
322
1038
1390
721
1357
1121
1775
164
976
1017
582
1996
433
929
1605
1469
2460
2383
1270
331
1690
1208
198
1513
1284
2405
650
2326
1157
1346
495
2495
1731
1602
2030
699
1094
1922
1314
665
1607
121
2349
1117
827
969
2121
50
6
1914
200
2007
1256
1006
2070
306
215
2273
797
411
2254
874
1184
2025
57
2039
1718
978
1445
1437
1503
854
1523
1771
2499
67
195
792
1277
1670
682
1088
1487
302
1220
183
1808
595
2082
384
692
2493
2265
1213
1890
2141
2139
2321
2270
691
442
2023
1777
1102
1750
225
1491
1534
1764
1557
2022
1221
1961
1372
1337
764
187
175
367
1002
37
1430
553
739
1318
607
1649
1078
541
1259
2112
2131
704
2034
323
833
1291
620
919
986
254
477
1694
219
631
580
1007
1786
1115
135
409
1141
2124
2375
1520
404
1391
554
1781
247
946
509
1791
2379
1377
1629
2094
1691
884
2004
1412
1643
1846
1749
2352
1389
1972
2157
1380
2162
2325
2221
1131
915
1555
2087
2335
1597
266
989
2479
70
1547
13
1611
480
298
1980
878
2031
746
2107
453
1688
1383
2388
690
1797
316
640
857
47
1793
630
252
763
1647
636
710
387
1492
2477
2143
418
2291
502
870
2195
2079
1617
1709
1483
173
66
1470
866
1024
1615
2073
1620
1903
223
2163
853
2298
1888
1352
1512
1580
2174
1335
1070
1293
1443
614
2216
237
2330
672
2427
753
1517
204
2047
1880
2378
1290
270
390
1803
221
427
732
2279
2146
2127
93
1511
1439
2340
1501
808
936
451
1830
2166
330
1935
775
286
761
1033
817
3
122
2459
1502
1342
2057
1979
62
1856
515
1460
963
1081
147
1965
1908
370
357
1834
38
283
1
1395
966
1660
606
1585
2426
1188
507
1779
131
1209
420
778
493
2413
1486
1083
459
2029
1474
1954
935
2231
1592
1839
434
2356
2067
2376
733
2269
2408
868
214
2312
2175
904
1273
2191
1655
383
756
262
820
1369
471
354
2150
2185
931
2277
1489
810
1878
229
1427
886
2084
482
2206
671
1710
439
304
2010
1240
159
419
2447
19
2152
2342
2006
1698
441
2063
996
96
1493
1567
1457
2180
1507
1542
1879
789
1816
75
518
27
1883
1151
2455
2078
657
2120
210
2418
885
203
1116
1943
585
1092
1627
2435
1279
828
1636
2256
900
1568
216
644
236
852
1498
1953
2077
1920
795
2213
536
583
232
2371
1626
116
1623
1739
1658
1247
208
1924
2296
141
1164
22
1057
1347
408
1715
1387
2462
744
621
1495
891
506
944
97
646
838
823
2343
1202
1297
888
718
912
8
548
1014
2075
971
1563
526
355
680
1906
1103
45
1934
2368
461
1480
202
876
1399
2135
2225
1214
1815
189
372
970
95
334
1628
1280
426
2487
702
1596
259
2259
1687
179
1701
772
958
24
1124
2313
1600
1126
1621
2145
2155
1745
2001
1442
786
1034
315
359
1551
656
1915
1341
1822
417
555
1447
1582
1177
799
2119
1680
98
2043
2093
2314
2290
1238
658
1404
1228
1149
114
760
1073
1543
948
40
2240
217
737
2032
1911
2480
1262
1910
2123
2118
1099
1400
2198
1955
740
1471
982
2220
184
1917
2380
1481
2130
299
1960
543
185
2366
1763
882
679
2476
2071
1334
41
1867
1242
379
1565
467
269
2122
654
492
664
722
1610
1433
1913
1918
729
1332
1566
1518
1053
1612
1299
592
503
301
42
1207
2445
905
1091
887
1826
1897
470
2017
632
724
1584
155
1095
2215
832
362
793
1312
1260
1189
2223
972
567
574
2348
10
1974
1987
508
742
2160
170
1759
2020
1909
1112
1476
1707
1307
777
2184
1056
1076
496
563
1843
863
1378
881
2481
1127
1556
352
2490
528
1267
1819
872
84
1417
932
1458
2449
1651
847
224
628
1178
1820
1358
2429
2246
1814
676
2105
1949
934
120
1322
103
619
1216
14
392
990
2483
533
1431
485
1042
321
193
1681
1942
964
933
961
1026
1351
2102
2309
194
684
2287
1641
1804
2266
345
591
1654
1662
18
1345
1438
2293
812
1401
2247
798
544
142
2411
2311
1058
486
1051
867
693
1082
2066
1254
288
1693
381
2053
943
335
2337
1875
616
510
261
622
83
380
181
637
783
1451
1396
855
1060
612
398
207
1190
911
2428
1239
2045
63
1598
479
859
1719
1958
865
952
2295
2485
165
2372
927
1325
436
2323
741
670
769
53
2209
1678
686
2498
497
107
1272
458
1673
2281
1746
199
1448
1226
2397
894
2226
1871
2222
366
104
446
1599
1179
80
2114
1063
2237
1631
752
2341
1386
2253
1885
2333
677
1436
848
720
1686
512
1479
641
133
1637
64
811
445
356
1712
1541
784
87
2013
1232
514
864
594
2016
161
1613
148
73
2373
2133
2393
997
213
2035
1668
1233
111
9
2432
703
1420
1624
487
1854
2391
1553
1782
59
922
2262
2359
2458
1408
1799
1608
1455
818
1488
1726
235
675
2002
2283
1792
1603
1912
443
993
1244
92
1794
1796
402
1217
371
1069
1821
145
627
303
2344
1669
2440
2132
1674
1847
11
1236
1769
344
1859
1952
661
796
2255
1134
1776
2097
44
991
2339
681
74
893
2327
2138
394
1317
2334
571
849
2249
454
339
253
1724
51
1810
2347
1926
273
2284
2164
2282
765
1405
1450
1537
2322
2068
1882
892
1454
201
1241
296
716
869
1722
1706
1589
860
941
2008
2500
901
1200
138
1831
337
1275
86
910
324
550
79
2354
1733
1079
2044
1818
532
465
1774
2208
615
2158
212
33
730
1811
230
837
500
1009
1268
1154
815
431
2280
1173
688
1313
350
2271
1788
317
1504
2410
2414
1559
2492
2015
1168
1379
2419
34
1031
694
981
2436
1110
1388
1128
1035
2299
1891
361
1085
2469
7
397
1546
1175
602
2090
2106
1392
1261
475
1140
162
1204
1107
1193
1671
2433
2021
1579
1201
2486
1353
2437
346
825
1919
2168
2182
1467
405
1645
938
1905
127
1837
2153
1560
152
1008
1853
1552
846
2494
268
2466
954
839
2303
1183
1561
1981
1449
949
1639
2205
2294
774
1225
284
1174
1886
968
1054
2241
1199
1349
1300
588
1037
1975
1923
662
975
909
1180
2074
1632
1630
1061
2260
2369
333
1301
1969
939
1528
1692
1385
1721
239
2103
192
1801
1652
425
1331
2416
2399
642
15
1527
414
167
1230
1732
655
1045
2394
438
1900
2244
1540
2009
2144
1946
2471
191
31
604
1288
2011
2320
1896
91
1108
564
1595
338
917
1521
587
596
1549
1382
2156
2472
156
1096
600
61
1842
1499
1235
1795
1657
2054
598
1835
178
1295
1984
524
136
862
535
1106
2442
920
708
517
1982
906
2233
801
1373
499
2038
158
1257
890
1484
530
1156
539
843
1296
1737
363
1583
2148
1328
1077
455
307
1286
2364
144
1263
928
264
2109
895
292
2448
1367
2450
916
2278
504
1138
260
2360
2065
300
2374
90
1249
2170
590
2161
1884
1578
1723
1333
2461
473
1574
1306
603
1264
845
1531
880
883
2402
2186
1865
875
1258
258
311
835
279
749
586
653
2140
314
1851
648
566
755
1997
1248
1618
1899
601
2046
1365
1461
1716
416
1370
494
2005
1406
523
1446
1852
1136
611
1829
668
2113
265
1294
2345
4
1237
2401
1663
617
498
2115
806
1305
476
1119
1023
787
351
1748
713
1120
99
2497
1635
1012
391
1494
1283
1892
1393
960
1423
902
2257
1410
1046
2229
709
977
1634
974
1416
1717
474
157
2210
2194
1727
2051
1872
918
578
1841
2069
1991
501
251
250
2165
452
2475
1323
1590
2100
1466
1266
2026
407
1526
1962
707
2251
406
1162
32
1015
728
2286
1463
1252
834
790
491
2042
2297
2196
660
1139
2482
2052
1877
378
1055
2108
1682
1967
2203
1898
2443
2390
1685
754
1148
68
1757
1101
2230
1129
2474
119
534
2080
1858
449
1948
1780
649
1363
1515
2126
1817
2396
695
1744
450
132
643
1421
1968
1304
1350
1080
1778
2306
274
1086
2453
1740
255
280
2263
1683
1868
711
39
1713
375
1508
1329
1990
1348
35
940
1828
1825
1074
559
1285
196
1844
1939
1482
1773
1667
719
2028
343
1468
1186
209
376
1104
2346
1105
1937
456
1368
538
2398
1705
1741
570
2407
1407
1274
1800
623
1813
2212
2058
1638
2110
1150
1366
94
2049
1166
2134
56
2468
830
1742
478
1586
1648
2336
1947
2179
2381
1577
2129
1951
1011
226
1339
1330
1855
1255
1071
349
1956
2104
609
1050
2454
281
529
150
1453
1554
2235
1047
146
1519
979
779
2056
1356
1194
2117
2136
1758
353
2385
1998
683
422
205
2457
20
277
2465
1137
2199
1933
248
1870
871
908
377
2040
1181
2149
1434
1315
1762
369
1067
2392
1798
925
1245
176
1666
172
1805
937
2055
647
2245
669
1931
1155
2261
545
2353
767
1019
1161
89
2272
166
1929
1029
1895
2420
546
1505
2452
700
1784
2202
1032
1807
1977
1039
1850
1963
1575
748
256
1422
1695
525
1303
788
988
1754
1160
218
1993
2018
23
771
973
373
2171
625
428
481
1558
1243
305
1848
328
638
2406
610
65
462
836
2478
829
1874
188
2350
1444
30
717
2172
227
320
1995
48
1355
673
1477
547
1371
2316
1703
1770
1904
1729
2027
1964
177
297
469
1456
568
313
444
2467
2239
1394
562
2050
1925
1633
1907
1282
1509
1545
5
2036
826
551
1135
2307
1234
2177
1206
168
1767
2085
2167
1675
2211
312
1066
1699
125
2207
2319
2227
1490
1696
2389
573
1564
1360
2228
140
211
238
1985
1588
2275
898
549
1497
1222
190
285
1591
791
2377
1142
1536
1176
2367
1940
1429
1413
2444
1522
1064
762
2274
558
851
1013
1114
1863
1587
2422
1849
275
750
332
1398
734
1659
77
151
448
25
522
1832
