538
2223
2265
1081
614
171
1156
435
1343
457
419
1774
1807
1286
899
192
1697
700
496
1030
1600
476
2425
2327
319
832
97
993
356
2383
288
920
81
1643
1754
431
1044
2330
2448
33
428
1216
1722
864
2211
515
1316
1911
1789
2160
2412
908
224
24
1300
639
1595
612
1714
1831
2405
2374
2482
753
398
984
998
597
323
1239
1401
709
843
2107
2021
937
1280
1023
494
1123
2407
846
44
250
1148
1183
2076
544
1635
219
1470
1339
2051
1559
1256
2128
1704
1994
943
105
2272
932
2016
1177
1265
225
1707
1847
599
2185
1392
333
1897
102
1860
1160
2018
1344
987
12
1112
239
341
1992
228
1610
223
900
927
1840
1914
537
2082
289
376
2220
954
69
2278
968
1609
1932
1277
1723
1526
1759
2171
2261
1007
552
1001
877
180
1671
2269
780
422
2024
348
1334
924
1019
2067
1395
696
478
2424
626
1962
1958
400
925
1157
2289
1238
1442
1877
2403
1173
1381
2338
1673
542
2479
1439
198
2011
2169
1567
1979
1882
1388
871
815
1585
2307
1480
1455
1374
1528
1475
2157
1356
2302
2074
2121
1622
1859
1902
307
166
1260
1052
1461
2151
405
1154
628
695
2180
2028
1552
2097
687
1777
1038
1554
1665
423
928
1290
1752
1763
325
37
1328
408
48
1597
1584
596
1398
2250
1426
256
2500
1412
2003
1530
291
958
1699
2439
978
1040
1744
1093
108
585
1022
1843
1608
671
2225
904
690
1719
42
2199
1564
794
74
1955
1404
2109
240
1781
274
1824
2491
327
347
1799
686
1972
1784
1229
812
1079
1246
2061
1698
1358
129
2064
1520
357
951
1338
1072
2193
2153
1306
1604
269
53
1192
755
2216
1411
1201
146
2048
2213
718
2042
740
1598
2229
1179
2017
1221
802
296
1319
222
172
2329
674
147
1295
1135
1670
1516
1000
188
2113
805
1279
1557
1116
495
1605
2122
971
1057
1654
1680
1636
1196
2452
873
996
1010
2320
916
174
2190
467
1114
17
1105
503
1815
1476
556
1889
1720
156
366
2413
1655
1906
2202
2480
525
2045
2323
2486
2354
1147
1474
2143
2344
1718
202
2087
1905
19
136
1738
2348
1465
1281
830
724
2035
759
1322
890
2377
159
693
2311
337
2227
2208
1835
1839
1971
2301
2264
1424
2336
83
657
517
445
1686
1964
1311
462
1898
532
1242
1764
2257
1872
521
1904
903
1570
2308
654
2198
1615
465
673
1938
153
2400
1679
351
395
942
1102
1935
1062
680
929
603
886
2471
1769
481
130
1228
831
210
1818
808
120
1296
1969
675
1488
2487
1099
986
977
359
164
1929
28
2049
473
2217
2429
1020
973
1653
991
1788
2321
1787
73
638
460
1681
1142
1124
508
1592
16
2027
2248
1676
332
450
1535
1804
2150
587
2241
263
193
429
1294
141
1413
921
2421
661
95
1939
522
217
2355
2498
461
1527
1922
1556
334
1886
1408
720
1687
1299
2271
1644
232
1505
1762
371
2499
827
1472
919
625
2243
1692
1591
1204
758
2361
2388
1152
725
1400
1417
2119
618
551
2398
6
173
294
229
320
1561
2060
576
1212
176
1453
249
677
40
241
1391
1569
399
1146
803
2163
950
1181
1770
204
1155
1740
610
212
447
1431
817
267
1313
186
270
642
2006
889
2041
234
621
611
440
1318
1097
2455
1158
2258
906
439
936
441
1619
2489
959
453
1965
1403
2183
2047
1734
902
913
1151
1662
47
437
747
458
436
1620
87
132
1429
7
726
602
2137
1307
3
230
655
328
2419
1996
2026
1469
1302
2166
662
2111
330
413
1506
631
2483
1452
706
199
2090
2303
684
1990
997
1607
385
1710
2273
1303
480
1045
2356
870
923
2266
30
1558
329
1206
1308
201
2204
1276
721
1467
1551
1560
1186
160
985
2390
791
1393
1589
493
1991
2280
41
2124
2256
1002
1491
1003
1892
90
990
2162
1310
162
2267
1912
410
2065
196
374
1540
730
1689
21
1577
1541
2099
1693
1208
879
2334
660
2135
1049
1138
772
1801
1077
262
104
2353
1197
1438
1078
1292
947
636
406
1407
1545
1167
773
1731
89
2415
588
2282
1511
2131
783
1956
1121
1272
1726
2365
1913
2440
865
61
2085
1611
1243
2032
157
54
1168
1191
645
72
370
1836
396
828
165
63
1133
1361
1337
786
1832
775
694
550
2129
1890
1324
2244
295
769
554
1301
742
1464
1004
1434
535
1512
980
1594
555
248
1828
2299
768
1779
876
1089
1041
1827
2187
1053
88
1071
852
882
1864
1646
989
2459
586
836
826
2130
1997
2069
2253
2436
433
1658
238
2068
313
284
36
1931
1257
71
2033
1833
930
2159
2431
2200
25
643
1875
881
767
1542
1669
268
2461
27
1291
2450
905
2203
2219
761
2189
534
656
1064
2386
1375
103
1888
1986
107
1031
117
1141
1409
617
1108
2441
1883
1660
1039
1027
2357
2101
1199
1933
887
1285
938
2039
1708
1852
762
15
1130
1125
1479
557
415
1947
763
1230
1963
1778
1513
1829
967
854
2043
1663
1614
880
1537
945
744
1677
306
2477
1741
137
1813
2428
891
76
143
135
189
509
1396
541
813
756
1941
884
842
251
1753
2094
2493
553
1047
1021
1538
999
2457
194
722
2394
227
2322
1634
64
1776
2314
2484
68
1782
397
2345
1309
1329
2009
1340
218
1578
75
781
2414
2116
2110
1841
51
811
203
2423
2380
2002
50
2358
1477
2023
2096
1531
2036
1666
1415
859
1331
1642
1327
2238
1937
321
1347
309
1380
2325
765
363
633
717
1901
1182
926
1974
1399
452
2231
2004
2335
1209
1603
275
1862
1793
392
1853
121
2059
849
362
401
1596
885
1942
1006
1232
2181
1048
1949
1118
318
632
475
1562
20
637
511
821
466
2494
1406
1581
531
2057
126
1846
2297
574
1175
407
1812
2384
2184
609
1353
1626
293
976
2237
273
2007
100
350
9
2438
1136
733
418
1675
1017
266
539
627
1725
59
1076
1095
533
745
409
70
139
2326
490
2062
837
1524
287
931
909
1317
583
688
774
795
1213
1727
1371
205
1878
2293
1471
367
353
2155
1946
18
571
844
1975
352
1861
2367
1342
1602
498
1909
697
2145
1084
1606
692
1772
1389
940
355
1868
1263
1459
941
715
281
1565
1817
2230
1695
565
1087
678
1961
1798
1593
1015
236
216
1866
543
2240
1700
2464
624
1351
907
867
124
575
298
305
1058
1176
1178
2460
1046
2449
1011
2279
501
1382
52
1266
1195
2117
1737
652
393
1032
1170
1648
2222
98
667
536
2409
2328
170
1657
1131
2100
1915
35
1205
1983
1848
49
1352
1432
1884
482
2209
2432
866
1627
648
2352
1837
2037
1425
1656
292
77
510
311
2317
206
2462
1711
1623
486
1735
1446
2392
340
4
2044
1940
1106
1539
1383
1702
1683
1139
1487
31
1637
1153
2275
10
1437
1456
2014
1070
1360
2363
2341
1993
2376
1586
1514
2073
529
1998
184
200
1948
1225
1085
310
299
1717
244
752
1575
2174
1468
1786
1703
304
1742
1450
254
622
1122
2470
563
766
915
2366
2020
57
2276
1706
793
491
372
2000
1508
1507
1547
562
1373
402
1549
1233
1766
2474
2015
1899
1765
368
1863
1162
1165
777
271
1129
1088
1370
2435
2379
835
961
2055
253
430
106
488
1210
573
1502
2136
1806
1223
546
1672
2337
2472
1649
1982
1632
220
1870
2468
1954
516
2485
983
416
743
1568
634
1224
1336
1462
1652
1894
969
839
99
2175
1259
2105
127
390
2120
211
892
666
1441
290
1881
796
1427
2125
1633
2255
1729
1414
264
606
707
1143
1728
2132
898
729
1865
1091
1749
2182
1323
455
500
2296
1333
616
2339
1219
2221
434
477
2422
183
701
1335
1422
2364
1367
191
1443
719
663
568
1536
144
1715
1716
665
591
2292
868
301
569
520
1127
1981
369
470
995
1976
845
1501
582
2458
579
590
2340
682
679
1851
1444
2172
970
365
2309
1332
2444
1802
56
2406
67
807
1664
1150
789
1896
640
151
1037
1345
43
1359
2490
380
2451
2454
2108
1916
2070
2254
2234
86
1856
93
560
391
2481
549
2430
1198
1926
2232
2411
394
487
277
1960
1016
1284
526
956
2260
1966
741
242
2080
116
1825
797
2495
60
2443
1028
2126
736
1207
613
2259
1790
1885
155
39
92
1144
1069
1241
38
934
2349
1893
524
375
619
957
1214
1137
2391
2040
727
1120
1190
85
283
2029
1288
2173
2277
1590
1968
1282
2066
1820
862
895
1924
78
335
1184
1169
22
1999
1075
1094
2247
1188
1970
1362
1510
834
1978
1855
1203
507
644
738
708
1377
1435
1172
1264
1630
425
731
1008
2072
1761
1119
169
1858
322
2372
952
848
723
109
728
1641
2242
2427
2362
112
1518
1985
918
65
1254
750
1529
2287
955
1366
1624
856
760
246
58
1874
485
2092
1159
1466
1601
1460
1215
2206
1104
818
1018
1612
2178
1816
2245
2360
1953
1691
1248
2488
1082
2235
1402
148
676
1628
2161
2236
630
513
911
734
471
315
1364
2310
1217
2342
178
994
2370
691
847
354
2146
2497
1645
1936
2054
704
851
2304
1009
2104
580
1054
377
1775
1379
468
1684
710
2123
1140
1944
1478
2102
2083
504
647
302
1445
1599
2351
1247
974
382
788
1826
1348
331
1917
1995
1743
953
778
338
1496
1236
1583
735
2393
1760
2262
878
208
1849
1423
1748
167
702
344
1115
1354
1844
349
1613
360
564
2139
2378
1249
965
1895
34
133
1918
2205
258
1822
615
561
79
1055
1274
2088
161
1056
1372
646
2312
1258
215
2212
404
1355
91
190
1980
703
492
182
939
2177
1255
2133
1073
1900
1349
600
1253
2395
1739
2188
386
1819
1384
2295
1145
1525
713
345
1418
1440
424
1550
1713
540
861
1174
1420
1661
2396
698
2426
1061
1732
255
1523
142
427
1252
2228
910
1574
432
857
1050
259
2445
1261
2397
1314
1320
860
1533
2056
1211
303
1386
2118
1410
716
2368
278
979
326
841
869
2214
2473
2466
252
559
1690
1419
1768
746
601
181
545
595
2134
2420
2313
1059
822
1780
1647
672
894
2373
2298
2152
1458
446
1879
2093
464
2191
1580
2463
1794
685
737
1430
2492
312
1275
279
1357
1063
2343
417
1973
2148
1736
833
2447
1517
523
314
2418
790
1231
1067
1674
1925
1515
411
197
373
922
346
1098
1923
2331
336
1588
1823
111
1587
1499
1797
2453
855
2456
1305
1563
1854
2115
2239
226
567
26
2469
1234
1273
1111
840
1873
2319
1128
1747
798
2012
689
1555
1880
2433
641
1712
23
1920
1927
187
145
489
1421
1919
2167
1745
2284
1268
45
1405
1180
1164
1368
1457
1065
499
2288
1149
101
1667
62
1226
412
620
917
1193
858
2286
1202
1163
1267
2176
651
2347
1012
1651
2476
810
1891
2404
308
2467
94
1330
668
1390
1638
1428
2019
364
1298
158
261
820
426
1709
388
2030
751
981
2300
1746
512
317
379
799
2038
209
1959
2147
276
806
1029
872
443
2315
1519
149
1631
175
757
2164
964
1842
792
1486
2246
1013
1043
1448
649
1346
1621
604
140
2103
2318
5
2141
1166
1805
1795
1297
231
1639
316
814
2446
444
823
2168
771
653
125
787
944
1463
2050
1473
1616
1251
1293
1694
1481
1051
1721
1830
2437
739
1376
118
875
2226
1271
32
96
2013
801
2046
962
1988
714
800
2098
988
1194
1315
168
46
1134
776
448
1092
1187
946
592
809
2218
245
975
2283
421
2291
1579
2268
824
1024
1287
572
11
594
1492
2154
782
2196
1629
1810
282
1068
179
888
1521
785
2385
2034
123
2
1887
324
1696
1283
1910
623
2158
2192
1036
893
469
935
963
257
650
1312
2389
629
13
1871
1066
272
1083
1110
2401
2478
2197
1548
1705
505
2252
1503
2075
2332
683
152
1449
664
128
1544
66
1928
1566
570
829
134
474
1369
387
381
1934
1857
770
384
1270
286
1103
669
1034
1640
705
1495
711
1685
1365
2140
912
463
1532
213
966
2031
1378
389
2270
1109
237
1289
456
1244
2091
2079
1756
1326
2475
185
459
749
853
1543
1222
1617
1504
1803
1189
14
1485
2195
897
1482
1755
1493
449
1005
2369
1161
1573
1042
1659
2316
2053
2375
1845
2333
2399
110
1451
2008
247
754
593
699
1750
1751
2224
712
285
2382
1090
1907
982
343
1350
2346
1269
1522
874
914
1101
8
1814
527
2025
518
1113
1943
1618
265
1582
2058
1987
1363
383
1838
658
1811
1572
1035
681
2186
514
1436
1447
420
2359
547
154
2416
1325
497
2387
2417
530
1385
1304
2077
838
2095
280
2165
2434
2081
361
243
1952
1220
1433
577
2233
2408
1792
948
558
2022
2156
438
584
2249
472
1200
1850
825
1869
779
1576
883
2142
1014
1724
519
1821
122
1668
1783
1758
1074
2086
1240
863
1498
1730
1534
548
150
1625
2402
933
1903
378
1989
528
1237
2285
177
659
605
2210
589
2442
1509
2465
635
2170
1494
578
484
1945
1967
1977
901
2078
138
442
1921
342
598
2194
1678
1132
1767
207
300
221
80
2371
2149
816
195
2207
1416
1107
1235
1571
163
1951
1387
2251
2306
2290
2010
1171
260
581
2305
1245
2089
2496
2063
1341
297
804
1957
1100
1834
403
1808
1080
1809
1454
454
1483
1682
1033
1394
131
1227
1733
82
2138
1773
2114
732
992
339
483
1262
235
2052
2263
1867
1800
1688
2324
2281
1908
1250
2410
1497
748
506
764
2005
850
1950
358
1701
1553
1489
2381
1218
1086
1785
2106
1126
2001
1096
502
670
1500
949
1546
233
1484
566
784
2127
1796
896
1757
1185
607
1984
479
113
1650
2179
1791
414
1930
2084
1397
2350
2215
972
2144
608
1876
2071
214
451
1490
115
2201
960
1321
1026
55
2294
1
1025
1060
29
119
84
819
114
1771
1117
2274
1278
