740
2243
404
2116
506
1999
1728
2062
2416
1620
1322
887
2405
1367
991
2214
2304
946
495
2147
1372
2402
932
589
2366
1199
1139
1851
883
161
1061
730
530
561
1579
473
56
1230
1714
1795
217
1331
863
1449
1809
1888
1681
885
1846
2125
2270
1613
1540
2424
365
1029
517
998
2370
323
280
943
371
1950
1747
1040
1422
1848
193
1286
1339
532
1538
1657
1431
1451
605
581
1478
744
2090
1147
2115
787
2481
2362
1006
664
107
1337
2132
2112
1336
1830
2198
559
1329
702
1385
1764
1857
1885
1375
112
1761
875
1524
1641
2492
86
1823
1084
838
807
2016
940
1989
308
2388
1471
297
258
1390
1241
302
1794
4
2217
115
2043
631
136
802
2210
2220
1778
1507
1410
698
1789
865
921
194
432
906
1515
1802
864
1974
818
1086
1614
2237
362
1446
63
2055
1115
2314
669
202
175
523
2311
1494
742
183
204
1543
1366
1348
552
2372
155
461
2189
2262
2367
1668
2048
1089
2041
754
266
2264
2387
1627
1997
325
888
366
1850
2075
2323
963
33
1145
824
1039
1749
503
545
1198
272
1497
1298
1976
1506
2295
1527
1684
164
256
1605
265
2477
1967
426
427
1054
1383
1192
1988
2441
187
1423
668
241
871
891
1065
1308
1697
1012
2069
570
2
705
708
2174
619
1338
2406
1752
267
1138
2113
405
2352
1695
316
119
2315
1601
26
320
2469
1658
275
445
97
2457
2228
2389
157
995
2283
1107
1951
475
2004
1030
1600
1281
1539
1284
1270
969
2365
509
306
1904
39
936
1708
401
1481
1068
483
1299
1163
2260
169
1378
761
882
179
1374
1234
31
1810
2356
1575
105
1041
1305
348
2452
274
942
1201
72
73
1874
738
98
1066
1873
2025
2426
372
846
46
1875
285
2050
30
358
551
100
478
1693
1631
200
1300
1771
257
1373
650
2194
32
797
1112
1557
2188
1301
1019
2395
22
1141
1426
971
101
1652
867
810
71
1596
469
67
524
699
1735
2002
2413
1015
2460
301
794
635
1890
440
1333
1978
250
1037
34
1349
370
2178
1248
2320
683
1150
522
2321
1095
656
2120
2391
456
1332
1547
1369
290
210
658
2181
116
45
1441
1783
609
1119
1413
2134
2473
831
1719
160
1082
1913
937
850
1516
938
1574
21
855
1442
336
1467
2072
1925
1528
1244
621
159
1214
758
803
968
382
1770
7
464
1457
2308
1044
1296
1062
1493
1239
1672
2351
1470
645
1677
228
1393
341
1456
1225
916
1520
1691
2343
1722
2235
449
1417
1412
2442
1940
146
1563
1267
1526
1307
2085
1058
1196
329
1487
2456
2136
232
1586
1820
1398
433
2306
997
2219
981
1114
961
2450
225
2218
2170
2298
434
778
1027
566
2164
1564
197
180
601
671
376
2269
1088
398
384
2222
468
394
1819
915
1513
1805
958
602
1894
960
1097
1835
1743
1397
43
16
1466
2471
2160
759
106
1998
2017
1224
2139
1376
2377
1604
2428
2096
953
1389
1382
2098
1956
1325
2166
1884
1902
624
1948
1781
2079
2008
1257
1437
392
1845
1277
1517
261
1439
772
2268
2135
1144
618
441
1806
1049
1993
540
2193
1014
597
1782
48
425
1889
1351
20
1837
1368
2291
756
58
130
1556
929
359
525
607
2263
1407
886
1582
760
1829
44
2354
80
2176
1768
2130
96
289
390
1644
2332
1346
1615
239
139
515
378
420
307
1899
651
1973
1032
389
507
1519
1148
488
1414
873
952
1174
83
1404
185
2101
1958
186
798
2156
1842
2397
1671
1460
1098
2381
407
387
1218
542
317
1436
1042
2024
1043
1775
1127
614
965
2261
1655
1744
681
1712
2149
1056
747
1249
935
2400
368
2363
951
1005
2336
1921
1790
1996
1720
556
1625
1726
1316
700
687
1434
987
1565
1290
1667
1450
15
1807
2107
2318
1946
1189
1964
590
1959
2152
2001
141
2186
2244
1091
2361
2368
1464
2439
2169
2109
1866
1294
2127
2100
1278
29
344
610
1759
2495
1994
1929
1724
1892
1440
111
634
287
338
2486
1737
224
1512
979
2123
1686
1919
2271
84
1162
881
890
356
1250
1633
2443
57
1622
1955
2251
2401
1705
1168
822
1954
1936
1340
1908
1804
2063
861
2195
1059
578
1287
1787
1021
2485
2497
2071
1483
2380
494
62
903
1642
2091
675
1730
152
1184
1637
557
1432
549
1776
1477
2040
1151
140
869
1384
347
1981
1828
1558
1569
85
2310
1858
608
1706
430
980
1472
959
1063
1013
1263
1182
282
665
2375
825
1152
374
836
553
1069
1104
171
828
237
1511
2047
2200
1679
832
2440
711
38
2078
1878
163
1665
1050
925
1102
64
1939
977
249
1072
1534
1912
1081
537
2500
2029
734
12
616
1881
2058
1347
1937
985
1362
1355
1480
753
1595
144
8
841
2232
1711
914
1246
617
1992
1841
2148
2419
1323
719
1927
1725
905
1094
1544
2052
1653
400
1816
135
1909
1166
1328
2151
1777
1736
493
421
2211
254
1197
2445
481
1592
604
826
485
1732
1814
1926
554
2258
1896
2384
2192
1769
2030
1109
1444
1640
2202
1447
1709
1780
763
76
1985
770
2094
2489
1656
1033
1734
166
283
315
533
643
2234
439
1537
1666
309
143
487
2284
253
1469
436
2086
2337
1501
1799
2239
934
2027
2286
1002
1546
2350
328
1503
2057
1461
1229
837
1941
1618
2066
211
1831
2020
1288
396
1295
851
1727
1800
1900
1779
612
685
2182
1969
17
2345
630
583
1542
1311
1659
417
1907
1621
1105
264
733
701
2019
565
884
2106
2474
1120
2487
908
576
788
1629
1443
1869
23
121
342
580
695
428
842
2393
37
1388
1394
849
866
1143
2390
1838
1717
1259
2036
2144
1882
2373
2026
1570
1364
931
2468
295
145
2273
2172
1868
95
1009
2296
625
2183
2425
1048
1610
1387
1561
2208
546
2133
2191
1935
231
1839
595
1017
811
1852
1745
2446
1324
1825
628
271
1034
2028
1943
1293
2108
2039
19
1701
498
724
2293
184
476
1680
2371
2463
409
808
2438
957
2303
457
2313
1180
2104
2010
1957
1924
527
550
2279
620
1933
508
176
1750
729
2338
415
2245
131
1345
203
1474
60
819
14
1137
1786
6
907
2129
458
1801
2213
1209
2141
707
51
564
1917
1662
526
919
167
716
222
2334
333
2225
299
792
385
678
35
1047
880
1616
36
1593
1429
2153
1576
2461
1183
1738
2158
1220
1297
346
1213
89
939
1273
521
1843
1536
633
579
541
823
862
632
1844
2054
1100
732
737
125
2223
947
1053
776
793
2344
1085
2060
2212
1204
2302
1753
586
713
1792
408
1751
230
2312
2431
1602
1400
1476
868
68
1918
637
2478
878
429
817
1853
1171
1500
1079
512
2267
2382
897
1626
535
1172
1003
1953
654
1588
563
520
2470
504
1272
327
2046
2044
2061
626
1718
1509
2084
117
245
1495
1489
2394
1573
2074
771
1194
2082
355
1076
1173
388
2255
330
1535
2215
462
1240
2059
584
600
606
1342
1623
466
334
910
1812
269
543
1320
689
1731
1991
575
410
1548
779
1856
251
782
684
1154
304
516
474
486
1228
1271
419
1762
1529
1191
785
2459
2453
1905
2118
2358
1982
300
1876
1510
151
1739
332
731
1427
1238
577
1343
69
1928
1158
2105
1233
263
1237
1116
1518
2386
1409
764
1643
402
2359
2328
1142
1344
592
2179
1314
1923
42
277
2014
2184
357
1525
2126
791
2454
1020
1302
639
1377
2070
1215
1433
126
1303
1562
2131
1153
688
1052
1046
1742
1193
447
1678
1051
1035
1961
703
480
221
18
1028
2003
1649
1455
1636
431
172
1128
2484
1
2080
472
913
373
988
278
1903
1075
839
638
1690
2331
593
2154
1117
2093
2145
941
1824
2385
1784
124
1132
2150
2103
1226
2349
2357
1415
1700
1319
1817
1897
1099
1598
655
777
2201
2398
294
1365
340
686
2241
399
1285
728
2348
1798
571
1551
491
1306
153
497
379
2335
1327
757
350
1698
896
2347
1772
2483
1723
2290
661
647
930
2364
234
339
2250
1740
1488
195
750
1630
1687
562
1962
412
1710
948
226
815
418
1554
1707
1219
1879
93
902
519
2042
252
572
2435
452
279
1279
1007
2088
2383
465
1995
454
843
233
303
453
1840
1854
927
1670
2056
2142
712
1521
2240
1454
623
1755
714
2253
1177
821
972
799
820
2447
2138
1207
24
201
1452
1405
1862
1363
976
513
1763
783
1603
1123
739
653
1255
260
1803
360
2257
659
1646
1496
1589
2411
670
845
924
1170
2196
27
672
2163
1161
872
2095
1217
806
691
1401
679
13
459
2309
1223
190
1910
1694
1901
1070
1310
531
1855
1979
1607
2369
173
1931
2316
138
1651
1418
505
2444
1350
1025
1122
1634
1721
1160
1251
1785
1572
191
1283
208
137
1660
2376
2490
2339
874
2404
1818
2480
11
710
1990
933
1696
603
692
1584
1675
2472
2465
2282
1883
1663
1760
1984
154
1791
2330
353
1406
2224
47
345
1682
1916
1260
1045
876
984
1568
1266
1914
2031
1555
993
406
351
2392
2111
94
1425
270
594
2433
954
259
319
219
2288
2434
49
28
1001
1111
1093
244
391
2236
1648
218
752
558
1274
286
2099
690
1140
238
596
318
805
450
816
2021
1654
381
147
1685
1276
2327
859
424
1504
743
248
109
1932
2259
893
727
1361
129
795
990
314
2165
1254
2221
1275
2462
1101
1235
2032
1891
1591
560
901
2254
2499
1606
1702
59
1638
298
296
438
682
416
1465
1371
848
247
804
1419
1356
751
1895
773
1445
1647
663
2168
1960
1827
61
1133
142
2005
1313
2430
1963
2266
149
1571
693
1334
611
223
2458
2083
2422
1222
2185
544
2216
414
833
1022
1502
451
646
1292
198
455
479
2324
1087
909
2038
2475
205
800
2110
1179
1358
1057
1354
312
1859
1748
1357
2076
1318
781
1126
1216
877
856
1499
1164
1977
489
1822
1200
2329
1468
2275
1125
648
762
1639
1767
1103
1758
1597
767
156
2087
1986
978
2180
2399
322
1559
150
41
2053
912
1448
857
536
2173
2177
1304
188
1205
582
918
246
79
2429
1067
917
192
1754
2498
1210
2007
70
240
1203
268
534
2276
2068
2333
1064
2427
892
1893
720
975
1146
354
177
2287
326
2415
962
786
538
1583
2226
206
1268
1486
1321
2265
82
2155
2374
568
588
1938
2408
2292
1553
920
2407
569
9
284
165
99
2479
680
967
2301
676
598
123
2493
1231
723
1265
518
1317
796
2476
2081
335
847
1289
2206
1167
55
2305
393
1971
2418
1560
2346
726
709
1392
853
1580
1113
2488
2249
1391
460
496
2124
1729
313
834
840
236
2187
827
715
1826
1766
411
2089
81
2064
784
2319
1815
2417
1186
746
1619
858
510
2274
1165
2342
1673
255
1498
77
1965
1942
2102
3
1632
1746
2246
1617
2285
1863
2299
766
539
1077
442
25
1178
1599
966
502
1611
1134
1968
2037
1208
2035
1011
1438
363
644
2199
2403
2051
1492
2467
1915
2409
500
1898
547
1080
482
1462
1847
444
749
622
118
904
2466
108
1131
736
1741
2009
854
1403
657
321
1424
1402
182
1833
40
587
696
214
1813
422
2482
852
54
273
134
1282
65
986
813
1765
1645
1315
1121
1628
2227
514
895
1453
1473
964
501
2117
212
2204
1549
1922
599
1482
780
1522
114
1716
1074
87
1676
1523
1797
1811
1458
293
1608
627
1793
435
1280
1253
2432
999
1252
1861
1187
103
2448
443
1073
2121
555
2119
2143
1352
1269
1370
1683
189
996
470
1175
1880
1330
2436
349
331
775
1256
2449
2378
1242
1018
2420
801
5
2092
2451
490
573
2421
1291
2272
1808
974
178
1264
835
745
755
1435
1380
1092
1335
1821
2300
2247
1980
1796
673
722
2491
983
1590
1949
1026
1703
2294
2161
1836
2307
1849
1379
168
1232
1577
209
170
1871
1715
1188
1832
989
262
492
1130
2067
1609
215
697
1867
2167
1004
1136
1966
956
949
1071
446
2157
90
1258
352
1411
10
694
1972
2396
992
511
337
748
1236
1055
413
898
122
615
2455
830
281
1587
1227
1463
1865
1704
922
2355
1023
1533
1545
1774
343
2140
2464
78
677
2034
1508
2248
2011
386
2114
1149
1090
2171
1541
220
1479
292
1983
741
162
2423
1612
1190
1157
2496
641
2281
1669
1906
181
1341
1688
2162
1674
1585
2341
735
1000
1459
2018
1008
196
790
227
229
649
1024
1399
1581
288
2033
127
1661
923
2022
1381
591
2325
207
1877
2209
2207
1635
1359
1514
1550
809
361
133
1692
2410
2230
310
900
636
235
1110
1505
1135
1430
113
305
528
994
1870
423
662
1773
1416
899
911
2175
666
291
1475
2023
1886
74
383
484
2146
706
1408
2013
1060
1788
1106
1421
944
926
2073
1872
2233
674
1484
2197
1552
1181
844
2494
1420
1944
1947
102
158
704
1594
1624
2353
2412
768
1124
1083
945
2238
242
1016
2289
1185
403
667
1195
2006
1530
2242
1129
1975
216
448
1326
879
2379
243
88
829
970
2065
104
1920
1206
567
128
2280
377
2414
1396
2012
1532
2256
640
1159
364
548
585
1952
477
1664
1078
774
652
324
717
2045
66
375
982
369
75
1757
894
574
2360
1887
2277
2231
2252
2278
1834
955
1155
52
1245
529
2077
642
765
1567
91
2437
2326
1864
499
613
1010
1036
2000
463
1490
1038
1650
1247
1531
1031
1970
870
311
1930
467
380
1243
2097
1312
2203
2159
1756
395
2297
2122
1945
789
1566
718
660
397
2205
629
199
2229
2190
2322
2015
950
1261
1096
132
1485
437
812
1395
2317
276
50
860
1211
148
1386
53
1934
1262
721
120
1699
1860
1428
814
1491
367
1578
1169
2128
1911
1176
769
1221
725
1156
1987
174
1212
2340
1360
1353
928
973
110
1689
2137
1118
1108
1733
213
2049
92
1309
889
1202
471
