1455
660
836
1090
435
2059
1080
1291
427
2491
2253
1555
2441
319
14
2295
1479
158
2450
1630
259
1770
340
263
2194
2121
344
700
1381
941
520
1952
2005
2244
1517
1319
1379
299
2285
110
1472
1926
486
1148
2275
1289
1311
2331
1873
69
702
315
269
423
1229
2132
1717
1847
2412
1171
1290
1654
1825
640
659
1358
1912
1107
1775
1000
1265
558
1422
2378
580
1095
1393
1909
945
1839
524
1132
2402
1853
222
425
687
1223
2155
614
160
462
1906
1834
1383
1721
1650
593
2311
2392
103
191
891
2225
1901
706
2037
88
1345
460
2040
74
1888
589
2179
1318
2363
1713
650
1526
598
982
1003
1522
2497
1145
682
2386
412
1754
1772
1507
1707
2493
1020
1638
2395
76
760
1798
2012
1571
221
2129
1129
1353
1302
703
10
89
200
1644
2014
181
897
2374
939
1669
741
737
1222
1059
609
1435
285
1688
206
1273
2212
654
1763
1626
769
1751
1212
1114
2146
1202
1895
1629
2489
244
136
2384
1181
368
619
677
2500
1797
1402
212
790
1988
1527
1442
1110
104
1480
2439
2472
477
831
533
936
1165
277
120
778
1547
1668
1728
280
1205
1186
81
807
664
2430
1025
415
2085
12
15
2148
2383
2390
1373
1231
2288
2047
1986
1200
1553
877
1870
1814
1056
514
1250
1712
493
1662
712
788
2302
1762
578
512
472
2284
1409
517
1133
2175
1601
1243
1663
123
1903
1026
1737
267
837
1563
626
2083
1306
2296
1427
468
633
2314
1628
2465
672
1419
409
970
1558
318
1606
296
1475
1362
997
1718
1347
777
1799
2178
488
1428
572
1794
1246
354
2120
708
938
2220
924
429
1392
1979
2090
860
2223
2101
669
1878
751
2123
1701
1621
1334
31
325
1929
1051
1123
1829
1861
1851
1537
135
2151
1746
2187
1711
1708
731
1249
2024
562
511
1043
690
1476
1764
1732
1849
469
433
404
1914
346
1037
428
976
715
2011
933
1317
1561
1703
2480
561
926
500
1843
2138
2218
2124
201
851
1001
1893
1766
1065
2319
456
776
1002
1109
25
2440
2420
2168
305
663
622
1023
1891
1341
1676
1169
270
1191
727
190
167
1509
1292
1518
359
2442
1593
642
170
1864
379
2401
2043
2192
971
1899
2165
2170
738
58
1047
1905
82
734
1140
197
382
653
2006
546
2317
1528
2358
1069
164
342
215
2240
283
2431
847
94
958
645
124
358
1156
1768
543
1647
2476
434
2224
430
1468
2291
177
257
864
794
2293
411
2055
105
499
1482
1675
1261
615
1781
101
1937
1413
1978
2462
1439
745
927
1489
2485
1152
1549
97
1161
1086
351
2126
2381
1238
1303
1739
2142
2471
1533
1600
65
2164
1659
1204
674
2251
72
1785
1351
2449
1182
610
2474
1367
17
46
1582
252
516
1388
2147
1464
2145
833
1089
274
920
2025
2001
1403
1845
1131
2276
1910
2428
2110
1818
334
2324
750
754
2407
2072
1508
2199
1322
416
408
2355
1883
575
43
1360
157
2423
137
292
216
2202
862
1997
2307
133
1661
1614
332
2028
1844
2330
1575
2082
1073
2495
2320
1889
1376
2316
998
2153
882
757
2208
2139
1544
1307
1062
401
1655
1557
2413
1485
246
917
585
1137
2490
793
384
2039
661
1523
1689
724
2087
1300
165
1752
1391
1174
348
1344
1863
1033
1108
1981
1635
775
2152
1285
2060
1036
782
446
2091
87
1298
1500
1377
1677
748
223
347
1559
162
1987
211
2214
1605
2394
1683
2336
1782
217
588
1399
1371
1124
235
1438
2438
1239
631
2444
903
1954
950
1365
756
705
2417
2193
313
1607
4
1674
1616
666
1598
56
620
128
484
2274
1395
1826
107
2344
809
45
1942
228
1312
1759
1531
7
2031
2062
1304
2294
1185
1716
838
1620
2046
1262
1830
2092
2389
2339
2184
320
2451
172
189
36
248
353
774
1619
2385
1268
1296
2280
1609
28
1835
1058
812
1815
1580
515
1637
1104
138
1673
2021
2478
1884
432
1749
1852
153
689
1184
1173
1270
1284
1458
921
2415
691
2252
943
1736
1715
242
1828
1865
2257
21
478
1105
2245
1589
791
766
545
1254
2100
333
1595
1545
281
63
816
2166
102
603
1495
821
1682
301
240
84
2191
1197
1166
2150
431
802
2366
2318
783
2198
1994
521
1102
187
987
1329
450
699
2217
1955
171
2088
842
180
390
1652
2347
758
1097
992
1618
1372
366
530
721
2209
673
1054
579
2396
1075
1100
787
1412
1178
1288
1467
1887
400
1801
1049
1024
1941
1269
1837
2104
1602
502
885
151
1087
667
729
2328
2149
1660
380
695
1294
2117
1401
243
457
1679
1016
453
461
2118
1810
2215
2301
99
1029
1939
1151
2227
1572
2095
2300
1417
2278
1944
1923
994
2042
1158
1902
2094
204
1149
644
1748
148
918
5
2089
2234
2360
548
2050
83
145
1740
2185
1446
491
1757
341
1277
1251
1297
1425
969
624
1706
2479
360
1359
1321
1687
73
1720
2068
1055
1077
581
2445
1850
2204
872
504
761
397
984
324
904
1734
1627
1046
892
1506
2032
376
2172
2333
361
1670
728
451
974
265
459
238
818
2405
1591
1550
2273
1443
951
1554
1348
1790
1378
258
2201
1103
1723
995
471
2403
949
2436
806
1611
1452
1099
1567
2177
2272
1885
1700
1416
1150
560
1705
13
1138
2443
518
952
1449
1456
11
1666
2488
602
226
1224
2066
563
1931
345
417
2116
657
1597
1709
1094
1411
709
2036
378
1686
1217
1771
2321
1569
1437
482
1546
770
1280
109
1530
2038
843
463
934
1257
142
676
210
1115
1836
1753
899
1352
525
1386
2105
286
405
1823
1802
1143
2397
441
1486
1201
1188
2008
1
795
1236
1498
2058
199
106
338
403
2010
227
2477
841
182
1398
1053
2048
763
1780
740
552
2189
1281
306
1874
1774
1453
426
889
637
1035
2119
1339
1816
1015
39
2020
2263
1681
1603
1806
1271
1014
623
2267
1855
1079
60
268
681
829
1858
1842
192
1139
553
1612
2372
467
357
1210
2115
310
662
839
716
1459
279
1157
643
960
152
618
1634
90
962
1848
1163
1579
2003
901
209
1862
1578
1959
979
77
2373
1423
1968
370
888
968
213
419
1142
1934
2368
1733
840
1819
447
29
2023
1192
1581
1548
1911
1519
1697
2269
2460
2334
1869
2337
85
2127
1128
1948
1111
300
2143
746
35
241
506
64
2298
2426
385
1904
503
282
1913
1793
1211
983
169
2470
1213
1908
1340
1420
2052
931
1337
1840
718
1076
1426
2346
2463
1227
1964
1017
156
350
236
388
23
1122
1657
2246
140
1092
1653
1776
616
2180
1078
2290
1761
1966
51
1496
2306
118
1991
2235
1433
2303
1259
1006
1175
895
1400
1827
898
1338
2421
1406
1678
509
1252
2013
896
2140
1860
1007
203
1872
260
2304
119
1651
1408
2213
144
37
207
1466
1525
744
2400
990
1098
1074
1741
2388
1935
287
1154
2156
2327
1218
711
96
1896
1529
1493
2457
2475
326
352
163
245
20
365
2380
1513
1975
122
1374
273
972
253
337
1933
1556
1314
1532
1990
1440
288
1230
2241
485
1190
993
1684
772
284
858
1641
1680
2018
369
1950
1560
1336
2027
932
1667
2099
1333
584
797
726
40
1918
1924
2044
1803
373
1146
2239
1730
680
1032
870
2111
2437
639
804
1120
229
1477
1106
1742
2376
1648
1949
183
1784
1041
2342
1957
594
1625
722
1473
1745
470
1714
820
1267
1414
2260
1221
1920
18
956
1894
2335
2492
905
9
2167
22
49
1441
2108
946
2206
880
871
566
392
1898
1499
1965
139
193
458
508
539
2070
1274
1615
1947
944
2351
2004
256
1207
768
900
311
389
303
2173
1293
2097
2343
2452
2361
713
919
1778
377
32
573
714
2034
1623
612
2075
2498
1034
2313
1309
1457
91
42
600
1698
2243
143
996
1564
1989
343
308
2222
625
1331
98
232
1919
322
66
2096
1264
1951
1735
1241
1880
2456
149
54
1786
1153
1877
266
1962
1594
2341
1985
963
554
1189
1541
2114
2287
452
989
1510
19
786
1232
375
100
131
1811
2398
1879
846
894
1328
2292
1064
1917
1061
356
1857
2356
914
684
929
2365
565
2063
953
773
913
1063
1410
413
590
2447
2064
1585
2353
2236
454
1704
2125
1260
1897
1875
2467
789
696
1368
719
2054
2325
2133
336
752
1193
188
2357
1209
651
2231
483
1946
2418
455
510
604
2160
113
2216
1279
115
1999
1783
1632
2281
1639
2308
1346
915
2264
393
1278
2432
1813
448
2135
2348
1112
815
2134
421
1490
93
835
978
1838
2107
611
1361
2159
513
627
59
2382
95
1765
1375
2362
1977
693
827
792
813
362
329
168
2137
1833
1255
832
355
418
652
605
2183
2238
2494
679
863
1343
438
884
1930
2262
1817
1822
1916
27
1535
2468
1226
2015
1083
2266
559
1272
912
1640
202
2077
295
312
1011
852
606
2261
1505
2007
632
2247
1656
2448
925
2158
2211
1976
2237
1258
271
2
955
2409
1692
1724
1407
1310
1233
317
2057
1276
2310
595
1301
2289
973
1159
823
583
911
1792
1886
574
1404
2181
1956
1088
964
697
1867
67
532
1429
147
264
1430
195
1084
1010
531
1370
1130
535
437
1599
2299
1936
1876
825
1617
75
2312
1685
985
1012
957
1696
234
1366
1773
53
2359
1397
2045
1488
1882
1932
2323
374
1119
845
2499
1091
805
1996
16
24
1649
1484
420
2354
868
1424
890
765
1342
2161
1282
1967
2186
801
2242
636
1068
174
1943
2157
923
1323
2387
330
855
1022
251
2309
125
1237
1596
817
1690
2162
685
857
126
798
1390
607
1695
808
2053
542
1394
1514
1779
1699
2221
528
991
474
1357
383
1995
141
335
1497
555
1172
1543
2200
725
1160
1038
2188
2483
1821
2131
2454
255
178
629
129
1633
1516
278
1208
1405
874
2446
1118
723
41
704
331
2016
519
1136
386
179
132
1665
1248
909
2163
1327
1592
1045
298
495
2379
444
834
764
2466
402
1993
730
886
367
803
349
48
2033
1983
1542
134
2254
980
1565
1636
2464
2255
2329
671
1512
364
480
1586
316
1925
2093
1085
848
977
883
262
1998
1177
1540
1220
173
665
2408
1048
2419
1974
2098
2109
1984
1320
2051
254
1176
498
1511
647
937
854
250
1658
865
394
2338
1363
2080
1928
2195
1992
2226
194
739
601
1194
2481
2411
1256
231
501
155
2022
799
218
2113
1584
1234
2041
1534
198
534
859
2375
1854
2256
1117
1515
1315
372
208
2019
1462
1039
1642
399
2030
2141
205
1743
363
327
247
272
2416
2229
2086
496
2367
742
2074
529
219
1521
1436
1465
1727
196
1719
112
2283
424
1162
910
966
1141
551
2268
2370
526
1349
959
1240
442
2065
2232
1287
92
1215
824
1299
479
2210
1664
304
50
1871
1040
323
947
907
3
130
1846
617
2352
810
475
1313
487
628
537
1583
1081
678
398
381
1350
1945
62
608
116
1938
1892
2332
371
489
1216
294
1070
391
1421
2377
490
1868
1093
856
762
686
1018
569
2434
1364
175
2433
38
146
887
2484
707
1608
2205
1044
289
1187
1631
582
2271
494
297
587
568
522
2364
549
1731
1470
1324
1725
449
465
2081
975
906
1958
1691
1325
1009
464
414
339
1907
954
2399
407
935
2424
570
649
47
1295
1969
55
2422
736
658
1622
225
1812
1744
237
396
1478
1504
597
2228
1335
688
224
826
1767
2315
1610
1247
70
1356
656
2404
1568
523
1577
641
2435
1573
2029
1922
1722
276
720
2270
2455
692
2026
2473
1769
747
1082
1451
1973
2076
1170
184
395
1538
1469
1859
2461
1042
1824
592
879
2154
908
710
869
2406
2393
564
1807
873
1454
1481
1787
733
79
1028
2326
556
2102
1228
1431
683
1305
1587
1487
33
261
902
2322
1953
86
1800
1788
159
2049
981
635
2233
1831
1760
1198
1755
1940
1624
290
1570
648
1418
1820
668
1789
1971
117
2207
1203
406
830
2069
698
30
1030
176
576
1008
2496
1019
2459
1982
2265
26
440
1832
1127
2203
239
1316
1726
1960
1206
988
2482
1450
743
1180
1275
1738
866
2277
759
2079
2279
1245
1566
1072
1494
1266
861
1445
230
655
2078
71
853
291
1694
928
850
1448
735
2176
670
2174
1396
505
1067
2084
307
965
621
1671
1590
1693
1729
2369
1915
1491
80
1970
638
2182
2429
2122
2350
967
2487
1369
1710
2427
1126
2000
1164
780
538
220
1355
1225
2056
1214
302
422
1795
1502
166
1147
1474
767
1199
557
1463
2144
1116
1444
811
1702
1747
2190
1113
34
492
1777
439
1052
1808
867
986
1195
1536
878
1384
2425
328
445
2009
61
784
314
1167
753
185
1646
646
922
1415
78
527
540
1524
1471
1005
2297
1332
2130
613
68
1013
1263
8
591
732
214
1460
1389
2171
2259
2258
550
2061
1330
1101
1791
567
755
536
1562
1060
1492
893
2340
785
57
1096
1552
1253
1183
1866
2230
916
2196
876
2349
1447
114
2249
466
1125
154
293
233
881
2103
2305
2197
1179
1980
1382
2345
1244
2486
497
1613
1066
1672
1796
1604
1841
473
2282
819
822
1050
1031
1027
1283
2219
596
2112
999
814
2106
1539
507
1963
940
2017
321
1921
961
1927
1520
186
1354
1004
1071
1900
2169
2071
1434
1235
1972
1576
844
1645
2458
127
1574
1756
150
1144
1890
275
2002
1057
1196
694
571
701
781
779
1387
1242
111
796
1385
930
849
577
2128
1881
443
1750
6
2410
2286
1219
1432
1134
1501
481
2469
2067
586
948
2391
1551
1380
541
800
2136
749
1804
2248
44
1588
2414
875
717
942
1503
387
828
675
52
634
1286
1461
108
1856
309
1021
2035
599
771
2250
1135
249
1758
1326
1643
1121
1809
544
547
2073
1961
476
1483
121
2371
161
2453
1805
1308
1168
630
410
1155
