2391
228
1778
550
698
134
671
1485
775
129
2165
377
1478
1550
1114
1121
1820
1430
1172
57
1451
1774
287
1790
610
110
247
2013
523
1439
2012
584
217
2022
1941
284
1447
1497
538
392
402
1297
1358
314
465
2393
218
1238
1047
1134
1564
1751
1952
1062
867
1937
2129
2077
2414
1723
857
293
572
967
1219
1869
1981
269
926
2293
47
1496
2074
1421
1712
1909
154
1039
1225
1469
1281
1045
566
851
602
1426
1510
2261
2395
2027
2064
1511
591
2322
1188
2434
1904
2175
2411
359
460
1519
1470
1279
1673
1531
1967
555
1324
811
2390
959
2491
1223
2432
127
668
416
1873
2092
1568
370
1971
676
1458
893
3
235
951
2050
548
2481
581
1928
1247
746
673
1035
1882
2344
1629
780
88
2446
903
1200
40
2118
1105
1222
2313
942
2192
1070
2375
1954
1110
1408
1708
1353
1476
1152
340
482
1817
1072
321
1081
52
71
1156
1683
2398
1124
2047
1365
94
2083
100
1931
2299
687
2462
1190
2369
231
887
1198
336
1280
1372
1013
729
2098
667
510
1477
1474
985
1576
1773
783
1681
1770
741
1216
802
257
593
1895
1991
655
813
764
72
1785
2114
250
546
1235
2418
192
2008
794
1544
146
422
198
2360
1618
1986
1595
1789
1756
324
298
1831
1898
253
1887
2062
167
27
189
1253
299
45
225
734
2157
404
1919
182
81
1998
2010
2161
1204
818
2474
1985
2046
1766
1687
2000
2499
2014
2236
700
1645
803
1758
1034
1581
1597
2024
721
1080
553
1710
1012
1038
1406
776
2025
1493
627
1434
1272
190
2189
787
726
2490
1007
855
1732
2316
2475
512
2320
1826
2298
1900
2319
1357
1689
582
570
50
439
2300
1354
2357
432
2268
2094
1463
1395
912
619
1622
950
1984
947
1668
22
1084
635
2111
1164
2314
431
1650
561
852
1302
2442
132
2384
1924
800
2448
688
1061
2259
2082
1043
779
44
2351
1866
816
2096
274
515
502
1197
2004
2023
785
372
1889
2153
1234
2226
128
1385
2221
1578
1399
400
2355
26
2234
509
33
1194
2400
238
1764
1783
1589
2183
647
485
2380
2283
1812
1141
157
837
1565
1894
1295
2327
2306
564
1319
2184
1513
1696
2009
63
639
325
333
2151
187
2250
1552
1066
994
1786
958
1414
980
500
473
1397
616
389
2240
503
1616
1715
833
1226
2199
1755
417
1453
2121
304
1759
1593
1897
2246
1227
2382
1625
1386
429
2126
759
1502
464
1631
1612
496
1543
622
184
498
1969
130
311
2459
1957
142
263
723
1170
1213
2274
69
1094
1555
1693
144
1667
586
2389
1811
656
1462
2425
1580
1705
2428
1500
1733
1621
2119
427
405
140
717
1608
1719
1006
196
1275
1484
1119
1044
1701
1263
2365
367
1314
318
326
924
476
1822
1781
2218
2197
1724
2440
1697
568
1207
2342
2037
291
2489
1517
2258
2123
2435
1193
1571
2379
1326
406
1165
1973
588
327
1994
1844
846
2140
2041
261
832
565
1184
412
1676
1671
642
632
1416
2427
302
542
540
2059
2410
438
2453
290
1449
625
1675
455
1839
2276
2105
641
2066
1109
222
1847
1346
1097
221
424
760
507
1465
278
1214
585
203
1366
790
1099
533
466
1398
737
713
2148
1830
442
1274
1383
41
685
2338
815
296
374
2045
2409
898
1405
1740
1717
390
1699
341
1549
678
1427
401
1784
216
916
1155
1162
890
1029
2270
754
1656
1389
499
386
850
1601
1577
2180
1979
517
2238
1294
2286
229
397
1520
938
124
2436
2225
1649
1328
1473
740
1396
1369
481
1797
1698
518
1202
644
968
334
697
1286
2484
1051
1151
1388
419
1393
1848
965
1211
2333
266
1539
1796
1037
1600
1598
2109
2262
2253
2248
91
1161
636
904
704
79
2186
543
858
606
889
1480
872
1913
654
1748
1260
360
1308
68
1024
786
2330
433
789
2266
2057
285
2241
1401
1086
1102
351
303
1968
168
971
1596
1091
1987
870
2227
323
1468
1030
409
2120
38
1332
1481
1085
1788
1149
1727
745
478
121
1569
56
694
2465
457
804
103
375
1461
152
756
1627
1659
275
1452
1001
683
215
744
2100
1903
941
1958
1341
1780
1508
355
913
1630
1594
1371
2154
552
2070
1301
1154
123
1538
2343
2163
629
252
763
522
986
2326
1714
2137
979
265
468
255
1891
384
706
2203
2289
2318
1312
2372
1492
2392
1442
1344
1771
1613
260
1983
984
1325
2084
2381
720
1464
1241
808
2015
1836
1140
1999
1863
735
1310
607
2397
645
1394
703
596
634
65
773
2055
1545
1750
1591
973
2073
554
1685
342
715
2139
2237
1672
2020
2349
1588
363
306
276
1068
601
1654
158
2469
513
1455
1678
2460
8
1239
1329
2245
1959
1466
258
1000
1208
2202
1008
1503
21
1021
1142
59
484
1721
1404
1872
1499
1888
1187
1150
366
420
1287
39
358
1137
2044
2461
2053
1296
443
547
469
1818
479
1720
1808
714
778
474
2029
1333
313
2127
1315
2279
1575
653
1556
762
1148
2026
954
1798
1334
1960
957
2374
1073
1657
862
1327
1523
1907
2273
282
173
2149
1269
1828
1254
2018
15
1433
1049
48
1918
863
403
1819
1031
37
771
437
2388
329
935
1674
1916
2430
46
1996
1415
2295
1634
974
206
2456
1644
1283
1559
1775
2060
183
905
2301
1083
232
1752
1666
2085
362
2239
1335
2269
1053
728
1603
819
246
1088
2492
1938
1850
2191
831
2304
1246
669
1976
82
940
1256
738
1827
166
910
1350
1483
2321
1231
2088
1373
162
2030
1814
165
2090
1611
1664
55
2324
2309
2166
571
2196
1436
743
271
1932
102
2242
1444
1375
2477
1635
1846
516
2110
109
2067
230
2325
2487
1361
527
1743
388
1130
1210
2405
1966
534
1112
528
193
2385
2455
2275
1023
1221
2254
1138
2359
2407
876
1265
1199
1883
1264
707
1825
2222
2424
975
2312
845
495
1364
316
335
270
1834
1251
1624
1961
11
1299
1741
1092
126
955
1271
1362
171
2194
1606
1290
705
1965
530
83
1173
101
444
169
2420
1071
612
608
1059
209
376
1536
888
1233
2181
614
32
164
320
243
1489
1893
841
1005
894
2028
716
1641
1011
680
2445
1862
1574
648
2354
1921
681
2406
1014
531
2433
796
131
814
1524
176
1446
981
2031
1534
1022
1896
1431
1472
1993
575
119
1330
1040
1647
664
317
873
847
856
883
2472
300
137
2065
1409
1441
197
1032
1521
1089
1528
111
2072
1842
1662
587
925
309
2370
2117
2075
1803
2297
2224
1737
224
254
991
767
549
1160
1760
492
2352
2210
292
2347
1015
1336
2247
752
2350
1352
1025
871
861
1533
2361
1579
2134
1506
487
2449
1123
1535
418
1858
1690
853
2367
1795
1638
1486
364
1419
2095
1738
30
2173
421
2257
906
1731
1205
823
491
1695
1284
1064
220
990
135
961
1132
650
19
99
2488
1479
1321
120
2377
633
2256
2097
1762
2308
1548
1201
611
2285
1567
1491
452
1768
2103
932
2358
1573
61
477
14
2404
1432
1669
70
1646
1779
2415
987
770
1157
2204
1747
1746
519
2232
12
2201
1703
2228
337
748
1527
1
989
749
1590
1177
709
1757
1587
792
332
1122
49
962
2200
1912
1242
1079
1953
1402
1805
1016
2265
1318
1027
1542
1026
2124
2337
937
1859
1977
1505
2039
977
181
699
1278
186
1838
1171
1970
305
1566
467
112
98
1116
1307
472
349
415
58
1530
7
2483
1810
1337
1376
1514
1956
1457
2125
1742
626
886
1561
1258
1403
2220
1277
356
77
1292
1448
691
208
347
638
2143
1642
1028
1490
2255
393
2500
339
1331
1131
234
755
637
2422
1609
630
2128
600
307
1880
1323
201
1512
2454
1298
20
1118
2252
1096
696
2107
666
682
382
590
1224
659
2287
658
2034
28
453
1874
1098
35
1562
2284
343
777
537
1257
80
463
1585
2233
988
2341
319
558
2017
141
810
577
441
1019
1181
1922
1074
1950
76
1709
92
147
2171
1250
1020
107
1460
576
16
879
447
1117
371
949
25
1126
2214
936
1518
475
1640
1777
1782
2198
2056
1189
1560
2172
948
791
921
1910
1620
657
1840
1338
731
2494
1033
2036
34
1378
651
621
719
976
1660
559
757
2311
557
1688
2317
95
149
2251
1849
1355
2099
665
211
1488
708
730
1867
817
97
753
2003
1340
74
1853
1093
2466
2408
2116
784
2296
1833
686
860
2007
2496
1063
1339
1753
541
1422
2401
1454
1382
381
1628
918
470
1285
125
1978
774
454
2033
2339
2144
2170
1391
2217
1146
825
1057
631
1917
116
1108
1905
562
373
1525
156
1522
613
1643
504
13
185
78
2463
399
2399
1360
385
1637
2061
1111
2363
1761
2032
881
795
2145
191
462
2069
733
93
1829
597
1707
1570
177
273
331
535
2043
1526
1942
520
2403
104
43
663
2068
2063
1384
695
1856
2482
445
5
628
396
1619
2371
1939
1127
2429
2001
1997
122
1881
2495
1144
2235
1185
892
1368
1927
1584
133
842
1915
408
1450
2101
2450
1186
264
1906
31
1018
1003
2368
1090
106
1268
357
966
514
1529
2336
1860
1934
483
1082
2195
544
233
946
1095
434
640
798
1168
179
725
73
227
878
2272
838
885
486
348
1948
1902
579
2
398
2497
934
85
970
2212
751
995
1435
1320
1765
2156
1614
2089
259
1885
2416
330
1306
2378
268
338
159
1076
617
489
1381
1443
153
1899
859
701
874
1557
1215
1951
1262
2138
1832
1892
96
998
2438
1179
2476
1113
690
1230
1940
1471
1680
118
1428
53
1651
594
999
1845
2071
1125
2421
1078
919
1914
2185
435
1515
369
160
1349
1065
1183
914
781
2193
1816
1801
2177
1342
1802
1143
670
1475
623
933
84
2167
1861
2093
1228
1042
1203
599
2464
2142
1387
1722
1206
2263
1929
595
1356
1445
2190
2260
2160
150
805
2413
1586
1964
18
1851
605
411
1288
161
843
295
10
712
2353
1180
2468
310
891
1255
2159
2112
615
1653
793
446
459
1799
353
692
2249
2376
1868
869
598
1682
2016
2086
2467
241
1607
1317
1992
1273
178
449
907
2215
900
1823
1670
864
345
2243
1787
195
1871
2019
2213
2135
223
1572
972
1145
245
1815
2168
1806
90
1734
1963
1509
2486
724
105
2498
1791
2146
854
1711
1636
1824
672
1106
1546
2329
294
1923
1700
2011
1159
2315
758
1413
1363
407
661
1379
62
151
2187
490
1754
952
281
239
922
2331
1370
2079
2383
2244
2478
2051
1429
262
1633
430
1563
2231
1865
2323
1901
1947
423
1713
1835
1054
2340
1243
2113
2473
2278
2439
1962
1417
2207
1772
2155
395
2049
413
2106
64
1058
1010
1516
1944
1293
525
219
1933
2419
1794
1267
1103
1547
256
1745
1879
1104
2081
1067
1249
1583
1060
2205
788
592
1244
480
2290
710
2356
1411
1282
51
1128
2364
1926
569
2182
2447
2108
928
652
1945
501
301
835
2282
1359
2348
365
1658
2426
108
1582
75
875
113
2294
1052
750
1686
992
529
1553
679
620
1135
820
2076
2267
772
1692
1175
344
1639
1305
1107
969
9
2040
1169
456
17
1425
1390
279
1875
674
1178
1626
458
1380
205
248
2277
1002
2328
1691
511
180
824
2346
2444
1050
87
2208
1749
732
163
1217
1665
675
2209
1041
1617
2493
2052
288
1989
1392
506
436
996
1852
983
1048
1495
1174
425
1974
953
812
1004
188
488
830
1943
2441
1663
1101
1878
497
2152
2122
286
1769
2021
1191
1423
1870
897
2058
956
236
1679
797
2035
1632
1291
868
1075
450
761
2048
2362
2080
844
1908
1504
1855
1744
2457
2104
2396
765
896
1367
931
1163
1792
1229
2178
736
2042
982
315
2147
448
580
143
1684
1877
929
711
2386
1459
1837
1501
1854
1289
1540
23
1248
494
2302
1412
1864
563
1009
1055
2229
1804
1936
2451
1809
1702
1807
573
350
1558
86
1115
1487
2216
1592
1348
2310
2176
684
155
1602
963
884
911
1793
1655
1236
2131
2332
1648
1147
139
2292
1139
391
1351
1420
1153
1232
1456
1166
251
54
849
354
1706
909
1729
426
2188
36
1036
923
172
604
352
1925
174
1345
643
1276
2458
1930
1046
138
521
1980
1266
908
545
829
2470
2054
821
718
539
1661
840
2437
175
1220
2479
574
583
508
739
1410
526
378
2334
1884
66
200
1776
2417
2006
240
2211
2471
280
1056
799
722
877
1841
1955
882
2431
322
1730
1482
662
308
801
226
1551
289
297
536
939
42
1237
2133
2335
902
1995
210
1017
312
4
1400
1886
747
277
1946
2412
1725
2303
1920
1347
1537
2271
551
1209
471
493
428
272
2281
2230
2443
532
1259
6
1498
1494
1252
283
1972
2402
207
524
136
1507
1975
944
1158
1739
2130
915
1218
560
1304
361
60
806
387
2264
2288
1313
649
702
866
2158
578
1821
29
2164
249
768
2206
1316
67
836
618
677
1857
170
199
1212
380
693
960
1418
689
115
1311
414
2485
244
1652
865
1136
2091
978
1300
822
1100
827
1437
828
2136
1176
1424
1767
1407
1532
1069
148
1129
1890
2078
1440
1728
1704
1911
1133
1610
834
1735
945
826
1195
2179
89
2280
660
1615
556
394
2291
145
2115
2169
1949
1240
1813
2345
117
727
899
609
2002
2087
1077
2102
1196
927
1605
1876
782
461
1935
2307
1800
346
567
1374
964
1554
213
1726
880
2366
742
2373
1303
589
930
917
214
943
2394
267
809
1990
1604
1120
839
1467
997
114
920
1182
383
1309
766
1343
2141
1167
1599
2219
237
2387
410
2162
1192
901
624
769
848
895
2423
1245
1763
2452
242
2305
1718
2223
1843
646
368
505
1716
2005
2150
1438
1322
2480
212
2132
204
440
1377
1988
451
1087
1623
1982
24
1270
202
1694
1541
328
807
2174
1261
1677
993
194
603
2038
379
