1772
1237
1258
43
1111
335
1504
401
719
2127
1187
2061
1713
890
1907
972
926
1921
1080
188
1397
1450
1671
1652
2293
1144
2269
1853
2427
2457
1818
738
1247
1607
1249
337
815
1579
787
447
762
136
2060
1274
1393
1348
729
548
2252
2400
1362
1224
1575
255
254
1816
1791
2034
1017
1684
1409
1466
2445
1568
543
2443
109
2157
2125
476
988
1103
449
1617
2099
1218
497
726
243
2406
1185
809
313
1366
528
323
964
750
2245
1846
1363
1901
868
1051
395
1817
1131
2032
843
827
2062
836
104
1469
300
1613
2326
1581
765
1003
1020
2277
77
1745
1952
1428
907
801
2459
2047
1750
841
1056
1678
1640
1641
259
199
634
74
358
65
1454
1803
2142
2166
902
423
2101
1441
908
368
855
1225
2005
1881
2283
1098
1316
1264
1265
959
572
793
1999
1173
11
1414
2007
100
2056
1118
1725
1042
1995
1983
2278
997
2020
1663
1784
662
1852
796
846
1973
1411
61
506
1590
1849
1481
1946
2193
2211
7
1527
228
901
1196
1233
1893
2175
2464
1407
1386
2323
1223
30
1511
1429
2383
1892
567
19
1340
920
1431
794
2314
2240
1177
2039
667
2202
867
1519
1377
1197
73
2333
1997
925
1723
2477
1471
1284
856
1925
1936
1030
2341
2313
1254
455
632
62
1443
550
1966
250
1095
442
1401
1147
2500
2410
246
1865
864
2091
695
390
191
426
128
1560
240
976
823
1526
1221
1563
1262
995
121
761
1321
21
160
2163
768
1191
563
2490
350
1170
554
450
260
330
614
397
2243
973
721
223
745
629
1007
657
1434
1757
2339
2155
1989
2448
1128
126
1298
817
183
1576
2305
1244
1780
723
110
2075
2263
370
607
869
2478
2004
1116
2027
701
1018
2325
1195
1650
80
539
1903
1991
2220
432
207
1738
1537
1720
1110
791
314
317
1530
2086
47
1546
1496
1638
564
2217
1923
1398
1243
1050
1365
663
754
2192
1819
428
900
2187
1830
957
1543
5
707
2381
1336
1502
1381
511
2042
235
1300
1752
1762
553
1648
1356
1257
163
193
1135
848
349
677
2134
485
515
1834
2038
733
42
1787
1143
1505
1327
1855
359
2446
45
2369
15
1779
498
979
1214
1369
1624
424
1271
604
2378
800
509
1676
716
1304
2043
1574
820
294
1026
2300
2380
487
1594
385
1293
142
2458
1928
1848
96
1322
1416
316
1010
486
575
2226
1246
97
1242
120
2327
792
1866
1122
2067
373
1360
1743
208
1175
1749
1927
779
1862
2254
2270
708
746
372
2352
2074
1506
51
1567
2309
2170
611
195
922
132
2235
924
2439
1873
325
546
1303
2350
835
852
1994
1378
1685
915
319
85
1046
1148
1402
737
154
2409
1005
225
2367
974
231
441
2484
1588
75
2499
1442
419
1695
2115
1918
2332
2148
2206
636
229
2473
1566
635
1884
1094
1208
2482
2044
887
185
1154
1198
1488
620
4
2131
2001
2387
2465
971
1253
532
1968
1689
1768
1811
364
998
1646
2451
1508
1021
2429
2259
2049
1754
799
2412
1033
2456
1586
770
282
1124
1071
1096
94
2255
1205
1814
1162
206
2117
1872
547
2195
1948
1545
302
1837
588
1585
1093
1509
953
1374
551
797
566
2063
1063
2144
1465
1737
1904
377
1376
1493
1698
981
2310
1415
766
218
1967
2172
2377
1998
1109
680
751
182
862
289
704
318
2368
113
1204
112
503
932
510
399
883
1347
265
378
414
27
742
1812
2253
475
1320
6
1448
135
2183
1633
530
1273
1972
1895
544
829
2189
2072
288
774
2319
2154
264
2272
1219
863
474
1510
1704
2078
1375
505
1263
102
1799
452
985
1841
1879
2496
1735
2036
1710
418
1870
1681
1552
886
2384
60
1766
2474
1716
1715
35
722
267
99
1622
427
2239
54
1562
1420
1703
1426
1048
1482
2260
1014
1359
1531
2094
369
2420
2317
2399
558
2095
987
1729
808
2336
2179
912
346
1372
1199
2241
347
2495
2006
647
777
1326
1832
1395
1203
753
1034
1370
1083
1335
1612
230
1776
1136
408
386
2216
2023
392
748
1746
1686
824
1456
628
284
1806
522
216
1301
1333
2105
1569
608
1675
1078
1097
711
1
1389
1490
1500
1176
1312
1963
698
355
1248
1418
911
98
1133
1915
1788
950
782
446
1086
46
1343
389
665
1938
520
387
353
1694
1722
1595
499
2311
440
2249
2176
1839
865
644
1487
1079
2174
595
1027
983
238
1917
2227
1346
1627
1805
139
579
1001
1785
2093
673
842
1864
1763
2159
1977
388
1876
1153
277
1794
1457
1074
2295
783
2197
986
1437
2135
725
1061
560
623
2002
2238
1871
788
533
2418
1091
478
967
1890
1582
257
2214
477
2003
2196
2461
1906
541
362
2379
1460
1100
1295
1041
1032
1679
1974
1256
2271
108
1444
203
266
197
1101
2205
671
928
1733
743
352
2228
1215
892
44
1987
1305
870
1319
381
2123
1486
2019
36
2025
458
828
732
123
1467
2158
1709
2139
1113
885
2354
1309
1598
1727
594
1351
1294
1549
1503
184
1924
1908
1914
977
1570
2344
2045
2430
990
1255
239
2257
2210
141
1031
1129
86
1436
2393
338
2145
790
2011
492
1540
2415
23
1781
1430
2016
55
897
2151
1281
1387
1108
1979
1134
1329
1920
2375
83
2493
574
1064
2322
1721
2124
212
819
1092
903
176
618
394
2366
666
718
2229
2058
730
637
576
2069
1512
443
1227
451
1105
360
71
283
1625
1736
736
1577
1522
585
999
1127
78
1280
1693
1599
1809
675
693
2084
1949
1571
538
2266
1719
968
1692
1660
1065
837
81
301
251
211
641
1239
1850
1146
1942
606
1216
2288
1982
2274
2434
982
1739
1229
1371
2090
1077
1192
2419
1289
1557
1539
2425
1475
814
1911
489
1040
1427
2449
2212
584
1337
1344
2483
413
1342
2080
1783
1523
1339
1939
1856
1497
40
1115
2064
2041
2046
133
624
2054
2423
2052
1824
1404
269
527
1957
219
1068
125
405
2146
299
1266
2215
252
181
1236
1626
2292
860
1734
785
2363
2258
1353
22
1902
1886
101
117
1874
1332
1984
2160
2373
1114
871
365
1789
1016
2110
1028
905
2102
1089
2168
1067
2236
1665
380
937
2026
122
1130
2349
2346
583
106
178
1600
1986
1934
1515
1354
2433
1082
2331
2010
268
92
767
161
2424
1267
1085
2140
2169
2162
1186
1163
403
1120
2250
694
802
95
1629
980
1802
1644
1328
409
2301
1159
1275
1747
851
415
201
111
2248
833
1495
1690
305
1226
2408
2328
1435
2188
2455
2021
1062
3
1518
1396
1960
258
1151
2077
2109
344
1286
545
2442
1730
322
1564
597
438
367
1770
1587
2097
519
431
2178
29
681
2048
1405
404
878
2324
536
186
222
945
2055
215
461
472
570
1060
2480
1796
2467
1632
1182
152
2395
340
646
919
32
1520
149
960
1905
2437
1565
804
1492
573
2468
1782
526
1867
261
2498
518
2181
2223
224
270
2230
1700
1380
1011
727
1288
705
2294
153
1697
2088
430
118
307
53
1965
200
1674
1584
958
2089
116
1183
2068
638
599
669
756
934
952
692
1680
457
1926
1712
1278
2370
1268
683
2488
943
310
1964
2113
1913
1896
1726
1125
437
1513
1188
786
1800
2233
601
1756
1702
278
79
1297
596
685
1036
375
244
1990
561
713
752
1029
555
1645
1038
2071
913
858
279
1813
1494
2096
1234
490
1820
2221
2147
2392
402
1245
1276
172
2403
2470
1410
2171
1654
1121
891
1821
2386
1315
587
1172
715
2051
552
1935
1929
127
593
2318
929
935
816
374
174
2133
1608
877
148
1200
376
2298
728
58
656
895
473
1714
1220
332
1851
460
357
1668
1961
1458
1368
321
371
292
237
881
158
513
2342
2304
1090
1591
1941
1403
2208
586
784
534
406
393
412
649
876
306
2281
1383
1860
1081
1827
2330
1878
170
1677
1485
13
1618
2359
1619
1988
1610
1072
1771
144
1000
1894
1184
1282
1190
1859
989
582
2280
1480
435
1634
454
391
1910
2136
2116
2404
933
1174
1765
1696
48
1152
1854
421
1123
1323
2291
189
334
1057
1578
1171
1213
664
504
996
889
1786
1009
991
287
1099
1189
1835
2440
1270
2150
1857
1207
1463
2037
591
396
41
2112
1658
1792
354
2173
175
747
1379
938
8
2247
384
76
1341
1822
1355
1662
2438
840
1451
143
654
845
1912
652
159
1971
1815
714
156
1287
2028
382
341
1139
2224
2050
1838
1459
955
2184
1959
882
2422
179
1474
795
291
1898
1804
2029
491
2265
253
1164
1517
645
453
569
2476
1687
1842
619
942
590
914
434
1408
320
1075
232
1352
1628
1993
773
2302
699
2491
1193
333
2275
1643
1052
1145
1534
1231
1498
2290
954
893
810
679
899
1740
273
1137
605
562
242
917
739
129
1211
1761
970
87
689
1717
2185
1583
2494
464
672
735
778
1168
643
150
1748
1484
710
1478
1285
2251
993
1055
975
1602
1181
2000
2273
115
720
2428
1039
1793
343
1251
1773
523
1424
2338
1004
612
2065
854
923
2447
2143
1250
1261
1978
2334
262
696
67
2357
2453
1449
226
2402
309
173
1217
1350
1361
2014
2156
315
879
1775
2299
190
1532
2057
1384
853
866
1573
763
2390
1843
1829
1045
668
598
1755
468
577
1899
227
1558
1119
417
2
1825
2219
24
1731
1423
2085
157
640
2286
948
2267
1888
650
1472
1331
734
962
25
304
276
1483
1382
992
280
1808
2414
1572
2401
1836
296
1536
1798
2416
2485
2353
205
658
1013
1639
2030
1778
703
2297
379
822
1863
1141
1554
1279
626
1541
84
1084
821
2137
167
1209
1642
2407
88
2040
1611
1909
648
1561
589
609
1950
676
241
1507
336
2316
2015
1422
700
72
1210
1313
1277
496
146
2152
285
1931
107
2335
196
2201
2287
2128
482
1647
1235
1156
1232
383
839
481
308
1524
1180
1666
2165
940
1514
1112
537
1732
2365
1544
659
220
1759
444
1833
1635
1049
2394
1955
1616
361
1158
963
342
1951
1614
1621
1008
1605
69
1412
1419
682
326
1462
1887
2203
2264
2391
1165
410
838
2130
2207
2153
2303
2471
2083
1597
37
826
256
830
1631
535
2106
578
521
1269
1140
2345
639
1157
888
805
2360
1592
1318
467
2120
465
2244
516
210
507
2492
2444
1006
2079
1446
1769
1753
921
1399
557
1447
2364
1861
2320
556
500
329
875
1413
400
2452
1390
290
1345
1589
1760
549
1774
345
1548
755
162
57
281
10
1367
1400
690
1882
1869
2450
941
1283
1228
1751
2108
2441
603
202
861
1491
1919
789
1306
1826
1891
622
2024
918
1047
439
697
2198
119
1992
894
1338
248
2213
31
706
687
1292
1241
2186
1432
984
2489
531
2421
245
872
2296
1728
1138
236
1880
1664
1828
1637
1556
1464
2382
2194
2059
20
529
1240
462
1160
1252
70
1615
1550
1022
249
1102
445
2018
621
187
568
1699
949
1391
1996
327
898
772
63
653
880
2374
1958
2237
776
684
1358
1553
1847
2371
1357
2073
2182
436
1002
1230
1620
717
1823
1479
904
2167
2225
1953
1969
2262
834
849
2355
1858
1889
1897
2008
966
1883
339
1538
946
1542
2081
1179
2261
124
105
1314
2356
2348
2107
1970
741
2276
1070
517
2126
2138
769
615
1868
1930
17
34
909
2066
89
50
1764
168
1900
969
525
366
56
1392
1142
651
825
2417
1944
1373
2284
165
850
480
2053
1019
931
1651
1406
2092
1291
731
1425
411
151
1058
1758
217
2347
2098
540
674
1975
12
2242
906
68
2411
1166
2232
1831
2076
2398
2435
1601
1940
1956
324
670
33
2013
811
2122
580
2472
169
1132
2315
82
775
130
1044
1655
2337
2017
2104
2149
484
2132
1317
1307
494
147
2389
2312
1238
2385
2497
2405
780
2199
1452
2388
463
807
1201
420
2234
2426
655
293
1547
1440
1476
1718
1630
351
429
1167
1155
1673
1657
272
213
2413
798
1667
1947
812
1385
2082
2129
1324
93
59
803
930
1954
873
456
936
1603
1937
1976
661
274
613
947
602
204
1683
1161
1741
1069
1299
771
2119
286
1433
1555
471
1767
759
1308
1593
1445
1844
2009
1388
2340
616
1349
571
1178
38
448
2268
2372
2033
1453
592
2462
1259
1088
1943
617
1334
744
1053
91
1290
234
2256
2279
1206
1606
303
145
1653
221
26
1059
2343
565
209
559
28
2218
1916
1015
1933
927
425
52
9
1656
2031
1169
813
542
1194
1212
137
1310
407
758
1455
760
749
2487
180
233
1559
1875
508
90
2231
2222
1807
1711
1529
1790
1272
1066
114
2141
2190
2460
2285
2191
103
2289
275
1394
1311
1296
1682
312
1501
847
1885
702
1470
1087
1661
1636
166
1076
138
2118
1525
297
2246
1604
39
2436
1840
764
1528
1795
171
1202
1669
740
1073
263
331
2469
1691
2362
660
2204
1023
2070
1708
459
2111
483
642
944
2479
493
1222
939
214
2361
1551
1107
2351
2463
470
2103
134
1744
2180
479
495
1777
2329
271
1043
64
466
884
916
631
832
1521
1477
1705
1985
625
2012
844
1962
1126
1325
2475
512
363
1260
2114
1580
610
874
2177
1104
1609
2307
712
1877
2306
433
2100
1489
1421
2200
514
1054
1473
398
488
686
1922
2454
66
600
2164
356
1659
688
709
1417
1468
961
247
1302
298
177
192
1724
2209
691
18
910
1980
1516
2432
2466
194
896
1981
818
131
2121
1499
1117
1364
1439
2282
1845
1596
627
1688
1707
1035
1742
757
1461
422
581
724
1150
630
1649
2308
295
1672
2358
2161
311
2396
2087
198
857
1932
1797
155
469
2486
1330
164
1037
2376
1810
1801
524
831
1945
678
140
1535
502
1024
781
348
1623
806
501
14
2022
416
2397
49
1533
328
1706
1012
2321
1701
956
978
994
965
633
859
1106
1025
2035
16
951
2431
1149
1438
1670
