1711
819
122
1987
1429
656
1291
275
299
1499
1058
1516
1775
1511
15
279
608
1453
155
1244
340
1065
2360
975
2390
2254
1529
1186
1718
1144
1691
1872
1912
1817
2392
1205
2332
356
1424
1096
2035
859
567
266
420
1464
1697
1247
647
1593
82
1056
1201
1317
2284
1881
79
1206
1301
1821
2430
879
1971
1574
804
1773
1520
1639
1776
686
1860
1351
621
809
2236
228
2080
460
688
1081
1594
22
1278
135
1855
906
1326
1851
1015
718
1184
1564
2272
2346
2006
930
2327
2052
824
28
481
245
1974
1208
2125
463
321
1719
1393
1120
1926
557
1620
1272
1491
1638
33
2339
882
1774
1079
1472
2325
1391
1296
833
915
442
1273
520
1825
27
880
1943
2275
2130
2159
1355
498
1843
2077
123
597
1922
2163
1598
2170
250
808
1563
590
148
2251
2424
926
388
1303
2266
2048
1189
2468
1289
633
961
1980
424
1831
1139
1505
1146
351
416
241
1708
1325
626
700
2446
1323
1700
136
2441
368
1363
306
158
204
2101
1604
2461
2301
853
1430
1671
1940
1875
1600
1099
284
1059
785
1607
663
687
439
2358
334
2155
651
786
499
506
1197
2086
322
2396
654
133
12
1446
2218
878
2270
1069
1026
435
1314
1454
1075
678
2410
287
1223
2247
1318
239
2138
863
2227
1281
1320
212
2364
1410
1248
2477
108
2234
947
1423
942
2168
10
2283
1196
760
18
173
296
120
2399
731
1466
987
773
818
1142
2190
1545
2122
2169
1703
320
603
585
895
1779
1504
382
1861
1129
680
176
2440
1085
333
1741
1998
199
111
1051
1953
2420
1892
1934
1610
1519
2408
405
1956
1041
2319
2343
996
2248
385
1689
1315
1162
2365
252
1876
458
1853
1489
889
2154
1019
1112
1433
397
1602
1280
2173
2179
1352
1988
99
684
2313
1930
2085
80
2268
2331
1619
1763
1238
1666
1622
469
2133
2095
1624
1
56
2462
592
37
1927
1399
2188
1104
493
1095
1670
1398
1404
58
344
507
1578
801
753
2281
1049
826
1070
2344
1810
2103
483
177
1937
696
1428
757
1310
2336
393
1614
1597
478
2079
505
327
1016
1902
1128
831
1236
384
2262
1215
605
1806
1217
277
668
485
1036
172
1243
2042
916
896
380
1480
2165
966
1692
817
1681
980
2097
232
1414
618
1365
561
1628
1050
305
2474
77
1557
50
1035
2232
615
402
1573
281
2171
2250
39
1210
2287
1757
1584
2102
2217
2403
1416
1656
1739
1316
1904
913
261
538
625
1114
542
267
1137
1798
746
783
1279
2120
1110
1939
303
789
1089
1986
1977
2148
850
1305
1346
1907
764
2152
1541
1651
54
1023
1459
703
89
765
2356
1232
716
2241
1072
1455
955
2060
1009
2174
1535
1255
2066
2029
1555
2348
1029
533
548
1753
730
526
2076
970
5
216
189
802
207
1271
2239
409
1185
138
972
2116
954
857
875
1383
2276
1177
1792
726
311
219
434
2490
867
1636
226
1343
301
652
928
1503
1788
2058
642
1141
2208
523
283
339
2391
394
1327
884
1679
748
2355
175
1944
40
827
758
1426
1911
2362
2230
1842
982
357
310
238
1736
1209
1268
534
1789
1438
595
1920
105
1672
629
721
670
1784
149
792
582
1660
273
2307
1653
231
2172
440
398
581
1458
968
2191
1641
4
404
1126
2429
2069
511
631
146
195
2037
2040
958
451
1919
2434
1834
530
2487
2050
2443
815
829
48
1420
1431
2417
2024
294
1712
203
2153
2297
740
1932
1924
162
1782
521
2394
1714
30
937
616
1963
517
2317
613
1945
2411
766
645
1688
1395
2213
375
881
1235
2478
2368
13
951
1475
722
1989
1219
1662
2198
1899
568
932
1849
638
258
510
1191
1165
1124
197
904
1936
35
1450
316
1152
1394
1509
377
1994
682
2224
1290
715
2485
587
2081
1367
610
1754
1465
2027
653
830
370
1778
2124
1900
1483
1918
1354
665
705
1261
569
1347
943
1803
796
952
1374
1245
614
1633
556
990
992
1203
1992
960
452
74
1501
86
736
1769
512
1183
21
1062
675
1772
903
805
215
861
2196
1182
1954
1832
911
1277
230
2091
2136
811
2484
157
1492
448
2374
210
1701
168
2134
2175
312
1252
1960
2141
1166
2312
1748
908
2137
1457
114
2483
403
664
2083
617
479
1007
1813
392
2292
1571
2226
1157
1996
1933
1523
962
1234
353
733
1105
866
1822
1043
2036
137
117
491
589
1858
2366
7
2002
124
1627
2456
777
528
938
1149
1599
2186
504
925
2034
2111
355
461
2160
2176
949
1106
747
1436
2338
797
55
2382
1961
919
2426
66
14
2337
594
1370
1233
2349
274
2370
85
345
2261
1726
1045
1401
1493
2326
1485
1264
779
2193
387
363
693
1169
436
2167
2212
1283
1130
2182
2469
1115
2388
1033
1340
373
432
1592
488
464
400
342
2310
732
425
1470
1032
2375
1572
1071
347
2273
2303
770
1737
2200
2466
1402
2416
771
1409
104
1513
776
1515
1192
2231
2414
335
2445
1460
1605
735
1840
372
222
635
1195
745
1780
94
1172
957
2460
1109
246
2016
2277
2293
2204
406
515
1657
130
1567
661
713
295
337
1760
1228
201
593
1786
391
1631
309
144
2329
1103
1668
314
1750
1481
462
2074
1091
1897
1903
953
446
763
11
545
1090
814
2092
1385
920
1389
1724
41
1507
2093
2371
2278
662
2347
106
794
1995
1558
1000
1254
159
2323
1854
985
2221
45
1047
2127
87
1386
2311
1364
969
1490
897
1054
1348
2096
1935
1496
945
1738
282
1082
19
2404
890
1696
1856
1171
457
1324
1013
936
843
729
418
2078
1368
1004
1647
1794
2202
537
119
2214
2047
775
1179
1514
2140
971
456
152
2113
1800
2280
160
51
110
1010
701
659
2178
1039
1835
182
2199
482
2090
2496
1799
183
318
502
676
508
584
607
1891
1532
346
213
1870
842
2387
1682
1562
1175
163
1108
1293
1338
2044
1371
1576
280
743
1084
2328
1328
292
408
560
187
946
622
2305
475
2260
554
1915
1742
262
1923
1632
270
1286
1685
1295
940
2321
417
1811
348
2067
2282
694
1807
2253
1097
609
221
83
637
2003
602
1839
1207
1652
2285
1859
1425
611
1118
190
132
60
2147
2451
161
868
1319
1478
497
838
328
112
1353
1698
1673
549
134
1809
151
2264
782
2296
1333
473
1484
1204
1300
42
1743
323
1229
1034
869
352
1366
886
978
1601
1883
2235
641
1928
383
1683
1755
260
2244
2219
2500
2009
1382
948
1999
2065
293
1894
1615
2407
2495
25
787
516
1336
2380
415
343
1661
1732
1722
599
2109
191
2491
650
2340
2259
2308
2428
16
1766
1350
2030
1768
2057
1419
1896
234
632
902
1552
860
883
1443
140
1715
1270
1190
20
2087
1173
1550
131
1176
365
2014
1122
1725
129
1955
2333
1240
2110
1362
986
1664
2238
1406
1815
1716
1731
2257
967
366
1442
2361
1783
1358
1905
750
2463
856
825
2082
1560
778
26
2189
72
2225
820
934
2271
407
2397
2115
1878
2493
290
1194
2143
1226
1178
121
423
2318
679
2464
2001
1957
1693
1554
754
1797
999
2409
989
1487
1629
2448
1938
259
271
965
2161
240
1392
1569
59
1329
1729
772
1077
1948
798
580
2158
979
793
24
1734
1893
2011
1006
1540
2475
2025
950
914
2129
601
1801
1888
329
823
1239
118
1282
2117
553
1645
1040
2039
297
1951
1617
2256
583
2088
2393
2377
1852
591
1486
2322
1030
2372
242
1360
984
2267
1882
1276
1349
2447
1214
1117
1914
125
441
264
1959
362
1745
93
1107
769
1160
47
1330
586
2289
513
734
1241
2359
846
1088
558
991
1735
1067
1334
1098
2112
147
1848
2486
288
550
899
1439
1710
477
1879
742
1687
959
888
1678
444
1702
1224
1777
445
1522
300
223
2435
522
1018
1862
139
371
1202
2104
761
1952
1713
2222
2094
81
1048
472
2201
1611
1263
31
1680
933
166
1543
53
2070
65
276
44
1949
2255
46
1857
1820
1553
1663
751
699
1727
1804
1539
174
540
2223
1931
1946
429
2051
698
1267
1866
489
1246
1153
2473
1559
1886
2061
421
2010
1985
1898
1375
791
994
891
2488
2291
877
1053
1534
217
2194
2454
1983
2203
2350
145
1345
1667
389
1408
1970
2041
1249
900
1721
788
1646
1836
1372
354
2114
1456
1964
559
1512
639
803
997
1814
963
1606
1802
2295
1341
1537
313
1151
1411
1174
1829
924
1312
1756
2385
562
1548
1966
1397
755
630
870
2481
1161
1292
1378
431
724
1163
799
78
32
2309
1302
69
202
563
1521
459
1078
579
2156
1658
2157
2376
379
2431
873
1913
691
1002
588
68
689
1517
1074
1542
332
836
2243
1979
2412
1837
2098
2032
681
92
2005
2195
1287
1322
1744
1785
1076
2314
1674
98
1808
1765
719
2395
1306
1381
369
927
412
319
1929
711
2298
198
1591
1568
768
1361
36
1845
1947
376
2107
2162
2142
2013
2389
2166
2452
1525
1274
1526
1005
2075
178
57
1094
708
2205
1447
1676
154
572
2
480
1538
211
330
981
1445
113
414
1846
660
509
922
1468
977
655
983
1052
2185
272
909
876
115
1630
2228
225
1357
620
935
674
2019
795
648
237
1874
1434
1706
2043
690
2089
255
1942
739
1297
1193
1993
1168
501
2252
1536
1413
1635
1251
551
1200
1502
673
286
1580
64
835
196
1972
901
1461
1546
2299
1477
677
471
834
2470
100
535
1494
1717
2150
1533
2121
2216
1690
1344
1132
1762
1747
291
1869
2071
1975
1909
887
220
1640
1028
1510
1796
1024
2206
2054
1705
2146
1003
248
2144
1613
1231
1830
1014
1695
1304
623
1819
466
2335
2240
964
2467
2145
644
2063
1262
1061
454
1707
247
2367
2021
759
1561
1285
233
2342
709
2211
1625
2059
1150
91
1850
1396
1669
179
484
2192
2033
1156
1910
1895
2000
1073
1127
1863
1917
2053
128
2453
338
2073
892
929
1921
410
1497
2119
200
2294
254
1976
1159
1583
1887
1008
2316
1795
871
1941
1654
1518
1227
1220
1064
164
1136
126
453
756
447
2353
304
872
8
62
832
578
2290
1570
214
725
727
1093
2245
1686
1448
874
1531
524
1379
413
1221
666
849
1556
1759
749
2418
2354
2439
2139
706
1847
544
1060
1659
2304
1167
1761
998
1135
97
576
658
1025
1586
350
1230
1260
1046
543
2004
1916
2177
577
71
1102
606
1844
1506
1665
1827
847
1275
1187
1823
1083
73
2492
208
728
2118
186
495
209
1547
1648
1969
1298
1469
1590
1055
1677
2020
1211
302
2306
1528
1265
552
2489
2288
737
1237
1965
1751
419
1816
1699
918
624
532
1335
2022
800
500
1595
1181
2432
43
564
566
1482
468
2046
2425
907
1154
1369
265
2237
2184
268
263
2384
2400
1170
844
2269
1427
1199
2062
2100
574
738
1356
1838
596
2320
1042
2056
2183
494
374
185
1958
1467
34
1527
1566
17
257
910
1841
251
437
2398
1412
565
1577
1790
1508
1720
628
2302
973
2017
325
1973
931
671
1140
1575
470
741
492
29
1017
744
707
1321
167
1134
150
88
1148
845
1733
2369
1925
1131
433
2263
1339
443
1388
1704
821
107
1549
1311
790
2012
1473
127
487
1164
807
840
269
1259
1767
1418
851
430
2123
1155
2099
2455
102
2151
529
188
1421
2229
837
1037
1978
697
2498
381
1991
1833
1400
1582
2126
278
956
841
61
695
1111
1308
2334
1618
813
862
1981
2149
784
3
627
1551
717
712
570
2007
2341
244
1449
229
816
1885
1405
2181
2164
685
1621
361
2413
2106
2479
573
1086
649
1865
1906
2105
1805
976
714
1982
780
103
1332
227
2049
396
1256
317
486
1787
571
218
324
165
249
455
1133
2357
2242
2427
1616
1415
194
1877
341
1123
474
1740
38
1384
1462
1387
1001
101
1066
9
1990
858
514
774
988
1269
598
2421
1968
2233
1441
2386
810
531
465
1771
2028
636
116
812
156
2031
1143
1603
2373
2438
2423
683
427
1500
1359
1342
1868
1587
2246
1390
2383
438
547
1444
905
326
2258
1612
1867
109
822
1950
921
852
1890
2108
667
1781
1012
1198
426
75
1642
995
1463
898
1565
2207
1407
2015
2249
224
1145
1313
864
1044
1057
1723
1417
1063
640
1476
449
939
1180
1884
2131
1997
1644
1294
1634
193
2209
2210
1125
541
1649
70
1422
1158
646
1011
1121
422
752
2402
307
243
1284
619
2406
2023
2494
1080
1021
2444
1588
1770
205
143
839
2379
1793
865
1087
1242
1113
525
1116
2378
536
170
308
2215
96
67
1216
1471
1728
539
1432
1675
2471
2220
1376
1623
692
2422
2450
2045
1092
1984
702
723
2018
1764
358
1212
90
1452
555
503
76
1253
2442
390
2315
669
894
63
428
1828
546
2352
256
1684
1585
1530
1498
1403
657
1147
1038
395
181
1596
206
236
2128
1337
2482
367
1643
2351
399
1589
1027
1579
1889
2437
2363
1758
519
52
285
142
2072
1119
49
2187
1609
1581
2068
364
23
2300
2419
171
1749
401
2433
169
1880
450
2497
1479
941
1650
2458
1031
672
575
349
315
828
1873
643
1826
1213
912
1655
84
1440
2064
917
2465
476
2286
762
298
1694
600
1435
2476
1709
95
893
1022
360
1225
1967
378
2449
1962
331
993
1288
2401
1626
1266
1250
1495
2274
1451
854
253
710
1864
1752
1608
1309
1474
2055
386
1901
1380
1377
2132
634
2381
1258
855
1791
2135
767
1908
1437
518
490
1307
2345
184
359
1299
1818
974
1222
704
2008
1257
2038
153
1544
235
527
2480
806
2084
336
6
2457
1188
2180
1218
289
2265
2459
720
496
1331
2405
2415
2026
1730
1637
192
2499
923
1746
180
1524
2197
848
2436
467
944
1488
1020
1100
1138
1101
1871
612
141
604
2279
2472
411
2330
781
1373
885
1812
1824
2324
