2455
175
980
771
349
2123
1653
592
454
457
1420
2482
643
67
966
2136
365
277
266
506
1117
2238
1916
1376
684
1230
2371
1857
849
2316
2443
2138
44
829
2348
2094
1279
151
938
1524
613
1174
1361
1575
748
249
1879
2389
2492
1298
87
378
1954
2167
522
494
1268
1735
345
305
203
1490
278
2463
2325
1314
1081
2493
449
2142
1156
1348
1757
1923
1293
2242
1247
1
432
845
1035
1584
33
560
38
2149
73
1168
2162
632
1559
1789
2059
1018
392
843
393
1142
316
1720
2145
948
2323
990
1325
1553
2078
644
819
1337
429
25
2419
315
218
1699
1627
512
253
437
689
1942
174
1915
317
2310
2009
1162
1919
1328
48
2002
2370
539
552
794
2233
1321
1201
156
796
1281
364
2032
2311
1822
291
1098
459
275
1858
185
1661
1965
688
1546
905
450
1672
1935
840
896
1810
295
1289
2198
1480
439
2393
2478
909
1418
953
810
1981
1252
1284
1443
1227
94
1754
2185
1680
1017
2216
706
2480
1369
690
1083
1632
2475
1012
657
1409
398
1272
897
2114
2221
739
1794
2139
1877
1330
1613
1391
2038
1053
2437
2262
1538
536
1428
1937
753
2458
413
623
631
1364
2194
660
700
565
355
1519
155
1619
1237
952
1005
1787
1905
1725
2473
1560
66
2257
2236
17
1116
1274
1270
95
297
982
1795
934
762
1011
1474
486
1527
1990
2089
833
2243
1148
374
2095
2352
585
870
1440
348
228
1652
188
146
2184
1734
607
1667
2029
1473
2106
54
1182
1107
626
1686
2418
1744
975
1050
1100
1851
831
1855
639
1388
1926
1119
1154
2442
1290
1530
2158
1864
682
1500
2342
2484
129
1629
1896
1184
2388
877
571
738
756
380
1912
526
521
915
1454
1384
1780
1949
1800
1468
1273
20
1248
1318
791
821
1539
842
1952
386
1635
1342
336
2377
1092
950
1603
246
766
1368
136
1927
2253
1713
1563
813
314
2226
807
2457
788
609
202
782
2240
428
1233
1231
863
2341
1449
1023
2024
1708
611
1278
2454
288
1091
2030
1292
1331
2356
1016
1167
2439
438
1493
2104
1258
289
308
213
2210
946
1634
2376
941
326
2235
841
2449
2453
1470
1484
1019
2275
1132
1980
804
1777
693
296
1904
1966
1303
1676
1064
1416
2012
913
779
2093
1046
729
2445
1492
2450
1087
680
1246
426
2408
2000
294
1061
797
533
861
2401
1079
606
2175
1521
866
2295
2192
1125
1850
1031
2195
1836
1906
1297
2468
1992
944
441
2131
1429
2193
1529
1205
1108
1886
751
1765
736
462
1637
1302
1317
186
1982
1737
2391
313
112
1533
36
1494
1319
1633
1287
1669
28
117
183
1607
882
2298
757
1241
989
1095
653
1367
1411
4
1027
2490
1049
2415
1037
1505
2336
471
1581
1121
916
800
851
138
2398
211
2062
1197
421
1507
1438
435
2321
962
789
1913
1488
1642
581
446
1450
582
2008
524
1572
2042
1779
1866
1727
34
1185
1003
1511
965
1001
1122
1025
460
2023
1769
1341
1002
1697
1326
1899
593
1610
542
2050
1338
2345
792
2041
802
576
898
820
176
618
298
1888
994
1692
1235
1662
1501
725
2432
1213
2076
569
1276
370
60
573
1911
977
352
1934
2264
2134
1860
1541
90
677
2252
209
928
140
2499
2479
1377
553
549
309
520
1843
1972
746
2119
1928
1751
1907
458
1080
267
1345
464
2285
1150
2269
180
2005
2327
2375
2072
651
2434
1825
1543
2284
1496
959
2222
1078
1709
1841
2069
1435
2340
1956
901
2200
786
1930
2270
839
1756
923
1291
616
1264
696
1433
2366
1791
1874
548
2124
1113
1253
1788
927
1256
597
745
414
664
390
230
351
1410
29
769
1403
2462
1616
554
701
535
2129
1508
82
1153
1660
659
283
1365
1223
1778
172
362
1694
1664
1183
1346
2306
627
854
920
2054
2271
498
2425
1120
2447
2367
1191
925
2387
930
637
1464
2223
844
2052
110
1838
1969
2206
1299
1695
1659
210
1220
2409
389
674
1605
1537
1986
1718
681
118
628
1600
302
1173
852
1528
1813
1349
2496
269
1550
981
2429
1200
2048
1257
675
926
1749
534
2477
775
2272
2085
397
388
1390
1944
113
1848
1631
685
1063
875
826
1144
1921
2299
1071
1219
405
2481
1716
1545
2383
1073
1351
1446
749
557
24
562
195
1034
1374
1583
304
2176
1673
883
811
2170
71
2047
2231
848
2107
658
1160
711
979
2237
1315
1232
99
264
704
1048
1705
1130
942
765
1807
2160
97
2068
354
1883
1179
678
1415
1693
324
2147
1577
233
1700
871
372
2304
280
1350
1456
2186
566
1516
1423
490
1155
216
1589
2132
2326
1143
887
1245
1985
1587
242
1043
1641
703
676
1931
1311
198
621
1601
1567
465
1593
200
1286
1066
587
329
732
334
2097
1352
1333
978
872
744
572
145
1447
2466
192
1401
705
1839
768
859
619
567
636
2121
1987
1207
83
330
830
120
166
384
828
568
1189
2297
238
1186
1513
1711
525
1647
417
1894
411
466
1057
998
2214
1598
2209
1193
1305
712
2441
2489
954
2178
1852
2168
181
1307
1611
1573
1313
1452
1194
2154
61
783
2049
1180
1821
100
2115
1890
2282
1068
2328
538
199
1596
2254
1984
2208
1891
723
2084
2339
62
1640
1630
1591
1405
2273
187
1176
2229
1721
487
236
1979
1327
2205
448
2436
2338
1997
1497
2159
665
2426
2369
755
2128
1624
1742
1531
2141
1358
2015
14
1895
596
337
1523
360
126
1614
1793
2033
2058
217
72
1212
1569
2329
1655
985
69
1439
1710
1229
997
550
630
1902
76
641
1472
2051
77
2225
986
1379
2451
2399
412
1166
419
1803
1502
1055
251
381
2359
353
248
1648
477
671
2452
1499
476
2308
995
604
401
1876
1991
319
1703
261
1722
1555
812
1618
1133
1371
1310
1112
1015
225
1679
1013
1615
2355
30
2179
960
495
46
311
2301
1730
584
1671
475
672
743
1211
2245
1432
763
1950
1383
385
2126
624
904
886
544
1520
1909
2467
1785
206
2070
752
1636
846
2188
2177
1086
588
190
2330
918
2303
586
988
1786
1353
958
1989
591
1158
663
452
1738
1668
2347
2101
1110
2360
1021
1743
714
1054
649
868
2157
760
865
742
2423
1312
2286
115
1768
767
2113
2372
153
415
21
2378
1356
1339
161
1885
1746
339
2307
837
1385
2018
2112
19
1343
922
601
430
463
1344
881
1887
1819
1834
1651
284
1579
2165
1398
595
272
1514
1802
86
1357
127
2361
2036
1509
824
1260
2031
41
1685
2315
1595
142
2189
1004
2411
366
1606
1294
673
1026
101
442
2471
2394
1920
480
184
369
301
2440
655
856
873
74
1206
1238
1582
1796
485
508
2152
1551
1503
1127
376
204
1702
226
2103
825
879
1681
2332
285
173
2309
189
1483
1033
1571
574
1622
661
496
1719
517
1837
303
219
2413
89
55
49
1471
2190
2350
1266
1114
1163
157
1437
2446
2384
1159
2
893
333
1690
638
472
455
2063
2249
2379
2319
1006
1457
2105
1445
56
694
2056
1943
914
2397
2374
171
244
2073
453
1280
2258
1884
1771
885
1590
1482
669
1187
1772
563
1829
1476
1922
1620
290
208
2464
1535
1586
1059
447
2334
1799
610
709
720
1425
1578
683
1126
1957
2017
2244
1275
1773
1175
80
2143
2172
2291
9
139
1485
2276
241
656
1599
1354
433
1515
1656
143
2183
131
2268
740
931
1355
798
2212
377
741
2011
695
1995
128
1609
968
907
1044
561
1362
75
890
818
809
577
2098
1106
770
2422
1399
516
1677
2013
451
1674
194
423
2250
895
1826
634
971
2111
880
444
282
2288
1370
2331
2171
51
699
124
2110
2260
1910
2498
1157
1111
1171
2460
2022
2335
2219
1169
1000
2081
1678
1818
2061
1192
1009
2318
984
1007
1861
10
993
2346
1375
1869
1809
511
912
510
1844
784
2469
602
1940
1259
1096
503
1115
1335
382
670
276
281
2354
1870
27
396
222
43
2364
500
23
1549
1801
939
356
2305
2220
2414
2386
2109
633
65
1393
2424
1967
1475
1392
1039
1999
558
527
949
1397
2500
2007
2435
888
2116
2465
1993
2182
479
2396
2202
391
92
540
1517
45
1036
2155
2181
855
943
531
1908
1404
642
937
169
22
26
1431
1102
418
1382
1936
1029
273
1196
541
1215
1863
955
2365
2405
1782
891
1022
259
1823
823
1666
2215
1518
1872
197
903
1994
2166
1897
2290
1704
1451
1504
1378
1455
332
625
708
379
2487
212
1748
1996
1816
1458
583
2430
1389
957
1564
1833
1195
972
1953
79
357
1249
1477
1217
1128
1413
1882
32
88
307
1762
422
1489
1644
1366
1118
84
2028
951
734
2251
2400
932
1712
1588
491
546
1646
654
2448
363
1687
144
1968
589
564
2472
121
2227
719
902
733
2230
482
260
214
2204
1421
646
252
1460
1164
1760
1202
715
122
1750
387
2486
1758
933
718
178
1665
1400
507
969
2125
1726
906
2358
1296
730
1056
1608
1707
1008
499
1407
1082
177
2421
722
31
1047
2120
50
1917
1740
2497
2263
270
1334
2459
431
1283
1808
2416
2483
123
2261
2337
759
834
346
1566
15
1332
1203
468
795
493
2213
106
2239
2071
358
394
1481
1881
40
1783
320
936
1465
617
1146
2045
1846
869
1976
1234
1359
1901
1755
2395
2302
2247
193
1136
2351
889
668
929
105
1612
1805
148
1561
1696
1324
713
2287
622
598
2151
1062
1340
2163
667
1657
575
53
1308
1951
1178
1103
1683
1798
815
1854
790
1020
1461
1733
469
1387
400
1536
2199
497
424
1466
864
57
1983
1945
590
18
1925
2485
1865
1336
1236
1145
114
620
1295
201
2324
1828
1134
470
1645
1373
697
125
547
1406
1486
876
2267
530
6
635
2066
1691
2300
1224
1576
299
2241
1491
1792
894
359
111
816
179
1347
1859
109
1717
2438
1763
1199
170
263
710
342
2037
102
691
274
2412
492
159
1386
1689
318
1731
440
2232
1395
1139
976
847
1617
793
2312
1028
205
1650
1682
1592
256
5
229
2082
1090
935
98
1698
325
1204
1089
1963
2256
1222
1835
434
1094
1052
999
2420
2343
1739
300
47
822
1510
108
1856
545
2313
1832
2368
1282
1316
1815
1827
1849
551
1214
2228
2006
399
970
785
2444
1941
2279
1243
254
1766
37
1131
2474
509
1845
1218
1542
1262
2255
1209
2034
2363
612
1638
1010
2294
196
858
1419
781
1422
1288
81
322
1961
474
529
373
2320
1228
1149
2207
1568
1506
107
116
727
1239
1129
1104
2217
1728
1463
409
231
63
2428
2057
501
605
2224
1880
761
1547
1099
2461
367
1165
286
371
1135
2491
12
917
1058
911
2148
731
2065
1741
293
1903
461
68
1267
537
1381
513
258
1329
1042
1977
1424
787
2091
310
182
2274
2180
1226
799
2169
1140
1254
1817
420
1597
850
1060
2003
1412
967
1889
1065
1947
2470
1051
2187
191
615
168
2004
227
780
425
323
341
163
2053
1045
1544
215
1072
1663
2150
1208
2080
407
2191
1714
1101
519
1643
973
983
2060
776
2083
640
328
239
2296
1831
1729
1040
85
224
91
1548
1675
1688
747
1498
687
1306
2100
1781
1255
991
1221
1878
2025
2021
1540
243
737
1732
1532
2161
735
2277
578
900
436
1032
502
1623
1649
1138
2090
1939
1124
1602
2380
8
1109
580
594
1804
456
1975
1658
764
940
2014
2087
947
2075
150
724
2417
2488
368
2349
1152
556
1434
1873
956
481
992
167
1188
2196
237
1448
402
1820
335
1024
279
250
1974
158
2403
754
268
2322
2433
361
1240
489
1097
2092
2392
1628
1525
608
629
662
1626
666
1372
1842
343
395
221
1580
137
2164
1554
1216
2027
1172
2074
207
543
1973
1512
1871
679
141
2077
758
93
1918
2135
867
1932
2281
1467
1970
445
514
133
1123
2476
1478
59
1621
1526
2495
2035
403
2020
726
1562
884
1396
1715
7
1522
2265
1141
257
2203
2118
2026
39
504
648
603
1767
1988
13
1417
1724
1684
1442
836
152
1552
698
234
1806
1824
52
1736
2314
220
2289
1814
2146
599
910
1147
2117
1776
862
1753
1151
1181
119
728
2016
344
1304
1444
154
518
1770
2173
702
2153
1764
484
2156
2133
1030
1948
1285
416
2283
2044
964
2088
331
149
2333
1625
853
559
1534
801
2427
805
1363
1594
645
945
2010
2001
1170
1251
1459
961
721
1408
478
383
2456
1797
1269
2197
773
1300
2102
2067
1971
1558
806
1301
1752
245
2406
1946
817
2404
2127
515
2362
1867
2259
1914
2280
1077
2122
1900
528
803
2079
1978
406
1070
1811
1639
570
1074
1898
104
1242
2402
292
1747
2248
70
814
1759
835
2344
1244
1069
1394
1964
1933
1962
162
1426
2390
2108
1105
860
247
1430
1322
614
2278
1380
2381
2130
2353
827
410
987
165
600
1076
1862
160
1847
692
404
1556
58
1929
1014
11
64
240
1436
996
874
1360
1955
1309
312
716
1723
255
963
338
1706
2137
16
1938
1959
135
1893
103
1038
2144
717
919
2211
1277
750
892
1745
130
1198
443
1462
327
505
2407
2382
523
555
1093
1701
838
96
532
2043
223
1225
1161
427
579
1853
1775
1084
1414
1774
1402
2019
2096
2494
1892
908
1784
2234
147
1265
1250
1604
2201
1479
1960
2266
1840
2373
3
132
265
1441
774
974
42
1670
1654
2292
1190
1323
878
2293
1263
650
1570
2431
924
1998
1924
1585
306
2357
777
778
707
2099
2410
1574
2317
2046
1088
340
652
1067
35
1868
164
1487
2246
2039
488
2140
408
1790
271
1812
832
1565
1137
686
2385
2218
1469
1075
321
2040
375
78
808
467
1041
483
1427
1320
772
1210
2174
1958
2086
1557
232
647
2055
921
134
857
1875
350
1177
1830
899
1453
1495
1261
235
347
262
2064
473
287
1271
1085
