795
794
447
1306
117
247
15
730
2252
1111
264
790
1385
92
2107
439
1878
407
367
1340
368
442
1782
549
1607
1691
1578
1056
1364
2420
2220
341
67
2298
1708
652
170
1165
1803
1775
1714
50
279
1698
1146
1768
1674
1767
1995
1013
644
1000
337
1938
783
622
1299
1095
1978
1758
1388
1985
558
1449
321
1650
1243
2173
371
1648
2372
1968
1575
2281
930
166
2167
818
717
1753
2239
2227
3
441
1867
2019
202
1927
1104
431
2161
2231
323
141
923
2111
888
1194
2251
2119
1774
1943
1177
1475
641
1558
2100
1536
1281
1931
486
992
1417
680
2080
1598
1887
2451
2005
408
2092
1574
837
574
1323
298
520
917
465
1215
1958
1857
910
1285
792
2257
243
75
232
418
2116
215
1078
1369
1273
626
1477
1688
1447
767
845
2162
1256
163
2149
2028
239
1702
1676
895
1982
83
1442
1842
2363
1806
1261
1432
921
928
868
1309
1178
1586
1785
936
179
2011
1759
1572
334
924
1695
107
714
2396
609
1573
1473
1157
1993
1781
25
902
2086
137
2181
34
2333
44
375
911
292
1189
676
967
1416
1662
883
1615
2185
533
1817
2402
241
553
1636
257
339
1201
310
678
825
1628
2435
1597
1589
882
1673
55
1825
583
1926
1828
1749
2473
2344
348
2104
2383
370
1754
1881
422
513
1367
865
2065
222
827
2187
934
2339
1339
214
1533
1211
1262
1029
926
861
1787
958
1966
566
1955
435
1703
1901
2493
1375
1406
777
1357
694
21
1188
1935
2001
1350
2311
2099
1150
289
1928
2488
824
172
470
495
838
890
1058
2194
420
2089
782
532
658
387
1476
1623
1738
1027
1679
297
1664
575
60
415
812
2464
2256
2446
1755
2030
389
158
1450
221
1551
765
196
411
1934
2144
2154
2284
2305
778
750
666
608
2378
2007
562
118
742
758
771
1115
2300
1204
1168
11
1018
1894
2124
1591
471
2026
1308
1020
1161
1604
2206
1815
253
453
1779
2193
237
2048
1596
469
842
1799
199
1132
219
1131
1436
995
2418
1055
1377
1419
110
1631
335
946
1065
1680
752
1246
1600
2225
175
2203
1656
1879
1239
355
1457
796
2244
1278
1983
1890
1276
1140
697
675
748
2397
433
146
628
1172
376
1322
1875
1396
406
165
1235
1595
1840
962
1193
1112
540
1459
402
1905
2416
1144
2024
2064
1911
2494
1371
1399
1545
374
2394
2453
410
2102
2406
2358
1403
171
1760
1731
2321
2016
2055
2338
246
880
1652
2374
755
2170
152
623
2443
1298
1796
2287
2373
291
2360
340
1918
1283
2009
588
657
699
1264
213
579
1913
1474
260
1929
744
2368
1666
981
45
2013
555
1697
728
889
698
176
1619
149
1210
670
1491
183
1122
1616
1778
1316
93
2208
1048
903
2316
1814
342
830
1381
396
1897
2018
2068
467
1835
774
986
2334
1559
184
561
180
1694
88
1337
2070
1854
1225
1202
2302
2196
1441
2286
1269
1187
2069
366
886
1429
1507
941
2022
530
1003
1010
925
1251
1433
1645
791
2492
2232
746
162
2324
850
841
1145
1555
398
1990
598
2027
1832
459
1769
2188
1893
1374
277
814
660
2041
2031
1258
2083
2148
705
682
1620
304
1808
1227
1627
19
1647
877
2268
2125
1107
719
1930
631
143
293
2076
1026
1719
990
1267
1942
691
2314
988
1907
2122
1852
1440
481
1108
2175
2341
35
1871
1137
1119
451
1733
160
1975
637
353
1383
211
840
1103
872
1529
2361
577
391
1310
358
2132
625
1404
938
1452
659
839
1710
17
1864
1944
1368
285
1641
1203
2223
1320
527
978
1513
226
1198
71
2288
715
1455
2233
515
1425
1164
1341
2059
14
1314
281
77
731
359
1182
576
207
1863
1327
998
360
2088
1588
797
1021
639
2056
843
788
1142
2003
2342
2429
716
1019
1896
1651
1176
27
1338
1594
1349
1522
1977
1195
2214
1811
569
1363
1166
2289
369
2245
1723
2212
1089
1877
1439
501
1244
8
1692
1550
2309
799
2249
1094
1084
1097
1987
987
916
155
1290
1824
2313
2037
101
364
2348
1034
1971
1726
1054
133
2415
1028
2266
24
1487
1482
1517
191
2393
601
605
2328
1248
2410
266
1988
185
1418
1654
1655
613
2261
1366
1169
1232
2340
1729
754
789
656
1884
1498
2276
352
135
1384
276
58
1739
2035
1849
832
2010
1798
275
1563
2414
2177
272
1709
1489
373
2131
2403
538
314
1745
306
2385
751
1467
1956
479
1249
1730
1245
2327
693
1624
1784
1544
944
1873
1289
489
169
1725
57
485
1962
329
2226
1426
2292
2105
991
1744
1952
1830
1393
1332
2121
386
1912
1382
1700
701
345
1526
2275
122
1044
920
2476
1443
1159
1136
551
1524
732
983
109
702
931
1683
96
2441
749
2178
681
1238
1313
1734
2496
2046
2248
1435
541
499
1957
2450
20
973
848
1946
384
1083
220
1752
1271
2129
2123
1805
1553
421
1497
106
1041
1910
1068
640
138
70
331
617
1903
2236
1872
2136
1883
1206
1932
1687
79
427
1690
1783
2036
1941
405
1481
394
912
1644
1114
2399
1458
320
1612
2045
922
1748
480
2474
665
822
1826
98
957
2263
1170
612
1484
960
115
59
2459
2375
875
734
1386
1629
403
1448
1640
1515
737
324
1520
1133
653
1505
1087
462
1979
1060
866
455
159
315
690
1233
2264
1291
885
484
2346
132
63
99
1001
1200
1493
1143
1125
2400
2150
1494
807
1996
2224
2141
1052
1541
2353
2192
288
419
1069
256
1933
1478
1860
1427
2457
1948
2389
1791
687
1241
1861
1888
1510
1355
397
1255
1756
1886
259
56
2164
1130
2308
1646
1920
254
852
1909
338
432
2097
2172
1547
1789
154
873
1037
1939
201
2310
2297
190
22
2291
466
488
1099
1081
317
445
69
1121
1969
2499
126
1821
1022
2413
1724
1566
897
2448
836
712
829
1259
401
2151
1501
390
1463
208
1722
1880
870
47
1804
1601
194
1965
1728
2242
2044
231
1502
1257
1152
2029
116
1063
2043
775
2432
474
1770
1305
2189
704
1042
1876
205
1583
2063
1525
2466
661
2021
786
585
1851
2392
1986
87
2217
525
2240
1788
2472
1712
633
1007
1451
1984
2424
1155
230
161
2390
2425
2391
2160
645
271
504
1086
894
2051
518
2082
1715
1552
556
1747
90
1802
1009
377
148
770
2168
1213
1521
1465
1128
1773
1638
2500
1379
621
1850
151
399
23
2467
638
735
904
1743
1727
2091
1391
38
463
2171
1891
6
1834
296
1221
600
1080
308
1667
357
2381
2395
1542
1486
2077
1162
7
1438
2469
1801
490
383
1816
1518
1642
1711
674
434
142
1592
2326
817
258
1351
933
429
1282
1199
2350
1061
157
1005
545
1076
2072
1265
567
2354
388
1856
2108
31
1970
2218
2465
1488
899
1869
2265
942
2075
1895
1220
1070
1378
1898
2271
1668
709
1925
2470
1437
1630
2454
1184
140
2067
1096
603
494
1565
1605
506
2290
1786
1870
1105
1606
1509
32
1823
1124
683
2183
1303
85
1671
2166
2278
2330
1117
874
1268
244
1511
2336
948
2025
1981
278
412
1240
509
2014
761
1223
1740
1732
2049
4
898
37
2445
206
1330
2238
1622
145
578
2273
552
89
1173
514
1797
779
756
522
1820
939
1976
854
1621
548
1540
2163
593
2387
2106
65
1109
745
580
322
2071
330
305
36
437
636
1766
372
249
1763
1362
2114
980
1139
1705
2139
2229
347
328
1100
1090
2303
1405
2486
2279
884
2146
248
144
1179
2442
2270
1148
1344
131
757
1274
787
1643
1071
2301
444
1653
1829
1067
857
1410
655
1736
963
906
999
516
521
1496
707
114
344
113
1922
2135
332
413
781
39
2380
1721
1998
318
84
236
2369
1614
858
1294
54
299
1160
2093
423
1581
703
2315
1328
52
1570
1462
1531
2096
1611
12
478
503
1908
2293
1889
2081
1460
1064
831
2243
1445
2280
1492
1196
2366
820
1508
1686
223
686
2447
76
1185
811
815
554
711
772
1527
319
2110
959
1407
2437
1762
726
572
736
2058
1040
1500
547
2094
1800
1562
2118
649
1113
581
1297
753
282
336
1409
2120
1560
1372
528
1263
123
450
41
851
1247
864
808
869
1994
1301
673
1395
82
1446
1812
1764
619
1412
1219
458
1326
935
1582
2471
1919
651
635
1992
2156
446
972
1684
679
139
2158
1480
573
1454
1678
136
1181
283
1032
2152
646
871
2179
235
2294
618
343
584
2130
42
531
724
2423
1408
2325
2419
582
929
2258
1470
1584
1398
393
856
1853
2323
2463
1212
1561
2073
2408
909
762
1228
979
685
1186
498
2434
1293
270
1321
763
153
1609
2307
2259
1343
1618
1706
311
33
2109
1360
1921
1230
611
1400
29
2211
204
274
844
1091
1302
156
487
1411
1038
294
380
543
1862
1414
1548
2186
535
1023
1963
2042
2182
1307
273
227
2475
2365
1158
327
2140
813
2312
1197
1317
1456
2061
2439
428
2034
546
932
1315
662
1242
798
1991
879
349
379
492
2404
810
1587
86
316
356
1532
128
80
539
1006
971
475
1670
2205
2113
918
1167
225
2012
1077
508
2153
404
1180
2262
1637
1370
2023
1580
1945
1855
1046
1017
502
1997
610
2017
806
1335
312
1163
668
2020
134
766
354
900
606
1154
1127
589
1049
2458
1043
630
1838
2222
1318
2098
9
1126
1073
1953
2370
1466
1937
2440
1229
1358
713
10
1947
805
743
1424
1461
1951
2117
400
1868
643
688
1858
1499
2351
1319
1035
650
1556
968
476
286
2398
974
1822
2008
177
664
1004
834
228
2461
1742
1234
1718
2329
103
363
607
2060
68
1353
1342
727
862
2230
1275
1672
1216
1469
669
448
1885
1689
1397
48
595
1402
1208
846
1356
2155
565
1765
233
1346
570
94
953
809
1693
1254
280
78
615
1809
1421
2202
1792
721
984
759
2174
1949
2033
473
104
1701
2382
1585
1534
2165
417
1707
1590
1464
350
74
129
563
49
2417
1657
517
1171
1348
1634
614
1685
1665
1209
268
326
696
2128
867
147
1900
2269
1014
1819
72
385
303
1916
309
2255
2085
2331
1101
1479
937
1696
2462
1915
907
186
590
250
2219
1141
738
2498
1093
2482
40
1352
689
1031
16
1312
1546
1051
2274
708
2449
252
1365
262
2210
1568
496
203
1039
1658
1577
1599
1036
1207
1810
1776
524
482
1333
826
1110
943
780
95
2134
2002
915
1818
2143
1025
251
1453
1138
2241
507
1205
993
174
124
2452
1554
970
1075
2204
2015
1846
2200
497
1277
2371
956
1859
1713
1771
1030
2422
594
472
500
1345
1660
2356
1659
2401
2427
706
2084
112
295
1288
1392
671
2296
255
1156
1015
261
1549
424
1376
905
2386
2260
2352
300
64
1528
1973
1950
927
2004
976
1347
2054
1296
2411
2087
634
217
2495
302
2052
210
769
188
951
2491
586
722
821
62
1537
2299
1741
1123
100
2145
216
592
1253
2489
2490
2115
596
229
2215
438
2234
2468
1535
1495
1153
1082
2127
519
13
238
718
1512
461
2074
1576
2209
1865
2053
2485
1151
2497
1716
1519
130
529
785
654
853
2090
2349
1579
1072
564
2190
430
2426
2484
627
1635
2345
1024
2306
1012
1717
2079
2359
1649
2456
2478
1011
493
1523
1757
1224
290
849
1681
1827
760
1567
1016
969
381
1669
2428
1192
2444
1845
1183
1503
587
1236
2169
833
1118
1485
1135
568
61
1008
1610
1053
1795
1074
804
725
1468
1972
1980
182
1231
193
1974
2487
2455
2481
741
2235
1102
1923
505
2317
526
1794
1746
2480
2159
2436
1906
2066
950
416
1066
597
1252
2267
173
301
127
819
2285
1420
267
1098
1603
436
460
2272
2157
1989
1961
720
1472
919
269
571
1218
624
823
536
2438
534
2126
120
2039
1423
2142
1226
1841
677
2405
729
945
723
1964
1904
209
560
2006
776
2062
1936
1174
192
2198
663
964
212
1134
1504
881
1050
240
73
1506
452
1539
764
167
1675
1914
242
150
178
1569
2322
784
1490
2357
901
346
1737
457
1092
1833
793
1270
2355
1682
1190
1720
53
1147
1902
1954
181
1843
1175
2253
1543
1033
1632
2207
1780
550
218
1593
1777
1444
1430
878
2483
2362
1431
544
1704
1626
940
2283
1751
1999
1924
642
2078
2431
1280
351
733
2388
1334
66
1057
97
1214
313
1401
1959
1735
2057
2295
2050
456
1085
1062
2377
2195
1300
2335
952
198
365
28
647
195
2477
362
672
2479
1002
414
121
18
1790
1839
1434
768
2095
1428
542
2197
2221
1866
1387
949
2320
1663
2176
2421
1874
168
773
2430
1793
632
2237
2347
977
965
1389
2180
2213
1361
1844
801
187
747
1836
1837
2147
2032
667
1237
2376
557
2282
2318
2103
1413
468
43
1892
1311
1217
620
2379
2201
1116
2247
2412
1917
1287
855
966
1359
1250
710
2101
2277
245
955
2
1530
2137
1699
803
2138
1617
1882
1940
491
2047
1608
947
2246
1336
1625
847
2000
2254
1677
1639
859
1415
200
164
510
2332
1516
378
287
1149
105
284
2250
1564
1390
1354
961
91
876
46
325
1079
440
477
800
108
954
1059
81
111
1571
684
2407
392
1279
512
2216
1292
1831
2364
1772
2112
1661
425
860
739
602
989
2038
1633
1613
2133
1471
1422
265
616
2184
648
740
599
1045
30
695
896
523
454
2319
26
2384
2304
982
1750
828
1191
511
908
333
1260
1761
2228
1557
1514
1329
1266
604
263
224
537
700
2191
1813
802
1284
1373
51
1286
483
2040
382
891
985
125
835
1
1088
307
361
914
2367
975
1483
234
1106
996
1847
1967
189
197
629
591
863
1331
2343
5
887
816
913
1120
119
1848
997
1960
102
2460
1129
2409
464
892
2337
1807
1394
409
1324
1047
893
2433
1602
1380
1222
1899
692
1304
1295
443
1325
1272
2199
426
559
449
395
1538
