1370
1600
145
1234
1043
2156
1107
2140
2169
1497
2206
1182
1982
2002
1261
668
208
1761
280
2445
1272
734
1721
257
801
1071
872
441
1788
2074
599
733
1672
1268
1232
2062
174
1801
2204
176
1035
798
1693
784
1913
2343
717
2106
1334
1989
432
184
1385
2203
2131
332
652
1198
2030
743
1287
1981
783
2345
1461
985
625
1387
2280
365
519
2217
2022
2194
80
28
426
1638
1341
825
706
2428
244
1185
1636
702
2418
1152
71
400
1090
1938
424
1175
1642
2011
688
1975
221
366
1217
736
2416
813
893
46
823
1136
1147
865
761
1777
233
547
2470
491
1416
83
1323
1544
323
456
223
2205
1902
1910
1420
295
1202
1258
1060
1621
1527
1447
284
2288
561
2373
1676
2164
987
23
490
2388
2218
1126
1471
1776
253
2377
526
2219
2201
1294
1577
864
1816
249
2457
1403
1783
275
82
1362
87
1923
271
2481
488
216
1941
922
1255
774
1406
1960
541
955
1821
421
2193
8
333
1489
1731
447
2317
1418
37
1500
2323
1201
871
2422
929
584
826
772
29
1320
14
1559
1985
16
379
821
1326
1631
2396
1440
2401
1049
683
975
1317
1962
52
1468
276
1133
1594
292
886
1578
2051
707
834
1587
2461
2091
811
2232
516
718
1024
1122
909
1515
1704
2160
2383
697
1428
2379
419
2207
1793
1143
1
537
194
850
2010
1100
286
3
1374
2064
2216
2032
762
261
303
2080
171
2155
304
1425
2058
1599
345
528
2260
63
1000
1569
1814
2460
2244
1538
1495
1083
2037
2449
1450
380
376
637
468
2060
935
2290
1970
2489
1607
1972
716
1604
1004
2041
2456
1384
919
2173
759
61
696
2013
1164
708
2040
521
623
1572
445
1671
735
467
1277
394
1786
1707
830
769
1762
1695
81
2113
1046
1340
666
1336
506
1246
739
2018
192
347
1169
58
2308
335
1269
162
1945
882
1349
1822
1628
861
1273
417
2339
483
2229
10
351
503
1893
1501
1318
1738
1796
2225
1702
1817
1622
1714
1932
204
607
2237
1045
790
1911
1431
321
143
1688
2376
1897
788
520
1128
1915
277
804
219
2356
1379
1181
1601
1955
939
2480
403
2132
1148
2378
1021
1087
224
1172
930
53
451
1775
100
1920
324
1051
792
140
300
457
1719
1940
30
1331
2286
1928
1167
565
1641
640
1869
430
1282
104
605
337
2180
1081
1838
1605
2147
2369
264
1288
945
1999
928
1063
2142
218
1319
1297
2063
1973
448
1612
1298
1852
157
2083
1669
398
1853
1513
2476
179
1206
1394
1833
510
1299
1735
482
2134
731
839
550
328
2191
658
1278
109
551
240
91
793
1930
2261
2159
496
1154
2315
1630
1275
15
1844
1979
1811
2054
2403
2405
2364
2431
2487
1764
2264
62
1922
1539
1556
1988
937
1339
70
1891
1038
807
645
1541
649
1032
1509
449
228
389
2500
966
148
2172
207
2107
1134
2319
287
1135
117
894
1239
2007
812
357
1165
1289
169
338
94
1260
1526
7
2183
112
2250
1378
932
1435
2116
1315
1424
2472
341
1097
1805
1846
544
230
68
1477
1927
2453
806
1692
390
1058
327
1436
1144
362
1675
724
1563
499
2068
2368
232
1130
2309
933
294
2462
364
669
1996
518
1616
2429
1417
595
1216
612
1873
949
1106
1959
2087
1706
1399
674
258
638
619
1861
586
414
368
2269
1646
1102
1784
1459
1540
522
2220
2304
661
298
2303
924
2066
231
2283
1008
2168
560
675
1984
2012
505
2363
946
1815
785
2477
744
746
1606
188
1377
213
1746
2381
308
782
1916
1404
1696
1548
1640
704
1561
874
2305
1263
234
1280
1835
2348
1210
270
42
701
2365
377
969
2374
1250
1485
2417
1614
1306
610
1823
411
885
487
1344
119
1293
1194
1926
1782
1921
1859
1117
1876
1566
1723
585
1850
1830
2190
2003
1507
2256
1516
1486
1335
961
2055
214
187
186
260
272
1199
1878
2330
1849
1519
2196
1019
1249
470
866
671
1184
215
1766
75
1325
440
1858
293
2450
2122
2291
2112
1121
568
1551
355
2138
1494
822
2241
1223
642
1650
1635
1687
620
2387
49
1305
1213
1229
175
1419
1711
809
1193
450
1025
1522
504
2226
851
1042
2210
673
1322
2484
508
1608
2375
2014
1949
845
934
557
1826
1072
1332
900
2021
1734
33
1722
1937
1610
899
2145
1680
50
1310
1251
703
2253
705
1314
1207
1740
239
1961
1994
2213
947
1855
657
1080
2433
906
480
2070
1402
405
1713
598
107
1520
1395
1189
2195
154
1316
1093
1490
458
1934
1466
1422
41
1660
1983
1142
1312
200
146
141
1965
2050
1908
999
1567
543
1118
2089
64
741
2469
471
1211
2352
747
1967
2175
246
976
2179
2009
2109
2235
1523
493
1744
1558
663
129
1580
502
1491
1550
2292
2000
2123
268
1479
388
2296
1832
515
816
682
1647
318
1438
2270
273
1176
1892
2103
31
1819
884
1697
979
1736
938
1909
1506
1192
2342
150
693
56
2341
2404
206
1161
2184
393
1510
177
1423
1266
582
990
497
1839
636
2442
672
1609
1543
2355
878
1123
1533
266
1629
2444
1643
2192
1224
1066
1875
1929
1511
1831
1574
1898
646
1432
2447
2008
1834
2493
869
1041
829
1529
1845
1096
1132
1291
79
2096
418
1512
1180
78
281
653
764
860
2338
953
1389
1401
1968
1872
1664
1208
118
1017
2163
1584
310
1469
1002
76
402
1531
2005
1295
1547
1760
74
2437
217
1765
1465
984
1338
1463
982
1400
309
1708
656
369
1772
664
1665
1874
2215
1842
1748
1871
2067
1618
1183
278
1997
2243
1171
1120
340
361
2144
2436
422
1446
1987
1789
2212
594
512
2300
226
1011
1993
98
2202
2272
1879
2143
1730
837
1031
1537
2268
910
958
1301
944
77
650
2200
1518
198
2473
996
767
452
805
1634
529
314
1553
2329
1632
604
1502
2448
455
1654
342
978
2227
786
765
711
2350
349
1131
2468
1864
618
530
2371
577
1252
2045
1684
2287
433
876
252
152
1703
1006
2120
1492
1700
1343
833
1219
2486
397
609
1645
897
378
311
2049
1166
2199
694
2247
686
1274
383
2221
1033
1398
980
1705
754
279
1797
1062
1214
715
2266
725
1825
1824
1756
1257
1170
1484
1191
289
1726
794
556
2267
581
1639
2446
601
1903
2409
2153
858
2354
629
1415
2432
460
2336
2312
267
1907
1848
2048
1145
927
824
1751
1836
677
1369
2197
136
1524
1900
1528
2174
2100
567
660
2302
453
2452
2331
1729
229
1256
358
1029
1763
1570
2385
713
481
20
617
514
1243
1433
69
844
2128
1044
334
1099
1279
662
2298
1073
1371
256
2389
2115
838
943
2289
407
2248
1946
923
1380
485
2474
25
1496
2093
11
1843
247
1880
1360
2150
1905
93
352
1376
1545
1747
1055
2367
156
1499
167
139
940
191
843
371
2187
392
641
854
1542
714
391
248
648
322
429
495
2434
728
721
852
1047
1352
1030
1036
562
1771
302
2466
1827
857
1028
1652
602
121
1410
36
1079
181
2360
2282
1525
2189
1094
795
2490
201
1699
954
614
2182
986
2285
539
1792
1228
2125
1963
634
2133
2130
84
778
2420
1856
720
2110
1082
709
803
285
316
269
1795
815
1329
1445
1483
381
1998
2311
730
1863
1591
1084
1535
2306
205
1070
101
1236
574
2108
558
1218
124
1865
513
484
2485
32
1674
2053
2362
350
2188
2139
1598
1514
416
1593
1088
1057
2271
555
2370
1579
1101
1627
616
1480
2252
210
2046
751
2391
105
66
659
756
1971
1115
740
1780
1818
469
255
835
1348
1103
1173
1333
410
251
1667
243
2334
1773
1014
796
2029
1439
1804
2117
1177
2019
1677
2158
1597
1662
613
576
4
814
573
535
678
38
587
1104
1683
1407
681
2349
1470
819
1383
1750
2274
1976
895
921
1327
2407
931
828
888
1767
1837
2038
1077
306
382
123
18
1800
1095
330
1725
147
993
1382
2483
2105
282
1449
1595
97
1768
1712
868
2281
1151
428
1568
1679
588
1452
2152
727
1914
356
1460
1160
1473
44
442
1127
1059
952
1112
680
1233
73
1001
1022
853
1054
2421
891
203
2167
1617
296
343
95
1588
1755
1285
120
1828
2126
667
941
2098
737
1109
1901
1571
624
2346
193
126
2088
2162
1078
2136
434
2061
2412
435
2230
1467
1936
1139
1690
227
1954
262
2234
461
832
86
165
2239
413
173
195
1887
593
2233
2316
2257
2398
1555
797
974
863
99
840
545
665
1350
639
2224
981
600
959
386
444
1475
1313
1758
1727
1267
1005
965
1366
211
1659
2027
760
466
2006
2095
2399
531
2327
1330
1355
2497
1393
1803
1040
723
1238
841
2047
250
1397
319
901
1368
1113
320
1709
849
164
2479
1689
1125
554
1862
621
2322
808
331
22
1958
2492
1715
1386
163
1791
2085
2245
1663
1105
566
1482
1003
1668
168
2459
911
571
1457
1067
875
1770
758
479
1931
1980
1759
968
2279
1444
1408
2094
2276
54
1798
862
2410
1757
114
2424
1890
1244
1321
2482
926
1933
65
622
85
1658
2017
2419
896
1454
1018
1271
1554
1157
770
17
1742
1745
2078
1388
1412
2406
732
719
2324
1391
2214
2251
1453
1442
1421
439
2293
777
977
956
1718
462
436
2478
2097
1381
478
753
2092
1651
971
2157
603
180
2119
1356
1247
2223
40
437
768
1390
2081
951
1754
635
1226
133
679
1935
1188
1375
2326
738
1111
2357
1953
2494
1678
1186
879
2265
1119
963
1434
423
1530
307
1221
1653
1441
1448
912
1283
1009
2057
115
1868
1546
2451
948
1778
1354
589
1075
235
1925
523
1265
2238
498
2259
890
1262
907
1809
336
1110
2284
1847
883
904
1505
1521
992
757
1437
1919
2039
182
96
1225
2380
1203
301
55
2328
2471
689
1108
415
26
608
2425
1220
631
1253
2020
836
1140
274
2148
563
2090
1503
1235
936
2277
655
1560
676
2016
651
1086
902
1346
475
1992
1698
745
2320
2076
464
1309
1427
989
887
2124
1069
1867
967
859
1414
2001
1899
881
1866
291
2177
870
2166
1205
1685
2499
1716
916
1883
960
1149
1156
1888
1474
699
1259
1741
1245
103
172
190
2464
1912
2118
51
553
1056
2034
19
385
1359
1493
1644
24
2414
1637
856
591
592
973
2430
1411
950
57
1328
2372
1290
997
2301
1222
548
2361
817
1585
43
1248
2318
409
1749
1264
776
1581
1917
1682
1053
1358
2015
1743
2043
60
387
1633
373
2154
1807
344
2397
1686
1694
313
1956
1347
1851
2273
1476
540
1504
1230
1977
1944
315
2208
363
1626
779
9
517
2042
220
846
2004
1582
1589
212
957
1212
2295
1409
67
477
2465
983
1881
917
1611
2246
408
2347
1808
242
1995
1227
789
1015
2254
2079
185
1013
2228
1276
2236
509
1426
1302
128
299
209
569
1841
1478
399
2127
1739
1969
354
1363
2455
2161
1178
781
1114
2382
1488
372
1141
726
111
2052
1649
1623
241
1661
2496
606
2186
511
2023
1010
259
880
420
1948
494
404
1455
1481
2411
353
914
1197
290
810
892
2072
1037
710
1870
474
1517
116
102
288
1162
962
1779
2171
1619
1753
1802
384
1039
1534
90
1372
59
245
1943
1732
360
1195
2026
1168
632
1896
1200
151
1942
1583
766
2393
1307
1281
722
238
1048
532
2111
1564
137
1720
254
690
325
1806
2135
1603
2149
2141
748
1615
2400
2263
161
196
1752
317
572
153
848
1882
908
122
110
346
633
2121
1590
1137
446
2475
771
1924
2137
842
1012
1657
1576
1155
1840
1854
2458
2084
773
500
1187
1179
431
905
72
1562
1300
628
2211
197
1052
35
1666
2454
166
942
1089
818
1351
1153
2359
1951
1681
2242
1304
2307
1894
2384
1487
1231
1656
1016
2146
1190
2439
627
2178
536
2413
39
2104
749
1966
2392
1034
1196
48
564
1324
524
1254
755
2069
2258
158
1886
2275
2463
1820
2170
375
130
590
2332
1906
2033
492
465
2491
142
2435
920
1573
1364
1085
644
2353
1613
2438
538
1068
507
2075
1877
1337
578
5
1724
527
144
729
972
1027
2495
1986
108
1430
1596
2321
1405
1242
454
847
2059
2036
155
370
2025
2498
2426
1092
994
1365
1974
1458
1237
1050
489
2427
1303
138
1794
918
820
1904
339
580
1991
534
1158
2071
691
1064
2044
222
1536
1625
135
131
1292
1020
189
542
1737
159
401
1860
1957
913
712
1978
877
2056
113
685
1774
2299
1124
1655
2488
2325
1884
1098
1990
2028
533
1602
970
964
13
995
1549
1813
473
1939
170
2344
160
1532
1701
263
1885
1116
2335
643
1648
127
1361
1129
700
695
2402
2101
1443
312
12
575
1829
831
476
2340
2394
988
647
873
750
1429
1163
2176
998
1673
583
2386
791
1286
2337
329
348
27
297
2114
1710
2441
1947
1367
1159
501
2031
1717
2231
597
2151
559
2082
2240
88
1952
1296
463
283
202
596
2423
1138
2185
1812
6
425
225
1209
1342
1769
1728
2
1592
2209
2198
2390
125
1508
2255
1810
1464
106
867
2408
1353
1311
1456
1345
1462
236
2181
326
2440
2395
2278
45
800
472
2313
1964
1026
178
2102
654
687
237
1552
2358
395
1413
1785
2086
742
1691
1918
2099
670
1857
1091
698
92
134
2222
2249
486
2467
1357
1472
1061
2297
359
1950
1575
2333
199
1586
2129
438
855
1557
903
1498
1799
1670
1174
265
2294
1204
1270
799
626
459
2035
775
1146
427
1074
611
889
1396
2077
2165
780
692
827
1565
991
2366
1624
1076
1889
802
525
1150
1007
1240
1215
2415
406
2351
1451
2314
149
34
412
570
579
47
367
2073
552
915
763
787
615
898
684
443
1781
374
183
1308
925
1733
1065
549
1241
1284
21
1373
2262
2310
1895
2065
396
1790
2443
752
1023
1787
1620
630
2024
132
1392
546
89
