446
185
85
493
357
2494
766
1112
777
702
650
1606
1182
938
1539
504
794
147
1846
2081
2414
1394
549
1074
2073
2121
1840
1934
1124
1282
1695
172
152
134
1852
1928
1667
1308
104
2486
111
1243
464
2192
271
701
2353
1548
2141
1371
1798
1119
2150
273
1109
2061
1814
1677
976
2166
479
909
2491
974
1443
135
943
866
832
425
2439
858
1101
892
1837
583
2391
2155
1328
810
1518
1496
3
1038
845
259
1561
1541
688
2380
1525
2202
276
1621
1028
1265
1210
1716
1949
617
878
2449
2085
118
330
178
55
432
1696
2478
1639
1977
1227
491
2474
1992
1206
2112
536
54
1171
575
1678
1110
1641
574
1403
1033
53
149
2296
1246
818
1419
423
608
1417
1988
2059
836
2
1744
841
985
1439
284
2312
1248
1917
594
2094
1756
2103
28
1626
1629
550
1941
1352
206
2370
850
2154
910
2162
419
1578
2029
1508
1086
367
1329
1378
1937
390
1866
717
1284
1440
725
664
614
837
472
1219
1127
1920
2246
2430
1898
967
663
1644
2123
859
696
1035
931
797
1959
855
1150
1099
402
95
1346
1912
1516
523
933
483
2063
2323
1121
578
1115
405
825
1958
1375
678
1694
993
191
1205
350
518
1921
1104
1878
1803
532
2366
1125
1387
2111
918
1661
1598
47
1670
792
397
83
1313
1612
1049
21
2078
620
874
98
535
427
1267
256
1397
653
1316
1729
2152
1963
416
764
267
1685
2409
189
1077
460
2224
1026
2065
170
1003
1373
2367
1478
674
249
70
1596
2368
1220
490
461
959
738
2002
839
1018
2013
43
242
1012
1533
582
9
2298
1775
1073
731
2156
382
272
25
1932
1768
2305
304
770
212
2119
988
2359
1356
282
600
2091
1591
2432
774
1255
1315
1829
1293
1197
2299
2463
1188
2084
1057
248
1071
787
1795
2028
1931
865
1474
1166
963
1847
505
2294
1555
1540
752
454
261
2365
10
981
1291
2182
2393
173
587
2262
1607
1480
1501
2358
1344
880
1576
2372
2304
2045
306
1245
790
1204
2399
1748
424
683
1586
942
238
193
378
151
2170
966
2436
239
1079
1974
2411
2181
1568
2480
840
1839
607
1429
565
393
1273
1396
1306
2268
1154
2347
1579
1727
1304
503
389
265
2040
1083
2221
1470
697
973
219
186
447
1914
1683
1594
2148
1605
861
1030
968
960
1530
2142
1907
551
584
231
1193
1702
329
2117
1312
1886
759
1268
1595
636
1637
2444
775
708
1504
203
1365
1360
1836
2340
128
781
1040
714
398
843
1093
921
1651
459
388
689
1172
2062
2003
226
373
88
2226
161
820
456
1601
1048
1235
2070
1770
2369
1956
1925
1908
1037
612
987
826
2424
2493
2378
544
510
1690
2395
38
1142
1761
57
527
91
1407
1041
1141
2382
655
1100
45
2379
1979
1871
2337
1327
621
136
2056
2288
2093
807
1628
1945
227
2019
925
1544
1453
29
1249
1713
2448
1715
1428
605
1672
1473
1374
2345
2197
1123
524
1156
930
562
1536
812
572
2301
2036
2373
783
2057
1742
414
2343
499
1940
2131
2421
946
403
554
1497
332
913
1167
2328
1408
2030
340
412
2433
856
937
197
2095
1068
1198
1915
977
2484
654
1256
1730
2194
174
1114
2090
1097
739
1144
522
324
480
2106
2457
301
680
893
7
370
1337
2485
635
898
948
563
1545
1572
2300
709
1636
1741
757
2248
830
208
1990
1858
1874
443
2308
2376
1296
546
1725
1693
1822
2377
71
1642
1618
2240
2124
331
355
679
2302
1885
881
705
2487
598
778
2067
2048
1648
1999
1008
994
1853
1892
625
2014
882
1709
508
175
2277
159
2456
139
634
1679
1232
309
641
1442
1582
1632
279
2362
2177
1138
120
1796
557
78
2050
1890
354
1910
945
2466
2255
971
569
547
1739
1554
1855
813
602
1441
2352
2396
2473
1069
2116
1767
280
2001
1623
1585
1254
2290
857
2066
2195
828
2199
322
51
2055
114
65
1165
1000
2122
2105
1600
1372
2309
2458
2406
192
232
934
2325
1492
223
643
1050
1223
1221
1570
1413
1468
1529
318
380
1740
1909
408
453
1841
2338
1933
121
854
215
920
868
1547
1753
321
168
2127
290
1906
254
1362
1218
1897
1072
782
1765
1965
2260
2445
166
758
2018
501
2034
426
982
1195
1521
533
1451
2043
1546
1029
1573
50
449
2227
291
2144
1720
2101
1052
872
1137
188
753
474
2475
2080
619
1318
2271
923
597
230
1673
346
1338
334
399
2283
1771
48
348
1056
1714
1393
769
1831
2208
1060
1317
2184
1507
1766
1368
1418
1532
2261
1692
1688
1310
1718
1216
400
52
2339
949
616
422
2039
1131
438
1873
1517
1656
1103
1614
1735
107
2068
1818
2107
1010
234
1186
269
1063
1399
1509
980
623
2064
2054
848
264
691
2232
735
2437
885
374
1904
891
451
428
729
258
618
1305
1183
732
2341
1884
1788
445
1887
588
2467
1446
748
404
1550
990
669
2236
1778
2327
1325
317
1345
1861
1286
719
667
1734
2349
2171
440
1624
2079
15
63
434
811
157
439
69
704
58
1916
1946
1494
476
2263
395
2331
1757
1763
347
49
115
791
632
169
1283
44
138
229
1089
1787
2496
1237
2167
1883
1747
1147
2097
1411
478
1953
1813
1096
1881
2083
2047
1515
411
1824
1335
2488
1390
901
1300
1599
1379
1014
1962
2452
211
1326
2330
1758
1324
106
485
396
1024
1490
1619
2032
75
835
954
1527
1769
150
243
1489
585
1422
325
537
2360
2168
1456
773
311
1107
906
364
805
661
1271
926
37
599
1701
1659
1023
984
1686
640
1215
298
11
1785
698
1059
2115
2007
589
1019
144
288
270
851
32
789
639
263
631
1213
1646
96
1859
2006
929
2209
84
93
1228
915
911
1359
2441
2442
1230
613
2173
1192
703
894
2383
1126
2219
1281
603
552
2082
1948
711
2241
1609
970
2483
1960
1464
722
1581
2322
908
2235
2191
1
2386
1292
41
198
1731
2060
1015
31
1957
606
368
953
877
853
1369
1794
1842
529
2266
1092
899
819
849
2089
260
2388
799
429
1253
2422
1542
2075
1098
1239
961
687
1207
706
566
744
1964
1177
539
2133
452
2220
371
1902
417
1663
450
611
1938
2310
1764
2172
187
788
255
1566
274
1176
2490
392
112
1178
2447
1355
983
2035
351
1782
1020
2335
1833
2348
80
1888
250
2257
61
1484
962
1435
320
638
1431
1169
1475
2389
1051
2010
1745
2238
2267
515
1869
1162
1699
1968
601
1159
2016
1047
1247
1860
1341
2291
2100
1152
124
1044
140
2178
2088
1723
1301
1016
1971
2292
372
1488
462
736
1027
1036
1224
1774
1631
2024
1385
1662
224
570
935
1557
1148
888
1196
713
489
285
137
1954
628
251
1589
534
772
1821
1459
1543
648
995
1556
2096
131
1211
105
1793
1085
1986
1947
2021
46
470
1724
1349
1743
1298
596
1799
1627
1191
1574
1676
101
1046
577
5
520
2222
2336
540
2408
670
1180
275
2151
955
1080
1410
1563
822
1045
1726
1261
2027
2342
313
1935
1983
289
526
431
2462
897
1179
1754
867
1491
890
1017
1139
548
1118
831
1511
728
1604
287
1943
1903
1289
1208
12
969
127
2455
89
2157
335
210
1900
349
2404
1791
1802
1299
1926
1851
323
444
1998
141
1834
1486
1653
2381
2446
337
1021
163
2492
13
216
2253
286
932
730
466
1088
68
1039
34
99
35
1066
2252
541
205
315
487
1535
2295
92
268
1347
1134
863
2435
2281
1549
213
642
509
145
2427
463
1985
814
1229
277
1307
1482
964
1927
979
875
369
2250
1707
1981
1891
1331
2196
1391
2069
1081
1263
997
517
900
808
1351
2140
1875
1415
2405
314
2183
233
2239
1666
1334
1075
592
2020
2234
521
672
319
410
2004
359
2247
2273
221
2443
473
409
2371
1493
1357
590
344
1350
2102
1444
1189
720
23
1386
975
1634
2426
991
978
817
381
1302
1993
1939
1857
2461
1783
2233
2265
62
2129
455
2351
94
1870
1199
1503
2243
821
2008
1899
77
2147
343
1706
1400
1136
2149
1593
76
375
576
1106
2201
2244
1728
155
1469
1462
677
2022
2134
27
435
793
824
471
864
336
556
448
2137
1580
1343
326
1689
1809
2363
2185
829
656
2005
660
568
1376
1865
1827
2356
1984
1804
293
1485
2415
117
2384
1918
2392
2460
767
64
2498
1406
1163
1512
1257
1976
1697
1654
1260
1649
72
2499
496
2471
928
786
383
1668
1832
1384
741
715
196
1214
637
2153
241
477
1336
1800
1320
312
1781
1854
1722
785
1681
1342
1175
998
629
2098
2468
1879
586
834
1082
1251
66
1091
1043
1588
2169
1025
1348
564
1423
20
420
2278
2497
852
1560
160
2397
2258
2072
1270
2011
658
1562
195
723
2163
1438
1738
2306
1087
2428
1737
2188
73
1872
609
604
2179
1951
130
827
905
1184
4
1848
2139
1817
1297
1905
615
142
1377
627
2204
495
1877
1366
2225
2242
579
2251
2136
2086
754
2307
1311
2044
281
951
2354
531
1479
2033
342
153
895
2418
626
257
200
745
1160
1762
1655
1936
1398
1815
245
1750
1437
1826
1064
1913
467
652
847
846
924
1405
1238
2231
1930
1868
645
1426
1382
733
1505
278
904
2489
871
796
1635
19
2053
441
622
1565
1698
1816
1448
376
690
1095
1864
1078
2390
1277
2453
2402
1412
2407
559
1358
475
1911
716
1465
2145
1309
1434
2413
2110
2128
183
1314
252
922
333
2270
110
561
1013
1427
916
415
2175
1991
262
24
247
1322
657
1395
726
297
1812
2332
469
1333
1022
2051
2211
341
2176
1436
316
2420
798
1070
1416
886
1424
2431
109
511
365
2451
2324
1161
1433
2319
1752
1682
1590
1522
1830
2237
1477
1571
1487
755
1896
944
1652
2313
1031
1950
1732
1471
86
519
482
2200
1820
17
379
352
2077
2274
1401
1919
1234
123
1773
502
116
1552
1687
59
1584
2213
1461
1924
1354
1173
1258
1287
2058
1528
2477
1153
2321
1128
1691
823
624
2287
202
307
228
879
167
1514
699
2469
1856
1987
1559
1592
308
328
362
1620
724
1005
2419
100
525
1053
1704
394
1157
300
2212
1819
1705
2087
740
1534
214
1498
2285
67
1414
1447
2132
6
90
2205
2118
2318
79
1483
1611
1746
1276
776
718
1955
190
784
860
236
939
1828
1202
1129
1895
1808
1510
999
2186
1538
1564
2198
761
1790
558
74
2465
1090
750
2401
327
1058
2120
30
488
2052
2015
498
1567
936
1146
2303
1531
283
800
630
2346
686
883
497
1084
2297
1076
707
668
870
838
1425
1252
1583
721
1381
1602
1421
2482
2434
876
1942
310
1133
437
950
1463
771
1472
162
1630
1889
2333
2031
2159
1168
1102
803
801
2350
1145
430
2272
2046
2387
553
1094
1610
1233
220
1500
1067
591
651
1789
2189
1420
2108
500
1502
2394
1575
2164
1784
1062
2495
1777
595
2500
143
60
1242
644
2326
1996
2249
1323
1449
581
2317
681
1108
941
2009
1149
543
958
2138
1460
996
1797
1537
1432
2206
693
484
2264
2017
1553
1923
305
1882
1972
2165
1616
1751
1660
957
673
1117
2187
1597
180
1980
1155
1272
743
1664
296
1143
1279
2329
2275
887
1294
649
2417
292
1285
176
666
1961
2074
158
1367
1524
2000
16
1876
1241
1130
1577
1615
844
1065
2315
737
1201
1264
695
2454
360
303
1863
2412
1838
338
237
989
1055
356
1675
2126
710
1617
802
458
694
809
1717
2410
2210
862
567
756
1445
1640
113
2385
815
1645
682
1880
146
1266
353
765
1054
2425
2279
816
1995
1250
1657
122
779
2114
1194
917
103
1340
1212
391
1792
1383
299
182
1849
102
1295
914
385
377
1835
1929
896
1240
2440
513
2125
2364
538
40
1622
363
1901
685
1665
1004
1736
2311
780
1811
1669
940
1633
2190
204
2099
1274
1671
1810
1001
302
2481
1780
1922
1658
1466
902
2459
1361
1952
18
442
1164
2361
675
2026
207
1303
2113
2012
1006
1643
684
1111
358
1203
1569
253
1844
514
1185
560
407
1684
1551
2037
1760
492
2042
727
2472
555
1402
413
2280
1613
2025
2375
194
1558
2355
2207
2038
749
156
418
1174
516
2161
806
1625
1452
1034
2217
1708
294
1132
2429
1994
225
1867
1759
1217
2357
1755
1481
119
433
486
244
972
1209
1967
1674
986
1944
2041
1523
1187
2216
2403
2180
768
1650
1262
1319
1002
965
512
507
2284
2259
126
2450
2223
1190
1843
132
1825
530
1973
33
39
665
1200
1805
1703
646
1225
171
1244
2245
217
222
22
2104
164
2344
2174
1495
2289
1158
633
1733
1969
1807
177
795
1061
108
1275
1236
2228
148
494
804
1269
165
1380
2109
1997
1321
2203
1587
384
1970
2464
662
1608
1467
1978
2218
842
56
2076
1982
1647
2320
884
1749
1332
1801
542
927
1845
1454
1894
1850
1457
87
1392
387
2423
1122
1893
1170
1430
692
751
2293
366
179
1330
125
2282
1680
2470
2316
1339
506
1231
1513
2476
1721
2160
1409
1450
903
763
659
1181
2230
235
1711
2158
2334
81
2049
181
1042
1519
42
26
571
481
2314
1526
760
1364
1278
956
2130
82
2479
154
339
1135
246
1520
2092
406
1007
712
1226
1363
386
734
1280
1476
647
361
1455
1120
2398
952
2400
2416
1712
1458
700
2193
2135
528
2374
1823
1259
762
240
2229
833
1862
266
97
889
1966
209
1151
1772
610
14
907
1032
1011
1603
295
1506
421
2143
2276
1700
1290
8
1288
201
468
1116
457
1806
1975
747
436
218
2023
1989
2438
676
919
1779
1776
2256
746
1786
2269
1370
2146
133
1719
671
465
2215
1389
1638
36
199
2071
1404
1140
2254
1388
184
545
912
2286
873
129
1499
1009
401
1113
2214
1710
947
1222
742
593
573
345
580
1105
1353
992
