427
2246
1404
479
1460
2033
107
1761
1016
1147
1745
2309
1770
2133
663
1684
1106
2053
2328
1303
2052
2187
1717
2075
1533
1937
1077
2351
310
582
246
1948
277
473
1810
2324
146
82
2201
1891
113
2016
2223
454
799
381
112
2249
2007
1456
1242
2403
2141
2110
1944
1951
1236
1140
1565
291
1223
1954
210
1848
1253
719
829
996
503
1584
51
798
951
817
2139
958
2487
110
1700
424
2409
2144
1961
1880
481
851
386
1346
1484
1402
709
2423
96
1005
5
1536
791
1440
467
2477
1623
1653
2490
536
1067
2452
2068
738
1064
1344
345
2389
1521
936
271
1711
1986
1529
439
1901
402
431
814
699
7
2185
1065
1535
1563
458
167
18
327
595
76
2315
1307
602
2470
1159
2488
1834
852
285
725
800
1369
1635
2459
2438
117
1025
2369
335
1735
1470
1823
1188
41
449
984
1774
336
1108
703
1476
685
166
2467
2013
457
1157
1861
406
447
507
2486
858
2431
1989
1321
574
373
1048
2072
915
2259
2262
724
2317
755
721
17
2039
2148
1027
92
170
2211
485
1184
1363
1852
299
1877
1030
2493
1099
297
1269
1751
2243
186
276
255
448
2207
1268
1317
2457
127
2198
979
2021
956
827
2089
1217
2494
1601
1557
325
2325
1811
2165
604
1258
19
2496
328
2404
1289
109
1628
13
1984
1670
2274
1592
540
771
778
930
11
1959
970
24
2301
2375
1645
98
382
2170
1790
279
1167
673
1886
1570
2215
654
1189
169
1991
1279
605
2076
1910
2218
1992
728
551
2136
2307
959
1503
2131
385
1742
2446
1838
1322
519
446
1360
1832
506
2331
1486
1086
1209
278
1254
782
1514
1032
717
898
412
1753
1198
1331
14
872
1267
2354
671
1127
108
995
1493
1039
2334
1508
275
1177
938
2176
9
1121
1037
1306
1042
1881
901
729
823
1234
857
2081
1114
2150
2169
31
2436
482
2449
2014
219
573
1681
818
189
2484
1375
2285
395
1286
150
450
2410
749
52
1510
1539
213
859
1972
2384
183
509
1352
1230
2326
1187
490
2422
1288
231
1325
2038
1619
1191
2455
2417
1185
558
593
1658
2121
1280
470
972
1702
1657
597
1978
1668
1695
1222
876
1481
1446
2330
1622
950
48
1326
1018
994
702
1228
1235
1519
679
2175
2476
20
515
580
780
831
2113
174
1408
617
1384
32
2092
2283
95
115
2448
2145
2471
1479
1805
1649
954
1548
456
77
1911
91
2082
533
2280
1113
1291
103
1249
624
2231
1879
209
1107
1516
407
2106
1888
394
610
1118
2284
2142
1930
1382
1545
1950
665
1582
1368
1941
2116
399
926
81
1709
2472
1420
2339
203
441
1044
54
1506
1908
1073
2029
1952
1851
2358
1218
928
975
171
2483
498
2101
1606
2495
1180
1778
1799
1439
1736
2210
941
308
775
280
1284
16
294
283
1714
2348
223
1980
177
1602
1285
2273
1607
1219
539
1895
1501
73
129
1377
1143
1290
233
820
252
1780
659
1332
2464
1119
1499
1406
2287
1576
1003
71
845
126
1617
656
947
2318
1134
1094
267
952
1069
1201
1195
2263
362
1310
1237
542
320
691
909
1673
1202
176
508
50
1940
2349
522
1283
1471
400
786
904
788
1966
559
2028
2271
1906
2377
2233
2114
1378
793
1610
326
1922
541
1207
2062
1733
2219
1689
636
920
1373
1655
2342
733
2298
557
917
769
1634
767
2338
248
2155
2367
860
1347
489
1466
476
609
1647
1839
1725
1021
932
1153
2214
1409
40
1900
2186
693
1685
1425
1192
1342
2137
1089
1200
2108
1931
368
1849
66
2099
1323
1552
1164
1365
496
526
2140
1768
1644
1874
2277
513
1424
835
698
940
1081
2109
808
1068
1875
1061
763
315
570
2479
653
1096
1567
2272
1884
969
429
2216
349
1024
978
1327
2022
2235
1403
1231
151
2051
1371
1608
2432
686
1715
561
913
135
935
132
1045
1947
2115
756
1612
2450
339
1596
1731
863
1232
2278
1247
1642
99
1907
1585
577
2057
2030
2399
1889
518
2067
977
1912
795
1448
152
145
67
4
1004
25
866
681
713
739
1355
2247
1495
695
1963
461
387
1468
524
453
237
1301
1632
1771
1485
870
2402
1137
1716
1248
626
1166
1708
1053
2276
364
1022
1571
319
220
672
1629
116
790
64
2415
156
2012
896
337
1183
906
2250
1315
2174
2458
434
1362
2303
2373
2171
824
1797
2295
1599
1572
389
1031
983
802
2154
1302
1276
196
1381
608
244
1679
2469
886
56
1787
916
1172
2256
1813
1800
330
419
90
839
2363
1943
1333
501
2129
853
1489
1080
1270
697
1396
1229
887
216
2463
1038
2451
1238
538
1423
1522
1817
865
224
1843
1625
298
228
735
2421
1942
1257
234
272
1919
30
1020
2290
2200
2132
2095
1556
944
1651
138
1239
555
1282
1117
2112
2044
1071
227
1809
2001
1732
1224
253
1520
425
623
517
144
2499
58
668
2239
43
1872
925
124
357
1962
1033
388
2234
1123
1853
2266
356
821
173
2027
1007
2352
487
1226
101
1825
1429
348
262
1349
1784
646
1145
1336
471
2261
1075
964
884
100
1141
2097
2010
1667
1793
1008
1724
1935
530
1758
206
492
900
700
2437
1538
1304
360
1579
614
1726
1006
2103
149
1162
2378
622
2323
2405
2316
1597
2178
1561
1830
641
2397
352
1019
1549
1497
240
1407
1598
1624
1847
690
1781
282
1273
37
813
2412
1857
881
2060
1694
2181
567
1454
1513
2047
862
2151
1146
1085
1088
1918
2253
1319
1794
2104
1173
1604
1101
175
1558
136
1072
1574
97
188
1109
208
2364
317
581
712
847
1492
287
396
2225
1401
2002
1957
660
1542
1110
1152
511
1411
621
1894
55
2241
212
1844
2124
871
1836
1540
1452
908
706
534
1905
1477
411
946
1148
1244
2117
505
737
2040
1626
1171
179
313
1320
1801
537
1058
1762
1356
2003
1960
1990
1428
1125
2401
57
46
2346
2370
1583
1233
2226
2221
148
2439
922
722
1017
2372
2149
2098
718
1878
8
1641
1376
1271
1547
215
1785
247
465
987
1920
2299
332
607
168
163
2371
714
338
414
1537
550
796
716
1526
1345
804
141
1400
1473
2282
957
2333
662
1945
2427
1820
232
514
1210
401
664
1550
903
565
1893
1012
2413
625
934
1436
1987
1128
1430
1197
433
742
516
1103
1747
72
1220
2380
1079
1442
340
1560
892
333
993
53
918
1199
1196
172
1728
1659
568
1182
2220
644
2267
1664
899
1414
2321
632
2158
616
142
578
1767
1993
2379
1431
549
1350
584
1850
1691
792
28
1457
603
1001
1496
525
849
1490
688
1525
805
2172
986
29
830
1712
834
1161
2055
1636
1739
2056
588
667
1719
1463
1013
1812
1461
855
102
1976
1178
1543
2202
2361
1949
1393
2350
257
1818
1782
86
842
1523
1212
2107
1909
783
1808
2199
806
1932
591
1674
303
2018
1754
70
1792
1102
914
2205
331
563
290
1
868
1451
2031
776
2416
15
683
1876
200
261
1788
302
1422
478
1697
134
351
2011
547
2157
378
214
2065
1662
1722
640
2244
1413
1398
960
1165
2386
627
469
104
631
1837
201
157
1640
1968
1772
1410
1873
204
1462
596
230
1095
500
187
44
1186
1034
2071
1205
1312
2293
560
346
2164
1082
773
125
1996
1871
502
1277
2004
809
1870
1334
981
1339
2454
843
2034
897
684
2162
2480
2126
1372
2500
1530
84
258
432
2376
1474
2069
694
1973
797
1654
1259
1070
2347
1650
850
1946
1009
794
2023
245
480
1380
1822
1862
1730
1092
1723
1193
376
2279
1755
628
1341
2182
2061
2085
948
415
571
366
2238
611
1266
2297
1206
2320
1392
1985
757
730
652
1672
2026
1453
2125
105
594
1465
2424
1696
1179
569
751
2357
2314
585
2213
1554
2456
1135
293
1046
1015
1846
1105
1913
615
929
1757
1532
720
1926
2420
1524
1359
1364
1892
2227
704
1035
375
1814
194
1854
2058
1417
60
1807
572
491
1831
1885
2043
413
493
38
238
575
1505
1748
494
630
2481
1562
428
1631
410
437
745
1858
118
2468
1840
1956
1305
528
535
236
1299
638
106
2453
707
1603
923
374
967
2209
314
2368
2049
1729
1835
942
2400
564
1898
1763
2079
296
634
556
426
2264
1447
2345
676
2460
1897
2063
1458
2020
1938
894
1979
2392
1518
620
1287
1358
583
2080
598
1052
1043
1482
342
1859
1163
2195
1677
1076
2152
94
1150
1609
2478
554
1357
1967
42
1328
2359
910
488
59
999
343
180
543
1278
274
1214
2374
692
666
2310
1433
133
1300
825
2406
2184
423
1914
785
2017
811
1394
1243
832
2190
1618
1981
1564
1688
1746
1855
787
1804
774
1939
770
1324
1036
867
307
1738
1663
819
2167
2419
2163
311
1798
408
1660
1241
390
284
633
1701
2319
1390
1773
182
1475
1821
384
1613
1675
264
131
1149
369
2306
1916
2070
205
949
810
731
1741
254
306
1348
207
444
965
1133
198
2156
589
1600
197
1713
486
1132
1255
1129
963
837
919
2258
363
2059
1100
1265
1630
2130
2177
3
2433
1720
2222
2135
1829
1131
912
2313
1512
1953
1491
1903
2407
590
1740
2127
833
281
1544
1488
2037
217
2343
1749
1899
1845
316
864
1399
760
1483
974
1589
2197
1215
2019
365
235
869
2242
1786
1826
140
111
815
1120
2461
162
1311
723
1441
165
1379
380
1338
1882
510
1385
921
1534
1084
1777
1923
1833
83
452
2000
26
678
873
639
612
1130
2428
459
1671
998
1710
1863
2288
1904
1010
158
759
1057
1883
79
1803
816
1652
2035
740
649
743
2036
164
1313
1434
1964
2183
1974
455
2248
1842
1656
587
2230
239
1245
997
779
854
1055
1575
504
1329
532
1366
1927
2355
599
1614
765
160
1816
1066
350
178
2353
1083
263
2418
2383
883
2204
305
22
727
1869
1415
2153
1174
1921
953
1933
2094
2191
2444
154
1367
1779
497
586
1014
2462
2308
669
1806
675
1504
888
1432
69
2100
2475
874
2281
2382
973
747
2078
2122
65
1971
49
1308
1444
250
988
1169
256
259
2128
87
701
635
2360
1586
2366
2066
2120
1395
1541
1136
807
1389
754
1678
1011
1841
130
1062
2434
1449
826
1581
566
2
1093
1551
1026
1890
1158
529
2025
370
1274
1397
347
2445
1699
1122
562
2395
1795
2291
1246
992
1500
1316
123
1737
2435
781
1343
1588
1727
372
2336
1227
750
1391
1293
1627
75
689
601
1750
312
1997
199
463
1643
323
1297
35
1502
629
1988
23
680
468
1151
218
1421
877
2396
670
477
2042
1443
1718
1692
856
1698
483
512
225
2134
304
762
2212
1240
2096
2255
2006
155
2077
592
643
191
418
1766
2086
2008
442
927
2232
828
474
2398
1593
1155
1511
6
523
976
242
416
531
1405
398
1796
1868
546
2329
1115
1982
1002
1314
2160
251
801
74
1260
2009
527
1051
1208
1616
2087
295
2260
642
193
78
861
552
1487
1517
2173
143
772
1865
1480
1577
1703
1824
289
520
445
2196
893
682
21
2236
344
1620
606
2473
1176
2208
1078
2024
687
2090
982
1509
249
161
710
619
1527
1464
355
421
472
2228
318
1743
269
466
1637
1074
1752
2489
1866
1225
1721
726
61
1281
2292
1573
122
891
88
836
1666
1706
1925
2340
744
2224
715
1221
1478
379
1353
2269
1112
1040
301
211
924
1047
1569
1995
882
2391
1426
1023
2046
2111
784
1856
1351
1531
1144
1318
1216
2005
1111
1251
1309
68
397
2385
184
1693
2430
1437
1734
1063
1156
1029
2192
1427
241
2394
1275
392
2311
1759
2286
1661
1097
768
405
34
890
2265
2440
39
1292
1665
1126
1087
334
2143
1388
2229
1469
2270
962
1418
1190
1204
2179
1994
1639
548
12
300
939
1361
1252
711
1587
1928
159
2426
579
2411
1669
2251
777
1983
1756
377
460
1680
114
1924
353
991
708
438
1638
2015
1704
2193
1412
341
1041
321
1568
422
2084
752
650
1383
2045
2312
1335
1958
885
2180
2093
1091
931
2447
2497
45
618
1783
443
1494
1555
968
1828
1705
1467
2240
1416
980
430
1250
2322
1775
2337
990
1203
33
1139
451
1262
1553
1181
748
185
1683
1000
2381
2344
1707
329
1455
403
2388
1528
2217
1687
63
435
2252
880
1815
80
1340
2414
2365
1633
2296
746
260
121
1580
1965
2387
2390
1860
1676
521
2466
1450
2161
1170
945
2119
309
2341
2159
2304
1605
2254
943
2073
2465
732
354
1194
1789
2189
1998
322
989
1386
1337
119
736
655
789
637
1646
2485
1934
1970
1049
576
1929
1566
812
677
2442
1098
1472
1124
2408
1059
495
420
985
1264
937
613
1263
2048
2305
933
2491
202
2091
47
2118
2050
907
1764
971
764
895
1515
705
462
1902
2054
2474
93
1765
367
286
361
1387
1591
2300
1142
464
1791
2123
1999
2356
2482
1595
2146
2257
1272
1330
2237
195
1867
440
2041
1050
1559
153
10
2102
27
822
2275
553
761
1211
1975
265
137
2425
2138
221
2147
192
1294
1611
753
383
1054
139
2362
1138
1435
266
1744
288
1682
658
2302
758
1256
1776
1915
409
1116
2194
2168
1802
911
2289
734
2498
674
1168
905
2206
840
545
36
2492
1154
2064
2332
1864
846
1374
878
147
645
85
1104
222
371
404
1056
661
966
2335
600
657
741
648
1648
2443
391
2166
1261
1621
128
696
1298
1887
1060
2088
544
1936
2105
2393
484
1977
2188
1175
1160
1419
1827
1354
1370
324
243
62
2074
2429
1615
2294
1090
1445
841
181
190
2268
1690
1769
393
1594
844
1819
2245
1296
2441
2032
436
1459
1590
766
2327
1546
2203
268
273
848
475
902
1295
1213
292
838
1686
875
229
1028
226
879
651
120
89
889
417
1917
358
961
1955
647
1498
955
270
359
1507
1896
803
1760
1969
1438
499
2083
