611
2471
2459
2402
934
1386
2447
291
1062
1863
471
545
1013
1647
1373
223
113
203
145
1974
559
981
45
786
2047
2152
998
1714
1212
1489
163
2202
2257
155
434
2358
1096
2308
1703
741
724
1055
1410
1760
2010
1204
672
1061
1092
1948
1132
1182
1648
1553
1665
2124
429
2003
1748
12
462
1692
2074
502
905
2385
690
854
1309
979
1423
2088
1147
2110
1596
1739
166
1688
2137
343
830
1713
310
2104
1009
1444
2023
1589
1918
543
1715
2372
767
1599
180
1730
1477
1568
1871
821
2387
849
1415
450
560
902
645
1976
1935
1883
911
1791
590
1265
2131
589
241
1747
1544
2162
2009
1011
1892
1751
1977
791
1207
2332
1496
1654
316
1710
761
602
2384
1947
871
1427
1702
414
2030
551
175
1171
571
1260
605
1077
2310
2316
521
2325
785
1645
93
1103
2043
759
1280
2442
535
394
970
408
2363
358
319
1864
1856
1669
1186
246
1201
386
956
1504
609
2205
2263
1024
1782
1666
1684
1399
1141
1143
2053
683
797
2404
2278
2403
726
514
1562
1726
2499
1801
96
196
994
1954
170
831
528
305
992
807
41
1819
504
2374
2192
1556
388
2182
827
1971
1145
558
1844
523
2004
1808
1744
2340
482
2287
1156
384
2186
1875
1558
939
1579
1176
576
594
1789
15
1753
673
79
1114
1825
1511
65
1638
1774
278
1725
834
464
2336
2078
2350
2434
2491
377
1134
403
1644
593
164
1216
910
1324
1608
2285
1939
2319
2252
587
1258
465
1915
1463
2315
553
1414
133
2273
1779
884
639
469
186
1878
97
839
1597
2189
2429
1691
1990
1706
157
843
520
473
1318
1978
1030
232
660
1778
1495
350
1116
382
136
407
1607
773
1442
91
396
1873
772
159
236
941
219
2391
1075
1058
1228
1480
1085
1882
989
2195
751
479
1080
573
2082
1834
1337
1370
1235
1036
176
601
1066
256
1975
1792
293
2418
1960
1382
1323
818
2480
1933
1074
1959
1131
1877
367
489
2265
596
2276
735
887
896
1580
446
345
693
258
1956
311
83
517
1112
811
2190
1045
68
419
77
513
2056
138
1667
2355
2485
1273
1419
2143
706
2176
2266
1905
1985
1951
1126
875
1038
1986
1953
397
853
2328
228
1821
904
2443
766
1876
974
1106
1532
1988
348
2269
2167
1552
183
1548
1853
449
1912
405
1729
2436
1303
862
1076
1670
1358
868
1721
1961
1282
1885
2122
1827
1831
1111
2231
1388
1484
432
718
1968
712
2497
1942
2069
1904
1232
470
1994
1174
778
1627
61
540
2127
2255
568
373
493
1485
666
1319
1657
993
1123
1773
906
204
1256
352
2040
26
996
837
958
641
1438
1158
371
579
1750
368
1793
670
1775
439
1899
1467
1040
501
351
1334
668
1159
1917
1295
346
742
1527
960
984
320
1119
729
897
1803
2228
1818
272
376
1015
499
681
1416
1516
1903
987
1347
1794
1993
1322
1336
715
2240
1907
2295
131
336
708
2406
1765
92
1523
1823
16
197
2237
903
1488
437
1248
2019
1264
30
566
1385
1321
1451
307
1234
2329
2181
64
2283
588
1149
532
2061
1023
1069
2084
1051
480
835
1470
508
2235
1561
963
428
1946
461
1276
1769
959
1754
647
554
1940
402
274
1379
909
991
563
42
1928
864
185
474
1888
1772
404
2029
2282
273
239
2294
177
1483
600
961
1672
1957
2253
2220
2444
53
339
2059
1010
2268
385
2425
2178
1292
572
503
836
468
721
1524
13
1722
2055
2337
2248
161
1150
1566
125
2183
1031
2107
2342
409
850
220
620
1088
472
928
2291
340
796
199
1277
1695
160
2465
859
2099
764
1348
972
466
410
1426
1881
975
2359
826
743
375
110
584
810
661
2247
1057
1081
1898
1481
953
1411
1437
2008
69
1606
486
539
1121
2126
451
1658
847
1482
1217
2322
2067
2213
257
2376
1699
1776
1395
313
1291
2022
178
1026
2339
270
1108
776
324
1542
1522
1625
1930
2249
1858
2092
1268
2146
417
2180
1809
1263
1799
945
187
781
1519
2321
569
194
1188
610
1615
597
547
2119
423
1071
2469
1577
213
1279
1350
2432
1107
395
2400
174
485
1689
2487
2413
1190
101
1413
127
304
2170
1594
1583
2238
1180
1307
458
2435
1137
2281
1999
2482
24
2419
364
954
1828
2101
1094
1454
1840
675
516
2093
1387
431
802
813
2150
846
1969
800
2007
702
75
234
1429
9
112
1551
2153
1255
1518
1005
447
1813
1430
2193
757
1039
29
209
365
190
279
1814
1226
1043
1317
507
1233
1662
1151
2070
1446
1727
38
298
1897
1041
1165
398
362
2201
1465
1911
363
251
1378
1650
1693
2089
2083
968
400
948
169
1048
354
1851
341
824
1560
1237
1363
302
1169
2426
2397
636
2344
2111
933
542
218
1618
653
1052
697
2462
1674
1697
1869
1447
552
691
1250
444
2448
1494
1998
1213
608
1675
238
1261
2333
1701
1661
224
1086
2118
17
1067
378
285
995
964
1238
1091
1343
2060
85
634
325
137
82
90
2411
758
1530
43
280
2500
2206
2474
1352
2323
1139
146
55
1439
1997
1880
1810
2175
526
1938
1635
885
2460
1098
925
86
923
615
1862
635
1313
1575
2302
2051
680
1655
1567
1538
717
329
969
1346
530
39
2075
1434
740
1218
2038
1540
1745
2018
1846
2026
1531
2032
1034
519
2343
420
1083
120
1194
1816
2341
1406
1788
1704
37
1397
937
1328
268
1497
1623
709
736
2405
1017
1308
527
1331
2103
207
1549
1505
2216
2371
1507
1200
858
1471
1824
962
2476
2134
455
1508
642
2232
1443
1269
1153
1440
2229
1605
217
1847
2484
1807
1545
546
2260
524
769
1514
1374
654
930
1436
2389
823
484
2327
1441
2293
848
1767
35
2223
1099
1225
812
1724
1339
2422
1590
1660
578
2236
103
1490
755
919
260
1059
2209
676
182
2408
582
66
1219
1503
2456
787
2154
2173
277
669
2301
460
202
882
770
1682
2431
1392
467
1246
1115
838
300
1868
412
2020
1736
918
1845
1162
777
719
477
1628
2438
1249
1738
1728
1574
1164
2108
932
624
1183
214
531
2218
845
1003
1643
312
985
1166
452
271
2378
1916
1366
1155
481
1783
618
422
832
1835
762
997
1913
844
1312
1639
295
413
1329
438
2142
604
1206
292
191
1764
655
1247
614
1785
2198
262
1822
265
2
722
2320
506
2292
2179
1274
297
625
162
1211
749
1457
512
2045
912
2361
1290
2338
2139
1025
1573
699
1417
613
1019
1113
2467
1926
2025
561
114
2073
1338
1001
978
2398
574
1168
84
288
1852
1065
2490
1734
1353
281
876
1082
1817
102
804
1696
626
685
105
1559
215
335
1743
840
1014
1850
1478
424
353
2128
1832
2458
1520
1600
1408
2478
1251
80
2362
774
775
1836
27
555
2412
1539
2262
2468
976
695
1837
1193
1581
1525
856
2357
1609
1154
538
2457
2486
189
738
1843
1571
2121
1587
1316
1170
2324
240
606
2353
1056
2077
1510
2466
1629
36
914
1804
152
1513
463
2230
1367
1815
2396
1711
1354
1752
1241
2245
565
216
11
332
1870
51
1275
652
344
421
2125
889
2017
723
577
88
674
583
1393
294
1049
621
1838
2105
696
2304
2130
1012
878
2212
612
2267
1227
2091
632
2087
1100
860
808
2246
2048
306
1630
1565
2080
1459
1302
765
1401
326
627
411
2440
1285
173
1723
58
629
1886
1448
595
1591
2401
1965
816
117
908
1811
1283
1222
1037
2138
2348
2168
967
2464
1768
124
100
2064
2049
888
1642
899
1741
1839
1231
990
1179
1320
2112
1272
890
237
148
1047
1262
2270
2011
1068
689
104
1707
637
317
1130
857
1455
165
1795
2312
2068
212
946
2016
2006
1555
1563
1020
650
665
2296
1306
2423
631
109
253
1428
980
130
806
1943
2145
798
1435
2204
529
210
106
1534
2164
1952
921
1718
1771
2161
983
2364
370
1230
1372
1466
1859
1281
1802
2409
917
1361
2420
418
366
556
119
1521
1526
1653
617
2477
1300
865
2199
2286
78
179
1214
87
282
158
929
1576
1790
1311
1651
814
1078
1983
200
2472
1737
2066
2368
2383
2044
1244
1453
2013
2481
1184
1787
1646
142
1007
1973
2370
2226
944
867
1288
1192
585
1493
1229
1006
2071
1236
841
252
883
1536
1992
2369
877
2454
1160
2234
509
898
1604
441
2388
2256
1384
1199
2155
2417
1270
1420
1340
2470
1806
76
795
2365
1582
1157
861
1109
1502
2221
1584
598
950
229
2208
139
2225
490
222
591
525
2203
2076
1365
1079
99
206
498
829
1506
195
1700
488
1090
171
1135
750
267
2421
705
107
143
1664
1287
381
95
1498
205
1656
303
2149
900
318
1866
2306
1053
342
2258
1375
1987
1205
1330
2100
2000
1632
2184
1901
1215
505
842
687
1178
1620
1932
1173
1286
154
988
1355
40
1762
2015
2410
1029
2311
874
184
140
828
2303
575
2027
2424
2096
338
1841
231
44
2305
1070
2439
1412
510
1368
8
2065
115
433
2414
2123
430
1148
1617
1777
2307
60
7
815
664
931
734
2489
1900
880
147
2390
1830
387
2244
1759
704
1403
227
651
1172
2430
1486
640
22
235
1501
2147
2187
1138
2483
1195
725
1133
893
2169
2035
2106
1671
2222
537
2196
1922
892
1432
309
372
936
2120
1678
1032
1022
622
739
541
18
23
290
1690
2116
1849
2151
2318
1962
426
2233
360
1341
1175
337
745
1966
1610
2264
242
1716
1972
1500
649
355
380
771
2492
1984
1861
863
1266
973
1203
657
2215
249
801
2054
49
1967
151
851
2299
1425
754
1491
701
14
59
1259
809
2407
737
1492
121
1369
2366
487
1418
1120
1991
633
2156
1252
922
2114
2102
1018
1612
1927
1533
2347
1064
1198
168
2227
2386
1919
144
1499
1046
760
1982
522
221
1122
1621
733
287
2427
2277
2050
1289
2036
1097
1624
111
1089
128
1054
2309
711
1136
393
1668
255
1719
619
491
1344
833
1995
1981
2159
299
2034
1479
2289
698
167
1087
1633
1595
1592
1950
819
1970
2331
1895
1293
289
62
628
495
1874
323
1245
2461
1634
2211
2345
301
1889
374
2446
1191
1299
1084
1517
2380
314
445
1002
2495
747
1512
211
2057
1867
1456
2335
1554
1614
379
1626
1146
1445
383
2219
2166
2356
1931
132
2242
263
971
2001
1854
1770
52
926
1980
957
89
322
483
1105
284
794
1380
792
315
1035
684
2428
436
1310
915
2171
2297
2046
1731
334
1797
98
2259
1586
1129
1405
308
1996
679
1909
2498
952
1351
557
920
1210
2326
623
805
2433
1209
2191
1364
753
728
580
2144
1758
935
748
1220
2488
192
2416
46
1335
2496
122
1855
2317
1515
25
2351
321
1224
2133
1
788
713
1297
789
1142
1720
825
172
2373
1676
1127
1223
1679
2157
638
599
1095
1733
1631
1944
1848
401
1537
283
1000
2098
678
1619
4
2445
1893
1528
1763
2441
1572
2300
250
1712
1327
2379
879
1613
1578
2079
2031
2261
1732
1472
562
1421
2275
1240
233
448
756
28
643
478
1325
1383
1254
427
977
2279
1680
927
198
1371
2254
19
1740
1468
2085
1708
150
32
1073
156
1185
1929
1060
2094
1177
644
1314
1189
2141
1945
1298
259
1360
2037
1663
548
1004
123
2115
2290
70
243
475
2072
1602
1093
201
1402
1937
1452
347
2197
296
496
515
497
656
5
1424
1487
1208
1543
1902
1433
1396
2241
1906
1296
193
261
1431
1357
330
662
1896
694
264
1979
1735
1784
1705
677
349
869
1008
129
2041
752
33
714
1294
1550
1117
852
276
1766
134
2463
550
2392
2381
2028
1910
855
1717
2393
1694
2113
799
586
2453
1698
2415
2174
81
1964
2024
1196
1144
1685
2346
94
1949
2021
1872
181
1781
476
630
1461
135
536
50
1820
999
663
226
2063
1879
2354
1920
907
1557
1161
1381
1332
1833
225
357
116
1271
245
2271
1709
399
1342
1755
435
938
1016
2058
1315
440
1686
2148
1450
1391
1033
1611
56
54
2455
820
48
895
73
1449
494
1167
784
603
1124
581
1028
2200
1118
703
1304
1356
500
727
763
817
333
2288
2494
1891
2451
188
1044
891
924
1601
2140
518
1687
2039
1826
72
1923
442
2014
881
328
1462
247
1305
1585
391
74
965
564
1616
1541
1253
716
10
1163
1460
1474
492
2349
248
2188
1326
269
456
1042
1865
2377
2158
1473
2117
1637
1887
230
126
2005
1649
1152
1409
2217
940
511
2135
1407
646
2284
790
1072
2012
567
671
1535
1202
2394
1102
1842
34
2062
951
459
47
2042
783
570
2097
1812
1181
1242
710
454
1746
1050
916
822
118
616
1546
1677
1398
369
1924
544
1221
873
1359
1400
208
803
982
2274
2194
2172
1925
1761
2177
1187
1101
648
592
1376
1934
1603
949
149
1464
1936
1570
779
1673
2382
1140
1284
1349
2239
457
1683
793
2330
2375
1958
1800
686
2360
63
732
1063
1640
2395
2033
707
659
1890
1278
2095
744
2165
780
31
1027
2214
2450
870
2224
425
1128
2399
71
153
947
1267
942
406
1796
901
2160
286
2243
453
1475
3
1786
913
1564
700
534
1857
1908
1749
108
1641
389
886
866
1110
1239
1469
1963
1921
730
1681
1390
607
692
20
1104
1404
331
2132
67
2136
1422
2313
2493
1742
327
943
1547
720
2314
2352
1588
356
533
1860
1345
746
682
1257
2272
1021
2473
266
361
2090
966
1914
955
1757
731
688
1125
1301
1529
2475
416
141
1829
2086
359
6
2185
894
1476
1509
443
986
2052
392
1377
1333
390
2479
2210
1458
872
2437
1652
1884
1636
1756
1941
1243
2449
782
2109
1598
1780
667
2280
1622
57
1989
2129
1894
1659
1569
2002
2163
1955
2298
768
2081
658
275
2367
2334
1394
1798
1197
2251
244
415
1805
2207
2452
21
2250
1389
1362
549
254
