745
1230
1097
1627
1983
749
1031
1665
1033
2210
1405
2015
675
800
2310
2157
1196
2483
1967
552
1205
1112
511
780
2138
83
2309
892
989
1288
1654
601
1516
2182
2322
669
559
2344
1090
106
383
1150
363
1046
1201
867
744
976
1208
2251
1968
666
73
28
2215
876
1491
2213
2055
1571
678
130
2420
1096
2300
1484
308
952
1728
1382
1170
385
2038
2063
336
319
1856
677
2239
84
2338
1791
1139
2484
2419
2049
379
212
122
2196
1760
908
854
1267
873
348
1924
1183
2208
764
2017
595
1763
2391
1508
1981
1070
2152
2306
1242
1448
1899
1087
2372
1951
714
1912
1560
538
2290
914
2478
810
698
1702
1781
1175
2370
859
1798
25
49
1005
683
649
258
1062
697
626
553
2307
101
2470
1203
1949
1177
1860
2465
1271
1247
1579
1758
1803
1989
144
450
195
2387
1430
1113
1157
1575
1673
1383
472
1651
725
956
1965
2376
103
414
372
1486
2148
2112
954
628
1767
390
1628
462
1444
1284
1668
2467
778
306
2423
1440
496
1014
1476
483
1875
1359
127
2032
594
1490
340
635
1903
1808
1574
1902
1092
981
1722
1252
1953
734
1892
425
2388
1894
1649
765
1809
945
82
1074
1214
1109
1227
1045
485
204
2241
571
664
809
1327
1503
1396
1804
112
1527
1417
2045
613
176
373
294
2296
802
196
1475
1590
1866
2046
117
1858
1297
2351
68
527
750
625
795
98
794
1077
1695
1210
1298
324
1975
2083
622
218
1637
1146
1729
849
1304
1752
1273
1192
1460
2430
90
1507
1443
2163
871
2004
878
318
1601
655
1347
1093
361
2424
2440
1211
898
380
1102
1653
557
2176
1847
826
1129
1012
2100
1094
771
1946
639
2500
445
1498
150
863
1249
1891
1078
1151
194
46
358
2113
1877
209
1787
1869
643
1310
305
2159
1374
1316
709
1584
508
2403
1546
1358
544
523
1291
237
236
1156
1659
364
1494
1721
1674
54
1533
1218
2367
1442
2187
922
1502
903
2304
1772
88
1173
506
1531
676
1244
1771
2319
2379
1299
770
1510
1879
2354
151
2433
820
1934
2110
1412
1871
850
115
853
891
2343
1213
295
1296
868
1006
1492
2168
1812
94
711
959
910
724
957
819
356
99
787
993
1806
2002
566
2154
1320
1933
2432
1085
558
2125
766
181
9
1497
486
2052
1819
887
1100
848
2073
1489
1024
2333
717
1354
456
183
647
2087
1222
1904
1120
2410
1330
1198
1530
1988
16
1389
188
2185
2284
70
1319
214
784
2144
398
2143
1422
1905
827
1438
685
1740
2116
1397
932
95
693
646
1603
1717
1540
1893
1106
276
1710
2270
1915
1534
1992
2172
264
2406
2252
2263
1428
1075
1466
1123
866
1124
2394
1002
524
1334
1511
671
1277
1361
1629
2203
2165
1724
1101
1395
2336
225
59
2199
2317
1366
2299
1133
2360
838
35
2057
273
341
1384
344
1153
1526
1200
1671
368
491
1433
2426
565
1900
2427
1086
992
265
189
1375
1301
1801
1221
1343
2001
1082
416
2283
2266
317
1225
2238
1111
1007
1162
1952
2124
606
1928
1732
1312
1828
939
1187
1616
2402
1816
767
1008
730
247
2123
1136
1872
2356
2136
1777
2031
1311
829
259
1432
1565
769
1420
192
547
1209
2389
346
2345
1057
460
1704
2369
674
1789
2181
2206
2318
1373
2348
1937
2428
313
1604
279
1128
2193
1495
1351
1572
1217
617
1126
39
1982
184
389
1280
659
600
393
162
442
1363
690
1017
64
1611
1308
85
2072
1857
1224
1883
875
1015
938
1058
975
729
574
753
2189
824
2445
378
966
1970
971
1517
1909
18
1978
1541
2044
1935
2493
1573
1751
1278
731
2209
2077
579
924
1720
2178
104
2153
597
1588
1179
1202
100
2101
1167
2366
1050
2315
1041
522
217
455
1184
238
2475
1733
1896
964
245
394
923
852
909
2029
1927
2061
593
1776
719
1032
228
1633
2021
2146
1882
918
1683
1706
772
1488
392
1630
1026
556
739
1542
2128
1793
1174
1868
1959
269
475
1833
1842
2479
1276
2346
1478
453
1914
1019
1718
1783
1885
584
1281
1286
1287
1352
267
382
1687
257
1520
519
1855
1788
1264
1229
1423
1636
1906
2287
375
686
268
1642
1333
163
1193
1429
1206
471
883
855
7
980
1870
2337
79
912
1368
48
1238
1419
2150
136
1693
2455
219
146
2353
159
1233
2161
2218
1482
1118
1845
972
896
651
2005
2256
27
1682
983
2358
2068
1832
1786
1663
419
1950
352
244
1861
927
2043
1487
1595
1691
1738
2217
1185
1775
1130
1635
355
464
1103
700
2174
198
1394
2054
575
2137
2390
843
97
1650
459
786
120
2158
193
940
1199
1338
1391
107
400
2331
1973
1446
111
1326
500
1932
2160
210
353
1755
2222
1178
1472
634
746
1479
330
1064
1524
2298
406
1814
1995
1652
576
1923
260
12
37
1606
611
124
1148
1142
2371
1844
1483
1253
1147
726
757
2274
610
1591
63
2071
253
1631
1262
1004
830
2132
2092
19
2036
2224
653
1797
2271
645
2461
154
862
882
1469
1552
131
2396
1461
2380
1676
1132
1169
1539
403
1873
2408
733
2056
911
736
1911
775
2089
1176
326
408
275
465
250
785
430
2109
1664
1852
454
941
31
1080
1504
1926
2417
619
1578
2464
170
2442
894
737
1837
2400
410
1180
2328
407
1766
872
302
703
2024
1413
654
668
1918
716
2114
322
231
1694
2489
2407
478
1131
1154
2463
996
1984
1258
439
1315
988
2444
1043
1522
2347
1773
1850
2443
1660
1719
1099
2244
2267
1641
879
907
1960
1568
399
1548
791
2397
2088
1477
1001
10
2006
109
1451
1876
1406
1190
2179
435
858
211
1424
704
448
967
1519
418
34
570
1027
591
1454
1822
1241
2362
970
297
551
2439
1236
1039
1372
2135
1762
1140
314
158
788
864
1589
1231
1638
1684
1381
2382
2416
2262
569
1212
2415
869
357
840
2191
2035
227
249
761
2468
1698
2155
1821
2075
1661
1360
935
692
512
480
1248
2320
142
197
359
1851
432
715
243
1796
152
1913
1948
517
255
1583
1030
207
1831
2034
1084
283
224
1699
1329
2413
1105
490
347
175
706
2335
681
143
1675
1727
1824
463
116
1056
1121
119
621
587
2342
1746
1263
904
1619
608
1582
343
1810
2216
974
263
187
402
520
296
1667
1336
640
299
234
1328
1172
2377
446
1155
323
2392
2103
222
949
2151
1450
1805
1345
1598
2254
165
2401
768
138
58
1525
17
208
930
578
1081
1283
2039
814
718
969
2487
1648
1272
963
1545
2386
890
1393
1646
2257
1496
29
2250
1580
1623
1602
1640
514
1622
921
792
149
1399
2121
1171
1188
2064
727
191
1371
339
546
1365
2246
1266
1250
1232
1152
895
1895
2349
825
2000
180
1639
1645
986
2303
1848
2184
1228
1615
2030
2069
145
1757
377
384
1514
2016
477
2079
13
1303
779
1302
1529
1332
427
1656
77
670
568
2223
2340
470
1644
1456
2414
1364
2037
1679
391
2197
1467
943
889
1355
623
488
2060
2225
1827
1864
985
42
2236
2180
1275
696
818
984
1586
1307
661
2117
239
1709
1561
2014
1305
2141
2341
1344
773
2498
1350
2111
2022
132
1294
581
2164
888
281
1066
2040
351
53
1181
2194
1670
1744
246
614
2494
1415
2228
1061
1042
2469
251
2435
1122
1243
254
141
1690
545
492
1925
1551
901
342
134
1380
69
648
3
44
2025
1576
81
812
167
309
1088
2323
2090
509
2227
2097
1168
60
2308
498
536
2436
604
973
45
550
1337
1643
1745
1940
1703
1048
994
1990
991
2305
1843
173
841
2350
278
164
26
2384
1778
1838
223
2243
1853
57
1051
1452
1407
2013
113
1730
751
213
815
743
797
76
1455
1091
366
2368
1049
1921
203
1392
1194
605
1936
1686
2272
518
2009
220
1742
2042
156
583
290
2265
1261
823
137
2183
36
900
707
1385
1234
215
1884
1922
2422
1270
2062
1890
837
1731
542
660
1016
2081
1554
582
955
1390
139
919
2202
562
303
1555
1195
126
2007
510
1439
1753
2459
479
93
2098
1785
1585
2099
1556
567
2190
1138
2378
799
906
1689
1009
541
2145
495
1840
1053
329
1991
1465
931
1257
1159
1625
609
1581
47
816
1421
2105
1349
270
735
1712
1207
289
982
43
631
494
2020
1811
1998
1734
2412
1880
1993
240
1143
411
937
2339
1830
1657
2171
663
2220
168
929
24
2058
1513
1553
262
2385
713
1938
885
1215
656
1134
1985
1047
386
1723
555
2026
320
2232
2313
298
702
476
2495
620
1063
376
2277
1245
1784
1386
1662
129
397
502
1820
1979
1976
722
1054
1566
1768
633
2080
2245
1342
961
1137
1426
537
548
806
1071
1458
1593
1116
589
178
1799
482
2253
2177
1945
2273
1621
1
1065
701
793
2373
721
1376
1813
2175
201
662
2033
834
443
1076
563
2162
1901
1434
487
691
856
444
1034
1480
1655
75
413
2363
2352
624
328
2200
387
89
277
2133
434
1747
1268
1916
1035
1060
844
133
1697
2269
521
2431
657
292
1108
615
977
354
533
1282
280
417
1473
1632
2229
1774
2329
78
632
206
1596
1528
2094
616
1618
2118
1862
1908
1025
588
179
2018
2067
1994
1265
2086
2437
851
2374
2050
1191
2147
205
822
1624
925
2139
847
1681
1963
2311
504
1547
1186
381
638
817
6
401
2041
1597
72
564
2364
529
1325
423
2473
1761
732
948
2204
1817
272
1083
776
2107
2321
2481
1240
2383
1125
979
592
2476
2130
312
2237
2102
644
30
1839
1068
590
1999
433
905
2242
307
436
658
2326
2074
1815
316
723
641
2278
1348
451
1164
1447
1306
1972
177
41
2447
71
86
186
252
1418
953
1725
66
1907
335
481
1794
755
1930
1069
1969
2425
1341
1160
2170
362
2156
1512
652
720
1743
2398
1323
1470
857
1377
80
428
431
1713
1445
301
2264
2457
2259
108
2286
2301
1954
665
1449
2166
1135
2405
2048
2446
1149
1095
2381
438
1887
1780
1672
1708
2441
2294
1715
1166
50
1737
1011
1072
62
404
469
1971
23
2409
577
598
1647
525
543
1997
2131
933
2404
1707
2095
2492
412
2205
2106
1614
1362
110
808
1322
2120
1957
169
1536
1680
185
2359
52
2211
828
2497
1462
1592
415
1735
534
951
274
603
978
1759
1279
1067
1251
1204
1518
2085
673
2066
2297
1544
2488
2330
1966
200
1986
783
1346
426
1795
926
2496
741
1557
2480
334
1897
1237
1748
1562
831
466
833
642
1145
370
118
1550
248
687
618
1558
1367
1688
321
1600
2285
1505
1010
1127
877
2460
2452
934
699
2316
2288
1987
528
1956
2292
2499
1939
1705
2312
680
2472
2235
936
612
1835
1931
738
2332
679
241
2076
1692
2355
1411
599
1962
1919
1543
2230
1293
1515
367
2028
2129
1481
1285
586
1256
8
2279
759
1955
337
2458
917
20
1790
2466
2192
515
748
1846
291
1792
2280
345
836
230
684
630
516
2047
585
331
1696
1401
1023
1197
2122
2
1369
2302
1756
629
96
1246
1823
1700
1779
226
807
282
874
694
288
1463
1052
1836
760
1340
801
1269
2173
461
2434
235
1958
636
1059
505
762
1431
395
2474
1509
22
839
457
2078
1749
1711
310
804
501
1535
32
374
87
881
682
2450
1474
1318
1044
2295
781
705
672
790
960
174
1910
140
261
796
14
1141
1977
1321
1182
338
56
886
441
712
2490
1549
832
1117
1313
1521
1917
1357
286
128
190
474
420
897
995
1666
1874
1040
5
304
1144
1414
1980
740
229
1255
1716
1802
315
484
1107
1339
1943
369
1435
2438
2198
539
1158
1770
121
1290
1587
777
607
580
1898
1605
232
870
1115
1886
1610
61
1370
1567
2324
365
2149
1537
350
1165
2226
148
2010
1996
2019
1782
1609
2282
2127
946
1849
560
147
1379
499
1038
40
1471
1163
2395
1018
1701
637
2448
865
1599
1226
1626
2486
92
627
1464
950
1309
1800
2361
688
916
1765
38
1750
1612
421
2429
409
67
2375
860
965
2234
1353
1532
928
458
2491
561
1726
2065
2233
1254
2334
1219
468
752
1079
2255
1216
756
405
650
2258
1501
987
884
913
349
1300
2314
821
1073
958
2053
2142
526
172
105
2140
242
1020
842
880
1410
285
805
2291
2207
803
1457
1223
774
1235
1920
2482
1220
2325
1961
2471
1685
2289
2357
51
2219
1437
1500
1114
2281
311
1459
947
902
332
2276
287
160
2477
962
1403
1000
2008
1854
742
1427
1677
1974
990
689
1402
1944
2249
2126
710
429
440
2293
1569
2212
1441
123
1620
942
21
325
667
893
199
2214
1468
153
452
65
371
1189
55
754
1104
2449
2260
1289
1563
2023
1239
728
999
944
2003
1564
503
2104
763
216
1089
2084
2453
1736
2186
171
74
861
388
327
221
1826
2268
1942
2275
782
1036
1335
573
835
2248
155
1400
182
2027
157
513
2051
1499
360
2167
695
540
2115
2327
2169
2082
1617
2011
1055
2108
899
1037
467
1929
708
602
489
2231
284
1634
1570
531
846
1594
2201
1941
233
449
1314
102
2240
497
811
2418
447
1658
1888
256
1022
125
1825
396
2070
1865
1387
1739
437
1829
1453
300
4
2091
202
1607
1841
572
1947
1834
1863
549
1754
1119
1818
1274
1003
2119
135
1764
1388
1292
789
507
1523
968
1669
1714
1259
1408
293
2399
114
91
1577
1409
2261
493
1029
2454
1416
2093
596
1493
532
1608
1436
1506
2421
920
1859
535
747
2365
2012
1260
845
2059
813
1485
2096
1889
2195
1295
1881
2451
1331
1404
1110
1613
1678
1741
1538
2393
1317
2456
1161
1356
998
33
1867
997
1324
1878
473
1013
1425
2188
2134
1964
1807
422
1398
1028
11
758
554
2485
333
1769
1559
424
530
2221
2411
266
798
2462
15
1378
271
166
161
1098
2247
1021
