2170
552
2364
1152
1838
1486
1071
1145
2234
2310
2337
1234
425
841
216
437
641
807
1925
1908
233
290
1253
2388
1882
765
1215
1371
1411
630
203
1893
1487
1723
102
769
829
1102
2113
1562
1509
1733
1999
920
1867
1684
1030
967
2148
1018
74
708
2022
647
1473
1818
422
309
1389
1913
1624
1073
635
1866
43
1076
859
601
1811
1927
2231
2418
2425
225
320
335
1054
2261
1756
716
2018
361
709
1798
1628
402
104
117
1396
1176
1493
1061
119
1649
2241
738
1724
522
1711
2131
2387
1400
744
1178
1797
1815
1040
380
1737
1644
1741
767
1973
1803
127
2451
2142
1648
849
293
1094
356
828
2324
294
672
2468
323
369
1403
1166
1769
2314
1010
70
2229
1495
1804
2290
1007
11
1508
1095
985
115
550
993
801
917
1593
256
157
507
32
1759
2462
218
2362
1527
1990
766
202
2238
1093
322
1777
376
1865
847
1058
495
1941
791
427
894
1097
1343
2441
181
2500
1218
1861
1172
1948
2107
922
1074
1658
269
568
1363
1375
1196
1976
1825
1856
120
410
2036
579
699
1494
1154
2400
1423
1812
681
1545
1269
809
1175
794
1001
1435
2180
962
1325
931
1236
147
111
1897
2040
485
1896
194
1667
1283
1488
477
736
1261
1344
1601
1763
2471
1414
610
1688
1382
439
494
468
861
36
1945
1427
2313
2140
1970
2472
2159
982
675
1323
2347
1833
2224
878
1447
2067
122
951
1734
265
1099
1465
2172
1281
855
219
1039
1847
1002
1916
1271
1747
557
2393
20
1068
1731
533
2035
1391
205
1180
909
304
420
373
1212
264
2032
227
1468
230
2242
1609
676
2312
2286
2411
2403
124
451
38
1585
208
25
2373
15
996
1011
1679
82
692
666
2118
1467
1785
863
671
1013
1548
1689
86
731
1837
1358
1989
704
787
244
1629
2428
1698
1597
605
2398
448
1993
1246
2465
2213
2221
670
950
2447
2178
889
1690
905
1086
607
1561
1845
1889
1883
1904
344
182
1673
19
2499
1971
1583
83
54
1442
881
1171
1023
1795
1458
1153
653
2066
1929
2019
1017
2202
1895
2028
1483
713
1757
581
2181
316
2316
2246
592
317
1827
27
664
2153
1513
1188
1101
959
348
1208
1953
899
1739
935
571
49
2138
2132
148
267
1379
1251
314
1535
558
2410
2098
50
128
2255
471
456
2175
1874
1362
669
762
1636
2450
556
1972
2046
1922
288
1771
214
685
204
1715
65
642
5
608
1060
795
964
684
240
1310
2256
347
1127
1457
1287
1449
936
710
1412
981
2487
830
588
596
603
2230
1607
2027
1566
1005
1096
167
1367
1891
1472
1998
1686
1050
1315
1788
1565
930
2399
2111
1672
683
2319
2394
1401
2012
1257
583
1149
2345
1778
334
1107
1930
1692
2431
1858
2407
2317
1397
1693
1471
364
1316
712
1420
1109
1517
2023
1388
1933
1289
915
2484
2329
582
2103
1678
958
810
2068
382
1835
1198
1591
24
156
2470
423
1125
1128
1610
1807
89
2156
1337
529
193
2152
574
272
1274
2084
702
2122
1716
1639
1903
1419
1245
1581
279
2030
843
399
594
363
394
1848
1408
1195
570
565
1324
144
2127
1193
1708
404
833
923
660
835
352
1080
1148
281
2243
287
2086
276
566
1121
705
1256
1719
651
623
1987
135
292
2426
374
1717
145
682
1133
105
2049
1862
1751
2168
2293
1647
2360
673
870
2463
1141
1150
969
1004
1537
868
625
1709
397
2197
1421
2204
223
2332
299
612
207
968
1514
9
481
1567
1842
1356
1247
2164
1233
1499
1594
1372
1063
1940
1301
1834
375
483
1381
488
2303
8
1020
2056
2363
278
186
998
175
1117
845
416
1489
643
1276
61
1032
1706
99
249
749
90
1319
526
1046
2232
1727
514
1227
1817
283
1354
1633
611
2490
2079
91
2228
85
2351
1185
2260
315
1037
1340
303
192
2051
489
2115
1333
2199
1252
176
2458
2327
740
564
2017
617
1876
1432
2349
458
93
1743
429
1917
1015
1768
2283
331
701
2464
387
895
827
718
1767
1710
1009
2008
1946
1042
518
510
856
707
191
209
1047
706
1318
464
2335
1937
1431
463
1947
984
1888
1279
1190
255
624
1828
1087
1682
1409
1451
1637
1852
1554
953
2397
2097
479
1974
2389
237
520
2262
693
2220
989
2165
1526
913
2412
1291
1425
949
1478
934
53
1092
1390
305
1328
1114
2177
330
1887
326
593
190
444
722
2367
1241
1203
170
539
2377
1991
1534
1840
370
1395
2331
239
2059
1783
824
2475
966
916
1655
698
1398
96
1228
1860
2288
634
536
185
1600
1707
1138
1730
1677
467
1823
390
1560
1290
2033
1871
1479
2392
512
2478
2026
2339
800
1305
1914
1407
715
497
578
355
516
393
2052
1502
1186
2376
1705
771
499
133
914
2404
213
1024
825
2355
1516
1826
940
391
40
1330
1317
879
2109
1816
1564
1939
1108
1782
379
118
257
1779
79
1402
2358
954
648
1027
149
573
1174
1909
1294
1992
1461
918
69
472
1553
1364
659
1278
2088
1519
2435
2479
1575
2100
248
1951
844
1894
2216
405
939
546
1544
925
2405
696
547
524
430
1619
1103
146
869
1456
688
2237
200
877
2434
961
226
2183
35
1546
158
199
2456
2050
431
1498
867
62
2245
1669
952
1701
633
988
2069
2227
1873
1634
1681
677
1470
2488
346
217
2091
251
411
2225
1740
1213
1863
1572
1070
500
657
2074
1664
2302
77
1536
1959
860
638
466
2039
561
999
2491
1523
2287
1353
1541
850
880
1614
2176
2201
57
1859
201
2160
31
1854
75
220
29
992
297
310
339
746
781
532
937
1643
733
1850
125
424
542
1336
790
308
1573
1464
1654
407
1321
351
545
1177
2061
68
875
2442
1199
421
1640
978
1796
491
2157
179
2108
2279
1277
1197
41
1116
1584
1352
1910
2034
30
2427
143
1085
1912
760
1445
1243
1266
2121
1543
802
438
1265
212
2495
903
2449
1773
645
1718
848
1631
697
1156
572
2135
174
1653
1111
2269
260
1299
2206
921
2330
26
1126
1168
882
1062
23
134
1791
1632
247
2239
589
1477
1450
311
1663
48
33
2390
450
1703
2150
59
1210
1272
897
650
1348
1302
1780
64
1596
271
1019
474
796
1143
1440
511
562
136
851
836
318
1485
2396
1571
1924
690
1890
130
1800
1843
2328
1611
784
1090
1787
1229
1722
957
1830
974
1579
2422
956
381
159
2076
799
804
2043
1194
535
1580
1616
503
901
2116
717
378
1416
846
1417
2007
2285
1512
1346
1044
2289
980
2001
1309
2038
2090
1582
1322
1298
719
1029
2145
2141
686
2211
1530
2322
1885
1744
1443
341
1437
1668
362
1387
1954
1181
1439
259
2344
2352
1231
160
521
1721
1055
1570
2073
329
519
1920
2087
839
2385
1931
319
2354
2433
1675
1043
178
1665
1635
1206
1900
2413
872
840
1136
1981
1695
2110
927
1702
6
2003
1921
1490
1250
2226
2179
2320
2222
2338
900
2448
577
2274
1341
2096
528
60
2482
644
866
1696
1691
687
2080
1911
1351
2106
2253
1189
2477
66
1528
1263
1404
400
779
587
252
80
947
622
403
2053
972
1961
1983
2212
1821
1712
1994
924
555
1347
1892
1518
1053
896
871
753
752
1082
873
1339
433
515
2452
1934
1766
1809
1620
1659
615
1311
428
1286
282
449
164
1144
1355
1522
1657
742
1849
1088
108
1240
1868
1118
2167
1918
1963
813
253
1288
750
215
1746
183
2161
2371
1753
2193
224
2415
383
808
2361
1626
2000
2047
1938
814
1621
1313
1418
345
2004
1045
2078
45
1557
52
258
832
963
2102
1378
34
530
538
1304
2301
727
2359
137
235
187
22
2210
2297
1366
1308
1112
854
2292
1123
2350
1832
1901
1259
139
2429
1839
1670
576
197
1238
1603
2125
1221
1083
2437
18
527
1170
2002
2480
991
1559
1202
1124
1781
1540
2214
476
398
654
446
409
1232
2029
1496
1542
114
1533
2299
1056
2284
2146
1589
2104
904
600
933
2120
270
1260
103
2015
1923
461
166
76
2048
1386
2365
758
2112
1006
929
1191
1262
613
2192
10
2402
1120
658
1829
2024
585
1576
2081
87
1300
332
1735
1059
460
1332
606
1268
2154
858
725
2309
2305
1219
2272
1598
754
1474
2240
487
486
2374
2173
196
396
1755
1612
2025
195
649
674
478
778
150
443
1627
1113
1700
1806
1521
1728
1551
1089
2137
1455
886
544
652
2306
1762
979
457
116
152
1393
965
1507
1155
2209
71
1475
338
1484
1915
490
2384
656
473
2057
970
599
1214
2147
525
447
2248
806
386
1936
1249
1851
2380
2042
1453
1563
554
263
541
1881
689
2423
1822
874
100
1242
336
342
262
2252
1334
1932
1699
2075
1574
1745
419
2128
1792
291
2498
1428
864
440
890
1587
1165
2280
1161
2492
2143
2063
994
349
2453
2369
2439
1424
2219
1100
1297
2336
1501
2444
1761
2077
1179
602
509
1008
1919
88
1140
284
371
1422
960
1615
357
434
2094
987
2169
140
761
2259
721
453
101
1406
1373
172
837
831
151
1469
1481
1794
432
1776
2438
730
1602
1623
2095
703
1605
627
782
377
2207
1547
1808
2295
2187
1492
198
408
910
1164
2489
63
2353
1550
694
2476
1026
2459
1824
441
628
132
1760
1222
1434
1000
1758
1295
928
436
372
1192
1955
2366
2273
943
153
1158
2406
435
2171
639
1995
92
2296
1255
501
1342
534
1556
2276
1413
852
2416
609
619
1549
1618
1529
300
2060
1441
1568
551
302
2294
1217
1613
2467
1016
1506
1645
1201
1312
955
1167
1965
2382
1967
129
1525
2064
2493
2058
720
892
1555
2151
838
1982
1368
1182
1454
2348
2085
1066
591
2163
906
1841
1846
2185
1960
763
1163
2126
902
2307
618
470
1680
37
1504
1173
1077
171
513
891
2466
2494
1966
121
792
747
131
365
165
1248
1952
2037
1880
726
73
1656
938
1898
620
2194
655
2200
2445
1385
569
417
2323
1057
2417
506
55
1977
948
1282
1801
1183
1569
822
1067
12
1235
1237
1813
1184
783
1877
1151
2266
17
1772
632
1224
1749
2485
751
1799
1650
250
1935
842
273
2208
788
1280
2300
2009
161
2162
942
946
1157
340
312
1926
1452
78
1704
455
298
141
2217
2070
598
1520
1284
663
1884
1988
1216
1303
944
1041
584
1122
776
1345
169
112
548
823
1802
816
819
1399
884
926
983
812
1438
1014
2117
2420
2267
2134
2174
1660
739
2483
295
1380
2263
1969
1694
138
646
2409
862
2271
695
1051
1836
1765
1599
505
770
445
876
7
301
2264
39
1462
2166
1374
1985
1139
1671
306
274
392
1524
13
277
1980
597
1110
1491
1049
246
1662
2189
388
2114
768
358
2082
2205
560
2129
2383
254
2326
401
123
1132
395
1220
798
2333
84
1426
504
222
1831
2044
977
2386
1331
1968
242
58
1577
2446
459
775
1369
1725
1646
1069
289
741
893
1683
498
360
1119
1065
469
531
1774
1078
337
2436
2184
1137
1052
350
2321
2020
2461
2424
2233
1293
1697
1590
2149
1617
1870
898
2055
1899
1429
1511
180
668
853
1105
1928
1964
16
2334
1314
1038
72
296
1944
389
173
275
1064
1350
206
2440
2186
1853
286
1160
2486
1996
109
2155
1713
1588
1254
1022
826
723
2144
452
1258
1857
789
614
1430
4
413
2460
1872
426
107
1169
945
857
2278
803
1098
629
1510
236
1810
1844
1361
1864
508
2455
2099
1267
1986
2062
1726
333
245
1630
662
110
46
941
1370
1211
1292
1463
1956
51
2071
367
691
2191
1687
2473
1558
1338
785
3
313
502
1365
1131
834
679
2395
162
1296
47
1784
1034
2357
2443
2270
1984
1500
626
1460
971
1146
482
1754
1273
714
1003
2318
1159
280
724
1515
888
2469
2474
1327
1957
1651
997
1625
2414
1942
14
1025
359
343
2265
2419
1415
285
2218
2343
595
2282
1200
636
229
266
777
366
1357
990
2244
28
1448
1997
1036
2045
67
995
797
1320
2275
155
517
2089
2391
98
2304
184
757
261
228
821
975
553
2188
759
2250
1012
2006
2196
384
496
2251
1410
1949
44
728
745
911
442
2139
2101
2356
590
1035
1592
764
2198
95
1021
1652
1264
1790
1028
680
811
1349
2268
604
321
324
211
2215
2342
2093
42
1091
575
1081
2481
462
1359
2083
210
780
2257
177
1497
1480
1377
2281
1764
1446
734
1383
732
786
793
1204
189
1738
94
1642
2277
2005
1503
1270
2430
1661
232
2496
1775
1307
711
2254
1943
1392
2311
2372
1732
368
907
142
2190
1979
353
1207
1742
2016
415
1466
492
540
1187
2092
1033
168
700
805
465
1444
2124
2013
1608
2065
1048
2223
2454
1538
1130
2021
2011
475
414
2247
1578
772
2497
1752
1394
81
2235
307
2340
243
1729
1384
188
2291
537
2130
1134
1770
2381
1482
1879
637
932
1129
1736
1975
559
1209
1638
883
1789
986
2432
21
1622
1714
1104
231
1405
1748
2368
678
412
1433
580
1532
493
1075
1376
1226
126
820
735
1878
1539
327
729
2315
621
1586
1641
563
976
2054
2457
2014
1886
1720
2378
328
354
665
743
1084
912
543
1306
2123
640
1906
773
1329
2298
1436
163
755
1786
1685
2195
1814
2249
2203
97
1326
1604
1805
484
1239
1106
1595
1978
1820
865
2346
1162
1674
774
586
1031
1902
2072
2236
1135
1531
2325
1552
1750
667
661
2408
2119
815
1505
238
616
2370
1223
56
454
1819
268
2375
1115
2379
885
1869
1285
234
106
1793
325
2136
241
1079
1606
1072
1958
385
406
2182
221
1666
2421
1
908
1676
756
1950
818
1275
1360
2401
1147
2258
154
1142
567
1230
919
748
737
549
113
1244
2010
1962
1905
2133
1225
2031
1335
2
817
631
418
887
1907
2105
2341
523
2041
480
1205
2158
1875
2308
1476
973
1855
