1018
2220
2121
1603
583
865
39
1175
162
1484
410
1509
1557
1600
1107
1168
460
1581
2238
1998
2140
1611
2097
2191
163
936
566
421
812
1478
16
284
365
234
900
1943
467
274
2058
434
243
1373
2183
1093
829
2380
910
798
337
106
2489
2164
72
980
2144
2346
658
1123
503
2159
380
408
1337
1650
2303
516
1763
912
1788
779
1065
1382
2076
2197
2429
956
2421
1028
600
1486
2352
1495
549
75
2444
1752
1786
628
1308
2138
2100
1789
1906
605
626
265
1989
608
787
1157
1834
1445
1990
1936
1402
1502
1149
1448
2302
1591
58
834
1564
2299
1431
1856
809
2330
2241
2470
316
2240
244
2136
1170
2364
2111
443
1441
230
1418
367
703
1143
1531
590
978
1570
1027
2010
2101
1262
1642
308
1393
2312
656
301
61
1271
2093
1740
2282
501
1279
2455
1870
885
841
1245
285
2139
189
339
2103
581
1942
1515
1839
1563
2225
2320
2001
1151
1975
514
1085
664
1770
2085
682
315
968
1214
2493
1677
714
1959
989
1988
1640
917
984
1545
1812
1852
2168
254
2189
1290
1361
318
2082
2359
1580
778
2137
2477
140
169
1167
2246
1158
875
2288
1192
2016
108
737
1363
876
1608
27
1476
1973
120
2214
193
1066
261
806
2339
1849
1528
1420
1413
25
1749
15
907
695
906
288
776
565
313
2425
132
1669
934
195
896
1471
2310
861
2190
1801
2374
2484
350
1941
1724
355
701
2472
2078
1007
2063
1625
1780
1293
1715
1713
33
135
1911
1389
926
1979
1044
1013
904
483
490
1873
99
1938
1796
96
1222
1721
598
1075
2044
400
1981
1134
1467
1993
2209
1551
131
202
679
1610
1738
402
844
1983
2180
1880
2371
634
438
962
1220
1567
1045
2392
942
2419
1244
2162
882
2375
304
1110
497
898
1049
704
564
1643
1847
740
1436
1609
87
1766
1426
299
1933
1969
233
1658
251
1403
1025
1295
1985
100
1733
2409
1225
80
849
2199
439
1737
644
640
1701
2321
266
2108
1102
1248
334
959
1884
2012
987
2217
86
999
1009
1274
530
1371
842
1951
547
492
2155
2182
652
1231
292
690
1150
1425
580
1923
147
1200
1172
2450
2172
743
19
1301
2160
370
627
2461
1797
756
2281
1098
2437
1239
336
2228
1525
887
1187
134
950
807
2035
1899
188
94
637
1119
891
2120
1889
65
1334
2413
1994
1329
2436
3
1597
1
2126
186
961
1894
1273
1605
1757
726
1063
678
2372
771
867
2019
1421
1527
1265
616
214
257
1659
1526
470
130
2124
77
1104
196
204
129
2327
933
866
2022
721
2234
752
2091
1840
2077
2335
1351
732
1050
2231
433
753
88
1829
880
1779
1583
461
2423
1405
1315
869
417
712
822
1488
827
1381
569
2072
1833
218
2075
1926
1446
1645
1181
1771
680
1731
528
395
90
2449
890
1565
1197
1357
423
1863
1171
938
323
838
871
190
1506
430
2011
2356
1561
1890
911
2459
1339
2105
1656
1901
1864
709
843
1921
1726
2149
2034
991
424
1629
357
1451
1497
1076
852
1622
1621
24
1064
919
522
1479
629
1199
782
1691
138
69
1576
84
1816
174
2290
70
2036
2117
1058
2047
2232
1186
631
970
731
83
1163
1133
1859
1566
115
735
4
298
1323
181
945
426
872
57
1352
653
1228
1877
1237
2358
2277
790
1232
238
2438
1808
1917
453
975
593
1967
2373
437
2495
2417
2008
1010
262
669
758
557
2014
996
804
1335
249
1370
1722
38
219
854
394
636
414
675
2115
1682
2405
1054
2432
1614
1217
2353
1139
1396
2079
1874
820
851
2454
835
527
531
908
1905
1883
705
1360
2433
1620
1118
1146
2341
1717
20
724
1966
296
1568
923
67
1882
814
918
1247
468
1229
1613
1646
235
2376
2094
2052
793
1226
1707
477
1841
597
699
606
584
2071
2148
1909
693
474
1414
300
1805
454
1321
110
1577
1772
2253
2059
1155
2150
1862
1464
1619
1845
1019
702
2027
1803
2428
874
2081
30
1457
1851
1291
2212
375
236
449
1047
2350
1209
494
1474
427
1783
250
1673
409
1714
2004
2032
1202
621
1540
416
1353
725
1377
873
1760
982
1224
859
805
2161
1915
1113
1494
1379
1934
1458
116
784
577
1950
2226
1374
2342
1001
635
290
1419
1039
2406
1607
1106
1062
2235
540
368
1592
1287
176
2042
846
1255
1061
1204
2203
1185
1996
2048
2207
1427
1406
2178
915
1817
1196
561
1831
333
555
23
1828
397
2293
948
1416
1070
1838
1443
1631
944
1395
12
248
496
1865
1270
518
1227
1060
153
1693
478
560
2245
2483
931
1327
870
1184
660
1930
2286
1040
952
1008
2003
432
312
673
1071
1825
1191
2134
1412
2485
1589
2129
63
2192
1053
2430
648
2279
1015
768
1520
2386
1965
2379
1991
1257
1347
1011
1729
762
706
207
1284
863
40
1491
1500
192
1529
691
967
78
440
353
832
1087
2187
853
1903
2243
2186
486
462
1648
47
1005
2222
830
2447
833
1300
2201
1387
28
1078
718
224
455
121
1138
165
1692
154
1522
666
2084
825
1023
442
988
227
2278
2073
2157
2340
1855
1296
901
2264
1511
1317
1549
730
883
2343
1746
1881
1319
1699
2439
2414
2319
1507
1997
44
1776
755
2156
1912
305
1897
614
2151
1913
964
924
282
1160
164
1519
663
2468
992
1330
1359
2426
1953
436
1201
1074
1433
1558
2295
1978
2037
1598
85
1437
1281
22
303
625
2045
1806
2383
1173
231
2006
1602
258
407
307
155
2196
2445
1051
943
839
1343
2441
10
509
2416
1745
143
1243
1821
2202
53
1554
1756
2200
953
215
1900
1365
405
1547
1918
1461
1759
2013
2227
101
2087
255
209
362
2349
1962
2188
2465
2039
1960
1056
551
1615
29
1627
632
2337
1397
1952
2385
796
2272
1189
2462
810
976
1853
668
1320
745
1081
1103
770
1386
491
1372
1211
1455
935
1346
2498
1706
928
1734
2354
124
364
1324
2031
1091
954
894
2366
1348
435
1454
37
742
1891
986
2479
1213
1822
1366
387
226
777
1207
1105
1254
979
2329
1704
2410
1595
378
769
1787
1145
1313
536
1741
1820
1904
1470
888
1304
363
889
1341
210
1094
993
1799
498
2025
510
2490
275
457
79
1657
803
1804
676
2065
1090
422
419
1672
2314
2348
59
273
1932
321
711
459
757
1246
425
998
371
868
985
687
1212
1463
837
1303
2230
2265
73
264
2107
2407
1635
445
34
1115
1612
2056
1902
1588
2092
1261
469
937
2112
1391
881
2067
1790
1708
309
763
963
1036
1428
2284
267
920
2394
2323
1574
766
1689
1681
1571
2476
136
1964
1751
1999
2224
287
1477
479
1513
1655
1641
1530
446
858
554
1131
618
2351
1342
259
1236
1945
2440
2399
1764
2274
2382
2050
1946
1129
278
895
1037
247
2153
1326
272
1700
2420
66
1350
149
1483
2463
1340
850
36
277
349
2055
237
2135
1032
2216
1289
2132
340
2090
1922
746
1601
1182
1311
480
1543
1309
475
1332
104
1868
2257
1685
1955
619
736
754
1482
532
1238
270
1079
107
783
2481
2377
1850
765
558
1378
1875
2254
1732
1109
1409
729
609
286
401
1842
2304
990
1687
1325
175
1233
1288
1762
346
615
412
2368
922
2256
1676
902
208
127
465
1331
45
1108
1095
2355
1963
958
599
499
1344
2068
199
710
1235
2255
1267
1750
279
109
1736
2331
1573
1652
220
1977
538
345
2181
707
1132
794
504
585
1925
2239
535
172
26
749
789
331
1392
68
1142
2185
372
1423
393
893
2325
256
122
391
123
148
537
2398
1230
1586
526
761
2411
1632
1097
198
949
1156
1410
1630
1435
2305
886
601
105
508
1524
1562
2267
1618
1438
1174
662
281
879
451
685
2496
2069
2309
604
1240
1144
314
2145
2402
320
639
785
860
1572
360
1000
1003
93
1017
2269
9
1956
764
344
2334
418
1754
546
572
252
54
1272
145
185
1278
1778
1338
1709
1067
390
1623
1810
2396
1976
2497
2152
544
1117
733
2130
1434
1939
184
1887
177
2287
655
1992
916
221
1369
913
921
2316
1216
1628
1307
1258
2195
2362
642
1758
571
1314
91
1514
487
877
2306
1282
1286
677
1556
1548
899
1634
1121
2315
2395
529
180
1399
289
823
1073
441
2198
1837
698
641
2015
1183
82
128
717
1767
1112
2393
1521
1367
1697
114
2118
1537
751
2370
2210
1594
570
1860
1294
2338
170
596
1016
14
1743
1823
2242
297
2040
1705
1449
1485
2424
2029
1408
1266
2298
815
1730
144
1637
1968
117
1041
2443
1885
689
2133
450
588
1948
1679
1252
772
966
1424
1280
523
2378
624
1794
1193
1205
1703
592
48
311
2478
240
213
56
2367
1368
2051
211
650
1910
1815
2102
2486
2389
681
326
977
856
1937
1043
659
836
242
715
817
2313
98
325
246
2089
1179
2446
720
1169
1696
633
1725
1742
1190
2297
97
520
1166
2109
1177
2141
1638
1649
654
1310
1728
1686
864
388
1487
489
1241
1651
493
744
2401
2
1092
1512
1125
2480
1269
568
1898
187
1744
1690
2070
939
352
2363
1154
2066
1120
932
1006
1249
2431
1671
1739
392
791
2194
159
2104
781
2271
1122
260
146
1986
200
1510
1916
800
1711
377
2119
2244
1782
1848
1961
1126
2427
2289
792
141
2176
411
1843
241
18
2276
1624
2184
1375
995
2369
1004
1858
1516
1546
431
857
17
1661
1215
651
356
692
519
697
1234
612
1924
1305
1575
1475
1539
1020
562
788
645
2049
381
2296
1411
471
329
2113
1720
1670
2166
2390
2098
940
291
1768
1544
1944
2086
1553
2469
802
739
1795
892
1584
1774
1068
182
1447
1807
1824
2248
696
1285
591
191
1836
126
1505
351
586
957
1550
1072
1140
2251
524
64
366
379
1178
1430
1021
1501
142
2258
1465
2116
1972
1336
847
2123
2475
2096
2110
578
2280
2054
1384
670
447
646
2247
515
223
1604
43
1872
161
2435
1489
369
819
2099
343
1534
269
1819
2252
2381
1791
2491
1541
2131
700
2408
463
2143
905
1480
382
878
723
52
1188
1523
617
280
1385
194
1466
553
1680
415
1153
2174
801
2365
1046
512
1260
2215
1152
1695
611
686
951
1532
495
2033
1014
1069
2158
2009
335
638
828
322
1042
502
413
2000
1356
2083
1982
1442
1940
2127
2262
2488
2344
1811
946
403
1798
738
1663
1460
62
342
1306
42
576
2268
2154
688
157
2261
1984
1077
595
1555
1814
178
201
1879
1033
831
458
1616
74
1869
671
1854
452
1617
103
1481
997
1871
1492
1415
328
229
573
2095
1980
1626
448
1417
428
1297
1503
2457
613
1452
1888
1533
354
973
1277
150
1165
983
347
2018
1322
2221
1219
1857
541
1316
2464
1688
49
607
2285
1813
2387
71
759
1727
1030
1987
1462
2002
780
2179
1429
2170
1299
1920
222
1114
7
32
2345
552
1275
1919
1099
559
2494
909
1473
1684
929
2318
2057
2492
1298
399
2023
1127
2328
713
1404
1080
1490
2169
1712
1832
306
1358
31
2294
2403
2471
2088
643
1048
2223
630
2332
862
406
930
81
373
602
125
271
1035
1636
1578
1665
1208
620
2007
1785
840
1777
1974
2324
2300
1318
2041
8
1827
622
1654
1084
2482
1147
1792
1096
567
1002
1818
1835
2062
1596
649
683
111
574
2326
1674
1083
1735
1802
1710
927
389
2128
2167
1800
1059
848
1517
587
1469
2412
2283
1560
2020
821
456
488
1057
1893
760
1536
1432
2106
750
2237
2317
1496
2422
92
1723
813
2311
1210
21
1653
1223
1459
2147
2249
2273
1333
472
444
1928
383
2205
748
158
2060
1026
1137
521
2360
1784
1380
166
1086
386
533
2193
2043
914
167
95
2250
293
1773
2260
2177
513
1401
575
1719
1761
2391
330
2206
1765
826
183
1876
741
1159
2400
1830
507
1012
276
1450
1253
2347
548
2361
1747
1995
1508
2322
799
1128
404
1052
1683
2038
1198
1022
2434
206
2080
1748
151
1667
2146
2122
1345
2291
1394
420
55
1582
550
1388
1031
1292
481
6
2030
1662
582
994
925
1164
268
2301
374
1034
2175
1668
2259
1542
1082
2064
228
727
665
35
2275
2165
1349
884
539
1781
2171
969
1970
2163
245
1499
1775
2125
152
137
2026
657
667
216
1116
1136
118
1755
1194
332
1276
708
2021
1302
133
1218
1947
263
818
476
2448
1935
824
2074
1259
694
1398
1907
1585
1579
965
1666
543
1206
563
1896
348
464
1400
1793
41
1364
2208
684
160
816
1312
747
1716
2229
338
1895
1633
89
1024
2061
1444
2442
1242
1954
1664
2292
302
1593
2466
310
2308
981
2388
2500
385
1504
1456
2452
672
517
1949
1176
2499
361
506
2451
1453
1440
2487
1130
1180
1362
294
505
2213
1931
217
2114
171
232
1029
2005
1867
2219
466
1422
197
545
205
11
579
376
1328
1390
225
283
2460
1203
119
168
1100
2028
647
1383
1844
1124
1675
855
2418
112
542
2307
1826
2142
1161
2453
384
5
2404
719
2263
845
1101
1908
525
396
1914
1599
2236
955
903
2204
1866
2266
473
1472
1195
482
2357
1678
1498
156
2467
485
1846
319
795
359
1587
2024
1552
2397
1264
1957
2415
1535
1718
239
60
13
786
324
2474
173
113
1927
253
941
728
50
500
51
1590
1354
2053
734
2473
1971
722
1647
1251
534
1407
775
1660
1644
295
610
398
2233
972
2458
327
2270
358
179
2046
2173
484
2017
603
1559
1639
589
623
1148
76
1694
511
1468
971
1355
1263
2333
661
974
317
1769
102
1141
773
1569
716
2211
1376
429
1878
341
556
203
1250
1135
46
1753
1268
1088
1538
1162
1493
2336
811
1886
2456
1055
212
797
808
1929
1702
960
947
1283
1518
1958
1038
1861
1698
1809
1606
1089
674
1256
2384
139
1111
897
774
1439
1221
767
594
1892
