738
936
2260
41
1969
2119
2024
333
159
774
2030
2386
882
1447
1704
1944
707
412
463
678
1060
255
1160
1261
1560
2494
1921
1299
1534
647
1957
309
785
1863
400
2395
2278
1751
1178
436
162
757
1275
1129
788
1035
2214
227
1575
245
2016
1473
1008
334
1784
77
2144
922
2168
1215
1142
616
1546
645
2449
1346
679
487
55
1932
2382
2252
2384
2257
2363
660
1061
352
1003
2226
1195
2361
1208
725
1732
415
1271
2405
1204
2450
2100
1849
1606
2149
160
1684
1592
767
896
33
346
22
1734
1442
1641
2175
2079
307
1752
1882
1961
1328
1891
1750
886
1412
1432
825
2230
404
1843
471
2446
1291
1607
732
1352
1163
1480
507
2039
1388
694
1858
617
1951
2290
1224
1103
894
569
1649
719
1096
1214
1800
1465
504
2301
2177
2054
1785
816
2271
693
2229
1586
867
2116
777
1499
860
126
932
496
1760
2479
1949
2179
987
714
2104
429
355
914
532
1482
763
884
1830
1490
1644
2430
2282
946
1825
538
1430
2306
1115
1121
698
2288
586
597
2053
1578
1878
1335
2281
2448
899
1006
2178
1526
969
280
541
1250
1150
599
606
266
1679
148
104
626
467
2284
1693
292
382
1772
1085
2185
187
250
153
1998
637
468
249
1435
246
584
1720
2381
135
868
2143
1711
2452
2475
2136
718
1137
2261
1754
1148
830
2027
836
864
858
1910
147
1536
93
711
1627
2321
442
2197
1670
1695
2443
1071
834
1588
832
1048
1994
1199
283
45
1593
503
574
1113
1941
1047
1269
17
53
451
1908
1795
917
527
2240
325
72
344
842
2108
982
133
1716
1736
1911
483
1756
1824
1285
441
95
2346
505
807
903
290
1855
506
2387
2106
2414
397
874
1828
1898
956
877
259
2150
1367
1615
1768
1780
736
313
1833
1265
733
264
1018
741
51
1203
1685
392
773
416
1094
1314
1485
796
1726
2451
178
2090
2369
782
843
1514
1197
1815
1023
839
1589
395
1667
1510
368
938
1298
1324
2238
2094
1248
1002
2331
1598
1893
74
1988
1077
154
1010
1658
829
1895
2174
294
2338
386
2082
2327
1350
871
2064
1873
912
1623
976
137
1827
1284
336
494
2458
2192
838
56
853
221
1564
1082
583
253
2138
228
1875
2041
1193
2093
131
183
1338
1321
737
1774
46
2205
461
2376
831
1217
205
54
571
48
1033
1620
125
1153
798
1022
1463
455
1650
1468
772
717
101
73
1371
2468
139
624
1968
2191
1347
83
1581
1146
2021
1315
1377
1223
240
1068
198
1254
371
345
243
1484
1850
760
2467
1602
1394
1075
2063
343
2297
833
2460
189
530
800
1278
1448
844
756
61
1443
684
1960
3
1523
6
2399
2131
210
545
1525
1648
32
1766
1455
1300
1862
1246
1445
1502
1088
1930
2340
1452
1831
1618
488
237
38
608
1399
827
465
115
1698
1309
1553
223
2455
2264
1574
1231
1014
1718
943
1122
2291
457
1739
306
689
2462
1307
2001
310
1996
565
1379
1134
1396
201
1133
949
880
1354
2095
1934
1675
1543
554
745
1331
661
1603
1976
99
2225
2134
1980
450
1544
862
605
980
279
1470
963
370
65
1304
2038
1306
426
751
1386
338
1653
991
852
1708
1559
2180
753
1043
297
1458
1528
1788
1124
191
2187
604
2117
1583
911
531
1469
2318
1696
476
665
2105
1547
594
516
1055
961
2091
2486
1017
799
220
2309
2489
1311
1542
2265
1906
2130
219
1029
311
316
1242
1678
1144
2006
1876
1325
1632
434
2216
1550
1742
301
651
2249
427
1235
1959
1228
2401
1245
1600
276
610
529
1179
1056
2461
1353
986
1297
1631
379
766
1626
388
1816
2141
1437
1926
1657
216
204
1665
543
2103
2364
1527
2014
1370
146
1662
509
312
683
709
1406
1131
861
1987
513
1171
1818
2487
1283
933
214
2060
367
2172
1660
98
2375
692
666
1903
1387
537
696
492
1282
28
2250
145
1401
587
1573
2066
1072
1374
372
739
1532
472
2213
893
923
1288
2089
778
618
1880
824
518
1663
1361
2051
1084
1500
454
521
2286
1937
1655
2042
2345
588
998
1624
2020
623
690
907
1503
1700
2357
1737
1005
1635
590
308
761
37
1965
947
636
498
417
1317
1155
1608
2275
889
1090
1355
2212
1935
13
561
424
273
1330
790
960
819
1127
688
2068
2298
762
2444
1415
1703
754
620
438
2412
2236
287
1046
1252
1728
200
2439
2073
420
491
2431
329
2228
8
1821
1805
667
951
2011
1428
1836
1467
1556
2421
1904
563
2397
1339
105
353
2122
848
2165
1444
1803
1823
90
1439
185
2162
1190
319
657
514
1305
1087
2184
9
1669
955
993
1086
1625
1486
425
1487
2334
2313
321
1159
272
786
1095
1868
664
1016
2211
1065
348
1986
797
1917
2336
771
1070
1262
387
2164
789
1263
2077
979
1279
699
58
1955
1677
284
668
1460
1385
1241
1253
2497
1610
1459
440
2491
269
1769
551
341
323
475
410
373
1097
1837
60
2356
686
1277
870
1222
1923
2135
967
1431
972
1051
1405
1782
1176
215
770
1529
136
613
2499
1496
1128
1419
86
1164
2322
687
1466
2380
1345
1975
2170
723
791
801
891
2139
118
1755
2080
43
1213
1244
812
152
1885
1126
2023
2480
1931
1637
1421
407
304
2350
399
332
1041
1993
2161
548
1672
818
1080
1913
501
2472
2358
920
1239
1449
2396
1995
704
2315
851
2496
1273
1175
596
614
930
1628
1907
1661
2351
1933
1621
2176
394
252
1236
1838
1604
2393
1652
1810
2234
202
744
448
1397
1341
2410
2353
460
1654
2445
23
607
2354
1725
1454
2481
1145
184
1270
1136
885
1184
1206
1729
2365
1759
129
2418
1777
769
1590
945
19
405
948
817
256
1869
534
908
231
299
2427
2121
552
2348
700
2312
550
1676
16
644
966
1107
1381
1783
2203
958
1927
1501
928
1477
2349
1691
1156
1132
2422
720
1410
1375
150
1289
1804
244
453
2018
1905
1424
2398
764
716
1402
1840
808
1286
557
180
2442
358
2056
1425
1168
630
1919
2285
520
29
2295
2201
2400
1042
2085
1108
351
1916
1120
2344
1327
937
1826
2371
236
116
390
849
1688
430
1202
76
1819
2470
428
1034
1808
655
117
175
1674
288
1666
2062
2292
1822
1028
1548
97
1318
2423
881
158
559
182
2193
206
155
365
1562
793
2084
1154
1183
2407
1359
1881
1506
2429
1149
500
2326
536
2500
82
2115
2058
1936
2002
1169
377
746
75
85
226
580
2352
1050
1011
589
1438
1189
1476
1643
913
1841
985
1225
447
2311
841
765
132
1313
941
418
199
2078
1779
1205
673
734
1871
1845
2416
106
2454
1733
2469
110
342
846
2302
895
2076
1427
663
2355
497
2335
80
1351
88
702
2202
875
174
2255
1897
2037
1389
1281
1802
724
1545
1102
1272
1964
1083
1049
989
2493
997
2476
2294
806
887
1177
486
1015
2267
26
892
1939
682
931
1787
212
1069
1240
1182
2075
225
1038
122
1390
562
2087
89
2474
1706
1611
2059
1776
573
466
883
1743
369
409
1820
374
1918
479
900
1710
1989
1118
2394
1612
1475
1344
324
1237
944
1141
1511
2173
1308
2146
233
638
1187
1630
2471
458
1642
2498
735
2268
1999
445
1440
2050
675
478
662
2325
752
1912
2304
2420
1851
1577
2360
792
1790
2320
890
721
2319
859
2316
222
1619
363
988
274
2224
1568
419
615
2337
1507
826
1741
1039
303
421
1409
143
381
1036
654
169
1857
1495
2485
612
1044
1461
1746
2438
1990
1209
1738
2237
62
779
265
544
2118
954
1230
1565
263
1264
2392
380
2074
414
1531
1414
10
1778
1516
1173
1719
854
1243
1638
677
2280
2482
44
1872
2
2204
181
232
556
230
2241
1890
1522
2372
512
1026
1392
902
1025
1814
1400
1373
1198
627
1200
142
52
780
1771
2277
2107
1140
2441
2182
1938
1336
1358
2483
579
1646
1883
2246
1166
1582
431
2385
1792
2167
1770
1081
2343
970
2034
470
950
1268
1453
1429
482
2456
40
2181
1709
270
919
1731
2411
515
393
639
722
1076
1037
359
2379
909
1842
1915
1413
1924
2308
64
2404
855
2145
71
1337
1647
1456
743
1533
164
2114
904
1636
462
2391
710
2258
1274
1104
161
15
2081
1266
1786
57
1513
901
939
2129
1874
2044
1558
1730
1848
1125
715
591
134
925
1099
1054
1967
1287
1617
1238
1294
1295
2033
2061
1622
2495
1411
1174
422
242
247
2256
876
1595
2111
1567
1537
2377
729
1111
2437
965
2245
1004
1320
1356
2266
362
315
2406
406
811
649
1584
2272
2142
2017
1139
163
1713
1972
2040
347
21
706
835
1715
697
1983
1343
1956
2273
952
2433
1116
973
2045
828
866
822
1019
1947
281
1671
1032
2092
1992
2156
1884
2367
2101
456
2043
1114
1651
1326
2163
2188
2008
2296
1977
128
168
794
1207
2140
1009
12
975
2049
2019
872
749
320
27
39
1745
1587
1702
2330
983
2415
2307
2317
1226
1856
2466
330
1705
2347
897
1365
1100
2026
837
18
2328
609
640
977
167
149
1227
94
1866
2426
906
1566
1364
2374
107
918
964
1886
439
1681
1854
731
1192
1027
293
539
1609
1535
1668
490
1597
1441
1052
1234
2253
2287
570
1152
1462
50
1978
653
582
1791
878
195
1030
1894
2342
1117
2477
208
2071
81
1614
326
1064
2217
1105
1576
2305
803
1694
2378
2133
953
643
1572
493
1899
235
103
2215
291
1953
910
2198
1974
1948
1368
805
364
1418
2046
173
996
194
67
1493
2289
69
1219
1946
869
1765
452
1943
1333
489
2031
296
2373
1997
2473
2432
2183
2413
1981
670
1982
2300
1991
888
713
383
1717
1958
2221
1384
2419
282
1211
2189
1889
1683
990
2447
2270
322
238
1167
898
957
1724
302
2186
314
1210
1323
1290
1727
411
995
340
1013
813
177
437
2299
2366
1806
2036
566
197
78
1191
650
1721
2484
2465
108
207
2000
96
123
2199
1101
600
2171
2072
318
1798
2052
1229
121
1497
2110
2251
1945
775
443
229
2155
519
124
2279
1312
2128
1123
1001
968
2209
141
1781
432
402
1181
2109
1357
755
188
1723
2333
1817
1835
787
2029
823
389
70
1973
2314
1066
2126
5
845
1135
1112
2283
1540
1474
138
810
1673
2010
1633
2127
171
1446
1491
1701
31
681
1158
2067
1188
510
1000
166
2069
1247
502
1984
2157
546
2013
748
1310
2022
260
2362
7
1505
1639
1552
1098
1561
1488
1864
1403
2424
190
4
820
1812
992
24
1232
1599
331
2223
701
2004
1212
262
2324
1757
759
1218
1162
1640
1714
317
921
480
2463
1301
652
1697
1634
632
2383
1521
809
2262
1579
209
1436
1914
962
1492
2152
224
289
156
2248
804
1892
572
14
1221
385
1712
2247
523
528
300
2124
295
499
1896
1255
1747
685
847
1942
1797
595
1260
1682
549
1962
2137
495
1340
727
1349
1216
1498
1363
2244
942
726
1748
2194
567
1764
350
1151
603
850
1073
708
213
196
622
1280
1767
1464
994
2219
730
2235
648
1541
305
1020
1404
1971
36
413
435
446
1811
1220
25
151
1596
176
35
1119
703
469
695
934
671
511
211
1342
1793
802
1530
915
2457
1319
378
1517
2274
1801
1434
2123
1329
1796
1138
905
1744
1570
34
634
1143
1472
1555
2158
1058
1078
1302
1362
728
2436
1256
2488
857
2239
477
2113
1334
577
1954
1616
1659
433
2478
2332
524
349
1707
140
1471
1900
1809
366
1194
1901
474
1024
248
676
1539
87
2047
821
2339
1763
2097
742
669
2196
1092
172
1877
170
1322
1259
49
1457
1687
327
2388
564
63
1839
2434
144
2220
1366
47
113
1963
1067
339
1293
1692
2440
935
525
2098
1147
1398
2200
1180
278
1292
1929
641
1012
2490
1157
578
2323
120
2147
1860
30
275
1928
2403
203
1021
592
1
1172
1053
1902
2303
1450
2070
635
1970
298
403
459
1952
1829
1549
1420
2148
234
1258
981
2408
217
157
444
601
257
1861
795
1508
750
840
2088
2065
2254
375
2492
2233
1481
1196
68
2012
984
1591
130
1109
598
261
1380
1519
1563
1369
540
1613
560
1161
2207
628
2055
2428
186
79
740
691
619
2210
526
1852
42
1233
2003
517
971
1483
768
11
1832
2096
20
1391
2125
84
1074
473
2190
1686
1515
1186
267
1106
2195
357
1979
1950
449
1417
1040
1794
2005
1489
2032
1426
856
2293
1887
2453
1813
659
784
2222
1509
119
2102
2132
1165
1348
1761
2007
916
1512
1689
1865
356
2276
2035
535
2269
285
2389
1758
401
114
218
2048
376
1267
642
1393
2409
625
1645
102
100
1479
631
1520
747
2417
335
1846
268
1834
783
1383
2166
1749
646
1249
522
2243
1853
1594
1773
2028
2242
2359
2329
481
2153
2083
758
361
391
1879
879
1395
1605
2310
2086
656
2169
1408
1844
621
547
1296
978
1423
1062
2218
1922
568
2232
2263
1680
705
127
192
1007
712
1925
581
484
1888
1433
658
1601
776
1847
1789
286
1690
193
360
59
2057
1093
2015
2099
1494
1089
575
1478
1382
2120
1799
2154
66
1762
239
2425
633
602
1063
2151
111
542
2159
1585
1538
109
1580
1569
781
408
1416
593
508
1629
924
277
1257
2390
2160
533
974
576
92
1920
1372
271
1091
1303
1735
2259
328
553
2464
1378
926
1185
1130
2009
2402
1201
179
1376
940
1867
558
674
1451
1859
2459
2231
337
241
251
2435
423
1251
91
1940
2208
1316
1524
1551
1110
396
1699
2370
398
672
464
254
1557
611
354
1909
165
865
1753
2206
1276
863
929
815
2368
1656
1079
555
258
1332
1775
629
959
384
112
1807
1985
1740
1664
927
485
1554
814
873
2227
1722
1422
999
1170
1360
1504
680
1407
2025
1057
2341
1059
2112
1966
1045
1031
585
1870
1571
