224
1075
2077
619
2286
306
2371
627
2379
220
1838
374
2275
892
2251
2112
747
878
986
2094
191
1585
2043
1081
1011
1333
2100
1142
1433
1403
1104
383
468
2312
1982
2268
1129
2178
344
2175
875
1824
1016
200
431
226
2114
896
2484
2249
1776
2427
1778
640
174
2384
1322
392
2221
61
7
427
1751
2235
2442
2469
494
1446
1848
1513
1283
1094
2186
1919
2392
2313
291
887
1214
779
1760
1609
2087
1103
426
1185
2133
687
1037
563
2440
678
796
2402
1344
2126
1575
1480
1282
1614
2345
2196
751
410
2383
23
2263
307
1321
916
873
241
569
1781
2144
238
1367
395
1612
142
2008
1493
748
714
533
1377
1858
390
740
162
1697
950
15
2115
204
1564
1398
1086
1676
858
1852
1130
603
1610
671
237
741
1220
597
1794
2058
723
326
2363
2267
2212
1254
689
947
1255
1527
103
2337
545
1651
2416
906
2169
2180
1855
2035
1816
1385
1511
223
1245
183
830
1605
328
1172
2274
865
991
1179
2014
1156
2465
154
898
483
512
1843
1805
648
1334
276
482
218
294
460
458
45
181
1478
341
699
1354
756
2195
1627
733
95
1733
1373
1046
2095
1167
1666
1927
262
1546
436
686
2404
2204
1802
2254
1479
936
2460
495
2139
1642
252
1203
1315
388
2397
809
2340
820
2474
83
353
2431
732
248
2194
1237
1552
590
292
340
126
561
1365
1360
2488
2173
1272
1201
1608
84
2464
1012
56
793
2062
1734
2252
2132
1775
2265
1810
231
1868
379
1932
1682
119
752
2005
1736
1791
996
1850
727
1556
1399
778
2147
768
1297
988
212
300
550
342
614
354
398
1397
327
1906
1965
1473
845
470
929
835
2287
1854
1534
665
511
1477
105
179
1110
534
1013
976
2351
2242
2444
1487
624
1117
1742
156
402
840
750
1998
1256
1800
2394
365
1376
1369
1544
1308
1500
726
479
2107
2165
415
2002
330
1709
655
1064
1447
2205
275
704
1246
1233
1010
1698
997
585
297
722
1846
1448
669
1332
1405
658
448
883
1964
29
1864
1445
1961
1741
566
1240
1244
837
1122
2197
2494
2185
910
762
1004
1974
2163
168
1389
1524
2248
1056
1735
1034
1675
925
286
660
1542
803
1384
2356
350
2305
1623
1830
2454
185
491
117
1161
232
880
1497
2247
153
451
1684
960
604
1895
754
1660
1189
802
713
1314
2409
1909
2326
970
2495
2250
76
2421
1325
2140
1688
1023
980
2354
1093
1836
125
1674
1358
2022
698
1503
2334
2332
502
2315
128
1488
668
2255
1750
1277
647
44
444
1997
749
2052
2414
946
1599
1604
1351
2210
825
1966
1279
2285
1859
1145
2080
1711
1200
1842
1490
1924
1168
1502
540
2222
899
347
1731
599
2125
2064
11
1205
772
594
1485
884
2264
1390
729
134
1950
1869
1665
1218
1953
774
675
194
1862
1841
831
1392
2091
1687
1225
1578
1188
1461
1284
1995
1993
1935
1633
2377
86
1790
1160
2468
2001
96
611
2330
1872
2327
311
791
1330
1689
673
1990
1340
1215
2276
2038
1383
1030
1134
2230
488
2102
349
13
295
1262
1053
312
635
152
977
907
1673
913
378
2459
676
695
834
215
580
1213
1115
2054
2021
2419
2273
574
2317
576
1463
46
1299
589
486
1611
439
1127
411
1492
441
720
2482
1504
1302
1821
1738
1038
1835
2101
586
1622
1892
1833
1573
1
1619
2432
177
639
2398
978
106
1539
1957
937
1418
1871
481
930
1972
332
81
2266
2349
1090
1323
1483
2378
962
2090
2211
1048
1005
564
1243
369
1258
1887
202
210
2272
243
2036
1052
2489
956
890
1625
278
316
556
1138
2390
1873
2271
2348
124
2098
127
744
1630
3
1715
1223
409
2056
57
1626
621
876
967
1422
361
428
523
2189
2228
1293
424
1265
2374
1466
2158
2259
389
1260
2318
375
1312
1055
1634
1937
14
1423
517
82
1481
166
2300
2214
2403
2448
2450
1555
549
2176
1549
573
853
1615
1348
42
506
484
318
702
1704
625
1516
161
2013
123
1062
1099
2200
1641
1616
2322
1940
2386
97
1545
265
2033
657
1595
2199
777
1083
1769
600
2131
765
1581
697
1721
1153
1724
662
242
867
1455
869
1970
1628
2143
2483
1002
2155
546
1695
310
1617
579
2192
2207
1860
602
1465
780
1938
2245
2256
2232
404
2075
425
325
406
1474
1425
1904
1920
1730
2456
1199
1699
1749
1484
758
2329
1250
1576
1646
1413
1971
2367
1801
1026
1779
1702
1567
868
2423
1174
2071
2203
857
1182
355
1419
66
784
175
1236
504
2306
1054
1839
1621
903
886
1375
447
1566
1521
1467
572
656
1154
735
1977
1530
112
1417
1777
417
144
833
1336
1378
1913
394
1238
1536
2029
1430
1588
1407
712
400
358
2117
1007
2297
317
1947
1930
301
1657
2258
557
2446
1066
1190
396
1783
2047
12
983
1804
1496
1635
1273
1266
766
559
2437
1181
1629
1820
1683
151
1043
1817
1195
1696
1364
1231
1897
1165
111
1221
2422
2161
990
308
1587
1613
973
52
623
964
932
283
982
442
403
2411
909
250
1707
1543
329
209
320
2352
1991
2333
2451
1968
1157
2216
1773
798
1234
1087
414
1926
487
279
130
904
1335
631
1068
935
1922
2146
2361
743
2236
2096
1468
1942
1631
2093
376
1780
1911
264
1540
65
812
48
77
2415
1269
905
1506
438
860
931
1928
1471
2061
1105
165
2302
2172
1435
452
626
1450
1878
1482
651
824
259
877
2142
2106
385
2441
455
2475
1508
1716
1744
1700
293
450
367
339
1745
998
1685
461
141
694
1175
337
1637
598
797
437
1694
1131
570
2324
1067
2365
1989
25
724
2145
1058
2202
1917
1147
101
753
509
2076
2003
2289
2227
351
885
10
235
1355
2243
137
1294
1811
859
1082
1032
465
2025
251
1959
1898
2344
745
256
1114
456
51
2108
1874
2280
287
1896
1061
847
1451
618
1014
961
1856
530
446
1271
1829
789
1737
1967
116
700
567
222
513
408
1388
1557
282
1671
2050
575
1411
1761
2295
100
1933
993
994
1017
1146
1899
304
622
266
543
1426
2443
1845
1788
110
849
1410
642
163
1162
1300
1949
2449
1756
1891
31
814
715
2109
871
2020
1001
2089
499
2473
1507
2435
1432
500
1489
537
2148
945
298
1050
1812
217
1347
1280
197
551
1222
1571
2323
186
118
1116
1943
1866
1444
2425
911
2130
1387
918
684
939
2
851
2467
2420
527
1342
1672
1535
955
1304
63
850
2004
1462
1148
708
1453
2006
519
1703
1784
2498
305
578
2182
2497
891
1232
888
703
819
650
1472
510
1589
633
405
2088
496
133
1925
435
895
1655
319
2490
1000
938
927
2011
1653
2452
1973
1944
785
1027
767
2208
2455
667
67
2118
469
99
1640
113
2119
1241
2408
889
1722
846
1606
184
949
416
692
2294
645
1318
1227
1624
258
1029
1763
1098
2433
2174
2026
236
4
2082
601
1452
739
1486
1257
1331
1469
1251
1042
548
2314
255
2042
501
412
1224
1464
1880
1151
1357
1681
2372
2209
2046
725
1551
1686
1939
1212
1813
1618
954
1664
2395
2053
1894
16
1140
664
989
2167
2190
50
2292
1582
1427
1289
1316
1851
1569
1135
228
1263
120
1889
2067
1834
844
2387
91
1171
381
1363
346
1789
2231
680
2103
492
1658
1532
1428
132
36
108
1934
393
841
1288
1159
1292
1060
1667
1109
1886
1598
652
2156
1132
1123
2135
507
757
1091
705
933
270
41
587
520
562
1988
1072
1152
1276
897
2476
2388
2034
1921
198
969
1108
1139
80
2278
2051
2481
87
701
2499
2380
2277
2183
377
707
18
1782
345
1692
2485
1638
1327
1528
2120
1169
208
1826
1558
422
742
518
1193
68
1752
839
515
760
1931
1317
2382
334
2092
260
1274
800
407
1793
1701
908
541
348
1592
1837
1298
234
336
2373
2445
473
2198
2110
2206
1594
1565
617
188
2343
1746
366
2217
963
666
193
866
1861
430
1170
35
2084
1095
920
187
2304
445
856
924
893
1512
2500
2299
1186
1100
2496
2072
565
360
1409
1476
418
746
738
2229
795
229
1443
788
2049
1380
1976
2187
581
2466
2269
1393
863
1823
1475
24
2123
2127
2471
2366
182
1900
759
1596
677
1936
1391
1150
1509
1275
273
2407
577
1759
2350
643
1415
1242
525
22
1437
59
688
1863
1187
372
21
2000
1979
1268
1586
1600
1807
2083
1401
2179
155
926
2410
992
1290
1996
2081
1051
173
2396
2338
1662
1772
613
1770
269
1648
637
544
2336
1194
2470
808
1128
296
1563
783
2079
1306
1141
2074
1669
2027
1353
1987
1743
2128
272
433
2311
894
568
60
1438
2436
1902
781
804
1343
672
321
816
1420
1408
879
1787
139
1580
363
832
2113
649
2307
1885
921
2320
1106
472
1382
2124
2220
1059
1884
1881
1717
1230
775
195
607
1074
1111
1202
98
1173
1022
2016
160
552
1033
2138
39
620
285
794
806
2339
813
2073
1825
1324
115
1096
531
1394
2400
1537
710
2331
1531
854
480
1908
2418
1572
1732
1876
588
2288
2015
1015
1069
1460
874
591
1429
423
2385
2151
1767
459
1844
616
912
571
1955
343
2335
2399
787
1177
146
1828
240
2406
1247
981
121
1978
2296
605
2261
553
167
1079
1877
135
247
2381
1958
542
1568
661
663
1728
709
352
267
1439
1249
1607
192
419
1039
2188
508
79
2057
37
1999
1522
1261
368
1727
333
1040
199
815
1278
790
1960
288
1295
1969
584
1239
27
1197
683
6
2359
2218
828
1395
93
1523
934
1217
454
89
2393
1840
1252
948
172
2391
690
1706
257
1192
2032
1758
453
1286
1948
1248
171
2478
2282
915
1929
1601
1386
940
1574
2237
1797
1498
2078
965
180
1907
322
595
810
1031
211
1303
32
1097
1994
263
2137
728
85
984
1597
1228
1981
612
1028
474
818
1818
1494
2458
1404
493
2121
387
2405
958
2116
357
1720
20
773
2164
58
268
413
823
763
464
1712
475
2201
2153
1210
953
1196
399
1341
914
681
2439
2065
1328
1815
1208
870
944
799
539
2018
1541
1329
274
2413
2030
1287
771
90
2224
302
73
164
1018
2162
1652
2358
2303
1370
593
253
1071
1120
1636
1905
659
641
1729
606
1379
761
371
2257
1710
148
1647
397
364
1041
1163
107
109
323
2355
2389
420
2457
1424
1803
26
1975
246
2181
2111
277
721
104
547
1903
227
2010
2171
149
1421
1679
1166
28
2009
2401
384
249
2177
1547
1980
324
1725
1740
30
1065
1764
1085
1533
2149
2085
2486
1867
1216
2369
2447
1562
1774
380
1691
432
1219
1345
1454
1133
535
299
1396
471
1077
526
1514
902
1757
1693
1768
855
1726
882
1349
1371
2166
1529
682
401
2246
303
2019
313
1548
685
1661
957
1495
646
490
1416
1670
1785
261
596
1311
848
583
872
2279
2347
1659
2104
1184
53
516
281
2070
2492
737
1577
2012
691
239
1561
1207
1045
2368
2129
1518
1650
1553
1155
1112
2430
532
1875
1559
2328
1359
1088
505
2260
1832
1771
2298
1374
2017
359
2480
1204
1414
1209
608
1923
1305
1570
463
1021
734
2193
1229
1654
1755
696
1107
1092
1406
522
1656
1434
1501
1144
1259
1124
764
170
1827
476
1649
70
72
1362
102
521
2491
538
157
2039
1036
919
2487
362
1402
1285
554
1517
2346
2370
1952
592
1126
2023
2045
55
1431
335
1620
477
2319
2239
1583
1346
467
1470
271
2477
189
138
1084
219
1020
233
136
485
331
2048
34
2063
1158
1281
1796
129
951
1078
1879
497
1226
826
214
190
1121
582
131
524
1291
1176
1849
1739
2037
2321
1663
1593
2191
881
1809
19
159
207
1339
1113
284
2226
88
1765
901
2360
1584
2055
1180
1309
827
2463
2316
71
1882
1984
1798
717
1766
817
429
1183
1526
1307
1956
1678
1914
1119
801
1356
999
1449
147
2097
1372
315
1089
1024
1680
64
838
1025
2024
1951
1137
1579
1206
2066
1962
615
755
2462
1525
1350
1753
1901
1847
2040
2213
638
2434
2453
2105
2215
8
2225
2160
38
629
1747
1985
693
2438
2262
254
225
2253
514
230
1337
1520
968
842
864
457
1003
150
1748
2170
203
43
1191
2479
205
1945
2086
94
1264
922
942
1799
1143
92
807
1412
290
1499
2270
1063
2068
176
2219
861
862
1754
1819
1708
975
1515
309
1915
1164
2233
1560
1491
386
1361
1235
2159
2238
2241
1644
792
1035
1457
489
1505
49
2424
1762
941
1992
206
143
2284
670
478
1400
995
1643
1893
75
2007
2152
2136
632
2493
1296
674
1550
1118
843
718
2223
1198
245
1983
900
1645
2426
1954
852
2341
391
1714
1639
1102
69
1808
1057
370
928
1677
528
1008
122
731
280
2069
2353
1301
1458
836
2060
736
2291
1718
2429
382
145
1538
974
47
2283
2290
2157
78
1916
314
62
2362
1178
987
634
449
1019
1149
2044
213
196
2099
555
1719
221
2309
1519
628
1253
373
2301
158
558
503
1857
1946
1554
971
610
443
2357
1853
952
2031
1440
654
2240
2375
2150
1690
1044
959
33
5
1073
1786
434
2134
1890
2293
2325
1125
769
289
1436
2028
356
201
1441
114
923
1313
636
1076
821
1806
1668
74
1603
822
1912
716
1918
2122
786
2417
1814
1270
1941
2472
1338
706
653
2310
2461
630
1456
1070
178
1320
466
2168
776
1986
770
1101
1590
1705
1442
536
730
679
2281
829
1632
462
972
2184
1910
440
1049
711
1368
1326
1865
1888
1381
17
1211
644
943
2059
1883
979
216
421
1591
1267
1723
1510
560
1136
1822
1459
917
2428
782
2412
2154
2342
498
1792
1366
1006
529
719
985
1795
1080
1009
2376
244
1310
9
2364
1602
140
966
1963
811
2308
169
1319
2234
1352
338
609
2244
2041
1831
54
40
1713
1047
1870
2141
