263
1081
90
2363
1063
2147
891
1418
1779
1598
335
2043
2263
2412
1250
1994
461
2131
2427
663
669
1001
20
727
1382
1456
558
1331
2277
410
818
2486
1713
901
43
413
273
1774
959
811
2494
426
105
2178
2392
1453
2126
1597
2449
2335
1237
819
88
403
562
55
1365
1142
661
2251
780
123
1420
2358
372
41
1964
1973
406
2233
51
2439
666
1614
423
632
1627
1204
11
2095
1861
179
32
1928
642
1368
597
2495
1105
1738
175
1168
2191
414
1790
789
1067
953
1030
1668
846
1320
938
1709
2023
58
2054
1515
477
1201
325
195
652
255
1742
1556
1122
1777
106
1117
2323
1931
762
851
527
296
1660
1623
1429
2371
1802
281
2212
1333
545
774
2213
168
1280
252
1784
1900
1767
2150
2261
1503
456
1468
1452
2378
65
1645
521
2207
796
933
2413
1579
1078
4
284
2460
650
1011
1752
130
2186
1384
61
1489
519
1291
1228
1177
2202
726
301
2113
1639
1205
711
1993
1759
427
2125
2295
74
610
2404
1364
2109
2174
1846
443
1531
1760
45
1269
528
858
2066
269
145
926
704
429
1172
986
828
1115
1813
1745
848
2368
2017
463
2318
873
307
23
893
1010
1023
930
1975
556
928
845
1607
1630
2134
1273
1513
934
1223
64
1152
2235
152
803
384
1812
794
459
1999
702
1522
1603
2013
984
1957
1434
368
48
1782
2379
852
1625
1481
2267
634
2332
1299
1904
277
1937
2169
54
1725
379
2236
209
1568
442
2397
2271
1107
167
1776
812
2464
437
1833
1548
681
1789
1875
989
314
735
1787
1716
1697
2248
498
739
1885
1792
807
2128
1521
1121
1673
1246
1656
1162
2116
1929
1977
1913
349
1039
2280
352
2155
840
221
2344
2403
1419
322
389
237
1715
1819
698
1319
2014
21
1439
2001
2304
483
859
544
388
2264
1486
975
2098
177
1967
1685
1535
34
1612
118
2436
751
111
2035
608
892
2343
2165
1135
752
680
2370
679
731
2041
1751
155
759
1638
87
756
570
920
2148
2187
1582
853
957
420
530
271
733
137
2185
2173
2364
2038
515
947
274
2000
1257
38
138
1740
2351
9
197
2414
1943
1905
496
1903
2170
2075
1408
2309
1593
580
1762
606
823
1129
894
699
2497
1698
1229
62
112
302
2477
239
117
1021
204
1880
932
347
1801
146
564
6
1581
2384
113
2317
1890
1430
1665
157
1492
1080
1174
1984
2489
2176
1436
2039
320
1066
2198
714
1889
2313
1127
906
1827
1306
2220
1095
1335
584
1551
1278
1409
1300
210
2140
203
835
2097
511
921
1311
1591
1730
1770
1044
1858
315
980
193
2406
18
1587
153
888
365
430
724
1325
282
1247
643
2319
1341
2467
363
1094
24
2391
1755
383
2411
1941
616
212
1960
1157
2393
996
464
2194
1585
747
971
2478
489
505
291
1604
1208
546
1508
1176
1126
27
29
1577
1128
1649
743
1689
115
2369
2161
286
1610
532
960
122
2093
625
2254
1510
17
602
1871
2088
579
1324
1874
247
275
1326
1058
235
2336
2373
1799
2330
1151
1318
332
328
1158
784
2040
2463
2094
2377
360
815
542
900
1826
1876
1189
425
1104
591
472
1467
2437
233
1305
502
1265
1816
1406
2156
2482
66
657
254
2321
1416
2409
2456
1415
1441
2417
199
1991
2003
33
2096
1343
1837
1035
265
2044
533
2476
1578
1258
918
397
2252
795
2105
1753
1219
716
2224
1915
331
2042
346
1950
961
1756
53
2338
1197
791
1828
772
1361
1164
908
1477
903
1378
1706
248
2188
867
418
1394
553
1321
659
326
174
419
1803
2217
370
170
1575
1024
304
3
1737
1377
1795
1234
2453
2326
1160
243
968
1116
1376
2007
392
1191
2108
1721
2345
1933
615
2158
1090
736
2008
2085
929
250
687
2021
897
1479
343
1636
279
398
877
1125
2316
1028
865
1982
2302
1829
2349
1898
1818
729
965
323
2487
1793
334
741
2272
1232
936
2425
913
35
2245
182
2259
868
1688
1916
2434
619
585
1608
1144
1391
500
479
76
993
1124
1518
1238
223
1676
191
768
2129
348
1233
385
1553
2389
2184
549
218
671
2183
1473
2387
1883
1412
1396
2274
1734
1261
1761
779
2440
1390
1100
797
1744
1041
2029
1764
1038
283
69
2287
1310
2221
1971
1134
1181
1003
305
2226
1074
914
2011
890
1451
2130
1020
292
2016
2448
1562
1322
183
97
1800
232
866
435
2076
1383
1526
357
1149
350
390
59
904
231
1443
31
1667
1487
1195
1267
646
2339
1398
1869
1410
2491
2091
722
555
2260
1192
1691
1920
2421
2442
563
267
692
1622
1491
1315
1851
1485
538
1180
1401
573
338
2355
924
2395
1405
1554
2104
2457
2356
1426
300
607
1317
1711
1830
1926
1750
1083
709
916
339
321
2466
964
2488
1029
2225
771
2166
2090
1862
324
1235
1569
507
1111
1935
1262
417
1887
1599
1363
2048
1215
991
44
770
2327
492
2311
1621
983
817
1033
2454
1613
56
1678
1504
386
1155
465
676
1482
272
1073
1226
754
1136
2151
2045
42
575
2239
2300
911
2124
380
2479
1670
1594
2290
1778
691
2402
1865
1060
833
310
1555
2470
133
1686
2334
824
1298
311
755
1729
374
2431
1040
977
158
1293
559
1147
2234
605
2162
471
1239
2372
149
1771
2438
1836
2399
2135
188
593
917
308
1561
715
1025
2122
1601
737
428
82
514
1071
290
1695
1618
1048
1286
1848
1681
2115
1329
1109
979
487
760
534
264
1965
1019
2308
180
648
1940
1651
455
1156
1222
1631
613
1138
2262
156
227
1825
1785
2027
1296
1202
887
2084
1796
2294
1497
1404
1699
517
1068
718
497
2160
1334
2107
120
2307
1213
395
1163
276
2132
673
820
132
375
2069
16
595
441
1196
2241
2077
1694
1282
1987
948
409
1507
1509
629
1927
1304
1953
2002
213
457
2138
1255
1098
1423
1018
1805
2410
581
238
940
1375
1330
945
1572
1059
439
954
447
1769
478
1855
895
2275
1448
1171
2445
677
1354
697
192
1690
1351
2240
882
1302
109
1754
1570
987
1704
1533
801
2415
2485
781
941
1772
1437
1093
2238
2292
684
578
1692
567
1669
1243
1099
353
710
230
100
143
1502
1899
376
1190
1392
490
2181
245
2407
2432
2146
1046
2120
1961
1131
355
614
1934
700
2465
1714
1031
561
28
1650
856
95
2492
1952
176
1723
234
2102
26
658
86
2068
821
1251
531
1728
1592
19
809
208
1847
631
2056
970
1397
674
2357
201
491
857
162
294
1949
102
482
678
1137
950
745
2028
547
2060
1671
268
611
131
2265
225
1997
806
228
1316
1974
1307
2024
787
717
52
408
2493
148
879
141
1841
484
1546
2009
1165
574
2285
1659
1150
829
520
1089
788
306
5
1757
1360
2046
886
1552
1909
312
592
719
2293
1637
956
2246
2192
832
206
119
1954
289
438
1746
2416
369
1684
1864
1511
1839
782
467
2385
261
1006
150
1564
319
1297
982
1917
1313
1359
713
1766
1245
367
280
1461
1399
2382
1457
2209
1357
445
2175
1386
1085
1447
1353
1132
1088
1102
2196
96
1892
1476
412
1346
178
1166
951
2197
1422
656
2103
2237
1210
1877
927
2243
1284
151
1514
1431
2289
912
923
287
1490
1596
1119
2092
1161
25
1731
907
1193
2177
2053
701
2089
404
1096
1057
125
1925
1139
728
258
577
1380
2348
665
2123
1403
1254
317
1775
2205
2219
1547
1632
1266
2143
342
952
1064
1958
1794
1445
1705
662
2269
2080
211
1529
2303
1648
627
68
1850
2139
931
855
560
1629
476
572
622
1962
340
2168
2279
246
1932
2032
2471
14
2034
814
1707
253
2087
910
586
1458
1034
1108
2230
503
1170
2473
1863
1022
2182
1519
2
405
1524
2223
1557
2340
1270
259
1421
1101
391
1942
1274
378
473
2346
689
226
364
377
1444
2153
337
1097
922
988
767
2110
114
550
1720
1411
793
1438
1530
402
1264
1566
2055
1224
617
732
1466
1911
240
134
1512
1118
981
551
775
159
1506
94
1328
126
874
2450
1842
2222
1831
1951
474
1393
1253
734
518
943
214
1609
1783
1130
1070
1674
73
1227
2051
2424
1520
937
198
1494
1301
1371
431
164
566
2390
864
1389
1026
1043
1534
2429
513
1449
1092
50
1091
1268
1985
905
1407
1807
1042
2050
633
1749
635
1263
630
703
1528
596
880
2268
1990
2253
2118
1002
1374
2337
2433
451
2255
166
1145
2218
1474
241
1373
1536
1879
2074
1835
2231
1797
1469
1425
187
963
1919
1532
509
1719
668
2322
351
1075
682
990
707
543
1589
1442
2018
2400
1647
1576
935
541
128
2461
1955
1065
2353
495
902
8
1791
2306
667
1379
1945
1666
640
1114
116
1852
992
1214
124
1726
813
1643
327
838
1339
1496
99
2441
825
1633
1004
798
2211
2315
411
2172
1009
1765
382
526
1882
330
706
2312
1271
1788
998
778
40
266
2033
1082
2468
2301
696
1523
2430
295
1154
672
758
2022
885
2133
576
189
1140
1810
995
186
1221
154
540
303
466
1657
1414
416
2305
1693
841
1617
2082
1944
1287
2058
1884
1611
2100
2190
1347
494
2203
1179
1732
1897
1133
1498
1710
173
1978
309
257
1480
822
870
488
843
2352
344
217
618
1849
1366
645
844
10
2475
236
298
1806
2480
1687
333
565
2284
2070
1501
2443
1285
889
944
121
1084
836
1478
598
2099
1854
1525
98
2447
1857
2380
1388
1981
1590
1290
1499
104
1352
2204
1047
366
2144
1005
765
1367
1495
872
160
1167
869
1052
110
499
2423
1349
2419
1472
2078
1252
837
2282
854
1276
2072
2452
568
108
407
2019
229
1896
1199
939
655
1995
47
720
493
776
1817
522
80
1748
973
101
2112
345
244
623
1013
723
1834
2119
2006
1527
1517
2270
1642
1440
637
2257
2037
764
1217
1362
1891
2354
1983
708
424
802
1881
1
688
1980
2012
2418
81
1061
1815
1717
1337
863
748
1992
1682
1446
1918
539
1616
2026
1433
744
2376
899
842
1206
361
2474
2059
523
288
1703
2020
1708
67
2242
1198
1763
2136
2341
1259
1996
1924
2283
1036
1970
1369
2481
978
2286
373
1079
313
884
2052
1820
1146
1428
683
316
215
2310
2388
1809
786
1824
1432
1724
371
2394
1143
216
2381
462
831
636
1907
1014
1112
165
896
2142
660
1619
1050
401
1902
2057
1966
552
1454
2010
242
2396
1886
46
749
1663
2462
1677
1605
1718
1860
1236
22
1016
1574
2291
804
1567
942
251
1230
2496
1281
582
1159
1541
649
2314
1550
260
2360
1032
79
1342
1700
1959
554
1843
448
1542
1544
202
810
224
1986
2047
2333
1780
536
1545
2297
2015
686
1294
1186
875
1372
721
396
834
641
1821
1988
70
30
2247
516
1141
1505
1338
1500
2446
999
1893
127
1244
1086
694
524
129
161
878
2117
36
1867
909
1260
1283
2114
1838
1413
446
1866
2362
1241
1683
1654
1845
600
1303
2127
1110
432
1076
1979
1385
140
1340
2065
588
2428
1768
510
1672
1387
1493
1868
1595
1563
107
740
1814
15
925
599
2154
621
501
1231
7
1948
2361
849
695
1976
1470
1680
654
2152
644
1910
969
1424
1072
785
171
2201
362
1560
1908
1045
883
1584
1488
1620
2483
194
861
1736
1053
1747
142
57
1123
172
1565
1356
2208
1859
200
1559
1309
1539
1540
422
2004
1741
1624
1969
1106
2073
205
1543
962
746
1655
1054
1989
919
2111
604
1936
1823
2350
421
1027
436
63
1635
2083
512
2227
766
1358
2359
783
2031
299
1344
862
967
2157
1644
1653
1640
2063
1209
1664
1327
628
1381
1483
2121
690
1661
808
2500
147
1516
1901
85
2367
1786
78
1462
624
1049
399
1207
2296
1600
1012
1912
2347
2325
761
529
1225
670
256
92
93
2137
2444
454
1696
1606
664
1178
792
1295
2062
169
1113
1956
2258
1037
1350
1571
1938
1000
1153
1289
1906
486
2266
626
2472
2164
1922
219
590
603
2179
444
647
1739
163
341
2458
293
557
2145
1463
915
1781
2193
440
2210
2331
1120
75
1646
826
89
1015
1175
190
1963
2365
1292
1856
2499
958
1248
1455
318
270
1055
1007
2250
1402
2342
1194
2273
2216
742
1323
1249
460
589
1069
2030
1580
2180
609
2386
359
207
1056
1878
356
1062
2025
2375
1427
1103
1773
453
612
800
1537
39
1583
1218
847
135
1923
1471
1679
1417
2101
1811
738
470
452
712
1169
1634
871
2299
725
1183
1148
196
638
433
994
1450
1968
1727
799
2232
1853
2329
2228
535
1702
763
685
37
1549
2189
639
103
2256
220
1870
139
1894
860
1400
1242
1735
1256
2206
946
653
1355
469
1573
1626
1008
1586
458
285
1872
1615
480
816
1188
2249
394
13
468
354
2163
1220
693
2159
1538
485
2167
876
1822
1460
1332
1972
2408
2049
249
2383
2215
830
1558
184
1277
1475
2086
222
1662
1712
415
1733
2422
1435
2067
2469
997
985
91
2005
1798
449
955
1370
1275
569
587
2398
2244
1602
393
60
949
1946
12
2401
2071
2484
1832
1308
381
1077
2229
1279
83
508
571
506
434
475
2328
1921
2199
1288
2490
1930
2405
805
730
750
548
1888
2298
2374
839
850
2278
2324
1939
329
1628
1211
1182
71
1808
2288
1459
2106
537
2455
790
1187
2281
2149
84
136
49
2171
2426
2141
705
1722
2081
1336
278
1464
297
974
1873
1216
1998
481
620
1203
1185
2276
1804
1465
1017
651
2061
1914
976
400
675
583
72
1743
1314
262
2079
525
1240
2435
773
1484
1658
1652
1947
1701
387
2320
2195
769
1184
1641
757
2451
1051
1840
1212
336
1895
504
181
450
1173
77
972
1588
1675
777
2200
185
1844
594
601
2036
1272
2214
966
144
358
2064
2420
753
2366
2459
1758
881
2498
898
1200
1348
1345
1312
1395
827
