2054
2220
1967
2307
1604
2086
2385
1373
2119
1750
2495
1764
1460
1079
868
1080
2283
1477
1923
412
138
894
2203
1613
1272
579
2158
391
827
1670
961
1760
776
602
1235
1939
393
2011
747
2074
308
2051
2453
906
2111
336
2314
1281
666
1101
151
1664
2125
918
249
305
360
1043
2365
1176
330
1746
124
2373
586
788
2065
1601
1264
352
2333
2151
2352
2136
142
1905
512
1042
1883
1218
1656
2071
616
2442
273
103
2272
1282
2481
1975
1803
1876
1252
1302
833
1450
1416
2108
2190
522
1208
2216
158
1554
451
702
187
1606
607
2175
168
927
80
2014
1863
965
1004
1430
2345
880
2355
1765
1708
276
1510
1096
869
1041
1047
1917
434
1653
716
1133
1980
1835
81
1696
2317
2027
2185
1333
1792
1858
1263
2112
1112
523
2196
2445
2380
1065
2227
909
43
2189
577
2184
1331
1362
1643
888
1485
2469
969
2010
1246
622
1078
972
2048
1166
256
195
1941
1028
1429
2036
1008
1473
518
787
1649
479
1413
1420
1994
879
2118
2372
397
286
1971
944
617
1115
1811
351
576
2388
6
1339
2400
219
2341
245
380
2089
1223
2395
425
5
2209
722
1222
715
2255
120
467
1732
2025
877
2141
627
1214
871
1312
657
548
832
1366
1249
764
554
1801
129
2259
1849
2063
1197
1847
801
1661
155
494
1173
2289
417
1334
1622
1972
964
444
1598
1699
1675
1965
836
218
1297
1216
1209
1003
1533
2293
2095
132
1184
1448
977
1353
2230
1403
2403
1739
1400
1982
555
2407
813
1620
38
1832
2250
1698
1879
2137
1452
2037
2433
794
310
244
16
1817
322
2288
970
1629
1141
1565
907
1752
1023
2114
2179
1102
1768
1055
329
438
1948
1833
450
1823
1841
2101
454
954
2159
2397
1286
2390
1874
784
1914
2104
718
792
53
1995
665
1707
2374
55
1910
1131
243
89
1284
669
1155
1891
2263
1648
2085
873
1943
384
1627
852
2295
1294
823
1998
188
491
410
939
1741
2102
526
935
2419
2191
268
1654
1786
1342
634
2297
2343
2268
1935
2138
1906
1442
1445
90
2213
200
2237
196
377
1385
604
1484
697
1837
2173
1305
39
1322
1946
2033
225
178
649
2024
2073
2290
1237
963
140
430
184
2323
1587
537
1464
118
1679
1217
1805
990
1481
1317
270
597
2223
235
1639
662
404
885
849
136
1490
2447
936
1465
1870
789
1134
672
2265
1652
866
1179
2271
1636
1927
32
2427
312
1457
1940
1314
17
1320
2311
127
2201
1544
729
1221
956
582
1539
687
1455
8
2459
1280
2346
1957
1799
75
1520
2316
1391
571
165
2460
1057
1185
112
694
1074
2100
1964
1508
506
2157
320
1530
1189
167
1977
875
1001
814
679
67
106
2103
1060
2009
395
141
1512
1117
2172
1962
830
1309
892
2466
439
77
1616
1717
790
147
692
1729
157
1756
2472
1404
1135
174
1581
2126
552
826
2329
1976
1875
2366
368
2069
933
1628
1562
1091
263
1659
2168
738
190
289
2206
1815
1380
556
1727
730
358
2313
316
929
2318
1128
544
1110
65
486
1066
1767
1006
2045
1949
2438
2207
1187
1566
1438
1118
2440
712
2379
741
1031
402
1012
1138
560
1978
772
386
198
2001
1143
1313
2226
2214
919
153
922
1392
2294
1558
1081
2262
482
1426
171
941
1951
385
737
2180
2411
1109
1204
1867
202
2418
1574
856
642
280
288
1045
1405
228
2497
1589
355
497
541
1327
2269
1219
2094
2000
1356
1963
610
22
746
1205
1723
1814
1806
2058
566
2047
1573
134
1308
2480
448
1040
2143
1194
2357
36
2026
1236
2222
1517
902
1340
41
1918
1489
845
2475
993
1174
344
912
1529
1163
58
207
125
983
1010
1161
1428
2130
1158
1807
1229
389
1501
727
382
1853
520
2134
1067
301
46
1019
782
95
1762
1689
1956
1220
975
1089
2167
573
798
2181
1585
1461
514
37
1289
951
1868
2281
680
2276
1567
265
862
419
2381
1795
1997
2163
988
816
675
1379
2064
1845
858
1150
317
1466
2147
399
1592
93
1007
51
1295
2070
1719
808
1274
1468
2110
197
2361
507
1123
2021
206
307
991
1672
769
1032
374
1414
405
143
2178
934
180
1469
2487
2303
517
1140
457
54
1831
2264
839
2319
876
1459
1816
341
2247
297
2195
2050
1026
1177
1348
946
1836
652
2463
475
559
2471
152
13
898
661
423
704
1418
1800
26
1916
1929
1365
1345
2273
708
146
119
173
648
266
502
394
962
1035
904
122
284
363
1547
1148
223
1798
476
745
1624
1968
250
462
2156
731
984
179
1417
596
1909
2135
1605
163
1039
191
1894
550
1341
2342
2029
1686
1453
1953
340
474
996
342
15
2465
887
1283
1608
1958
676
841
1000
7
1824
1343
304
1311
1372
540
1561
1435
581
1480
1397
1107
948
2043
1838
734
1651
695
1054
1655
426
1291
2005
2002
456
327
1536
838
987
96
1215
428
2232
1013
2204
269
521
1705
884
335
2496
170
1425
1232
2483
2421
52
592
551
2017
47
1505
2182
1301
950
593
957
937
2422
50
2128
2362
1020
1677
1015
403
2252
527
1210
850
3
2098
108
920
247
926
646
238
1602
323
203
2176
1180
834
1433
298
1738
1617
683
2474
1127
1596
1534
891
431
562
2298
346
846
2257
447
332
1072
2140
2210
318
1983
333
2145
483
612
1896
261
279
79
752
1034
831
221
113
99
624
233
720
199
2170
2162
40
1966
189
1671
1576
629
1720
2106
2432
1024
154
1790
1864
1497
101
1928
1866
257
1325
2
557
2129
800
283
751
1239
677
1907
2028
366
14
1076
899
418
536
1025
1766
183
1787
905
626
2370
469
844
306
1586
1
334
1050
2044
1610
2149
1676
74
1027
1984
1569
917
807
2084
2092
842
2239
1017
2450
2093
1583
1119
1382
1224
2235
756
1580
400
1318
2347
488
1077
2038
1014
2132
420
1954
1535
2205
1213
614
1556
952
1731
437
947
1486
1056
326
2127
1924
2015
1108
1730
2254
2041
1285
1259
2302
1922
1467
1005
924
900
452
83
490
538
742
2353
1779
1509
285
2369
973
2053
18
847
1911
684
599
673
1740
1456
2492
2279
570
663
1116
709
1254
1855
1856
204
1834
1992
1828
1378
1614
337
503
531
1269
1390
2315
889
539
1885
1690
1090
748
911
253
68
1826
2467
1541
1645
214
1064
578
1716
953
156
1667
1595
913
1920
1258
1178
1151
254
2018
2296
1852
194
1409
1553
1888
2470
910
1144
1563
1440
1359
212
549
236
1564
1591
1009
1791
1919
978
2277
107
2164
2082
364
205
2287
1190
182
821
1338
1388
2042
2461
1577
1633
1844
2309
1873
88
2420
370
874
328
760
1736
1839
564
311
1662
1444
763
1882
1555
2123
2458
1678
1310
1887
2266
354
1582
979
644
524
2328
97
1618
1594
872
2107
449
670
2491
2282
2154
1851
2324
818
339
1986
1903
2312
1611
930
2187
1093
568
1097
667
1059
2013
1048
706
2023
651
1743
262
1268
215
2378
291
733
637
1142
443
2354
1523
1196
217
561
1363
248
1168
343
897
121
1088
1227
114
414
1713
1471
774
11
282
2188
274
766
1383
2088
1503
545
959
861
854
1548
890
2473
227
104
819
1375
2457
1840
252
810
1854
2280
1374
2413
943
1038
353
1793
1153
264
2067
1781
2494
840
668
2049
633
703
1542
60
2398
2007
2478
855
1724
2401
230
1703
705
1022
1329
1046
415
1658
1251
696
210
213
1514
1900
302
1063
2225
1660
23
1955
2078
2056
1376
2075
2377
1657
2285
1776
2399
2417
1755
375
1812
2437
908
35
2340
1913
1113
1568
1132
1892
509
2199
1550
1931
1697
1296
1684
161
2436
717
732
1175
387
1462
1783
299
481
1287
2431
2160
1061
2142
30
240
1881
2408
2415
378
1579
2416
2131
765
1937
1136
1588
1326
2386
829
2383
1449
1794
1749
803
465
1757
635
580
1381
2155
1693
19
1149
740
137
48
510
671
1802
176
2256
724
574
2090
903
480
2228
1049
493
296
1687
25
1575
603
699
1002
2360
1773
237
583
1238
591
650
960
1599
477
259
1813
2490
2387
175
2326
1360
1706
2177
1332
1590
928
1454
690
1737
1895
2351
1673
1393
435
1560
1516
1265
145
824
313
359
1422
711
1782
609
1626
94
1692
21
1818
1267
659
421
2217
1899
2202
2165
1387
100
1256
2083
837
921
985
2012
1436
2376
1763
1347
1346
478
1593
1370
1944
2367
229
1451
1266
1228
1273
901
1612
655
2004
1349
1165
1106
1288
2150
1162
989
1120
2236
664
1369
674
1183
767
2040
750
1401
2072
701
883
392
1532
660
1621
277
460
2059
2424
1240
1578
1871
744
4
1725
2193
166
1367
2116
2124
471
802
1443
85
2498
1241
2499
1423
148
441
2292
1182
1160
1886
177
1407
2284
1319
525
1734
459
1748
2152
208
1248
886
1018
1415
1830
224
1154
828
1993
1537
1545
1167
1159
185
682
1519
2194
2375
529
309
775
472
1511
1772
29
1769
2260
1211
2278
1513
1663
28
442
424
2308
2382
2146
2320
2456
958
115
1709
356
292
859
2105
1524
1644
1528
1735
1323
1632
455
870
2371
505
640
1419
726
1759
998
1352
619
625
1398
1893
2133
881
105
2231
1260
1421
31
1637
260
2244
1942
878
691
1250
1395
968
92
569
2321
1396
1446
896
1111
843
1991
59
186
1625
390
2327
369
70
466
149
2242
1021
2076
811
2486
1432
681
1681
251
2253
73
2060
2249
595
1921
1099
1989
628
572
1493
338
144
2020
1147
1499
757
1394
535
796
407
1337
1361
2344
1904
2358
1829
791
2081
860
2300
1546
2066
1083
1665
131
1316
162
567
1726
499
995
383
2404
117
1721
1600
2444
1126
1985
1200
2291
2301
608
815
2166
804
639
2238
2215
1959
739
565
272
66
1619
34
1070
1960
1518
1085
771
1062
949
938
2055
1354
42
1476
1860
164
64
71
1193
321
1646
2350
1139
1069
1257
2068
1207
1543
1507
216
1753
779
2097
1321
1936
511
1212
1029
2099
923
401
2251
2077
413
485
9
295
1857
2428
2306
976
1195
1188
914
1912
2030
388
464
1635
160
864
1441
2171
1842
61
242
2339
1902
232
2087
1938
2079
762
2243
1848
1683
1718
780
133
429
1463
56
1016
357
2468
799
1970
590
1051
1820
882
169
2462
1198
1861
2169
643
2338
1104
2500
2368
2396
290
2248
347
241
653
1488
768
1103
693
1084
1862
1384
1745
1137
558
925
1630
2115
584
1915
707
1447
1538
618
1412
2441
2008
793
2414
585
945
1129
2446
1631
2476
1682
1479
432
2139
1744
234
1355
516
1615
1584
1315
1761
2246
563
2233
865
2425
2384
2120
44
2186
621
542
1701
2022
688
700
785
2305
822
1242
150
324
632
2334
534
116
2057
159
2493
1475
1100
2153
1124
1171
1898
820
857
1202
528
1275
1714
2275
806
500
1609
1880
1181
1011
1058
1846
1458
575
1897
797
1086
1278
1552
1669
349
916
685
513
1169
1865
966
1431
445
62
1434
2080
63
1437
1277
1733
915
1053
123
1819
126
1572
1037
1290
49
2113
1711
1877
1641
350
1889
678
1642
1122
1350
111
433
1890
281
812
1299
78
409
2224
1410
942
91
736
2430
33
468
530
2393
473
2435
446
546
1685
1785
453
1307
1770
1270
1640
1500
1527
1192
755
489
2337
735
647
1704
761
753
496
1775
69
1411
2274
2406
631
1271
645
940
495
2455
967
348
1095
2267
719
2121
271
2409
372
508
1483
2451
786
1908
1932
2426
1521
1386
1203
515
710
630
1364
2052
1634
853
2035
1164
82
1933
1033
2405
1496
986
1191
1638
1230
1969
172
2212
1999
532
1925
1728
1603
1988
658
27
805
1754
275
2208
315
201
1607
2122
2229
638
319
1522
2218
1358
463
1098
1952
1439
1406
440
1827
2359
2448
2364
611
1570
1172
2200
1784
1674
1808
2423
1694
1087
1082
1934
1778
1092
1225
2443
1152
278
2452
1878
656
974
1231
396
606
1700
2429
362
1695
773
1950
1030
1261
2477
1780
781
379
484
1774
2019
193
1243
2091
98
725
2062
654
1901
867
2331
981
553
1121
1758
371
128
1647
86
1987
2310
713
641
406
1044
2234
2031
519
1244
1474
1506
487
416
192
1947
2356
1710
1796
2410
2006
2482
2032
971
1666
436
376
2061
246
1336
2034
1715
2221
1623
12
2016
1973
778
1125
2046
1357
589
997
1247
1990
594
2144
600
1330
2434
1424
863
689
1351
992
411
795
258
331
1377
605
1549
2245
698
367
931
1276
2392
2335
1869
2479
2489
2109
1926
1771
1540
1306
893
1130
1789
623
2039
87
422
2325
1253
980
470
1825
1712
2198
2240
325
1492
999
1981
10
1494
2304
2261
1293
458
723
2394
543
303
1073
743
2439
1146
1233
1571
1872
1068
2003
1344
1504
721
2454
1859
2363
1843
1850
2174
2161
1979
492
109
287
255
226
102
895
1822
2219
615
222
1526
601
1702
498
239
1559
1821
504
825
1515
1557
398
1036
294
2349
783
1206
1495
636
1201
817
848
994
759
2332
1597
1884
1335
2241
1531
1930
1680
686
770
1105
24
110
1650
381
2412
777
130
76
1255
2322
1688
1075
2192
2464
1304
2336
1491
851
231
1298
1145
1368
1525
1399
749
20
1157
932
181
2485
57
955
300
1052
1156
588
1502
373
1691
1482
613
1961
1810
2258
1804
1408
1472
1389
209
2183
1292
1300
1551
1722
2117
45
139
1324
1114
408
1427
547
72
427
1303
1668
2096
2348
345
2286
1498
809
1262
2330
2270
1094
220
533
2449
2389
1071
1809
2197
1747
135
758
211
2391
1788
1470
361
1797
1234
1974
1199
598
1328
754
587
1186
267
714
461
1945
2488
1279
1245
314
835
365
1996
84
1170
620
501
2211
1371
293
2402
1402
1777
2148
1226
1742
728
2299
1751
1478
1487
982
