97
2342
704
267
1062
692
640
1972
1197
672
275
467
2170
2450
1671
1624
832
1585
1191
244
2264
188
693
79
300
2077
168
1844
327
170
296
1749
38
308
1968
2411
143
1033
996
1618
1643
123
64
1223
2500
908
917
564
1879
167
274
126
1888
584
125
715
60
390
776
43
750
517
2173
2146
1543
1910
561
1298
1931
2236
1772
1419
1504
1912
1176
1616
1989
1150
361
589
1603
391
1761
1699
1133
2415
1708
1947
1534
562
2212
1476
317
2457
879
903
1361
344
83
31
754
803
615
1655
775
575
1359
1338
1159
189
724
1781
1007
1284
1021
763
889
2254
2037
2356
1826
554
1731
293
1951
507
1579
835
1004
1610
430
78
1288
169
465
2327
1821
1963
814
685
2489
246
1178
822
393
365
1581
212
1467
1812
2190
1002
1547
345
617
2472
1083
165
1936
1755
51
576
1498
401
909
1526
1929
1181
2046
1255
1496
2206
2312
1567
2050
424
1853
913
2164
499
146
2180
35
102
856
739
2288
1416
1978
712
2244
224
1478
2064
1770
1858
454
147
1224
787
155
1555
1775
1784
1551
742
1641
185
2260
1339
103
804
995
1675
1304
1528
1285
2049
2132
2488
2276
809
937
1132
1012
1140
841
1120
720
1489
404
1997
543
618
409
786
1278
190
447
2418
1103
1454
2150
379
2482
34
567
1109
1292
2490
1887
1228
2367
825
1245
1850
184
586
1124
2238
985
2016
1332
1274
289
196
1766
898
975
1041
1031
709
1937
1001
1063
1672
600
129
119
698
1629
1918
226
716
1037
675
1087
2287
1748
1052
2269
915
1750
1789
1904
1108
1763
2109
783
794
1620
176
2089
764
1059
1095
1759
491
403
1796
1634
1843
2293
2171
2014
1563
790
128
439
1998
876
1863
1472
519
1903
2432
15
1233
2261
1703
1247
1252
2048
405
2139
1358
2385
230
1029
2428
442
2101
12
2126
1136
1073
1094
1849
1180
1253
868
1651
520
1455
2311
606
1008
2331
1874
108
1000
1229
101
338
942
4
648
502
970
548
145
659
778
2395
1839
1152
58
5
2012
644
2060
392
1540
261
427
800
1085
2263
2177
378
2003
2187
978
2058
1570
1452
1055
1938
676
1330
1697
2234
957
478
1
566
1363
1118
2138
512
59
749
207
768
159
304
608
358
1607
484
1084
1704
1433
1969
1588
319
288
1501
1177
2054
1719
1892
1516
1633
515
2492
1414
2414
753
2376
96
1402
1270
1965
2116
1131
2436
306
63
667
793
1116
357
1995
1082
332
142
1797
629
495
2082
1210
1690
862
726
44
2267
1193
443
158
546
1096
1340
1125
1934
1921
1943
625
1594
533
1816
2433
874
2148
383
19
111
1301
406
796
2041
1696
556
1875
2147
1842
2437
1600
215
931
1395
241
1186
1344
441
1295
195
2351
2290
2278
1147
1195
254
1856
1264
1503
1236
1060
297
1345
647
1662
1909
138
25
1379
1773
1523
1405
892
622
1650
960
810
1854
1582
1422
2087
2407
545
2205
2426
1981
2068
3
2409
139
1930
1410
2316
1851
1898
1899
878
1580
1386
501
482
1329
257
151
2313
459
2093
2142
342
395
1185
1619
1482
1694
271
983
840
242
2483
2347
448
679
92
2449
2459
2349
1302
571
11
2030
1436
1723
1637
2406
880
2250
2446
1458
885
1758
1382
1721
1914
855
1652
2303
1508
200
1075
1601
194
2448
2232
272
265
1187
1878
173
29
593
645
1923
652
1828
2044
1038
1711
2169
2133
1815
2127
948
1754
295
2168
1817
1099
93
2256
2371
1753
420
1307
1149
1632
1086
1155
2495
624
298
310
1259
2233
1415
1973
592
152
384
350
884
1014
1325
850
1814
1495
1722
186
114
1599
402
422
767
968
568
1952
2223
1630
2069
1161
218
1596
1348
1542
251
1146
1170
1145
532
1380
1980
1701
268
2204
229
1396
202
707
105
837
489
1009
1813
2155
1977
1214
462
1665
1780
658
952
607
474
1825
1091
1183
1061
588
2266
2333
1896
967
857
1793
282
1561
377
1819
1999
1545
2074
890
221
2298
104
1890
849
2304
2365
85
99
1066
2373
1079
355
399
875
805
1005
1272
813
981
1013
1860
2023
2249
2209
2231
1026
1475
238
821
1308
2120
1985
387
473
2378
733
2396
1049
2398
2226
2227
2239
2322
912
621
1924
1718
2104
2076
2018
1524
539
657
1908
812
76
1649
1065
235
2277
1920
1790
1568
1216
106
1368
1343
1294
1928
950
55
47
842
1870
1871
1698
740
1960
833
1383
116
1208
865
1535
873
1771
2007
2314
2108
1350
48
6
485
1142
2004
236
745
998
1950
372
2387
452
2006
1303
1319
110
1953
1881
1657
450
1730
1468
1239
1047
1957
2229
2471
964
599
301
1765
824
1919
1164
1757
1520
990
1212
578
320
120
1097
197
859
2051
689
2178
725
140
1801
1628
2359
2225
127
1392
1572
2183
1266
631
2045
1320
761
346
2470
2469
595
671
766
2161
1518
1807
762
2320
2222
397
1281
451
2067
870
1565
1447
506
2306
1713
1286
1117
359
721
2464
1003
2268
1552
1169
1310
2388
2392
309
582
815
2021
820
134
2480
2473
363
966
1906
1421
1112
2118
1397
933
1444
318
774
1499
1484
1521
1411
601
54
2079
1246
1679
183
2091
302
697
1226
1578
1069
1316
2345
56
1390
853
744
164
2485
362
1104
2337
731
1626
1800
651
1282
1638
552
10
827
329
1622
1443
2421
953
817
1249
1165
260
1736
321
2015
1513
1725
1747
2399
2113
1933
150
649
705
1351
1024
2478
220
895
369
1461
2455
977
1459
2494
1788
1011
1905
1130
1573
2439
225
2438
2188
2462
1735
1305
351
2294
580
980
291
603
2035
1428
770
1354
656
2026
2377
635
1456
547
1949
777
1500
610
1078
287
801
49
2167
1258
663
2202
1346
2251
2215
1439
340
1102
1144
1866
673
2461
247
1970
634
2336
929
1046
2279
423
192
1640
1234
281
307
1412
311
1403
1032
1847
2259
1868
1782
751
510
446
324
1162
1605
795
541
1740
1261
1365
2318
2129
1553
231
920
2435
1744
1916
1081
1556
2413
2137
2246
1506
1564
2499
860
991
1894
2379
394
1460
2141
356
2181
1297
1372
906
1057
84
1583
1857
1614
1291
14
421
1774
113
1290
65
703
570
2119
516
1217
1043
222
747
20
456
1848
627
1646
2043
1831
262
341
1023
1658
253
1479
927
1907
52
2095
834
1279
1794
413
2329
408
1762
400
1137
2283
1315
75
2326
380
549
989
1019
1168
1707
1446
919
276
86
1381
1257
1373
1532
907
2286
1674
425
2084
1901
781
2031
233
944
1738
1517
162
95
280
160
1955
1141
1522
416
367
1566
930
2440
910
717
2445
2284
784
1039
1687
643
999
2034
1945
193
1287
653
2447
1886
1016
513
2341
1092
232
587
2262
263
1509
1449
352
481
1200
1364
1883
487
684
1673
2429
737
118
1691
1371
2430
42
1250
1530
523
718
121
2383
2441
1044
2350
1832
2214
1327
1557
388
2425
1811
2038
1574
2486
1211
429
619
1222
973
612
407
2401
2297
806
2207
1531
326
1048
530
934
508
1064
902
1323
846
294
831
986
2324
21
2195
1606
1536
2424
1488
590
1331
81
662
2400
1702
1077
1366
2243
1265
1237
273
2201
2097
2098
1571
1114
445
681
1695
470
1179
642
2059
730
259
1317
1608
171
457
1786
373
1864
836
1213
2452
1430
583
972
1613
1423
772
1544
1322
1072
914
905
2444
1693
243
2240
2182
674
386
1752
24
2255
669
911
630
732
1979
1575
1326
1743
1728
1915
1156
182
2386
620
497
328
1251
1299
700
53
688
559
2123
2220
2456
2389
2442
33
1932
1742
2235
2487
2338
1070
632
1741
958
2325
1035
823
1615
773
945
1074
270
1464
36
1739
1050
2305
1289
537
1205
1576
1569
2208
1944
1474
109
16
854
690
1068
1355
551
2466
1927
1992
1562
1734
1925
209
1882
2221
560
1418
1733
867
904
153
916
1126
1067
714
2094
1337
2476
2140
2346
1714
974
529
2088
1088
782
526
1248
702
2145
2036
1393
2192
2491
1129
461
1235
2248
2143
1777
1961
1529
2404
1451
2063
579
2198
498
1207
572
2125
2158
1093
2092
646
335
1537
2112
1440
2420
1627
613
987
848
375
1267
844
863
322
1469
1006
69
687
738
696
431
1835
2197
1682
334
1485
1660
227
98
965
449
137
1377
336
565
1710
1891
1612
563
245
1399
1491
1017
1586
133
2083
496
2412
1036
414
1293
1182
1309
2344
888
1810
2081
1100
1453
353
1846
73
2162
1242
2172
1113
1424
2247
411
8
756
943
897
1244
901
1760
1277
521
2391
1922
1946
1644
435
255
2086
488
290
1827
1375
1042
2353
993
1431
27
2230
2128
122
2307
2075
951
2390
573
417
469
1260
1642
1194
2366
1190
514
349
314
1712
240
1546
1685
928
428
1527
2258
654
2362
2352
2361
2453
1948
2422
2431
2078
1913
947
1174
1157
464
1409
2039
264
2498
1692
1769
2443
540
82
1724
789
1684
1394
1209
1939
112
1505
71
1779
1688
1639
1732
1128
2219
166
1975
1935
2184
2270
475
1880
1098
2174
1836
569
828
323
1105
1398
2358
2165
818
2130
2382
1664
1347
1054
585
206
1313
1802
2102
1941
1219
852
1384
187
699
1984
752
780
638
2252
1167
961
591
1493
2011
924
1463
483
1173
364
1151
2253
1153
313
1783
1492
808
743
2151
982
1900
1296
2022
1956
22
2481
219
2475
1889
555
26
2176
771
316
695
2157
9
1648
1525
2025
39
1115
2057
2291
214
1438
887
1256
1494
1869
1275
157
1404
1448
1803
1653
1369
2357
637
198
1820
1172
2136
1483
370
45
525
791
1902
2299
614
2484
248
2149
891
2163
1845
1445
706
1391
896
1631
531
1645
1512
2216
1429
1407
1401
68
1967
490
1745
1318
175
1045
2296
1268
239
1300
368
2308
1051
1413
1262
1715
2493
558
1656
962
719
2393
877
1778
62
2285
2152
2114
1861
1986
847
2479
2
2275
1122
955
1709
710
1058
72
1027
664
492
70
1080
2062
2237
741
412
299
46
1432
77
1595
918
666
1502
2009
2496
366
713
286
1148
1406
2185
1792
1240
2368
382
303
527
178
2309
1010
1507
2008
2103
1510
472
389
1357
1349
1647
2073
2372
471
500
2280
1441
997
1515
1374
1334
2070
67
2369
2117
1982
858
2274
1602
2217
597
1473
2460
1668
2122
959
2135
1497
1143
1538
2408
623
2131
477
504
266
1269
2010
524
1376
1751
2156
701
278
284
1593
1841
935
1604
2340
1360
1993
1862
869
2477
1127
759
130
1312
1756
1872
979
785
2110
609
1829
1215
826
2317
1328
180
1589
453
2175
1020
2144
941
415
269
1160
886
2310
2354
830
1893
792
1776
1378
1283
458
626
799
538
410
418
2468
636
686
2072
2001
894
2080
1746
444
1218
1225
1204
57
1119
2419
2106
1591
381
279
802
1824
1477
23
2160
503
2042
940
1670
1198
1022
486
228
723
557
2200
1548
480
1356
641
1232
1590
1795
2065
1203
1196
2013
1028
1254
2199
839
1767
2380
1720
1263
2055
1966
28
312
2228
843
1465
203
2100
1804
1541
1823
2374
136
923
2474
1806
528
628
161
2179
208
1025
2348
2497
988
216
493
1884
1370
900
994
1988
1859
2265
807
760
32
2040
2154
2319
89
594
1635
1480
1514
283
40
893
292
518
1336
509
755
1434
1962
1388
765
1636
87
851
476
1231
1940
938
2002
135
925
872
2370
1111
871
1706
829
466
1926
1487
2096
217
542
50
1729
2032
2410
252
1519
1584
1623
1959
1717
1897
2224
602
1352
1799
432
463
2121
1681
2107
2330
816
250
727
2053
2124
1457
374
1942
1201
2273
199
2159
1408
722
1852
132
2397
932
1996
360
1554
1015
30
1683
691
1994
7
1040
2115
639
2343
2416
1425
969
2321
1280
939
41
331
2405
325
1335
1135
2028
2085
1076
237
1676
581
1171
234
954
205
1220
2191
1511
148
757
788
494
534
2384
1840
2272
163
1324
2134
1609
1227
117
748
2024
1163
1189
2099
1834
1400
2451
1437
1559
460
2355
1462
1666
1974
330
866
1877
596
665
1737
1056
971
1367
1667
201
2334
343
1560
1680
1764
348
1490
1071
1184
426
1435
1661
455
1558
1230
191
1481
2335
758
333
258
2111
680
1617
984
2061
2423
2289
91
936
1990
2203
249
436
660
1597
440
2375
1533
2000
956
2281
385
2194
1053
861
2301
1341
1166
616
1876
434
179
2463
926
1426
1971
479
18
2066
141
149
347
74
505
2019
2300
131
2027
1090
1123
2402
2394
1342
1677
1138
181
683
1486
1450
694
371
883
80
2315
735
1654
2271
1385
376
90
1241
2454
729
1420
1199
66
156
1885
204
574
922
1611
1705
107
2218
655
1838
2434
1768
536
2047
1470
668
339
1192
779
678
1625
1389
100
1964
438
1175
949
1106
1987
1791
2257
946
2196
2017
670
1621
1700
37
1958
1808
1598
798
2295
305
2245
1206
223
1917
598
1427
2005
1716
2364
661
1787
976
1726
1188
2292
1273
468
963
1577
1362
1798
1689
115
1686
174
1855
1911
354
13
1238
1221
1785
1805
1417
577
277
1243
433
1271
1089
2071
2242
2033
1466
633
1311
2403
611
2090
1134
1830
396
2210
1895
210
2241
2467
17
144
2020
604
736
398
1727
1121
746
650
899
728
1837
1110
61
2339
2193
1139
1678
2029
1034
1471
1833
819
711
1018
419
2186
734
682
1976
1587
2381
1822
708
544
2328
1873
535
1867
94
1865
864
511
605
2166
1158
2211
2458
1669
2282
437
1314
1809
1030
1321
2323
992
256
2427
553
550
1659
285
1663
2052
1550
811
2302
522
1353
2189
337
315
1549
1983
2105
1306
211
1101
2465
2213
2363
1154
845
1991
1276
2153
1818
769
1202
2056
1592
88
2417
1442
882
172
2332
213
177
838
1539
921
1954
797
1333
124
677
1107
1387
2360
881
