347
1560
2004
2261
448
82
1892
1393
839
1367
1632
1058
1574
243
661
2205
316
41
1246
225
476
775
2276
2275
830
1185
2197
2417
1411
669
897
1753
76
488
1433
2157
2099
1848
1980
2085
484
747
1906
454
1171
705
1478
380
619
824
1957
1039
2129
1487
1756
1486
1847
1324
346
794
1614
1740
1734
219
1252
1568
1146
984
1546
500
1608
677
1046
998
1814
1163
2158
1074
1665
93
755
1414
384
154
832
613
1744
942
2272
820
1331
451
2322
56
600
992
1803
1796
2047
1254
1380
1035
980
861
1538
2156
1471
2246
359
1927
1318
2238
2192
2367
1418
1244
1307
802
898
1238
320
189
428
959
67
1371
199
1718
1552
1898
2018
1804
324
610
1284
236
2343
1005
910
2370
603
1537
1346
1700
2304
656
83
834
2489
627
707
282
2493
2383
1048
1773
766
33
867
1089
1310
2006
2472
123
650
1225
1856
2494
777
1097
399
1507
1787
493
2139
1720
1668
1012
1767
770
213
2042
721
2163
1564
132
1232
1112
562
982
622
571
2223
1808
1044
403
1518
2025
1099
570
1278
1079
1998
903
2387
1928
494
1064
19
49
809
1890
2409
556
2385
1897
2249
939
1618
2404
905
1685
1312
1839
1761
249
518
783
961
872
1584
388
1826
2168
1286
2032
1863
2347
330
1114
543
2184
1287
1636
208
1221
1200
574
1034
2128
343
1879
1302
335
2050
915
288
553
810
1259
663
2496
1162
949
660
537
322
974
709
2340
976
61
1170
2492
2040
1401
1068
2172
1694
502
1869
550
1290
2003
1130
1788
2038
1862
126
2397
1212
1686
425
2182
2051
1015
84
1915
953
671
1240
893
406
2080
899
895
784
1809
1596
1253
1722
15
1001
1381
817
2213
1169
402
1065
2357
2253
133
546
1076
2084
401
1709
1798
1901
1476
377
1597
456
2394
1133
1725
1680
2251
673
2141
2039
1719
2161
906
163
1627
2295
2065
231
58
16
2410
1800
1247
1025
1119
2331
2033
78
1429
2036
1797
301
1759
836
1726
262
350
659
907
1870
1306
177
1434
1541
754
244
1070
2100
311
527
2300
741
1045
1233
1315
1459
1479
2191
609
294
1785
1833
541
1967
1184
234
2113
158
2377
605
1431
1350
307
2073
12
1189
2228
455
23
171
2063
1106
68
94
2497
666
2064
37
2308
629
247
566
128
192
1556
1846
1961
1279
2335
1675
332
1412
2324
1081
2435
86
869
99
913
144
1309
228
1436
1235
1183
1498
952
2279
1264
1366
2467
2252
788
989
1300
174
995
176
1392
292
1707
482
1137
1410
1746
1
338
634
180
1765
1032
77
2371
2078
88
256
2232
1557
465
568
889
1492
2425
1851
1298
2434
271
355
2293
2242
2201
1590
1485
1937
1664
921
266
2369
918
1033
1206
592
1576
545
2307
1903
2244
1510
1981
407
1550
2096
353
1019
1438
32
1905
2234
2237
1496
393
894
110
1871
1299
1818
515
977
1362
2015
2193
1575
1931
1477
1501
277
968
855
618
1549
1873
1561
263
1758
2209
807
1945
1828
2202
1534
1102
29
1620
2481
2396
1644
356
1677
712
1841
1148
1280
2150
2216
1616
2240
1008
17
2412
1022
1482
57
881
693
1565
2454
757
2290
581
1836
2239
441
295
774
626
621
1236
778
2131
1489
2013
979
160
1442
416
1194
2134
1819
1204
608
1090
367
2416
2321
1080
651
1555
1783
565
759
1648
2258
1672
2054
207
791
862
1585
2194
1717
700
2391
1337
944
1066
1530
2323
1385
558
414
1662
954
1810
1153
2204
1738
2220
2386
878
1202
197
371
530
489
1513
2475
348
1966
2314
535
397
1821
1425
2250
438
1923
1154
2020
2474
1198
1573
206
104
1827
806
740
856
2271
1789
1255
932
653
1175
718
396
692
1098
1499
1413
969
1583
2333
1721
2170
987
985
246
2183
1243
413
1275
1942
1939
1902
936
203
904
1515
1884
1092
668
222
1117
625
1267
2447
655
858
2460
2354
826
1535
1088
633
986
1876
1009
409
1559
1173
2378
1115
647
1994
2187
1853
2001
40
2114
477
2338
584
2359
628
599
1282
1642
45
112
920
1888
593
1589
1971
2432
1635
1628
1581
2438
1735
1519
2465
1274
1817
2102
1370
1109
1731
309
638
1116
2312
2292
912
2090
233
559
1356
560
1041
2353
554
1777
901
237
1124
179
2384
1782
2043
1763
42
2081
2142
1887
2148
2151
1918
587
1553
2299
1217
300
945
1649
1143
870
2000
499
1340
1484
2365
127
2149
2433
1655
2490
686
190
525
467
1857
464
1795
2152
2403
938
498
490
2199
544
328
2418
2147
2337
339
230
548
752
1446
1167
344
1891
1000
108
652
2180
1885
1053
473
2226
1979
2227
719
187
184
1715
2382
2132
879
1992
640
2277
1422
617
253
1047
252
642
1877
1447
1548
689
2243
2179
1591
1391
400
2356
2079
1483
1713
1152
1179
2339
2069
2053
1135
614
442
314
536
1316
1633
1641
1155
1470
1812
1301
1187
240
2298
173
31
85
1529
2476
1462
1071
2361
391
1049
1693
2341
1101
769
260
1667
636
1926
504
137
1770
931
1807
1747
1409
874
848
2326
1947
150
2350
349
259
857
1611
1122
1360
1909
842
1874
1997
2330
1193
2166
821
943
313
2288
739
1532
2287
1285
1503
1006
1237
956
1959
166
2212
1595
415
101
1615
2398
1258
765
967
1960
940
191
149
1242
2424
1197
1834
2137
2380
1311
351
239
385
1445
2021
1142
868
1724
2461
2291
1749
2320
1457
886
2010
876
298
1007
468
1791
2422
1319
850
2169
1554
2225
582
1203
662
818
616
1276
594
453
561
1180
1843
251
1950
164
1544
1218
2302
1684
532
153
1450
242
392
2455
2123
796
1136
2482
800
564
576
714
1480
296
1882
2055
2390
1257
1621
1514
2263
2012
1780
1016
229
2426
1835
2352
1408
2029
1629
334
404
261
1500
433
1896
196
1379
2317
732
1263
875
452
357
1420
1150
204
847
2023
224
1113
725
2024
2127
1210
1061
722
2077
851
2059
981
63
1139
2186
924
1024
524
833
1357
733
1423
2153
1145
312
935
697
1126
71
1647
815
2362
713
644
363
844
2112
1375
1303
376
2344
119
2221
211
2407
1294
813
846
2062
853
2241
1190
2140
1057
1794
1328
1332
1208
680
2106
569
2406
2411
519
528
318
2262
863
1531
1727
711
1969
287
1505
1215
2468
2067
2256
1127
811
1229
1021
2215
2035
1481
2016
2444
1475
595
657
1321
1260
1698
2160
664
1063
34
264
2485
114
852
285
841
723
623
1650
1742
1388
1062
1083
258
1091
1293
1289
1881
22
2363
73
2218
1502
1736
1138
859
1640
1338
771
2092
919
643
1141
1900
1383
486
1607
1226
2273
1314
1416
917
1911
143
1452
370
1692
580
2329
89
716
2368
1545
2400
685
1211
429
1962
1816
2083
731
331
670
1991
302
1919
2056
14
2421
1805
1435
828
1547
1347
679
169
1930
1191
540
369
1421
585
1329
1867
743
2428
793
507
827
265
730
2478
758
1934
1723
588
1678
1916
1542
2052
1570
11
2442
1760
462
1342
512
276
720
405
1733
1963
761
1690
1067
2200
1695
47
1858
372
789
145
934
1296
795
1430
696
937
950
1613
1929
96
337
2477
1993
417
1195
1123
1860
1384
2103
151
1056
601
97
579
1974
95
1093
1639
1460
170
1986
1327
1444
1988
193
2070
2439
694
1924
2017
552
1687
1165
760
688
1059
1984
960
814
776
1716
342
1588
819
1674
1322
366
933
241
900
1178
635
773
2310
1266
728
1029
2443
59
645
122
70
1428
822
1612
1030
948
2440
1465
1334
2336
2219
703
1637
1566
1932
963
1679
2107
508
1323
2499
523
734
408
1631
432
1850
286
1528
106
2429
4
2101
1646
715
46
129
1943
1917
1527
2375
458
62
2124
630
1523
1051
2484
1213
1419
514
1775
2441
111
2145
491
973
829
1250
744
220
299
797
951
218
336
2469
573
280
2388
440
1343
555
1508
2045
200
1645
471
146
825
2286
1131
914
551
1451
684
1292
683
1702
1582
1188
1772
2325
449
1999
1268
2119
269
186
181
2415
358
1352
1018
1454
2007
2066
786
1493
483
434
762
2030
871
2495
511
1653
1096
210
117
2448
2014
1652
1387
1013
1395
107
1437
782
2122
1497
708
157
2087
1427
1659
1623
257
2088
964
1407
2022
421
466
1376
1868
1657
1730
1630
268
1406
1762
131
1801
865
1339
1913
188
882
1743
1512
1075
255
383
250
91
2316
341
2091
591
1750
1272
2483
2104
2046
2105
996
516
1026
1944
1037
1473
682
577
1055
378
1792
1149
291
1128
238
487
2451
2231
374
2458
141
6
1844
2211
1520
2372
103
563
1453
2268
1526
2181
1838
1748
620
2301
2196
966
2327
1386
2176
2306
2175
2456
1326
450
2019
20
2311
205
612
1464
2185
36
411
102
1265
2098
736
1400
2346
1205
2348
763
2037
1691
354
140
745
352
632
226
648
1580
947
687
2009
1281
43
1704
1989
492
675
424
1120
1344
1043
1125
1951
658
522
1922
520
155
323
1373
701
167
1196
1084
838
1910
1509
2235
223
315
2392
1341
1673
1712
2488
916
50
1403
1402
2437
2164
1790
1540
2280
1771
245
2048
1458
2360
510
542
212
279
1072
18
1603
2086
1176
364
1714
835
472
2159
1976
1802
1511
1108
816
1223
1696
1732
517
2093
849
1297
2214
1940
1230
156
310
2162
460
1472
1521
1358
116
445
1241
2470
1682
175
538
1192
2044
2178
1031
1468
975
2381
1399
2117
2285
957
1920
941
2189
321
44
53
1973
2068
113
1336
2315
1073
2430
360
2334
1325
808
2462
317
1579
325
2459
1536
2351
1921
1688
1669
2254
521
481
1831
598
1239
1159
2121
1404
2255
1228
1359
749
1374
431
2177
1625
1878
604
925
1840
1027
2402
381
1656
1129
804
423
2097
1586
883
988
1562
10
1823
497
1666
60
115
1799
124
2294
1778
2345
74
926
333
2466
2296
75
1231
72
1830
1995
436
443
254
1912
2217
1517
394
505
1273
1907
1305
799
1463
147
1224
1004
148
1895
991
38
306
2126
275
1600
496
1824
410
198
717
2309
2116
52
767
1504
183
281
1448
823
1701
21
2002
139
120
1872
1271
1889
1426
1219
5
375
2222
1522
485
1351
681
1606
665
274
1440
227
887
1261
1741
1925
2453
105
1893
1567
1968
172
746
1398
2245
2188
209
2376
1147
756
2436
2473
1050
607
606
1779
1100
724
1369
1958
1455
946
1199
427
787
2349
831
1609
1683
1815
639
727
641
547
2457
1333
1308
1593
2110
27
1598
962
751
1011
1249
2303
48
1216
135
1103
884
2373
1330
1432
1361
1948
1854
1134
843
586
1002
1028
2195
2130
738
1174
2297
575
80
1769
1156
24
2281
2144
2260
2034
66
1495
1956
1754
1558
283
1786
1755
326
1245
142
1157
1095
1781
695
1651
92
419
1806
305
2445
2165
1875
990
3
2265
284
1768
2313
1883
2389
1602
1014
2401
1990
7
395
1304
764
368
1832
972
1886
1023
1914
2487
2257
475
1355
702
217
1415
2115
1624
1594
278
1177
1082
1811
435
840
1251
1764
1248
1849
880
970
1220
1214
65
534
308
194
2270
418
624
1660
501
2031
2282
1017
1320
779
1060
2471
646
690
2464
2008
1865
426
1222
2449
837
214
1578
1405
495
1054
1160
997
2364
1825
1953
1449
1365
1706
2111
362
1003
1377
1144
1207
1085
678
955
1619
1140
2486
1711
2393
1335
1577
1880
290
2491
1494
1168
1121
597
463
674
303
533
1317
503
2118
2405
1654
801
1829
90
1601
539
1364
1107
1852
2108
1461
457
1954
2155
2305
1118
387
1820
1040
1670
2061
389
902
2135
615
1186
1164
1069
2278
2247
1728
1972
873
35
478
526
1036
1955
221
64
1038
1689
2
2094
699
1975
509
531
1161
1506
845
420
165
39
1345
1539
706
2074
2259
1908
459
267
1710
1626
2267
2318
2173
152
922
2342
319
578
1516
710
923
216
1985
672
1737
1042
2328
13
753
1751
2423
100
2136
1227
2174
803
1766
2408
185
161
2283
2203
1739
1610
2431
162
130
2269
772
1104
1845
1587
590
1295
1443
999
1551
1291
971
1793
2229
8
422
737
2463
860
589
2143
768
329
748
909
2395
1904
1269
1363
469
750
1776
2028
2480
1424
1256
930
1441
1491
792
2500
2095
1533
2479
479
1525
2332
340
2452
2109
1571
398
79
2233
929
98
2133
69
297
2366
1209
572
2355
2027
1439
9
1277
529
781
1936
1703
911
2498
54
447
1288
365
1708
2076
1861
583
480
928
1086
2266
637
2089
1899
470
1671
361
1935
390
121
1699
232
2274
1729
1658
812
1978
87
1094
25
908
1842
704
654
978
182
1349
1166
1982
2374
2057
439
26
1488
1368
1396
1622
1643
2208
1569
474
2120
2041
691
382
1977
2450
994
896
2146
2049
272
1822
2264
729
726
2167
1234
2236
631
1774
1592
993
1946
927
1469
1201
55
1676
1417
1397
327
2071
1813
1389
1270
138
864
1378
1663
1605
2284
51
2206
1604
735
304
1087
557
2319
109
1456
2358
698
2248
1638
1490
742
649
2026
202
1390
1110
892
1524
118
1078
1111
1394
667
2011
1859
1965
2171
1572
790
1784
1745
1964
1752
125
2419
602
136
2075
2154
885
1837
235
1132
2060
1987
2138
2125
611
2420
1949
28
596
805
2058
1543
1466
270
412
1563
2082
2210
134
1172
1105
386
1353
1681
195
446
379
1634
1348
1933
890
201
798
2072
1158
1866
2379
1864
2190
1617
2414
373
1970
1996
1283
2289
437
780
1052
178
1599
1952
1855
430
2198
30
1181
513
2427
891
866
293
1020
289
965
1705
1474
2207
2399
461
1661
506
958
1354
2446
676
1262
1182
1941
248
81
1077
1467
1372
1382
1151
2230
444
1010
2224
345
273
549
877
1313
1757
567
854
1983
1697
2005
2413
888
1894
159
168
215
983
1938
