601
198
2378
1533
231
235
413
1055
2198
483
184
2199
401
1725
582
663
352
637
398
174
437
1280
492
1920
501
1625
1755
2326
156
1408
1294
2277
234
1027
963
1728
2402
152
1668
1086
1494
1629
1007
1488
214
1268
575
125
1441
1443
99
435
389
2299
515
1350
2171
1722
1656
2393
1378
344
15
2470
898
1224
2172
1764
56
4
2421
886
542
2423
2093
541
1892
612
1305
708
793
76
1199
1826
2146
1952
1601
2284
287
538
1809
1974
1754
40
791
1683
1741
1518
1407
1657
1018
345
1504
1958
1972
445
925
204
2396
800
502
1053
300
2457
1553
635
2495
1405
1531
514
1918
108
395
750
1259
1402
959
369
1457
2358
1429
216
1872
1320
161
2373
908
1250
781
2253
497
505
372
2140
1989
520
58
1160
2371
2476
1737
981
335
727
31
130
573
277
2049
2008
1887
2498
930
549
2436
1868
1288
2344
1312
1386
1766
1517
1254
639
1731
422
2262
1109
1247
2278
624
1341
430
1803
1626
2268
563
1562
1042
1438
47
1215
364
2420
123
2255
2411
1733
2014
2399
428
2137
1255
2459
615
856
1475
6
393
2359
632
1393
2042
2136
579
226
534
1979
1609
206
2235
1276
1815
2043
399
442
1451
162
2341
1823
1962
986
1079
88
2320
692
867
2490
1816
684
1374
1867
669
1025
1118
2333
801
1433
625
1623
1729
1556
1561
196
2101
2377
1149
1491
211
508
810
1572
1461
1678
191
1677
1884
1604
222
932
2275
1419
1537
1159
1373
967
743
1153
2403
476
2215
1263
928
313
2475
1452
1332
547
952
1585
236
2027
51
470
630
305
2365
1921
78
22
2387
2487
272
901
809
309
2091
1622
253
2269
439
510
1907
441
989
1043
2481
1965
1052
1509
1846
33
1514
1831
767
1113
1020
154
2168
847
1735
1654
397
1348
1184
816
138
2415
1087
835
987
1389
947
1714
1368
2166
2250
1530
1792
761
363
1447
1593
1551
1196
1760
172
1655
1540
679
1382
1464
1578
833
289
1107
1210
548
594
1213
1284
1016
27
1935
878
1478
2098
447
2456
569
1460
1870
1699
2162
979
1293
2000
974
2154
2265
1855
67
836
995
883
421
1628
2066
400
2301
2391
1929
1984
128
474
1281
490
1769
2325
1416
951
275
1953
2024
1697
291
1049
75
1377
304
456
1516
1119
746
1898
1899
1987
107
517
1539
133
1532
385
225
411
1649
1351
106
419
1949
144
359
1394
2163
2040
307
1362
2102
1065
1358
2079
121
349
2271
1983
842
1836
1000
870
38
1177
650
37
2087
2285
241
3
341
41
1877
1145
331
2184
1279
618
1832
2186
1824
1834
1168
2400
875
690
871
1155
1413
145
919
1008
1515
1420
203
1385
2449
1807
1190
530
880
1758
513
2236
1226
966
1508
518
2069
1778
1216
1414
1997
1805
506
2398
353
1376
95
1691
1144
2038
1189
1167
1406
330
935
739
2351
1162
2002
1520
1653
327
2081
1390
629
2451
451
1975
588
137
961
1783
1763
837
2004
2405
782
2254
503
488
2122
1415
621
1304
1124
1498
671
356
686
406
111
1061
2443
343
2327
1919
1631
666
7
2207
1845
23
2080
623
2185
1307
259
700
146
2005
247
1856
1099
1771
1499
1610
426
2417
1489
1548
1214
2441
1886
310
336
10
1646
765
410
1075
1643
1383
1436
2019
1749
1742
1225
2296
1412
321
1444
124
2313
197
2404
1485
1686
2303
771
881
1801
1197
232
846
1335
1992
2478
1720
1613
270
912
1104
2437
279
775
2052
1175
285
587
759
2304
1710
1253
1605
1111
2382
2135
653
975
1026
79
512
340
1567
1575
2322
159
1006
2105
551
1098
1689
2432
1702
764
2200
2056
1787
1894
376
113
1579
988
2219
2467
2096
1137
844
2416
1204
695
1773
2109
2034
749
593
1560
1707
2305
384
90
82
562
1775
1876
110
2173
2147
641
2328
2337
1808
1980
26
407
1173
370
619
944
1308
742
1194
1003
19
1326
1616
1542
1797
2113
2177
64
2388
2389
179
1470
1182
1477
1240
149
224
416
1105
306
535
487
1546
1289
2329
1584
1401
288
606
1096
584
1102
581
740
2334
1738
937
636
1630
939
1712
2243
2290
1123
52
2089
142
2474
1127
1146
1830
1942
714
583
832
183
703
2297
139
2288
1283
706
2110
1347
63
972
754
1618
1719
840
402
865
301
1039
1349
891
1490
896
1759
2324
1128
136
1015
98
425
2044
1352
1688
1133
691
1267
574
320
193
414
302
2190
2350
2054
2227
263
223
762
74
60
303
1955
2226
718
797
2406
1736
201
2201
1723
1176
1502
1864
69
101
1310
1768
61
1157
170
1541
803
640
983
929
570
93
719
2434
1360
391
2383
2413
2245
1072
1732
2230
1056
711
747
1507
1835
1141
1957
610
1651
2013
528
30
2012
1261
1976
1427
420
1285
1314
338
1552
1397
297
2148
670
2353
1913
667
169
1009
143
43
2497
2345
44
655
1431
2435
590
358
68
687
841
2212
2455
473
1449
1574
392
1354
1467
2369
1744
2419
1838
2493
2121
688
217
1679
429
1930
423
1497
1586
1990
756
818
2274
1036
1800
713
1694
852
1849
631
1223
2424
1076
1097
990
173
443
766
1004
71
1317
1614
491
2465
440
893
2223
375
1022
1446
1423
1058
561
779
2141
2241
861
361
347
894
438
1229
1859
628
1705
1434
2016
1746
1234
1964
1321
704
1682
1037
2073
1078
1882
970
792
1806
785
1139
2267
611
2483
2048
642
2063
1380
1001
787
233
1857
2023
1487
950
1779
167
433
2193
984
2395
2153
1588
1513
1718
2376
658
1132
1193
2160
1897
701
823
2246
1387
539
85
971
702
758
1140
2295
1045
991
592
2488
499
418
1463
769
32
1372
312
705
2422
2380
2394
1164
1418
2343
1701
1936
2125
1937
314
2323
1088
294
457
274
1311
2266
839
643
1993
736
1014
12
290
2348
158
1940
444
1366
1743
452
845
1880
261
218
1740
1811
752
2231
859
519
915
2234
464
622
2335
1658
709
1033
985
54
1671
1529
2374
2309
855
1384
753
34
1082
388
604
1776
1115
646
29
2458
2094
2067
97
2045
1589
103
2017
982
1893
354
1638
1999
1522
163
153
1592
1171
712
2249
2338
175
1343
2206
1568
2489
2196
267
1476
864
213
1956
565
1388
2191
1598
2233
722
1437
168
1422
1774
2120
1323
8
895
1135
772
1345
424
1777
511
1038
965
725
1635
1781
360
182
821
997
1456
254
850
323
89
1670
2195
1970
1767
42
799
783
1023
387
1696
614
1821
1695
897
1292
1503
269
2464
887
1296
2433
9
597
2484
1260
2211
495
2471
1950
854
2352
112
707
905
817
1912
1900
1303
1700
1996
96
2258
2133
262
2386
1165
284
408
282
155
1739
1084
1158
2315
1
1328
2381
2119
2170
757
219
1066
595
1089
2165
1519
317
1483
1794
2239
1982
2469
889
838
2175
557
720
1873
1814
2108
2263
926
649
1596
1713
117
1469
283
851
600
620
2156
1908
485
2117
1612
571
239
918
2362
1903
258
674
1333
2339
1435
2494
1941
2051
1425
1753
507
1933
661
1346
1998
1391
677
2009
299
1558
976
81
566
2210
221
633
1905
1587
1817
1392
868
2062
698
2151
453
1663
1557
2251
1988
199
2390
1879
475
1090
954
877
1945
1934
18
763
1850
2370
1916
2462
813
2442
2216
2130
723
2085
2228
84
1963
1041
1359
1822
1566
329
559
960
2031
2145
900
2192
2477
873
1356
2090
380
412
2447
2385
292
917
39
166
843
2159
2321
2020
560
2220
1202
524
1926
1246
446
1355
1606
1154
120
1765
1951
2319
1166
516
1101
2025
2036
80
62
238
1706
1496
415
1810
1046
271
1398
2149
2485
316
1236
888
378
1450
459
1615
1381
1040
948
2427
1667
281
1607
1208
1944
741
680
1985
591
427
598
804
2158
1336
472
527
1070
2112
243
379
237
66
879
367
1991
460
1278
911
202
2289
1068
586
2450
2282
1077
2076
2111
481
2466
2429
403
1325
2202
2088
1151
2218
2150
2182
694
657
529
923
2496
1927
2272
1597
956
1888
1218
1340
463
1169
1943
1721
2134
249
608
1603
2057
1029
1511
830
1521
1633
109
2410
1624
1715
318
1426
1785
969
1812
2453
1252
2128
1013
872
1264
2444
2281
2126
1365
1661
1968
1698
1122
1871
916
2367
1569
1647
545
230
207
2238
1112
910
1152
1969
2
2188
1495
564
496
1379
572
1344
1788
1981
1967
1282
2452
1257
504
780
104
2312
2214
489
11
909
1544
2026
1295
978
1482
2075
1878
164
177
2439
1150
1174
1621
1554
1002
2347
1287
941
1782
1620
339
1954
1059
2058
1747
1644
1703
922
1820
1465
1031
689
268
1178
857
105
556
1726
1442
1291
266
1265
927
1716
148
2302
1179
176
826
1648
2183
1067
471
210
2161
1675
1581
730
1057
1662
2225
1866
798
1512
685
1110
668
1201
1120
1239
962
2006
863
1780
1298
1062
13
1925
1565
728
1093
140
1313
890
1734
1060
652
2366
1673
1161
1538
1528
1421
1961
368
24
2318
904
1843
1756
1337
2152
25
1205
1523
1274
831
1330
2454
802
776
1258
2244
1108
745
755
1242
333
458
1100
2270
1555
417
2486
1909
1212
482
1085
16
1904
2229
1772
1211
2472
1848
2194
1170
866
977
1221
2115
1938
2261
1428
178
1959
806
2237
1034
2030
1180
1550
1147
2364
1863
2446
2356
1327
627
999
2041
1143
362
957
1094
2071
2035
244
1209
35
1901
768
2354
1028
1639
322
1010
1080
2053
2310
1117
188
469
57
1692
1687
1369
1322
1761
715
87
1910
1227
521
1479
2083
1750
2372
906
1851
805
1121
1570
1789
1466
1727
617
1506
2204
498
1881
2047
869
849
1220
1590
2408
1103
2491
1069
1262
100
2055
1891
1660
1645
114
1244
434
533
2438
662
273
942
1228
2213
366
648
1939
1219
1245
377
1559
938
613
2300
1704
256
2092
737
2499
509
1486
2068
1875
968
2050
1852
2259
638
1329
876
328
1793
1971
1534
1187
1627
2460
2349
1339
522
1207
1092
2317
405
1005
1183
634
790
1404
1947
1602
2127
2155
246
286
2461
2331
195
1270
1048
724
1842
1895
819
135
1924
264
1163
2316
486
2375
200
789
1185
185
1474
1051
2139
2059
189
699
2418
2174
544
59
1233
1231
1138
2070
1403
735
126
2379
1106
1837
2022
2208
1828
394
220
1126
578
1364
2143
1536
248
1666
2291
2292
1915
116
1573
2384
774
853
2028
319
432
1595
1571
1813
350
1445
2264
1064
1410
1480
171
824
165
326
2342
827
1091
1664
1172
664
1632
1861
921
1047
2082
1275
132
1195
2276
1977
260
2116
265
2222
2099
673
46
83
2124
2074
660
1116
773
523
86
543
1306
814
2428
1640
1200
731
1966
602
2247
1481
374
454
1011
1012
1869
2037
828
2306
1804
1050
659
1634
1770
1024
1636
1757
2106
186
2298
1251
2500
1074
1717
2280
480
1500
2032
449
825
1409
682
829
141
461
1860
555
2011
134
2164
1960
1681
2123
955
992
396
605
1232
315
1302
2479
251
1751
2021
2332
1417
1840
1458
1230
732
2473
550
477
820
812
1468
1290
2287
1191
537
212
20
2189
2197
1400
647
554
786
192
546
2232
2097
1642
1243
2203
1021
710
382
1928
1370
255
693
1129
1032
1030
65
1217
645
2142
577
1594
494
874
72
2294
1986
644
2003
1235
616
2240
2178
373
450
1203
1501
324
1524
1315
17
899
936
500
777
228
1576
1923
553
91
1484
2065
1156
2286
1114
1316
276
1472
532
2407
717
2104
1081
311
2187
1083
1019
2077
1795
1890
14
568
1535
1669
744
1471
953
2118
1241
205
1889
293
5
2114
1430
834
1650
678
2046
1617
607
1563
1839
1473
770
462
1931
227
1786
1527
1798
2103
675
1375
1357
2260
1994
1896
194
945
468
1911
2409
1906
567
1829
2336
92
1978
131
1762
1269
1277
964
848
296
1708
1399
73
892
654
1583
2209
1299
1142
1665
1652
1637
2176
738
858
609
298
626
2492
467
2307
1619
1454
1922
2311
1297
903
2033
1791
1206
931
1319
1545
278
257
2445
383
1395
1054
1462
1363
2205
1693
308
1130
1272
127
1338
1301
2095
733
1790
576
1672
151
1493
1331
794
2167
2086
2224
1073
1222
390
697
1932
946
552
796
1608
2100
77
589
386
1342
778
760
1853
2001
2425
2357
525
2426
466
1862
49
580
45
748
484
585
920
1600
1543
280
1685
245
795
949
348
1505
1827
599
924
1266
2242
2330
1424
913
2308
1874
1300
2414
1044
332
1818
181
1309
998
1680
1448
2180
531
448
1799
665
788
36
2283
1854
2392
147
28
208
1361
2064
118
2401
933
993
1973
102
902
2482
1198
1709
2131
2132
342
1492
603
1071
940
2084
2397
1914
2181
2431
115
1784
1286
1148
1459
1659
1684
1599
672
1711
1035
996
1432
1439
334
1580
934
337
21
2144
1063
404
479
351
2221
1396
2340
656
50
355
1885
2010
1641
1237
119
696
596
1676
48
1752
1690
2363
129
2072
2252
681
536
1847
1802
2061
734
1865
409
2029
683
540
1674
157
2078
885
1825
1192
1917
815
558
2217
431
2368
2273
526
2039
1946
651
2129
1591
2018
209
726
2463
980
914
250
2293
1948
2248
751
2279
1318
2169
1273
943
1549
2430
1745
2179
1796
465
187
55
822
1995
2015
882
1748
721
1367
2314
1181
2361
1902
1440
1271
229
1526
994
1858
1186
907
2007
1510
1547
1455
295
1134
1248
1095
1844
1249
1819
325
1131
2060
1411
2360
1611
478
1582
676
357
729
958
122
1577
1353
2107
2346
1125
371
1841
1256
436
2355
1730
160
1564
70
1453
1724
2440
2257
1136
1334
2138
2256
716
1238
252
811
808
150
94
807
365
2157
860
190
2412
2448
884
1833
346
240
242
1883
973
862
53
455
1188
1017
1324
180
2480
493
2468
1371
381
1525
784
