920
196
912
1526
1693
1971
2194
1620
1041
160
1189
1256
558
2408
341
1810
539
2303
293
1923
2217
737
289
1840
1688
354
2034
2403
2358
877
427
885
1084
190
84
39
342
2235
210
1877
78
2315
284
2269
1120
1474
468
1258
1100
2442
1199
2314
2399
2371
1351
2411
295
53
706
535
2304
783
1171
1146
502
119
514
889
1888
104
2020
460
1308
673
2244
2110
1673
1098
723
1708
2122
1768
1530
389
1903
1762
1036
822
426
563
490
2336
583
897
115
1246
325
2297
2218
1383
2410
714
2475
2455
376
2286
1550
2178
581
1611
786
13
1177
890
1943
762
1077
1286
1599
206
151
2353
114
1186
1964
1771
1545
185
2472
449
409
631
1183
2044
1542
1408
972
732
2415
1691
582
1504
42
1918
2154
836
1952
1629
1628
2140
1018
1270
527
1631
1600
857
1202
1684
1523
173
998
86
929
2167
1247
2157
976
2030
1322
1261
2174
817
304
258
1642
1007
107
2362
594
1777
1102
1033
2478
658
283
2409
1595
1801
2053
1592
1562
2500
1369
1973
1492
620
407
440
347
567
2037
116
445
2198
340
724
1804
682
2379
134
172
1229
2054
2401
2450
489
538
303
1852
224
1698
2116
1436
2316
1859
1929
1775
617
1650
1039
261
1268
195
2451
729
911
656
143
1879
1630
2176
905
2114
2337
755
1640
1472
2308
1485
28
1587
779
75
1586
199
2326
702
1216
519
74
2200
825
2360
2185
1826
715
2335
1559
359
450
678
40
2466
1558
2121
186
1047
610
2495
253
2175
2191
575
1296
1556
1451
2491
323
317
1886
1014
218
2124
1434
1555
2061
871
434
2113
589
727
632
1164
459
983
9
1321
2272
823
831
2094
33
1805
1769
1685
541
1405
1566
640
1503
139
923
1939
630
452
1544
974
1993
841
214
808
1613
423
1396
221
1135
1790
1252
122
659
2463
1648
600
1184
744
2320
1846
1104
2141
121
955
2298
669
750
1874
2397
1815
1290
2001
1700
348
619
491
1414
46
2460
2307
896
2086
267
1580
987
1779
2236
1744
686
142
821
1854
683
934
1466
511
351
1187
2284
19
226
2195
1353
612
358
2328
552
1086
125
262
1965
1432
1709
1548
1940
2350
1206
2091
935
137
237
1978
162
1687
2281
622
483
2367
2446
1734
1210
1325
876
973
1055
2292
2461
437
882
711
260
2057
766
1591
1731
299
2459
1887
666
764
1675
1955
2145
429
88
720
41
1143
1131
1573
812
1614
1702
2017
467
337
2486
99
297
1770
495
1500
475
1835
1502
1827
1701
2431
1283
2306
1755
2398
2224
810
2385
1272
1375
379
668
17
1
2009
2357
1633
388
1394
1571
1522
858
1425
129
1847
931
2032
1570
1671
1112
1153
235
1797
767
814
1496
300
2382
1924
649
860
515
54
112
2033
274
1529
900
1382
2416
1891
1712
962
1450
487
1032
1825
229
736
1300
1360
1097
747
2392
1761
58
593
1454
243
807
1583
2214
597
1584
408
211
72
405
1467
530
650
1362
733
2025
2109
14
10
1464
1905
924
310
1124
2470
230
2102
381
1191
2468
1513
101
2279
2419
494
2421
1042
1670
212
1991
1809
465
457
1154
1873
947
2204
504
1207
1729
2447
1009
925
1069
940
164
1656
2390
98
2496
793
2223
2373
25
696
466
2288
1794
872
1193
2356
883
205
907
1986
1942
2151
811
532
1465
1332
2123
863
615
477
963
1821
2255
1829
1481
1776
24
2031
2024
1509
1266
1646
1217
2142
1114
2331
2071
1935
1824
1109
1582
510
1072
1856
959
2383
1783
2203
2197
481
1324
23
1774
1457
604
2338
1806
1796
1498
608
308
2179
2040
1130
1352
2348
2127
2148
667
1437
1126
56
1524
1271
2146
1780
2242
989
2
433
2346
2130
1999
1764
2384
2011
2097
1227
800
965
1117
1431
1953
1043
943
1415
1930
768
1598
2425
363
1108
1064
302
97
1040
1736
605
2093
1095
685
951
1299
1082
1065
49
1455
1174
1581
1994
1979
1190
544
2048
1802
1788
22
551
1745
2213
1932
996
2105
1720
279
938
482
2156
1222
461
505
1519
1954
1132
416
2342
1892
731
1178
436
1081
901
1717
1661
2469
332
11
1439
1917
1959
401
1061
1662
501
1674
698
91
140
2239
2229
92
2186
1410
1785
2471
444
2295
705
1067
469
1528
1403
8
1639
1262
1561
1231
1977
1044
2261
2169
1413
60
1626
1224
1610
108
360
2231
982
1988
635
1486
265
1624
1740
204
2087
1292
1468
2327
1491
2184
2162
184
1795
1094
1836
34
76
1165
2173
159
288
816
1663
111
1597
1463
1938
2055
428
1715
57
176
370
1328
2056
280
498
1123
1860
2263
1274
248
1506
2155
1909
2003
2344
1605
154
18
1477
1213
1882
1291
1643
1493
1249
957
837
1517
1890
626
2172
1422
1855
2369
1128
1048
1916
1420
345
1235
1686
350
1181
1083
161
2332
1739
1020
2499
928
1510
2448
840
681
51
2312
1052
245
2299
1773
707
596
2103
2153
291
131
1159
1015
2454
1476
2481
309
2111
1233
45
1603
2340
1326
1212
287
2038
2220
1997
336
79
2230
1864
1604
2202
1446
1366
778
534
1334
320
647
2059
2413
2199
2187
2294
641
850
517
719
2149
2494
1430
1957
153
2125
1022
147
1329
1208
1254
1302
249
1063
2396
1368
1380
1289
2106
1945
2135
7
2237
181
27
2112
329
2201
1441
774
439
953
1919
1908
1557
1356
2270
155
5
1784
2354
1138
1045
1766
1822
1678
48
2060
761
652
419
1505
1933
2139
1958
657
105
788
282
2158
1106
917
1832
2254
1226
2282
763
1215
68
371
804
1906
403
1343
1019
803
1516
357
2227
1876
1679
1641
2023
1956
570
721
1243
476
802
703
1273
1793
391
372
899
1337
856
2073
2079
1644
789
94
2412
1223
829
1968
651
2407
754
1807
1594
1951
1277
209
1281
516
208
343
1718
993
2052
1419
1861
2323
1748
2188
425
1176
2285
1336
853
2014
430
1759
1456
2405
2192
103
1433
1927
2406
815
133
2334
1294
1746
1421
1635
864
985
50
2394
717
746
2008
1406
1883
554
1105
1364
740
1681
201
1371
2207
1851
824
1304
595
611
628
367
1857
1230
1976
1480
1710
1092
29
2429
38
1119
158
1012
1966
26
1538
895
1657
2100
1062
512
699
330
1339
1749
1636
1536
868
1800
722
1514
1404
1601
1312
69
1947
435
2497
1499
1071
2107
2487
1204
1280
447
2359
1897
913
1969
599
548
2170
701
102
2166
1238
745
980
1653
584
2452
496
844
2259
2067
1975
2370
2133
2483
2268
2493
662
213
591
1616
1017
2041
518
1388
503
1239
1427
2441
743
679
663
1412
2225
1638
1543
1479
395
1789
1899
2211
1327
438
1799
1936
1589
1850
424
546
1752
2076
1346
968
123
1560
887
132
738
2243
752
2330
1096
1838
2434
2375
1884
402
1056
1547
1894
223
1944
1423
859
2137
203
523
2084
1358
2013
892
113
2043
1722
1379
1842
2010
618
396
2000
1287
759
775
760
1107
2075
479
95
1390
1417
1895
166
314
415
2171
2322
85
400
397
294
757
796
1902
1995
1841
1306
431
65
67
772
2212
1990
2266
1692
135
1024
1622
1574
2021
2400
411
2115
1121
2083
644
1760
307
1438
1743
324
1928
1593
1053
1461
200
1116
2216
1579
1144
2387
2424
1168
2428
1333
1010
474
2498
878
2465
2089
1023
486
1590
2377
1831
2374
835
268
2417
1711
1013
169
1160
2108
454
2343
2386
926
852
1350
2070
1004
1145
1727
2069
1862
1367
177
645
2341
188
1079
1257
865
2453
1922
1765
560
1232
1087
975
362
1136
1228
927
1134
990
580
725
1535
313
2418
2226
1316
1960
373
1808
979
1983
2423
2290
2251
1803
1697
613
1211
1347
1156
2027
220
2404
2427
1820
633
327
1049
585
958
1845
1732
636
2078
1163
240
2005
525
168
918
374
908
2339
1912
661
991
1054
1355
1284
1447
1152
2391
1074
2234
839
785
654
1880
1980
2205
2189
1038
638
1618
1706
2355
368
1205
1129
709
290
1278
1000
254
571
1407
728
1963
1737
2065
353
1819
250
2492
2443
393
1949
1893
1059
2080
80
999
2313
1219
100
1305
2249
2241
390
321
961
2275
497
149
578
1872
441
1025
2074
1569
1151
292
1747
671
1361
1442
1540
193
236
1016
592
869
1551
660
1027
1377
1293
1389
751
1093
2136
1871
364
1695
1934
2347
118
386
2267
1645
2006
1625
1621
1970
1920
874
704
62
1214
493
1925
2283
777
1458
1707
191
2467
1489
2480
2240
1612
1818
1157
1103
2128
849
1549
1162
966
394
413
726
1099
189
93
334
194
950
1518
1682
2238
1546
30
156
2319
1868
1488
1449
2257
670
1726
231
1242
646
1839
1987
2104
1435
1683
809
63
557
898
1798
1515
2095
561
1676
1161
1981
1921
1192
769
664
1122
2029
296
1311
2438
1778
89
1374
2296
986
1196
414
1182
1303
1452
936
1282
1220
665
276
2432
2395
2462
773
590
44
36
70
2183
806
1497
1028
1172
1263
1694
1915
2247
238
710
263
1264
855
623
675
1495
180
1076
1354
984
941
1341
568
1179
893
531
20
1588
1255
1867
1606
916
2165
2050
1672
915
827
2063
1483
1578
680
674
2193
937
2256
1907
1837
233
537
587
794
1577
126
1767
2345
2414
257
2250
2361
562
2426
2253
1200
2042
312
1175
2090
1724
2488
970
942
1147
1494
1051
1471
559
1376
349
128
1941
2352
1029
1169
677
801
1730
2120
550
1373
1378
616
2221
1111
1400
1666
109
572
1525
1520
1623
377
2264
694
1989
1704
219
1553
1541
1567
672
1416
1475
2393
971
2293
579
1411
1830
2300
784
629
820
2232
2088
2278
1110
1900
2363
944
1068
1721
1002
978
2490
879
2351
2045
521
1705
315
870
528
110
1057
536
1075
2482
1532
1349
366
217
355
117
1253
1125
1651
1844
1658
1424
1723
2324
82
150
1714
227
266
163
2068
1647
1115
832
2301
2026
1501
1998
1323
81
335
1699
1689
1565
306
492
21
780
524
1756
602
448
1901
1870
1889
462
1402
2277
2072
1725
782
992
1534
216
432
1058
513
603
2160
1537
2096
251
2138
1596
124
278
1786
1365
818
742
281
886
1158
1910
47
1719
1664
606
1188
1445
136
875
1035
256
1946
470
2208
331
637
480
311
655
828
2092
2302
1139
2435
867
1385
234
1330
1817
847
32
749
35
1221
1319
1539
1576
171
687
540
66
712
182
716
286
1750
1757
689
1791
1875
2252
1137
361
375
2258
1301
1716
933
939
228
569
1046
2329
1985
2321
1660
207
634
2476
2085
31
1026
222
1037
37
1974
697
1345
639
1344
369
910
2101
1669
2047
1680
96
948
2007
1315
549
1269
73
378
574
2215
269
741
1484
90
1050
914
319
1392
1632
2389
352
1482
1279
1348
690
255
1926
1713
2164
2388
520
1005
197
15
145
464
2458
1814
1627
2420
1391
1668
252
543
1833
2082
693
1972
1512
2280
834
2289
398
2233
1677
2051
2081
272
455
1073
576
1250
1251
588
2016
1462
333
1812
178
545
1665
906
2474
1554
443
676
399
1654
988
1703
130
981
183
2274
894
2143
756
838
175
1275
2022
1008
1521
1478
954
1198
598
4
1531
1816
1507
1091
1948
909
880
1085
1858
945
421
1318
964
453
2118
1335
854
420
83
1141
2366
1381
771
799
1363
1487
509
174
232
499
1634
1690
1617
1937
239
1982
2206
1637
2245
1904
851
1088
451
2058
1240
1527
1834
1372
1090
1869
787
458
192
2364
798
994
564
2196
1409
271
833
1173
43
2077
797
1735
2015
1170
12
2046
1453
758
138
1753
387
555
845
471
1996
2159
328
1225
1728
2273
2309
485
1386
1003
273
1295
202
1609
1133
586
246
2132
127
1276
417
805
1140
2180
843
1931
298
1060
2152
16
2209
1359
691
422
59
1448
627
365
526
152
735
770
2036
861
2163
1470
1913
2439
713
624
2168
167
500
1203
2028
692
1248
842
392
264
2440
903
215
144
1338
1209
1387
1950
684
2260
547
2177
301
753
776
1763
1459
1167
2228
781
1738
2311
2437
2368
1155
826
1021
1914
412
621
270
247
2190
225
2276
1866
2436
653
1575
601
2402
2372
2246
1426
1863
884
1218
242
1828
2376
2182
1066
52
919
688
356
1615
2126
1751
1267
2317
1607
1885
1142
418
848
2129
873
2318
2002
1197
2380
1444
997
55
338
2445
1194
1201
383
790
285
1395
1313
949
1552
2381
1853
904
318
488
2144
1314
891
1429
446
478
2019
1742
1667
346
344
1754
1166
718
2378
2287
1811
529
2444
1011
1585
1070
1741
404
382
1781
2147
573
1568
956
259
1619
946
384
2477
1911
1878
484
1030
61
106
1473
1298
2062
2325
902
2271
1101
967
2181
1195
921
165
977
566
322
1961
2291
275
179
2433
642
1696
1357
2222
2039
2248
1265
577
1655
542
1848
141
1401
2018
1089
2484
1508
866
1572
1149
2449
792
508
1001
2049
1443
1245
1602
565
456
277
708
1428
148
1236
463
625
1782
553
2456
3
380
2117
1297
1127
2464
1393
2066
473
1180
1469
1185
830
2134
1384
1896
1881
1564
1006
1649
952
1418
648
2422
1342
2457
385
1259
748
170
700
1034
1148
881
1078
730
2099
1118
1792
120
6
695
1150
607
442
2150
791
71
1865
1652
1399
1608
2473
305
2365
2310
734
1490
1234
2479
1241
1031
932
1733
2219
1962
2004
846
614
2119
1080
244
1237
1310
1370
2161
1398
1309
77
507
506
1967
930
87
1320
2349
533
2262
146
1823
2210
2035
960
198
609
241
1772
2489
2012
410
1331
1340
2265
2098
2064
2333
187
739
1511
1758
922
1317
1260
1843
1460
556
643
862
765
1397
1659
1285
2305
1440
1563
1244
1113
795
1787
64
1813
995
2430
1533
1849
472
819
813
1898
326
339
1992
1984
406
2485
1307
969
2131
522
1288
888
157
