2087
2246
2192
1183
704
1503
1751
1952
1096
622
28
2471
2269
480
1385
403
158
1947
465
1450
2071
2484
2204
1302
697
76
506
2170
686
94
1931
2198
1755
1597
1678
2034
1693
1651
1728
1283
1770
2117
400
2498
880
417
2395
1373
232
1923
1944
1439
411
3
238
206
797
397
2420
1395
2049
117
2385
1496
1971
406
999
2432
1552
1319
248
2335
1634
2156
2277
231
1072
2437
310
254
505
616
750
2226
2382
1426
1876
1908
2470
869
1207
360
1081
64
2389
162
863
874
964
1743
1964
2400
2152
735
764
1174
692
2336
1277
1147
2282
2267
2175
956
485
2130
1809
2294
1663
2341
952
2022
95
1411
529
2108
1960
1537
873
126
14
297
931
552
1938
2220
291
2167
2280
1640
2094
1291
1745
1345
1585
2377
484
1699
982
383
2379
219
1810
213
638
977
456
2350
1588
1227
169
731
2397
754
608
368
444
1294
494
941
798
1916
2399
1247
1082
1510
508
2109
1987
468
2135
889
359
2351
1700
2153
2251
317
599
187
1698
165
526
1431
1127
1076
1746
1521
1759
1739
1052
765
922
694
1869
1684
443
475
210
1697
1822
1435
1244
73
1454
1024
957
1990
2438
500
585
1802
2086
449
1161
81
1424
1610
1384
763
1590
782
1000
1099
1284
1958
541
337
114
96
1271
770
1035
2121
877
160
1708
141
247
2250
1371
2189
987
2001
1003
2274
553
1414
2027
1701
1317
1765
1704
612
1839
31
1125
1210
2219
287
1086
2442
351
920
227
230
1388
1133
1955
1639
2062
1577
2050
1182
1727
2356
453
1511
1671
955
2449
1736
1366
742
633
1014
439
975
858
1415
882
1423
1719
1888
295
1292
2093
1189
288
2462
2352
348
520
996
1789
993
1753
705
1891
1614
1066
568
766
1068
1812
1737
242
1790
1273
1253
891
74
106
2428
380
1236
572
1897
641
653
1452
151
2115
156
1999
2278
501
1628
545
2304
1633
594
1726
2123
1232
2303
1943
225
1984
1860
1358
40
1562
1863
1437
373
188
2256
1548
1103
642
252
575
179
1488
1832
1830
935
1134
1899
624
1128
2429
2211
1280
1875
2149
1926
2046
404
316
673
1296
326
1201
1131
569
1107
448
1089
563
757
680
2236
2111
1070
1855
919
1662
1546
640
2206
1653
1458
727
567
1097
989
537
191
1334
2166
1054
1686
795
2390
471
2060
2373
41
1350
1583
1044
887
1917
1061
967
739
2332
495
914
1460
1282
1927
2463
1240
435
1456
2054
260
2311
462
1043
580
427
2308
522
200
2160
2118
1104
1774
668
2116
136
1786
970
54
1501
314
374
2261
1505
737
2431
467
538
1118
870
1925
1212
1966
218
2327
1166
1754
954
1469
794
194
894
1637
718
1307
145
282
1957
1842
1278
2354
244
1635
2299
1041
911
1778
2393
507
1954
1530
245
603
22
300
2499
2309
55
50
324
2063
424
440
597
2085
942
454
1047
644
199
1907
1098
1861
1492
1001
2228
1705
60
1857
2357
418
1915
778
716
2489
1664
2119
834
1305
2465
499
1005
518
146
2344
2105
1967
2070
1401
823
2016
2026
2337
24
2418
865
1403
39
320
416
1656
2283
1978
372
1821
90
1263
97
2072
900
892
2240
1383
1394
1057
2141
2161
2401
273
498
2176
1724
366
783
828
1275
182
2032
1922
846
333
289
1344
1048
2410
2053
338
1833
1538
1636
2440
615
492
1022
1418
1377
1084
837
582
810
1895
2127
2194
502
382
1025
1340
886
2155
1624
1525
487
86
334
2104
1055
346
2346
2144
1514
1612
1151
68
1584
965
332
1989
109
2359
1661
127
1880
2245
1871
376
1034
1427
1157
2408
322
1019
278
2391
33
304
1327
1559
1748
1013
2243
390
1333
1475
1854
682
35
811
312
19
1523
483
934
1132
2009
1281
203
843
618
1336
883
1202
2339
836
671
1976
1176
2066
1702
1747
2473
104
725
57
1408
1293
1733
2012
840
1798
115
2487
1397
1817
804
1606
512
419
1326
950
2472
1840
340
2248
2417
1115
70
637
2323
991
1921
385
613
1416
2460
1669
654
1093
1459
1998
135
2365
1534
1779
2270
570
107
907
78
1298
2291
1491
949
113
2023
667
643
2230
2017
2065
1882
264
2480
1890
2033
1887
2479
2321
441
1216
2416
1173
1930
37
2143
844
1722
2436
1544
2112
521
1464
48
1254
1867
2364
42
2491
1318
884
408
2262
2452
189
1805
1992
1784
221
2214
67
2443
2002
2453
630
888
1599
1659
1297
277
1018
1928
234
738
2334
730
352
2000
1703
1229
1849
2496
330
1856
1682
1630
1120
1214
1112
1378
2039
1553
1413
336
1808
1791
1493
2197
2409
1937
926
263
1528
604
1203
1467
170
1843
1264
130
290
1404
2008
551
192
2276
1793
2165
1392
1646
2381
984
257
1172
1233
729
2372
908
1620
437
1800
1405
2461
1581
474
2078
2322
476
2476
1477
1255
547
407
902
1641
2345
586
281
138
1037
1982
1138
370
2302
928
9
997
2371
381
2469
2342
362
1679
2422
841
1902
1594
675
2203
605
2081
796
2330
2271
313
1448
2237
627
1353
180
1223
819
1031
2430
2124
1974
1241
2296
1838
1029
1932
2392
1572
1184
1508
26
1270
602
1608
426
544
1008
2293
2263
807
1150
651
1430
1666
1972
839
387
1026
1433
2349
1625
193
802
1835
91
1893
1010
292
2215
1740
1532
855
1919
2386
2378
1766
1049
402
2222
2218
2413
243
1499
272
1136
261
2239
361
1171
205
696
2295
1012
464
1030
2181
198
1749
939
1191
1615
1445
349
1342
339
1091
371
1188
2018
1872
10
1142
2477
1472
1351
1449
583
2010
1196
1949
2490
1260
1002
940
554
265
1542
1419
2244
527
2035
2405
1988
222
1121
433
1290
951
2362
1549
1574
1900
1396
144
142
829
556
1422
619
134
2419
609
319
1979
1541
396
32
153
2208
523
1961
574
1912
128
137
1844
1522
2043
1252
1680
771
2030
1898
2157
202
1519
388
1251
1021
1683
688
988
214
1063
2209
1304
974
1758
1100
2187
174
1841
2305
1513
329
239
1386
2128
1337
2258
1258
139
1486
2447
409
2225
509
777
1060
2136
1622
1109
2488
2301
2058
2423
1752
856
2433
2137
1090
445
801
1769
1587
1783
2451
687
938
59
1143
1199
2253
2185
2481
2084
562
2061
159
1638
1200
379
2045
358
1069
1483
1347
1083
457
237
1039
2076
584
207
1175
308
2333
1782
410
2083
1436
1468
2394
2275
1980
1780
2180
992
323
1482
1795
1506
394
558
666
240
2367
235
2133
2353
270
631
1434
413
236
1579
1032
2138
1723
1848
1718
1470
459
1177
561
1074
1517
1904
1827
1604
525
702
56
842
241
1716
1710
695
543
2411
88
1451
1360
181
2173
2178
204
744
1455
1911
1951
2285
711
2483
2241
1266
1675
513
343
1551
2114
1792
12
1725
785
1507
639
632
1250
2159
772
66
1649
285
2069
1520
1801
1565
1438
607
2199
283
990
581
845
364
1591
852
1130
1667
838
197
1760
579
517
384
800
1220
1330
1156
549
724
1502
2298
1676
936
1352
652
1190
1799
2316
1441
2348
649
1545
1011
1879
959
1101
1267
458
1027
872
511
762
1575
1129
1094
2107
306
850
504
893
1775
1720
2057
1616
973
1896
1237
539
1691
723
660
636
674
2007
1379
163
859
2388
1757
1355
1794
1741
2300
43
2207
1165
1195
657
183
1823
1303
876
1550
634
1735
755
75
1909
21
1973
2186
1582
1152
1709
2229
1256
748
564
726
2122
1308
99
167
2404
175
2290
789
2037
119
1692
681
2466
1179
375
535
645
69
701
968
2015
1361
1393
1717
1983
1535
1706
1489
1369
2024
2098
1108
1285
685
847
256
101
1986
1417
1761
937
1167
1463
1945
979
211
2318
367
2279
1681
164
2486
2025
84
223
1193
1497
279
108
719
1311
1402
2474
985
1088
929
781
825
1315
1965
1712
2067
2051
298
1329
635
1197
820
92
2265
482
740
2147
832
1901
1238
17
1409
2097
1286
354
2040
62
1257
132
747
1567
2259
1325
752
1412
478
1672
1556
2361
2164
1410
1962
1742
676
503
805
1239
1851
986
2376
100
533
969
328
1080
1985
1004
589
1354
1442
2415
1272
1370
2493
1781
1600
831
961
821
395
1536
2190
925
1215
776
1382
1398
2369
1375
369
515
1803
166
658
1627
2139
275
451
994
1853
1313
72
157
871
1357
1668
5
52
958
879
1348
2092
1864
1372
808
61
2457
1300
321
1042
2467
2292
463
1621
2200
1274
432
1768
2475
981
105
473
898
327
266
851
2205
2232
2340
1155
2029
1453
998
2384
1420
1235
1087
2234
2495
1389
1222
2424
2038
1845
1092
2368
833
1946
824
120
670
1400
1321
1498
1885
946
721
761
124
756
129
2213
733
1939
540
2307
51
1387
30
532
1874
363
2003
1603
11
1991
356
342
455
1140
267
1058
447
29
393
1846
2396
2148
786
983
1211
849
469
1589
350
80
2031
2387
1045
906
2014
1064
1910
1914
943
1913
2314
1997
751
534
1948
2140
878
793
1580
2172
610
1811
2266
220
112
1440
1555
791
268
1540
1828
774
150
1696
20
1208
1644
1744
1558
1711
466
1204
707
1677
1788
560
2171
422
1016
1178
930
490
923
1673
519
1670
82
1301
1609
787
743
1806
881
2366
714
2380
296
391
1368
626
1380
1674
2089
305
79
760
611
2145
2427
769
1073
477
2454
2233
779
759
8
1023
625
912
2073
2095
125
1993
659
2162
1642
1
598
111
971
2052
1829
1226
767
1077
1046
895
890
835
2048
947
250
299
2458
557
311
792
1479
867
2329
1933
2343
1868
1365
1399
1593
1316
749
905
399
496
590
2129
491
1137
2426
548
1289
2464
1391
172
2355
1813
2195
1903
177
1170
647
1476
1595
276
2042
1362
171
185
628
1421
1119
1328
1007
1529
34
655
617
2273
2201
1626
2221
2126
1075
1894
1287
1148
903
2497
1331
452
442
817
806
812
2064
1407
1117
2370
2082
2188
2242
184
1886
921
1050
1346
542
1038
365
1920
1554
1953
546
1763
2319
1406
927
853
1095
1731
1772
1547
44
2216
1657
861
1376
2374
1852
1481
1918
1495
1192
2131
664
1950
1569
2096
341
2059
2268
679
1837
1265
301
700
1158
110
46
2179
1180
446
2238
2103
1658
1889
601
93
63
293
355
1224
1246
1695
1225
2193
1356
1259
1629
2315
1471
1444
251
16
1381
1881
945
2402
438
746
2202
690
2326
2450
924
816
1707
1820
1322
1618
1613
1122
595
623
1687
1561
201
1363
154
344
224
1198
294
629
1105
2134
596
2011
196
1465
1206
38
1461
1474
331
1883
195
1929
1310
1324
2500
1995
249
386
1652
1059
1168
678
2217
720
161
1824
2146
420
1243
1494
1819
1219
703
2150
1205
1249
1648
717
2154
258
860
286
830
862
2252
2494
228
1509
710
178
1533
2075
2312
1524
53
2168
1078
780
788
1139
2289
1996
2196
566
1446
2468
23
2158
1685
587
103
1797
2360
784
741
318
1162
1516
1862
122
773
1053
708
1762
899
102
918
1194
2183
2407
36
1062
2441
302
1262
1364
1941
910
89
2074
2383
1826
1940
650
2247
1144
588
1359
1181
2021
2249
768
976
917
1518
353
357
15
2287
1425
2184
1598
1543
488
345
2047
1339
1299
1085
2260
1020
436
1006
2223
2264
2254
269
2169
2020
2421
2320
1447
2284
1631
524
2478
1563
803
2191
412
149
621
978
1859
2435
18
698
1242
1159
573
186
1102
1473
216
309
1785
143
901
1645
1715
699
1135
571
857
479
1429
2306
2019
1218
1825
1586
916
1959
822
864
280
1981
684
1338
1374
1730
246
1750
1527
1878
2456
2485
713
13
2212
1312
963
1713
1847
885
1490
1367
1977
1975
1767
1776
1015
303
814
233
677
2403
284
1335
1818
1462
123
27
140
1428
1796
1017
2099
2101
2331
2106
656
190
1146
2110
1865
2056
2358
1807
2102
1217
1764
606
578
58
415
1051
1611
2174
648
1721
1963
1571
1531
1309
712
815
423
790
1643
1487
775
1647
2006
868
1485
493
536
866
1688
2090
1566
1186
2091
932
1936
1539
693
2439
1689
434
1466
620
1934
550
962
378
972
116
2317
2177
1332
1787
2272
1592
1777
1071
2036
2434
173
1834
481
1942
2363
1605
1457
1123
1276
1650
576
1617
600
665
121
1079
1870
2297
1269
2414
2077
87
1892
401
1323
152
1033
1185
1873
689
1655
1343
229
405
1504
966
1213
799
2324
2448
2055
255
593
2142
259
709
896
2445
758
2288
1154
217
2182
1261
1935
176
2398
262
1632
212
734
1279
1390
722
71
7
147
715
2281
209
1738
472
1526
1288
904
1314
450
1295
2041
531
933
49
848
1602
1858
1245
948
47
1804
1654
460
646
1660
335
854
1230
2088
2444
1968
429
706
1771
1773
2310
1729
1512
559
514
1734
510
2113
1831
1576
818
875
1500
995
691
1665
2425
1113
1320
1815
1690
809
753
1484
377
1443
2100
662
2255
2446
83
1164
1248
1560
813
1557
1578
226
2125
25
489
1480
516
208
1601
1145
614
1836
1623
414
1065
2044
2079
565
672
683
745
155
2005
133
2
2210
77
1009
1341
1994
1036
530
215
1163
2459
1568
425
1056
1124
1756
1969
909
398
2328
1234
2080
663
2028
1905
45
1228
1349
1209
555
592
1040
421
1714
2132
661
461
1619
6
1877
2347
897
827
1111
2227
389
1866
2068
1596
1106
4
953
736
1160
168
1432
913
960
1028
2455
347
1515
1694
431
1126
1221
528
1116
1187
2412
98
826
1814
1564
915
1906
1169
669
1924
1732
315
2235
1816
307
1141
2482
1231
1153
1478
486
2313
1570
2492
253
1573
497
1114
2325
2406
944
1884
577
392
131
148
85
118
1149
1110
728
1956
1067
980
1268
2120
732
428
2257
2231
2224
325
274
2338
2151
591
2286
430
1970
2004
470
1306
1850
1607
2163
2375
2013
65
