1297
2368
489
2430
334
1269
1569
1461
686
548
1184
139
1143
1920
722
1960
2365
880
1699
617
831
2267
874
416
342
1771
628
184
146
1346
667
509
973
374
893
1181
533
657
928
1565
1732
1196
1898
769
1907
1823
1585
1265
674
1726
2176
604
87
814
486
1573
1076
1930
2485
1508
537
804
2213
417
705
1152
946
2042
1404
701
187
2187
2384
992
1358
653
2139
1846
1884
850
1255
113
1638
365
2416
2114
1537
713
1655
1058
1102
1862
783
956
1294
391
1247
171
602
2279
1070
1580
462
152
1086
1080
2324
2331
1016
11
725
53
1982
127
1314
1912
185
2138
1541
491
1978
305
340
2159
1687
1164
2347
1922
1264
1272
239
2149
2163
658
1046
2023
1824
242
1928
310
2330
1843
1368
70
324
1118
1167
1572
1106
1119
592
699
401
1065
1703
879
2178
2067
1641
1603
2141
1425
1526
2182
1183
158
1055
720
1890
63
786
2090
196
1964
857
1373
178
465
1562
15
1806
332
2260
1955
1564
1845
2499
460
2408
926
733
1882
2073
389
590
344
2325
2196
947
1739
2355
601
314
156
1784
235
1466
837
2079
189
1966
1032
28
452
1938
1742
2220
586
2172
536
117
1640
119
1787
499
843
1097
1309
421
2447
1237
1705
1618
698
866
1129
2439
504
2473
1194
2360
2314
589
1847
2134
794
343
2212
311
822
1856
2191
1645
1734
1217
7
2465
945
1145
1853
1665
2428
738
2425
73
1244
41
111
1140
1935
797
2259
1018
587
271
554
1751
2092
2058
2468
1975
84
792
394
811
719
665
180
1391
907
2254
2127
461
2045
625
267
1464
645
2335
126
1312
969
2369
1419
894
962
221
1994
2033
971
1481
853
1643
29
1904
2300
1090
2237
1997
2483
1713
296
766
1908
107
2105
2085
1986
1381
1001
1839
27
558
990
2500
1870
1881
446
842
1133
147
234
1531
902
435
2197
1963
2062
1677
1691
1623
2491
876
998
466
2100
851
616
1148
350
988
1079
2280
414
140
163
174
1222
1411
2420
227
1780
2140
997
840
561
1552
1634
2389
2478
160
1337
1599
934
2440
1834
1942
2156
1816
1989
1467
960
2326
1593
1386
1450
958
692
1763
2277
229
1566
1178
681
1546
284
52
1043
1684
976
2207
468
1092
1949
2322
202
961
516
396
44
2232
307
2036
838
195
238
2443
924
2457
1052
506
1163
2200
552
1673
2380
1233
205
2188
1449
18
2010
1523
1026
427
1192
1945
2297
1432
410
1190
1039
1571
595
1560
2072
2467
641
2341
2047
511
817
582
702
451
2051
1649
313
1574
1258
1715
253
298
2082
405
8
1085
1821
668
824
282
1006
387
443
1388
637
213
1191
2097
304
1860
2183
2437
471
1435
2253
2037
784
1274
1672
1326
1451
1887
2292
611
729
341
585
1479
1087
986
1923
1384
2418
1024
1457
1894
22
1338
95
1305
2456
2192
1857
2323
515
125
2257
1670
539
1446
1556
542
286
445
1798
240
2137
1186
1749
869
1716
619
872
859
1434
2080
1696
2112
1456
278
1926
718
1724
1019
1735
1459
777
656
2019
1293
138
2462
1756
424
479
100
199
2332
567
802
329
1533
300
1
402
2218
306
1427
732
436
1559
760
753
1700
1527
1089
1452
1057
1487
482
707
484
1380
576
1871
1730
1991
1622
1760
1717
2272
596
2009
1280
1239
2169
1359
1111
1774
640
1757
1516
224
198
1642
776
65
66
1113
2088
2230
1150
2474
1513
1528
183
128
1817
94
429
1110
1331
2316
865
1023
819
59
248
868
1408
2003
1351
1074
708
803
818
1241
878
580
1236
290
2223
1375
2262
472
47
1495
646
1521
2406
1473
752
130
1613
1747
2215
1974
1658
607
1933
544
1501
2308
188
659
2379
2449
1050
161
335
208
846
1664
1430
565
432
16
1825
264
1502
1342
796
1536
1832
1896
982
93
247
932
413
1748
848
563
2487
1068
458
1341
352
780
354
1506
519
1877
1722
1931
1889
2364
1121
1842
2307
1519
2288
1983
258
2184
1151
1701
2458
1897
1581
1013
1374
328
2303
312
1295
991
730
1199
2329
2390
915
2371
197
695
2064
689
1578
2099
1245
1902
963
2255
2349
1914
1051
779
1875
1647
1002
660
1831
498
1706
338
1971
431
2395
1671
2160
2165
2453
1422
155
1586
2295
685
1744
771
773
1372
2077
1797
2287
1128
1844
1545
600
3
364
1025
925
1770
1616
250
251
2444
1306
2471
2398
393
1339
1901
1038
1754
2181
2461
1327
538
1407
1775
1794
1818
1410
437
318
1197
2021
709
1795
2228
2044
31
1694
1179
1225
1127
1631
921
638
964
390
68
2450
1253
1009
518
1835
672
756
1895
2210
1363
1458
2472
60
1417
1204
1095
1555
1376
684
2227
1200
1886
556
1287
2337
2489
323
1529
2093
2186
1114
1469
1630
1318
2157
1675
191
1865
669
1968
58
263
974
454
877
1972
2063
1034
562
1872
2145
124
2268
1475
765
1049
57
347
2445
2005
955
2060
910
1447
1685
1398
97
333
1091
935
134
535
48
844
2378
369
2243
1539
1646
1431
1275
2048
2446
1138
763
1947
569
104
1468
2405
2247
735
2074
1146
1792
800
892
632
1628
82
289
1911
395
173
2402
630
2264
1243
1347
2001
2345
1405
1954
2193
951
1378
1985
2020
2098
2494
852
2396
746
1525
2343
1000
905
490
1663
1494
815
1260
989
1782
2282
1362
1320
455
478
1998
1162
2241
1791
1402
1868
101
1493
655
618
584
514
2198
1011
408
835
1917
212
1789
2055
2386
1329
145
1483
2202
2256
1607
2436
1249
1209
1390
679
2486
598
1428
549
1534
2234
1850
1921
346
1130
320
2128
2244
96
936
475
2293
2248
118
2476
551
1460
453
269
1333
1223
120
262
67
2065
1900
678
755
1029
767
1387
1893
2014
1357
1849
2144
105
1268
1355
1568
927
33
745
787
19
2245
550
1741
2312
2035
1597
1489
2469
861
2366
2346
1028
294
172
609
380
211
131
1639
1490
1212
201
2152
966
2161
1021
370
923
1719
326
1524
1743
1827
1752
983
1786
297
1098
810
1518
379
613
2460
1307
1883
864
2222
261
862
1690
25
1400
2113
532
260
858
2296
525
1697
1855
1211
1892
881
1484
2455
661
2246
37
280
1820
2299
1082
13
1810
1548
2240
1873
353
680
1799
182
985
1595
1206
1669
179
1617
1723
677
1137
268
99
1957
358
1632
425
2104
912
789
121
541
889
938
650
1992
570
906
1073
1310
1656
972
2053
1321
1406
1296
568
1981
1383
860
1202
717
386
1946
1554
820
1507
244
345
254
2351
1693
1415
867
1551
882
206
1311
192
829
1778
1054
944
1124
1979
1600
953
1662
2180
999
464
1577
2278
2382
2123
530
1608
761
1761
2002
474
281
2129
2107
2374
1448
929
1510
165
1291
35
2111
2284
2216
1418
1445
1704
854
77
355
748
651
579
1471
1951
1159
900
743
2205
1544
356
1915
1257
749
2150
1504
1330
1117
1583
2352
682
875
1036
1299
737
78
694
545
1709
1224
2031
2387
566
635
2071
1579
404
276
2013
1045
2046
2032
1370
88
1364
2142
2481
214
438
56
599
1158
2258
215
1174
1377
1112
1322
1592
193
2059
740
1308
2361
1491
1570
277
225
706
2164
2096
1343
2070
223
407
510
2310
497
430
1698
1474
1558
714
1401
1563
245
2357
1891
1276
2252
89
736
1170
1627
1561
994
2238
1688
1759
1454
308
2039
2029
1020
1476
809
847
2269
1472
2318
1936
1022
150
700
1477
2136
154
108
918
54
908
1214
231
1826
1738
50
758
557
204
109
724
1168
360
2119
2435
633
400
1970
770
1208
166
523
1609
2206
1015
1349
1267
1973
1220
594
200
1108
2306
1905
420
564
167
434
772
91
642
321
237
1286
675
1830
2271
1465
949
116
834
2221
952
2041
1156
2166
1681
1766
110
2229
1542
170
2289
1210
1769
1762
775
1083
2026
1604
2265
1720
366
1169
1144
933
2285
1396
2401
1254
1266
2482
508
2006
1350
1317
2155
1096
2338
2276
2381
2479
79
2022
2089
384
1261
2375
1382
1256
1854
2413
1594
2270
726
931
2431
836
339
1651
649
885
2304
1637
1644
1540
828
2208
1660
1515
372
440
1012
791
1437
14
605
1952
939
1714
588
1777
2336
1271
527
102
593
1652
1367
968
2397
1300
132
826
1755
608
2409
2250
943
2377
1605
1768
830
439
1324
762
1226
1653
2199
1175
821
1953
790
1606
2242
1304
711
1157
2404
2008
1702
623
559
32
1680
671
984
1746
2217
723
1463
1395
2106
583
2239
1147
2000
1072
1612
51
317
1543
203
2171
194
512
1635
2
687
1069
1736
69
2388
142
979
1796
1060
1624
2399
265
1062
1230
2153
1482
2319
2146
728
246
1172
526
696
911
1042
228
1913
1187
2132
2400
1394
81
2103
2056
1071
774
494
2488
256
295
1801
884
1676
1916
1315
177
903
970
337
2383
2154
2321
222
2415
622
1470
232
1369
376
937
1851
1231
1188
1259
2102
388
1414
1505
517
419
1335
1252
1393
897
1440
357
2066
1878
448
362
2298
463
1588
71
1345
1198
2118
1619
930
1067
2233
778
1221
1779
904
363
149
2283
1084
1053
1575
1939
368
1177
1213
428
1576
816
534
309
1443
855
805
49
9
2190
422
327
1958
1880
1969
782
993
1666
1776
980
1235
1246
2251
257
2317
450
186
292
217
1316
553
2236
1919
1629
159
1808
1061
2286
1010
2185
377
61
977
2421
747
2302
571
575
1728
1909
316
1455
1557
103
2116
1710
1679
2131
1361
1620
676
1218
218
1115
442
1962
1802
1512
2424
2362
273
1141
644
1614
1812
1123
1165
531
2484
2463
2049
643
1977
1836
1990
1814
2135
1135
2429
2016
1059
1392
1132
412
86
2162
496
272
1248
2125
1828
1667
883
1227
1031
1996
1325
2078
274
136
2496
2095
2203
1538
2038
615
895
2012
1903
555
2464
670
712
693
1547
1047
1438
2354
4
1290
1216
573
798
781
959
2275
2158
1284
2040
2411
315
1017
2281
1837
1668
1840
764
1589
1193
2294
367
2348
1161
1277
1035
716
153
501
1444
1242
469
597
1426
1553
873
808
529
2470
2385
1366
483
2115
1160
2017
505
1005
1439
1251
1940
1838
92
2414
1750
1809
1626
1708
2363
1793
652
1918
1984
754
2101
403
1134
1682
610
2419
1993
2061
1772
1075
1925
38
480
2177
411
1007
2353
2110
2273
710
920
2498
275
243
2007
788
1932
1093
1590
449
2147
715
739
1078
1879
967
1348
2359
891
1987
2438
634
1166
209
1800
909
1498
2249
2011
704
135
2133
2121
373
2452
495
1781
279
2168
502
1602
825
249
1008
2124
546
1155
151
2301
80
1131
620
2391
2422
2433
612
1003
2417
1104
26
1765
157
1030
1354
2120
2328
1429
757
90
742
995
1967
793
2174
1499
1397
647
1492
629
560
2050
40
230
83
1334
1462
1409
148
2454
503
1219
841
76
574
683
2122
2412
1302
123
168
2367
801
1101
1412
2394
162
1511
1379
293
1424
940
2231
181
812
1943
216
1611
870
2495
898
577
856
1841
513
507
917
2266
2024
528
1712
2459
1496
1948
1532
1103
348
382
2108
1228
2339
285
1282
236
731
359
447
741
1944
375
1352
2109
896
1601
1004
46
1729
5
1289
591
524
2130
2311
2015
2148
492
409
1215
1582
2043
603
34
965
1500
727
2291
664
845
1888
1848
1478
1298
1139
477
2497
301
1819
241
1041
899
913
64
2052
914
734
1270
1278
226
10
1094
1142
948
330
1863
540
2175
1650
1950
1033
481
1858
1100
2117
1232
190
1433
1678
2432
2480
1203
406
1436
1725
441
890
957
888
1988
137
950
2376
2441
2235
2261
626
398
2263
1956
2334
1753
901
2195
1976
2373
690
1205
399
1238
1549
1805
175
871
106
2393
1389
1313
1120
832
2069
299
2423
2211
1633
1584
2350
1861
122
1610
2410
2407
1048
1303
807
1441
1707
662
1995
1281
1288
1550
1485
1695
21
259
349
1711
863
287
1906
1596
1718
1273
2356
12
1530
916
2075
1064
795
2274
2426
1509
493
1180
1107
1292
1189
1899
1109
456
1063
20
522
759
270
2333
2194
85
1686
1122
2475
23
2219
1207
55
1514
219
2493
1885
1783
688
2151
1497
1420
459
1737
143
1099
1852
2025
2320
1066
141
1621
72
1833
2087
1153
1745
1285
233
302
2143
1598
255
627
981
2084
207
581
919
2201
1332
42
1567
303
378
1522
1822
2226
1866
392
1149
1721
1365
433
2403
2209
322
2091
1767
2018
2492
1319
1961
1340
1116
291
470
1869
543
115
2358
385
654
2392
1815
1615
2344
833
1654
2170
813
1683
2340
1154
1999
1353
1201
2034
43
1785
547
2434
2028
1229
2477
1924
2179
336
1480
1403
1980
2057
1336
2173
2451
1959
1648
485
2313
1360
636
6
2167
1486
954
1173
1442
673
1185
2290
426
941
750
1934
2081
606
283
1421
1077
978
1804
2442
1864
1910
785
266
2189
2027
2466
1283
1301
2214
1056
1790
1385
1195
768
1764
1044
1927
1803
1535
98
1125
2086
62
476
1371
1323
2309
942
1657
806
631
473
2030
112
252
648
2068
1773
45
2054
1037
1040
164
1088
975
823
1740
2083
1807
1027
751
397
697
1171
572
721
2370
1136
1859
1661
114
39
1517
1344
75
1234
1659
1811
1965
2448
1250
2490
2327
74
415
1867
2342
444
351
487
1788
1240
500
2076
1399
1727
922
30
1941
520
1453
624
331
1279
1413
521
2315
361
744
1813
1081
1356
703
799
381
325
849
2224
1591
210
1937
1876
1176
1874
1503
418
996
1126
1731
383
1636
288
1105
663
1488
144
169
371
488
839
1674
36
987
1328
24
2305
220
639
1263
1929
319
1416
133
1758
887
666
17
2372
1733
886
1829
1692
578
129
691
1423
1520
1689
1587
2225
1014
614
827
2126
467
2004
2094
176
1182
1262
423
2204
457
621
2427
