1752
2349
387
2099
602
622
2170
618
2074
2318
25
512
315
661
2429
1949
1448
902
1598
282
1095
2359
490
210
890
390
1236
2044
2016
1338
1329
2101
738
188
1896
1177
1456
1765
181
568
154
249
112
79
1608
701
1687
769
1726
1792
1134
2140
1597
2422
2208
1857
302
81
2157
1160
1180
1788
29
644
531
930
2164
852
2294
2221
107
1916
945
1539
1035
1846
856
1801
2043
2488
1762
2260
1567
2113
1681
982
2389
1673
173
1216
2371
543
1659
1864
517
2025
963
1376
2141
793
495
1725
113
1026
1057
1054
1594
682
591
762
1304
625
1032
2479
1094
989
1481
1966
692
1033
526
1267
1964
2426
936
1251
1420
509
1189
217
299
1754
83
1866
2032
1253
545
1805
1452
2045
2189
2308
448
1810
88
1004
2039
450
1893
2100
980
789
2477
1168
1680
731
367
1490
1144
2383
559
274
1924
1891
61
2112
1789
2093
1738
1146
2082
1868
2153
2143
669
1496
1873
1985
912
2015
1083
1649
20
1039
1940
1062
898
22
658
723
1502
203
46
2250
1320
991
1438
2417
1120
1199
1375
437
530
1718
1872
720
1122
1414
1542
2459
80
179
1691
1906
881
1871
2132
659
1808
831
168
2172
285
77
1055
228
2288
1723
2409
1102
1561
1485
556
466
2266
1791
2201
294
431
2255
2059
303
2019
1671
876
1787
1377
1988
1821
1500
816
1676
328
1085
603
1812
2458
459
21
799
2277
1722
1566
742
23
213
164
2401
2149
1898
1015
502
2376
1150
1527
537
1505
1069
404
677
2207
748
1297
134
1783
2270
316
729
1910
357
1781
2193
1025
211
2304
2130
2014
1584
585
2041
226
1129
1526
1498
195
1428
1520
1006
663
147
2450
2167
1368
2487
839
1947
1493
1540
1138
950
678
859
1275
1499
1688
578
1450
482
877
1533
397
17
106
624
2264
1766
1707
45
574
2246
340
640
2495
711
874
2275
381
189
735
2181
768
879
1790
432
637
1302
1079
803
1042
1981
192
901
1863
848
1479
330
1433
1262
223
2278
1569
1258
1133
1478
383
2327
364
209
1141
846
1689
5
1335
741
1739
370
2106
593
2175
1263
1709
2123
1905
2094
1040
1525
1139
888
2400
1341
2085
1779
433
2454
1510
1610
2399
737
127
1824
2445
1471
832
1045
1703
1271
2293
1463
1362
1337
1148
1179
643
1742
2356
10
863
1915
1044
11
149
974
1087
441
1524
1918
910
1991
736
2104
1537
1767
1746
1212
2452
1701
873
1773
430
318
2451
2162
2171
1017
2332
967
501
2216
2407
1081
2070
97
656
1730
2087
1483
892
983
1830
2139
2056
1371
493
1727
360
1887
1882
2165
2406
1806
288
2362
1645
254
442
534
229
1067
2249
864
835
165
615
1454
566
1331
1831
1611
1125
176
1113
954
2029
70
1933
977
331
494
1224
1248
866
1955
767
1296
1137
1235
2083
1623
2134
1170
2350
2018
994
451
446
1572
972
1386
1475
1997
118
332
1367
1369
139
861
67
1528
1293
484
2108
492
1702
1090
350
702
280
728
250
1609
1881
293
1854
2084
1889
1077
36
1053
1885
337
224
449
2357
1690
444
26
1328
1202
2117
2431
653
1932
1595
393
1976
1713
1708
1339
1226
1131
1211
540
1220
369
2227
587
918
655
2268
511
1509
2220
2251
660
2184
1115
966
751
719
51
1568
714
1195
510
2271
2174
838
216
1920
757
674
937
1656
2156
1098
857
654
1419
1327
2228
1432
2393
374
1753
808
809
784
87
1345
1020
2013
2028
2202
1283
32
1633
1562
122
1477
780
2095
851
1002
708
1272
2075
2311
515
1600
1013
1415
314
1748
1190
676
1470
467
1298
1508
895
2276
1249
335
788
1626
1243
1576
24
380
187
277
2361
2178
317
2244
964
398
1973
1019
2210
418
486
1052
1850
563
2397
2145
744
1451
718
438
1437
1222
1492
774
2413
2020
1175
586
1956
1614
1592
158
248
1630
1281
2272
1974
341
1389
1445
1402
1914
1751
1667
532
1401
1547
49
388
2402
1207
2196
1804
2229
650
261
2096
1546
1176
2049
2222
1911
1654
281
1695
1082
557
786
2097
592
806
2185
2217
259
679
351
1519
475
2160
1558
2486
1655
2315
700
746
2187
1625
1693
1112
343
2127
985
1890
145
2325
584
1550
1635
289
572
1117
1264
631
1075
551
375
2274
2283
1245
858
580
478
92
2341
105
2109
464
1078
2310
1407
2269
1579
2115
313
1230
2021
401
440
214
558
1847
2261
1461
1379
1543
2435
1927
276
1066
1670
204
770
94
713
527
172
1194
135
819
1382
2484
2031
2425
119
2213
683
2280
2080
621
805
178
2107
1521
460
339
2183
579
2334
2119
1538
1829
638
1153
2364
82
1332
1076
2307
1350
1658
1724
1355
376
471
922
2416
1424
1840
1247
1809
2302
439
2433
811
695
1861
2077
642
995
1564
420
2312
2252
233
821
1130
565
1322
86
617
18
1136
872
2060
1324
1286
1092
323
984
2374
1201
403
1142
256
2379
53
689
415
1735
1472
623
144
1373
2055
14
2440
2492
1683
109
1796
258
971
1356
1784
456
1660
2408
2442
1096
1459
2348
670
167
498
826
1001
392
652
1051
1244
76
1828
1097
161
1856
2291
1412
239
1285
1601
39
1186
1063
58
1254
2192
519
1839
632
252
2363
1421
2188
1644
1003
1638
2500
706
153
1772
212
363
1246
1361
825
2377
1571
1292
1590
724
2345
1647
594
2203
349
1059
2497
1663
2287
1291
62
1552
1476
1047
1488
750
336
629
760
929
675
2022
1782
227
1795
2146
436
673
290
612
1867
326
1879
452
2026
987
111
128
352
1487
416
1750
1427
1101
727
2303
60
1086
477
2219
940
2342
694
2339
1287
425
1100
1825
1064
1797
1091
582
66
1303
2382
959
1679
1132
162
78
1184
1411
787
1880
1585
2239
2322
1280
1155
1661
230
1814
1529
1902
1961
508
613
1024
914
979
1599
1694
7
2226
777
801
1041
868
2086
208
1460
1998
1333
479
1747
581
1775
19
630
2245
725
2159
1183
783
1901
1737
601
2120
2346
197
1776
1347
1605
2155
734
1277
1457
262
1909
131
394
1116
1319
2010
1007
283
56
2062
327
814
2462
1348
1798
34
1449
2298
2111
1934
2225
758
2163
2136
1408
880
157
2092
1364
170
116
365
2367
1000
2089
790
1904
2460
1697
2079
1684
891
1351
2352
1799
1951
1743
639
2482
85
766
1574
1759
1413
184
797
2453
1899
1719
2231
2391
2090
1603
236
822
1318
2423
1442
841
2212
2297
2326
1541
2470
1513
794
12
93
536
1114
1620
776
865
8
2405
1995
957
2449
99
1029
1349
978
476
2052
1300
2078
516
300
2353
270
2218
219
382
1213
9
1191
1482
561
2498
201
1848
931
1622
2147
174
583
142
1844
1416
569
504
1755
2473
1050
2375
938
16
1429
1469
834
2180
2211
2499
2030
72
2081
1043
672
2128
1535
1169
1198
1619
169
342
1276
1816
2253
1807
1604
2237
2313
2215
2447
1686
1250
1557
870
2390
970
1431
286
1548
1908
2038
458
1886
1397
1228
307
1975
752
1581
577
1405
1234
715
827
840
2483
2098
716
664
1206
133
312
2061
1282
1187
1360
1646
1734
1394
1161
2471
1313
1143
1426
320
2000
928
206
2158
1980
1928
899
1159
424
2265
146
1931
547
1563
1147
2320
2466
1403
1441
1425
1845
590
232
730
1060
595
222
244
1651
955
2050
924
1172
263
633
1815
1628
1036
2427
1480
402
1621
1174
2456
2394
2428
2432
160
1551
993
1700
469
1989
1874
990
405
1074
353
882
2035
443
2491
2199
407
2369
2387
2355
1869
1105
2305
992
2161
1359
1741
1388
1506
733
2054
177
2125
121
2209
2247
295
1410
2373
1121
69
1422
1958
576
1515
1802
2316
1970
1196
2380
334
324
1104
2385
1642
2358
2347
1231
828
1731
499
2392
278
1022
483
570
779
2309
1205
2415
771
385
207
1256
923
745
925
1733
1900
2008
690
2248
1163
2116
522
1841
605
215
1836
2142
1859
1239
523
763
1925
961
1593
548
1012
1354
1817
1317
273
1706
662
356
772
717
1938
287
1255
2005
298
1749
1214
151
2233
698
609
1301
1577
304
553
667
73
1780
1018
953
2238
542
1983
607
2091
2259
2490
807
1312
1987
2493
95
666
129
2338
871
2046
949
373
619
1279
2331
1993
234
115
57
588
1959
1192
697
413
2066
1705
2321
1110
1639
284
1154
649
463
268
2047
1027
143
1330
28
1072
1963
2370
2420
981
538
31
2103
646
1972
2410
253
2006
1073
1696
269
855
732
791
182
1965
1740
1668
693
1474
2235
1218
2474
480
2131
541
1225
909
1266
358
2110
366
89
2224
272
2436
2337
1922
108
2200
63
1618
1167
1217
1486
1969
265
903
1573
2412
845
795
196
1380
1273
1393
1842
1504
48
651
1315
932
965
102
1149
1948
1511
2122
824
518
1126
104
575
117
1468
1652
962
564
251
1344
1343
257
132
414
1030
166
1370
765
1591
1968
260
2154
1289
1495
2023
1209
2242
1103
829
544
1171
2457
1395
2012
2480
1937
1677
417
2438
186
2324
1118
2036
1503
1124
43
2148
2343
975
2281
1729
54
2301
926
1494
722
399
919
1288
2398
800
1770
242
896
844
309
636
1530
1135
2133
560
75
753
65
740
1664
1858
2254
1996
1877
2366
193
1016
600
481
1099
1522
292
1820
1756
279
2069
1365
271
1624
571
40
958
1070
1954
1152
1826
2179
554
1080
507
684
688
747
2033
1031
626
606
2236
152
1005
671
434
1999
905
1009
473
267
185
2335
35
1953
2241
411
1632
1352
1822
246
988
1732
1049
893
275
1835
1418
1838
1771
1560
2384
1346
2424
2064
71
2258
2489
2057
948
2317
1832
1056
235
245
960
2205
1447
1862
2418
2478
137
359
707
952
296
377
2118
1265
2463
604
389
691
125
704
939
1467
30
1123
305
665
329
2073
2176
74
470
2007
802
38
391
101
2282
1606
2476
1913
1544
1455
1834
1923
1745
2314
1232
338
1946
379
647
555
347
1295
68
1833
1884
1028
47
421
849
1358
1387
1939
1588
1446
183
2169
1215
514
1071
743
546
1582
1698
1895
1757
199
1710
1299
96
1570
435
1259
1678
371
2011
2290
2465
306
854
1473
141
759
837
1894
1269
1109
1888
853
756
2065
2351
773
1158
778
1307
321
1164
198
1978
2121
1514
1439
549
2126
1666
681
410
2040
1761
907
1458
792
1089
712
2195
237
361
2296
573
947
1714
2114
520
1662
1435
608
1290
2004
1308
1111
1165
1532
1323
2267
1992
1178
867
1648
2273
1423
904
1769
2204
1400
1372
817
755
2354
1462
247
396
1721
126
889
114
1634
764
333
597
1268
1549
550
927
2197
1717
2421
1786
1219
1399
2076
944
2230
368
611
1583
1926
754
920
395
1181
1553
842
935
2381
813
2003
1127
1607
529
1038
1849
781
749
1048
2051
1093
614
2168
1068
1912
1443
1058
833
2182
796
455
610
1944
883
103
1875
1672
884
1227
567
2330
2279
933
1962
528
1575
1785
2455
2124
3
1682
836
1396
1011
1398
409
878
552
124
847
1818
1692
2468
2072
2295
657
946
1404
1106
2365
2240
1197
2223
1221
2446
1720
1357
1378
33
1257
1517
1270
1674
1764
1536
474
1559
1589
1921
1837
1310
1602
489
52
345
1716
1578
2137
372
1554
308
620
1383
2430
2419
1917
2386
1242
2437
1855
205
894
1014
2037
1853
163
943
1596
2068
1778
1497
2262
429
200
1193
641
1903
886
1156
680
634
1321
2481
2340
378
875
703
2001
1699
255
2150
2333
976
2323
2411
1409
1811
59
2284
1990
1794
1984
810
1883
2186
1260
422
2105
384
1406
1641
956
934
264
506
1617
1061
1827
6
423
1763
1823
998
13
1943
1744
1587
240
1945
243
2292
2048
1238
2378
500
2053
812
190
175
1612
2173
1813
1919
266
1311
1657
218
2396
1294
221
1140
1107
1643
123
1023
4
2257
686
513
496
1188
2042
497
1774
159
1010
2404
1669
2063
2129
1986
1
2299
2472
900
1392
457
915
1240
1162
1967
453
1650
616
645
291
1466
830
110
721
1636
485
1929
100
1803
785
921
648
408
148
2067
1353
42
2344
1736
322
1390
155
1314
969
2144
1128
1363
1512
2439
1385
850
2232
1994
1878
311
2372
98
897
941
1008
1728
1229
1615
1518
2198
1173
2403
668
1977
2368
2027
911
2443
1440
1444
428
1501
1366
2
2444
1157
2434
628
533
1800
1685
220
1252
454
2234
598
447
2214
1982
1979
1464
90
2496
130
2194
241
1843
823
710
1637
1185
1712
635
1223
472
412
2461
1675
2395
2475
1306
973
2469
55
325
1616
2191
156
843
885
951
1819
1851
1860
310
699
1203
1465
1516
968
2263
2190
1108
1950
804
1865
238
2328
589
1334
815
2177
2088
2009
346
1545
301
1381
1531
180
1384
150
1586
2151
525
1430
2256
996
1491
503
1037
687
1715
2414
1627
1935
906
1151
1793
1453
445
1941
354
91
120
1897
1200
1325
1046
1613
1340
599
908
461
191
50
348
1631
1777
171
1065
2494
1278
1629
2300
1711
1204
2360
400
1565
1523
1892
427
539
1434
1084
1021
2017
1758
2206
1640
696
355
1145
726
2289
798
862
1960
562
1374
1210
775
1391
1305
1936
1665
1489
1336
761
1309
1233
1760
1704
2336
27
596
1907
1534
705
194
1768
1555
869
535
627
1876
2467
999
1241
297
2464
231
2058
1852
917
44
406
1653
818
2071
1942
1436
2448
1326
1208
1166
685
386
136
344
1971
942
997
2285
468
1284
1274
2485
1342
2166
860
2306
426
138
2329
1417
1580
986
521
782
1870
84
2152
916
419
1182
2388
2441
491
2024
15
1261
1507
2286
37
1556
2135
2002
1119
2034
1316
739
2243
465
202
2102
319
2138
362
913
524
1034
1484
140
462
488
64
820
1957
2319
505
887
709
487
225
41
1930
1952
1088
