698
2318
1895
2030
2230
2326
2149
907
1581
1496
2037
2342
1911
390
1642
1507
749
1719
1981
1647
132
511
1778
1570
1993
298
2223
560
1865
2398
1997
2280
1455
171
2102
1682
1784
772
1599
2155
1072
1803
1797
2486
905
1511
2124
1483
1050
1935
258
1882
2241
927
399
1031
2282
2495
1869
16
1142
114
1773
496
2298
318
1484
372
46
3
69
179
383
613
973
500
1819
2094
971
382
2028
1609
2258
1166
1750
1127
2177
1019
1021
1348
218
220
186
824
2147
2494
758
958
488
385
948
2235
2397
1606
1423
32
2403
646
968
614
2174
392
1353
1702
1825
1663
576
1491
2412
1799
2460
1858
401
1529
2168
1098
578
2439
454
2227
2325
180
2143
2418
213
1131
1944
364
882
2435
56
105
970
353
1211
2210
2289
1336
388
1125
1692
875
2119
1308
764
2083
2203
271
21
811
1453
582
192
1518
733
763
517
1494
2311
2302
80
696
338
1990
550
2080
1401
1319
956
834
501
491
1902
1266
4
1231
1837
2442
1772
2018
2392
979
1721
835
119
1311
615
867
809
846
13
1298
1493
429
1513
884
868
381
712
416
1107
777
892
2360
1327
572
64
2100
921
587
1439
313
1377
2372
337
1194
289
1038
1479
1649
1314
1991
2031
2017
1678
87
57
1390
707
1272
1748
339
1970
1154
812
2451
1541
1967
1870
1504
1106
1782
1009
377
1645
368
2006
635
2391
1247
1174
998
256
801
1442
1347
1052
694
2456
2343
2294
1600
1359
1304
1097
1601
1461
1602
1814
2133
221
612
1940
335
358
84
1198
191
608
1041
561
215
653
1732
581
714
822
1658
885
1514
2299
160
2253
1553
331
2270
1057
1715
163
503
2374
748
2384
2348
1777
1297
1638
2110
2005
1718
1370
2283
1577
411
2447
2077
745
2321
62
1625
683
2086
1756
1792
1909
189
1005
1603
1126
1116
1595
1361
706
365
2209
2071
1271
1631
452
1709
1397
386
2196
1809
583
548
1278
792
1566
484
1168
1367
1093
903
783
1742
915
2078
1584
2416
1446
42
1252
757
844
1406
493
2113
672
1205
1310
611
1931
1926
541
1352
1251
651
2033
1534
1286
1240
2205
1764
122
992
1164
688
193
1358
92
1894
2116
406
159
695
794
1862
90
466
2176
85
52
571
1482
1675
871
516
107
1150
1294
1060
729
1955
464
140
1730
210
858
2267
250
2252
969
814
1155
2216
1026
2458
785
1554
662
1080
765
2263
362
329
759
2357
2000
2093
176
2401
602
66
547
816
2034
2450
1067
644
1623
1640
311
2091
2236
144
384
2153
269
30
268
93
1876
1305
805
2053
515
1369
1123
127
840
1867
1506
421
826
1818
2229
2048
2179
675
1598
433
622
567
1136
74
621
1857
1563
1874
2045
1175
2395
1831
899
418
65
2060
274
328
1325
1011
1232
1495
101
61
1930
1473
1512
692
629
2027
1440
2333
436
60
2131
407
974
1081
2026
230
908
2121
346
752
234
264
618
2262
1128
187
1385
1049
1137
252
928
1099
2440
1848
1285
2058
72
1789
2141
1824
71
1885
836
2320
2008
1419
195
1228
1226
2482
2293
1321
404
1253
1822
739
2142
911
1322
2073
1001
2413
463
1976
895
1703
955
1724
2088
642
686
2426
1946
691
2355
498
774
935
1179
279
1617
22
2334
2315
1939
1188
818
471
1316
139
1641
18
1503
1190
281
414
53
376
2347
1342
1716
1587
94
697
162
539
129
1685
308
1152
173
1604
2159
2335
1387
1728
26
795
2129
1923
838
1910
967
2352
781
2380
853
2370
323
1622
709
843
470
2354
1680
1661
1395
1558
2419
2273
1646
103
790
2204
1356
626
1349
1632
766
708
532
2444
1665
1897
2332
472
300
1927
2250
1630
1094
705
1375
1739
2182
1103
1653
1318
50
33
1468
754
1237
359
788
731
1999
940
1644
549
1191
509
1296
1863
1183
2337
1161
2239
1292
2286
116
14
1293
1273
981
577
828
593
1520
990
1230
939
2117
1785
1608
317
543
2109
877
2136
1480
558
2249
1666
1986
1055
1676
1921
439
1707
1687
900
1409
1415
1263
1343
2066
522
2438
456
2082
394
1432
2331
2387
2115
51
1443
35
1400
944
1051
945
1618
2225
1892
2477
2257
2173
1384
499
1192
575
2455
1008
1879
1501
1937
1635
713
2464
980
1403
1873
1557
786
244
918
1408
238
1850
536
1398
703
153
1706
412
2007
10
432
1684
367
827
994
825
2087
1048
170
1497
420
1913
2483
1543
857
1239
829
991
251
1108
2015
1200
1299
2256
1953
978
726
1362
146
1217
1861
1413
1958
591
1014
832
224
1066
2499
1195
1841
1046
1486
440
564
1248
2260
2330
55
2052
275
1924
1515
1616
41
2292
554
1422
667
930
700
830
1660
2429
573
869
2247
425
290
423
299
375
896
2291
2422
327
1751
2011
349
1444
1893
513
2433
1668
1256
1672
1880
96
345
20
1354
351
1583
854
2158
2047
913
1007
1460
1572
887
2228
2112
1881
926
1906
1972
217
306
2057
1636
1134
37
959
914
405
272
1224
152
742
2061
431
1877
889
2404
1078
1452
148
371
2024
157
1111
465
933
2150
1820
1683
477
1340
319
1424
1989
188
1985
2029
1159
2377
1331
363
2306
2200
784
1433
2050
1392
2135
815
1695
497
2198
301
222
1364
553
2304
1883
1896
2010
1221
2471
1470
2233
610
1571
2184
97
81
2385
461
2452
1245
457
2408
2376
842
99
2277
530
1855
2322
265
570
1417
1996
1402
1073
1187
1565
352
206
1776
343
1176
1590
1592
120
2407
2242
2059
178
2090
2268
1138
2383
1828
810
219
1729
1279
769
929
2128
1804
1589
1871
2099
1376
631
1086
507
1593
1629
1780
233
2492
1586
1410
680
601
2414
1528
851
1261
710
1611
1344
128
617
1654
1652
720
1197
1216
1852
1698
1280
1574
278
693
596
2175
791
2496
1210
15
1178
753
1022
976
1651
898
718
2465
2346
111
91
1290
876
1307
2265
1947
121
1059
444
1761
1738
1044
459
1388
2381
589
167
1039
379
1731
717
1840
1908
2092
1614
1519
1872
1064
623
228
2056
1928
619
919
2111
1696
1667
1610
1075
1810
1160
1133
1469
168
920
2423
1196
6
282
473
1104
98
1626
1379
474
2054
1214
902
1802
145
415
588
1282
1945
2399
400
1003
2389
1193
568
590
1786
1151
2097
802
137
1752
1737
1144
2044
988
947
1656
1234
1717
286
960
1184
1878
1968
2130
1705
2454
63
1068
833
169
100
243
1932
1817
2470
1036
997
1759
2164
7
138
850
957
1324
1901
2420
1345
2368
1250
293
2076
2215
2436
1766
715
369
1510
2188
2345
2308
569
1995
1024
2195
2161
1153
1744
1030
2297
975
2371
848
2248
1922
95
1886
489
1954
1288
297
1758
2193
1357
1670
699
1405
1435
2472
1671
545
287
737
1254
798
1016
357
2366
2287
2410
330
638
2139
1477
2462
2160
2125
963
437
1233
1143
643
872
9
1407
679
1517
1580
205
771
1500
1488
1000
1904
1058
659
1291
1028
1171
1037
2310
2244
1396
2206
636
175
1207
1378
487
2181
1527
1713
156
724
11
2301
1355
888
2189
586
1317
2148
344
526
1628
604
1551
2466
1227
2207
247
1588
1264
1539
426
413
1735
391
2101
719
1069
292
1425
723
1363
112
922
270
2264
2202
2336
1655
1238
1568
2157
424
1124
1373
1265
1781
1664
965
1255
2126
1465
2201
2180
1905
529
2039
1399
1301
1812
2152
241
141
1032
1115
31
2449
1808
1002
533
2183
787
512
984
1383
655
1550
2081
1428
1620
2032
1034
1302
768
1351
126
325
2192
1096
115
1634
83
1430
2445
1690
886
19
304
2020
1555
2274
514
147
154
1431
917
1966
2461
1987
486
863
751
580
2309
1451
1544
1853
1448
2001
1585
535
324
755
2275
730
242
2393
1335
1890
1835
1591
841
494
656
1457
2474
309
1657
1306
2108
901
1615
1933
1542
1971
2186
2190
2208
1941
1900
2490
531
196
295
315
110
1582
227
479
761
207
49
647
200
108
1079
1498
1980
847
1977
1834
542
1767
1938
2151
1509
1757
1412
2085
1269
1621
1029
133
1023
2279
2491
1556
2098
1957
469
1821
2191
2266
537
389
1844
216
2245
2481
2156
2074
2432
1917
1942
2231
2014
1177
2339
1411
1047
149
184
1169
267
468
1929
1888
1437
1537
2431
671
1118
1856
1613
937
25
2042
663
2303
212
1063
2295
2394
151
374
743
735
285
1277
1700
2278
1420
177
366
1074
2067
1775
449
1597
1710
584
1033
495
779
661
1899
1959
478
259
2478
606
2313
996
1391
1129
1686
2362
2353
403
255
1639
538
2469
197
23
2390
17
2163
2019
2356
1839
1346
320
2041
226
1209
291
294
716
1916
789
2002
2055
1960
782
476
1434
2300
1219
27
1898
225
1393
1275
2485
1085
1992
460
336
859
2043
118
1283
1182
361
793
2468
341
2367
1284
2
668
326
799
208
277
2272
1257
1564
2314
2373
1832
2379
2213
1015
1770
1119
1490
985
1281
2069
874
2219
1223
322
1268
1499
1334
387
1040
467
2016
1733
443
878
607
202
2479
356
2488
240
1561
676
1522
654
1120
1648
989
214
1300
182
658
633
563
2284
2140
1903
314
523
2106
1374
508
1934
288
194
616
2328
347
462
321
29
1769
1755
409
820
398
995
1202
1720
2428
2382
674
1381
1149
1829
1560
1225
1725
2402
767
2276
1146
819
1259
599
852
229
1677
910
1025
422
1010
1333
1948
1936
780
8
1952
2441
1338
231
1350
1220
2105
1467
2457
912
2329
2222
89
1004
2214
544
1548
2254
1673
747
2358
142
1567
181
813
2107
1112
1973
1020
1569
2220
2234
2246
136
198
1521
1464
2221
1312
756
986
1371
893
164
1915
1712
1071
776
2448
237
1982
458
261
1805
2154
681
2319
2497
1741
1826
2038
904
1043
2375
1372
800
650
1765
1070
796
2167
1691
1669
936
592
1458
556
38
2226
2166
1035
682
373
312
1203
2199
1743
1083
438
340
1287
628
2459
1754
2114
803
199
1815
585
350
185
451
519
1827
1337
1816
856
1246
673
2386
552
209
1763
1650
1531
1523
1847
1360
704
172
2288
923
966
1849
2417
2051
2162
1368
880
2103
1315
1813
736
1421
2453
1476
702
201
43
637
1095
894
1418
70
1244
1536
2409
1962
67
1838
1546
1089
942
1242
1524
2411
117
2498
1082
982
2046
1747
2427
1276
1988
2281
59
2104
579
248
964
1492
1260
1697
333
134
2096
1956
977
1552
2425
890
2021
150
283
2040
1681
2463
1688
1951
1139
950
605
687
855
1380
690
1206
1984
1868
305
1102
808
1596
1846
1157
1619
2323
1679
502
711
1135
941
864
1472
2421
1017
670
1791
1012
1267
419
1199
1213
2003
113
1963
1172
909
684
161
2194
562
1714
1920
505
1875
1101
1289
253
685
1842
778
2290
54
595
1864
1087
1607
677
2487
249
1796
1788
1013
660
1274
2137
1110
534
983
430
2324
1341
1674
239
2351
2240
555
993
402
1061
1627
1313
1471
446
1740
1779
1167
1726
1449
1943
1339
603
1365
58
1162
481
1045
135
881
609
2317
417
1326
260
1830
342
1736
1328
1547
891
1445
2138
1578
2350
506
1186
2400
1416
1447
2049
2012
1201
750
999
2178
1525
183
925
1114
1749
245
1236
34
2338
475
1090
408
839
266
77
2172
2307
316
39
1386
75
397
1851
236
2036
1760
1708
102
1811
1762
1113
1975
441
1481
2415
1694
640
1836
1130
837
1806
1914
1662
1545
2009
1516
1053
223
546
2063
2489
1549
2095
1637
1907
1076
806
817
1624
1532
883
1753
2388
845
2118
396
2473
1062
1605
2065
689
1456
1866
73
2134
962
865
1774
849
565
1579
1575
1964
360
1270
1158
2405
445
2424
246
1414
370
2500
1949
334
862
88
2359
2484
434
722
280
82
1088
645
1711
1771
2251
2259
1860
1887
296
938
657
1366
165
1132
1122
2062
1427
2023
2072
594
1204
540
807
732
559
143
1727
2341
1918
1502
284
447
1734
1147
1768
625
1723
1330
130
1450
1212
448
1594
2344
263
630
2070
2369
104
1165
1141
649
2493
1441
302
2171
490
2255
773
2396
1801
1562
1463
1795
961
1845
2089
1454
821
2211
310
2079
257
106
2475
741
2145
701
2068
1163
557
823
551
1438
1950
1145
2022
453
953
235
1978
1140
1505
1487
946
1100
1436
2144
728
166
1092
627
36
924
760
746
1912
1790
1303
1573
762
1404
1243
669
861
1262
1478
1
598
1843
1077
355
932
395
1258
1884
1526
678
125
1489
435
2269
987
2305
1215
870
427
2437
597
600
1538
2312
1704
348
866
1794
2170
804
734
1218
1426
1783
1485
203
131
1018
510
954
48
1466
492
307
254
1576
916
943
1530
664
797
574
450
1235
1084
1508
1854
639
232
1798
1659
2217
40
86
2232
2340
1746
1332
879
1091
906
2443
2430
480
897
652
2271
770
109
1859
1105
2467
2365
2476
1889
620
1394
2212
721
1833
76
624
1745
1983
1170
354
393
1148
1693
1800
1965
2378
525
632
1969
24
2364
2434
2446
1919
1793
1925
273
727
68
45
485
1474
28
504
1535
276
1006
1054
1633
1320
1533
2064
524
2243
1540
155
634
1722
566
744
521
2406
951
1156
1891
483
1056
1998
1559
2084
1121
44
303
2169
527
455
78
124
1065
428
1974
520
2261
648
1807
2349
2013
949
2316
1241
931
1994
2296
1979
1823
262
1181
2238
1787
952
1173
2122
1961
775
1643
190
528
738
2132
174
1249
2285
1295
2127
1117
1462
1208
1329
79
1309
442
2120
860
2187
2197
1109
1042
2361
1185
2146
641
2165
1459
972
1180
873
332
380
158
2004
2123
2327
665
831
123
1389
2075
1699
2237
12
2218
5
934
1027
725
1323
2035
1701
2224
1612
2363
47
1222
211
482
1229
2185
378
666
1382
2480
204
740
518
410
1689
1189
1475
2025
