913
1082
2448
276
1023
1169
1138
2492
1273
174
1989
1333
1854
969
1592
1457
15
2491
2373
757
1458
468
2110
728
871
472
629
672
1039
2234
1258
2122
921
523
777
2080
1017
584
2002
1448
2250
2035
2431
615
1773
1411
1844
660
310
306
1355
2053
296
1580
852
136
35
1100
2475
528
1222
1775
1915
2198
1510
1885
2412
1242
846
414
738
409
2017
2377
255
680
612
2438
73
318
1655
1781
513
2254
2498
716
284
365
107
565
91
1054
1817
964
1095
1582
1000
2404
1041
1910
1421
2284
855
1235
2334
415
236
514
1130
1588
1993
417
1670
1677
1946
1059
1883
1126
1589
1245
2429
912
1246
1839
189
1442
2015
1268
1675
359
1270
1513
1579
1047
381
1898
938
714
1553
2062
418
1261
2348
772
165
2156
549
378
1810
1950
697
2337
1573
1692
1730
812
1144
438
1892
1587
1570
2059
1543
2411
1858
1848
1021
270
1908
1697
2225
2347
2306
636
674
2287
546
510
670
471
486
825
1969
406
1569
2236
362
480
800
2339
188
1049
947
1598
1711
263
698
2138
1768
940
990
2086
1936
554
2143
1874
946
401
944
1383
1496
395
425
157
1674
2141
1385
1507
959
2417
878
922
2147
2033
1896
2027
841
1276
597
275
315
2217
197
2454
1497
1058
387
71
2154
2467
329
1174
2070
346
508
1166
1761
864
2478
787
2223
1127
87
1087
200
1118
410
1424
1754
2220
1319
619
1807
1864
1453
1919
103
2392
1423
2443
1727
1365
1790
319
2194
397
2316
1661
596
2279
771
2391
1238
1440
664
511
1795
796
2346
2118
973
388
906
42
2374
1607
893
2151
610
180
25
515
1923
116
1323
755
1682
2449
1378
1170
1432
257
1349
2500
1644
1032
2096
1538
2036
804
1308
1600
888
1317
962
1316
1464
586
1186
2195
1050
2179
33
904
1026
2078
1800
334
2365
302
1472
1290
2314
1966
572
2087
19
561
998
2126
1320
931
1909
283
1447
1548
708
770
1459
827
1108
2244
785
2136
633
1207
517
1034
2134
1608
1043
2247
101
1427
1997
2267
1535
726
1393
2344
2399
1064
1656
671
2427
1960
854
1609
289
1296
1818
1865
1566
1214
875
163
1036
2047
187
1425
760
1789
503
2336
870
419
641
78
688
968
2032
44
1782
2312
1105
2485
1211
1315
562
690
1341
723
1132
1434
225
2408
1173
2208
139
1979
462
1099
1870
1266
1236
768
2211
2307
2260
299
1630
2009
1659
1792
1951
1415
212
181
426
1978
980
2007
2057
1758
1926
1911
2456
2157
1077
1454
1746
599
2403
1067
239
1596
21
1183
1225
1462
36
1732
2043
2178
1755
218
1360
634
1965
2176
1277
979
67
984
430
590
305
1631
211
220
1446
665
404
2352
269
620
265
1739
739
339
873
9
1930
539
1719
916
543
756
2054
1037
104
1305
360
2004
856
551
547
2061
966
1299
1040
2286
1834
978
607
694
2375
2257
2416
421
795
2299
129
1239
970
2081
1788
911
1200
354
2405
1679
2457
1280
2068
1045
1736
2420
1298
892
798
640
1949
2214
121
1180
285
1970
842
2207
194
402
1271
1466
1572
807
1477
733
1078
2445
1314
531
1133
1517
179
983
833
2197
2230
2233
587
20
390
2085
343
1976
400
2038
1310
344
117
459
532
1555
2262
1291
1829
1931
2171
1894
105
2255
2268
1503
248
1005
148
141
1546
2199
504
704
737
122
1684
1571
169
1025
457
1230
358
2325
863
837
2379
1693
506
2055
1614
434
26
2079
2097
516
2205
2415
685
82
83
819
1164
614
1855
138
323
2069
28
880
272
1379
1944
713
1374
383
2360
1822
1330
2393
2275
251
2281
919
1008
2383
1098
1701
2026
867
2186
1191
1356
1476
435
1763
981
578
751
1461
2341
722
1928
162
389
530
773
1370
2463
1490
761
897
2321
1726
1352
1463
2139
2189
1387
2016
405
317
210
789
815
1016
1902
30
1683
1604
545
373
801
2082
519
2283
474
661
86
502
1558
1480
223
527
1244
988
1716
1334
501
993
1783
2468
644
77
709
1444
2238
1139
509
1303
1181
2042
34
678
1514
826
97
2362
2353
2114
1354
762
79
1998
2486
332
808
371
1702
582
135
1307
522
1375
1147
1013
1837
1888
2361
717
792
1934
1062
1764
1826
2116
1613
1933
952
2120
3
1406
2358
2278
45
1046
967
1872
2227
2
1550
2364
2340
2181
850
309
1104
2298
2324
245
1172
1895
589
243
1231
1647
703
1460
1381
113
2484
2204
2318
237
1622
1398
99
450
538
241
1688
1327
1217
1776
228
673
281
1081
1995
1799
1066
1890
2213
1193
1102
1567
1430
115
961
1111
2378
1819
262
1560
2442
1251
1959
725
2012
416
839
2333
70
403
81
2397
637
1188
2091
422
326
735
533
2022
1945
1599
427
681
512
886
525
1436
159
16
300
2040
1851
1467
6
439
1791
813
2368
1737
1715
2490
2335
1431
559
914
2077
1324
1220
176
2367
1585
1229
556
2101
23
1233
2150
2370
173
594
2447
1129
1083
2188
2088
110
1134
2488
734
370
1751
1044
1777
1241
499
31
1004
552
347
1167
431
1340
1828
2185
1012
1113
2290
2196
994
1849
2458
2105
747
1153
1142
686
2124
2066
1196
1921
711
456
1540
1973
1565
2296
1769
1097
1562
1069
1583
1408
1816
1052
38
1060
130
1663
872
1913
853
467
1275
1203
1833
1539
2349
1634
1564
1110
1554
2264
43
834
2037
2356
954
2076
1212
1681
845
986
649
1745
1091
1985
146
429
1982
2426
2462
2112
2192
1823
903
1198
1061
1710
325
1165
1897
862
2158
2253
2003
184
655
1489
290
1867
2090
2465
2446
2291
953
1182
1386
2317
765
1525
2051
643
266
495
1402
730
700
46
85
2232
150
1549
250
203
1830
2089
1189
1637
1889
1906
2409
2048
989
1094
568
182
1084
2402
648
1999
1687
1219
1784
2271
736
1252
1712
279
1678
869
2173
1106
2328
227
1250
2183
823
267
172
1155
956
659
1500
2371
1228
11
1879
231
1937
1384
505
1512
570
1529
1282
1068
1218
774
1335
1491
1274
51
224
877
88
896
1247
2065
2164
1980
2000
602
822
2482
1136
2388
1090
1103
1473
573
1372
177
2045
1924
836
604
2109
500
1863
895
580
192
2075
2203
1929
1850
1534
2434
767
2020
2292
656
1853
1301
1922
96
1824
2436
1007
102
1953
411
2450
2210
1502
1131
1003
560
1123
261
155
781
2400
353
1128
957
2193
297
617
601
1704
349
183
1516
936
1524
1563
1994
219
1485
1914
2137
1721
2477
460
1479
1088
1907
1798
156
1223
1841
790
147
1977
749
1332
1119
160
677
907
1426
84
1667
731
1353
1943
271
1812
537
191
61
618
2034
902
858
729
1605
727
1528
595
933
975
555
1615
1400
809
1750
1300
1346
1373
942
367
355
1842
1690
2013
507
1838
232
1530
2294
214
2094
569
1672
233
311
1694
2175
98
2493
488
93
52
379
366
925
881
885
27
920
879
1498
2008
721
2282
206
1912
2024
2394
2011
2248
2305
1337
483
127
385
715
2019
1992
47
630
327
742
440
2072
125
2385
1312
407
1987
1713
1409
1187
1311
364
695
244
524
2480
2430
1772
158
50
1759
1331
1484
2300
178
1342
1767
2453
1832
625
1416
603
769
2422
1893
1738
1626
579
2330
651
1611
941
1709
1559
475
536
1318
1405
1443
2021
1226
2243
465
1321
442
2261
1651
2160
1900
753
1547
924
2052
889
1469
1990
1494
965
763
1199
451
1660
2182
1024
145
1508
1328
1293
2363
876
1941
2407
1785
303
2001
1542
114
1326
58
328
213
1531
1840
575
201
908
217
75
1124
775
294
2295
207
621
1390
322
5
724
1285
2152
12
1861
2237
1590
1304
412
1623
37
2304
1437
167
843
1348
324
585
2219
683
2180
109
2355
2351
824
2466
712
1654
2418
126
1336
247
2128
2398
932
706
2209
963
934
1814
566
120
1030
2276
131
1146
2270
2441
1846
1195
1938
8
1802
2039
972
1029
1160
314
1744
764
1092
1820
929
1022
1125
1536
884
955
2095
1625
2432
899
520
1161
909
1152
1866
701
2023
2163
1734
1725
1366
477
1717
1868
1887
1439
1151
883
277
1593
1470
1264
2256
1771
581
1916
1624
1666
1891
626
2099
1533
2451
453
133
2342
632
1723
1227
971
732
1729
2131
646
1456
1619
1322
80
1145
1283
1150
1578
1642
2025
710
252
890
1671
550
1339
1803
999
2108
2123
1449
2423
1014
1071
1691
1403
2165
446
1633
494
2495
1213
76
1509
788
616
758
1267
2460
563
1653
1391
1288
376
69
234
1805
1627
2440
1154
776
377
830
1757
882
958
1253
1278
2104
2102
2117
2414
56
2285
18
696
420
1568
350
55
631
1617
1794
2309
1096
905
2245
748
1632
424
1
399
2187
1192
199
699
2474
2246
642
1396
2323
2297
1184
1185
898
363
2313
361
17
493
253
676
1520
542
413
2056
1149
1122
452
481
1367
321
1020
1422
2435
382
1662
1404
818
1428
915
1576
647
1574
348
2410
1107
1796
375
891
817
337
301
487
2153
705
1265
1658
1650
1673
2499
571
535
2308
2380
613
840
1963
900
49
2215
2293
89
469
2263
2487
1452
1597
2106
68
821
1085
1903
2224
814
2098
2425
693
1019
901
1073
1948
740
1475
1486
2170
663
564
393
1493
1680
384
282
1594
1774
1731
1875
518
1178
335
1621
1001
1957
2212
831
2005
242
526
238
1399
2044
304
1297
1602
1093
577
1880
144
1435
74
1703
1028
1618
476
1018
1148
1698
140
600
118
1410
256
151
2030
316
230
976
2357
1825
1961
464
132
1972
394
7
1201
1197
1638
1175
544
2439
1935
1389
1279
170
2093
1206
937
2028
226
2251
2084
1808
1033
2174
491
396
235
2272
1927
1601
1639
1109
2386
2206
246
489
41
1347
1232
799
166
2461
1735
391
288
1665
2050
466
2191
2469
2331
541
1515
1664
1284
1116
2200
2345
1793
1483
741
1532
1325
745
345
1115
851
258
1696
1827
437
1522
1974
1591
2387
828
1742
1952
521
484
149
1194
372
2242
1646
743
1419
1527
2464
2060
1262
1629
62
1072
1465
926
1209
2288
668
1852
687
202
1056
2372
386
1395
13
60
1747
229
992
702
2265
1114
1455
1544
2459
1708
24
2366
221
1413
567
1224
40
1190
718
2159
1302
2201
445
1358
1015
392
1117
1728
1162
707
1964
1700
380
1606
1492
2149
313
295
1202
1002
1877
1281
2226
2006
791
2058
312
293
320
2239
1981
1954
1487
2479
2428
1881
658
1420
1988
2350
692
2277
1940
746
216
635
1521
2144
90
1586
1756
2413
1474
1289
935
1388
1780
2376
1079
2135
657
1208
1806
2369
1057
1362
478
1669
1770
1685
1204
1643
64
175
2241
1140
168
470
1027
1089
463
1847
835
479
2119
1706
1429
1552
1309
1294
2289
2319
2258
1741
2455
1407
1932
331
498
1843
298
2125
1351
2222
1836
292
2354
1176
2396
308
1869
2302
2390
1541
352
264
1518
866
650
492
215
784
1636
1168
1641
923
611
240
1878
759
719
2133
951
1237
667
2146
948
593
448
351
123
1628
1610
1699
333
638
2320
1876
1101
1418
134
2129
1695
196
844
1216
153
588
2190
2073
1371
1417
485
1254
2343
1248
847
1065
2249
1707
2140
1748
2327
945
1962
1971
1063
1397
432
1871
838
254
860
2231
2494
1975
622
249
1086
2332
1779
1382
1581
1831
608
2359
662
806
1886
1714
811
653
2166
1925
356
2018
1526
1163
1557
1240
810
287
2444
1753
1765
557
108
2100
1051
1511
996
623
1157
1595
820
171
374
1740
1724
1313
336
930
1344
786
1329
1010
39
94
291
1357
2481
2177
628
2424
2121
2280
540
1845
1468
1450
1414
2322
1640
627
1177
802
691
1135
164
2148
1718
2473
1179
198
1286
558
1645
865
1804
2083
1519
1556
1904
2489
1306
803
639
1359
2132
1809
205
666
1433
195
1689
780
1676
2240
2041
2014
779
1343
1603
1733
1860
750
991
1920
338
10
1821
1482
1956
1158
1112
1451
1376
2476
534
1918
48
2382
997
857
190
428
423
1786
553
2269
1612
14
128
1011
2168
1551
1760
2384
2145
1545
1968
1537
330
766
268
1668
449
1811
1269
1350
2074
443
720
2071
1263
1070
605
598
1955
1901
1797
2235
1080
1363
861
1561
222
2419
1481
32
1862
2315
444
1488
1361
119
1899
436
887
848
1295
2216
193
1156
1835
1392
1048
273
357
1942
1620
368
1506
2406
95
1205
1287
2252
1705
278
124
1445
2303
1778
609
2142
2029
2167
1053
797
433
1501
441
286
2113
1958
496
2162
1939
1401
894
1983
65
455
939
1438
1648
816
1856
1441
1984
1967
2452
398
1257
949
675
2010
2389
1221
928
1159
2273
1762
2229
57
1495
679
2338
669
106
1171
1394
100
995
529
1652
1055
1038
1813
1380
829
2401
2221
1369
53
1260
1074
1255
92
447
2471
2172
63
369
1801
1584
274
2326
1121
1338
2067
1749
1882
2421
794
2395
2259
1575
805
2228
1377
1873
1859
1249
1035
1141
977
548
1259
490
54
143
66
497
606
918
1986
473
2046
482
1075
1292
1766
2169
111
1143
1042
832
1505
654
591
684
2155
2115
1884
1364
2127
1996
950
1234
259
782
340
458
2064
2103
280
204
161
2184
342
752
985
1120
1720
2470
859
4
960
2311
2031
209
2130
1499
793
2381
1917
1649
2433
987
2301
1272
1991
624
943
260
1577
1686
1743
927
341
783
1412
2266
137
1471
1616
868
2202
29
1210
112
1256
2496
72
408
1523
2218
186
1243
2063
974
1368
1076
592
1137
2111
2483
1815
208
461
1857
2274
2049
645
2310
22
1905
682
689
652
185
142
1345
917
1635
1215
2329
1009
574
2161
1657
1006
1504
576
2437
2092
1787
778
744
754
1722
154
982
2497
1752
152
454
1947
2472
59
849
307
583
874
1031
1478
910
