555
1508
489
1839
101
1945
833
1016
1712
2135
915
1846
1559
723
422
1363
477
2018
2209
856
2035
225
587
203
781
436
803
408
497
1365
2276
2167
2287
1246
2374
655
1752
2026
1993
1242
213
2418
2313
2086
614
2345
1922
1540
2279
1259
1940
2293
969
1663
565
2101
2010
808
2311
1323
2111
2250
567
1155
414
1378
837
1569
349
2215
2210
2261
2352
2207
971
2314
1093
1759
131
2441
1350
2188
2448
1543
407
341
1432
2471
1239
1195
1310
624
13
2357
134
269
1536
335
583
1809
762
594
2006
404
1558
10
1640
1446
729
513
1745
1128
478
2129
2053
1692
1896
1582
94
1166
1451
2082
418
1020
2417
351
2033
505
1199
471
1674
2093
2028
943
1781
826
1209
2358
2251
1206
541
701
656
2465
467
338
758
1972
1681
1485
1312
548
217
1909
985
2148
1237
1530
2212
1297
1014
1238
1360
243
1325
1380
1767
76
507
1139
1286
2089
14
1236
769
2068
1135
1545
2340
512
7
1110
782
159
2483
1876
376
2233
487
687
501
56
1241
811
1613
1400
2294
609
1219
964
2022
1689
1372
582
1205
2019
235
1919
1642
625
598
2324
1057
901
1798
161
754
1730
2459
732
2370
1387
1402
1744
1685
54
1345
2362
1226
1265
2009
1247
190
252
1180
1715
1688
1017
2485
1607
2099
1445
1973
449
1235
1094
151
373
851
1560
1240
1071
1776
1860
1091
1873
1842
1707
2232
788
2472
1690
287
114
28
627
725
111
1146
645
1069
1991
25
735
1472
1063
2061
2458
978
2230
592
1144
1273
1145
1324
1486
520
368
1785
1343
863
70
1383
2373
165
933
415
1026
1675
105
1105
2380
940
891
566
802
2106
2078
2240
2003
1578
1751
564
838
714
533
1129
951
1515
865
83
1426
2247
476
638
317
2095
693
742
1332
1666
2447
2388
542
1115
706
629
1789
1038
514
1140
1927
1059
2231
702
1662
2164
1076
1341
981
1603
1507
1672
26
1401
2496
827
2435
2153
953
1630
1717
2428
247
1473
1349
931
2394
396
1457
1068
1134
1585
692
2295
491
1511
711
618
2058
1123
634
276
355
1348
1089
1644
2218
1510
2499
942
898
2138
284
1299
87
460
807
2100
1221
2012
948
2346
245
62
1450
2197
1464
2255
230
2383
766
2476
944
591
142
113
2446
2102
1175
2091
442
2032
699
750
312
194
718
293
576
357
283
2453
123
1935
1293
2097
2460
2475
661
1258
1734
1393
1142
1126
1872
540
649
2103
904
1844
849
744
708
1502
1397
1104
1836
2303
309
2402
295
500
372
589
353
2189
1822
1499
1990
1086
1138
1047
1107
1251
2041
2404
786
907
1090
1275
746
1861
1874
848
611
1549
2350
1394
771
1045
1626
1072
1150
751
852
1579
1001
1370
1738
457
558
36
1476
89
504
1037
1995
2146
643
448
1890
2063
1865
384
104
930
1763
578
1470
1932
801
358
329
1333
1220
2361
226
462
2087
842
1657
1347
1828
1980
23
2456
12
1949
1994
986
1548
425
659
1406
2425
46
663
816
1385
1359
2278
1353
1080
819
397
601
840
313
927
60
441
1721
1762
2424
65
1003
451
375
1390
970
394
2117
1658
968
2088
593
879
571
1190
483
1480
1773
1376
2451
1187
716
1829
1501
989
61
1848
2054
324
153
2432
577
1623
1679
2187
2173
1600
2285
653
545
2112
2150
998
143
1795
2169
1804
728
2239
2090
1027
215
2364
2244
1714
1852
158
774
297
2038
2065
562
678
1444
1598
2180
1174
2468
1503
174
1097
1916
147
154
1225
306
575
644
1487
360
380
550
1946
688
455
92
1823
1085
1915
1484
1841
1307
635
1459
279
1050
1408
963
1903
359
1954
2318
861
2175
1267
2277
1217
2249
2336
2395
1764
1953
1845
1281
2162
1960
1629
392
759
88
2114
2055
2490
623
1810
534
1778
2040
2399
2268
2438
273
254
2493
271
697
2384
1318
938
2457
1108
1103
2199
1770
1171
1130
908
2306
1512
682
53
1571
763
1298
1577
1570
2110
957
420
310
1691
911
535
518
1447
2433
2360
27
1313
823
928
1981
207
1351
1201
426
16
1783
93
2220
278
220
670
1184
568
2252
2216
1173
932
1772
1784
1933
713
2489
2486
386
882
1700
1403
2130
2136
2321
843
1272
1227
620
1847
1214
362
100
2474
2208
1417
208
2366
1384
356
2494
2200
966
2480
939
739
1427
681
117
1368
280
727
1938
1936
1165
1337
1010
2160
2163
531
1906
795
1352
209
1060
1066
1928
1837
2397
2131
424
585
2083
1951
616
1168
1215
1023
2426
116
1777
391
841
668
304
1377
2444
1521
1551
1930
2359
389
889
2375
1555
1959
1632
1412
834
1188
205
2332
201
853
1471
1996
2205
1006
236
480
858
458
977
43
1950
2015
1566
1586
869
2271
2161
1801
1969
779
2405
1984
1891
1392
515
967
539
783
231
406
343
1448
1012
859
1
1358
339
1042
2156
1404
3
1084
183
2023
1977
2062
2177
241
543
326
1062
1871
1898
761
2343
2144
1458
4
608
378
1631
363
1970
2157
11
1814
961
1028
481
1584
707
770
1285
1381
2059
1952
68
95
2454
2440
2258
2139
132
2420
897
912
2262
847
1329
2137
1926
1263
2159
686
2259
2385
1554
955
437
905
2320
1070
755
1335
1420
1677
874
1245
2020
1976
1780
1120
1812
1461
1505
1058
1254
2354
74
523
1496
2386
1617
787
1541
181
432
1645
2219
1411
1212
249
2335
1670
2104
832
2092
1185
80
923
1775
796
275
160
561
246
464
2075
881
1322
1250
731
1024
1389
1216
1375
1708
654
139
1177
1015
42
395
2275
1716
595
2288
1357
1900
2195
1442
580
52
900
1535
824
1369
2304
447
474
895
325
715
1957
2069
2409
2079
1918
199
772
1703
2005
918
640
180
421
1746
871
1031
2389
906
522
1866
169
256
1495
2182
2260
792
1520
2039
1106
168
2243
2057
1986
1462
211
2390
456
1181
798
1735
29
66
1599
1532
549
1803
721
1167
1696
894
33
2273
909
1593
1494
934
2270
936
573
1102
2365
2027
1647
857
115
35
2201
1437
331
704
1274
146
1887
262
1817
2165
1148
694
2284
37
709
1827
753
959
877
64
1704
1665
2257
1831
1527
1766
1921
1482
1158
2004
1198
1113
1531
650
2077
320
559
1968
2120
20
1149
2466
600
1659
176
2235
2436
258
2140
835
829
90
797
621
1483
1590
1179
1319
597
1967
472
1202
405
1592
2407
232
216
1653
954
1268
1434
1170
1355
2462
1013
760
1656
844
1683
747
1296
1853
75
250
530
1779
937
2497
1371
2439
319
1382
2206
822
2291
605
2411
632
77
1092
1492
1356
2194
2007
2292
1978
281
1081
2369
1966
431
1910
1141
49
2372
184
2403
664
2256
872
393
2179
186
240
2326
1618
229
1196
2060
745
1119
1064
1233
204
1232
2481
2133
38
388
666
2467
172
1638
164
1956
1610
994
1581
642
1858
2142
1565
1709
1065
975
242
1112
239
1306
913
2290
1438
314
1771
288
495
639
1673
641
700
86
1262
2085
1518
1256
219
292
690
1399
799
1619
419
2074
657
2329
1418
364
2064
1731
1021
1800
793
1207
2487
1467
712
1624
814
2297
1975
538
903
102
1287
2171
124
2141
1944
1509
1248
896
1583
1328
73
2267
198
340
1210
2151
1818
1529
110
868
1067
1178
2
1054
1889
631
342
144
2221
828
947
1955
1163
1729
1563
452
385
1500
2073
1635
1405
740
636
1974
2392
2236
260
493
1834
150
2414
1614
1362
2238
2325
2149
1838
370
98
1702
1723
1336
1253
2105
1588
1747
1051
1386
2049
108
2363
157
1661
956
830
1686
383
1452
446
1894
1280
860
875
1786
2016
212
1774
1622
862
749
2132
103
1075
1553
960
1481
1176
488
1761
48
651
952
1791
1929
925
2408
227
1811
1007
890
1292
2254
1606
2461
1913
1162
1074
804
301
941
2183
658
1604
31
1295
646
399
265
818
1669
662
1379
2229
58
2225
2491
2202
1983
2119
1284
145
15
1114
387
2423
1799
1455
737
2381
2051
251
2269
1908
496
41
630
400
1098
1782
234
2121
1096
726
1937
554
137
1768
350
1218
374
2331
854
949
411
2154
1615
794
2143
584
2416
1580
18
1121
484
490
1228
107
1596
1269
1816
1684
2478
323
1879
528
1466
996
2464
1886
1608
2300
1453
1431
188
2393
893
1863
1449
469
1859
1131
2126
1475
920
1695
1288
1111
724
334
1537
248
2333
1440
1279
450
1625
993
647
1488
1819
1516
950
1137
200
1117
1052
617
1788
1036
887
1693
850
166
1652
553
1646
921
1043
767
886
552
1851
315
2124
1620
2413
1169
2248
1320
2191
369
1361
1963
2045
2338
167
427
2034
78
1964
1895
2025
899
1769
381
2056
410
825
1164
352
1373
817
1077
2031
1748
1987
291
2223
648
178
1528
1718
1862
2184
1728
244
1999
683
1533
1655
1742
738
270
800
85
2109
521
1821
917
197
1002
910
403
1101
444
516
1699
149
2500
780
171
983
135
1883
2455
402
669
2176
1133
2253
1739
1124
1740
2172
1595
888
546
1419
2147
1802
1621
2379
63
2450
1732
2473
1395
379
2377
479
330
1454
1354
377
255
880
1733
2214
2190
382
557
1252
307
463
556
1997
485
1881
39
1314
316
1958
2265
757
604
1979
876
461
22
2186
327
730
1602
1271
1914
1331
1678
671
1643
21
720
223
1469
2185
2170
1305
1415
79
2072
673
607
2204
1698
1597
354
2071
1985
660
1519
508
537
1340
1222
820
1433
2203
1327
502
1542
1523
1724
1033
2452
106
1083
1308
8
1988
1005
1567
1407
2322
1562
1806
72
453
2246
1011
926
438
1575
428
1824
2242
1982
544
321
9
1396
221
995
152
613
1694
1813
529
2166
2443
980
1741
1025
120
1009
2050
1912
734
1526
2349
992
1234
1039
1726
1244
1326
2125
902
2118
57
1651
2017
547
775
2355
1436
1868
2412
1073
1989
2152
1034
710
526
2213
118
2011
536
884
1264
1550
2328
836
2299
133
494
1143
1061
2002
2308
189
2217
1428
1032
2334
1424
1589
2264
296
2174
1152
429
563
2316
1029
267
1316
1468
371
1561
777
445
885
1544
2344
1330
470
1004
347
677
348
685
1366
1722
1478
59
1664
2495
1754
346
1046
2430
684
67
1000
922
805
1719
1676
1056
2482
1524
127
141
588
2211
873
1843
1425
1888
24
1587
570
290
790
572
2047
719
1018
1682
1885
1338
2013
1159
1249
2044
274
1934
2280
1261
206
2470
509
610
615
1414
689
2042
1346
1826
866
1277
55
1924
443
2296
1160
155
1008
997
1765
253
736
1342
637
2376
170
1556
2307
277
958
308
1211
976
1231
778
2368
1609
1127
1186
2298
1035
128
1421
812
1289
1019
612
1962
417
2391
2192
238
2437
263
1522
1591
1612
298
1294
1864
2029
218
560
1125
193
1904
839
2347
831
1807
1439
1422
266
2401
2378
130
398
1078
1808
717
2037
517
596
196
1030
1736
1243
412
1513
156
2070
2339
1697
1463
733
2371
791
1122
1925
69
1680
300
675
2222
809
96
1539
1304
1790
1118
962
50
1095
2312
1705
2030
2353
2127
2228
1869
1301
332
466
1756
1552
703
82
1321
784
1639
1022
1877
929
1792
741
883
1892
1136
1255
1760
965
525
1830
1594
1884
1743
1568
2178
192
1367
285
126
680
2342
1849
988
2323
1713
1441
2098
1547
935
1283
2289
1870
1757
1443
1303
210
696
1636
182
81
2429
365
2008
2043
121
32
1151
475
1430
1132
1920
2419
264
991
1278
179
112
1514
1750
2445
1270
125
1948
878
430
1856
569
765
2115
773
2081
2422
1794
1506
2348
1364
286
2398
1901
1667
1490
1634
2116
1867
1923
1905
748
2226
84
34
2286
2014
864
1291
2484
2302
1391
1116
1835
459
1633
473
1157
2198
1088
401
19
1971
499
454
1878
1413
2356
1605
30
2241
423
1965
1616
1498
1429
1706
2122
1755
237
2024
1833
1998
1191
91
1650
261
674
5
789
626
1276
1943
2274
867
1334
486
602
344
855
367
45
1687
2076
2492
2000
2155
2410
1875
1564
1044
973
2107
785
1711
163
2421
845
695
590
268
390
1290
119
1153
1194
1109
1266
691
2301
302
1907
299
1456
2134
1477
47
2330
1409
129
1725
305
1992
2351
1601
1156
815
1193
1423
97
1374
195
1825
214
2224
162
1257
2488
1832
1710
916
1082
2415
2431
1048
2310
1497
946
2315
2449
1041
1720
2382
2319
870
2080
1902
1161
1517
1797
672
2309
945
282
2341
1099
345
1727
1203
1538
1100
2434
40
667
924
99
1204
2084
1260
1648
1850
294
2001
109
1230
974
140
1637
622
1627
2052
122
990
1300
503
1855
846
51
2396
2234
999
527
1504
1941
1820
1649
2477
498
2317
1805
148
1053
524
1208
1880
224
366
532
1465
987
821
173
1282
2305
519
435
1213
1897
289
2021
1931
233
318
1840
628
511
2227
1410
2168
2283
1489
764
333
2387
1857
581
2327
416
810
439
982
1493
1172
1815
202
1787
2046
972
574
177
434
2406
1087
579
2181
1040
2158
1942
1641
1525
71
698
465
1796
2113
1753
1192
2094
914
2442
1534
336
1200
1893
1479
1398
1223
2245
2367
633
2337
603
1572
1660
1079
2036
1917
2427
1611
2096
752
984
1183
1049
2067
2469
17
1882
756
228
2196
676
979
1388
191
1344
1339
2400
1628
1654
1182
311
1854
2479
1939
322
2237
468
1309
1224
409
2281
1229
2048
2066
506
1315
2108
510
257
2123
586
2463
679
2266
136
1317
175
492
1793
722
1701
1899
433
1911
185
1961
892
1154
776
259
222
1311
482
1546
2263
2145
6
413
272
1671
813
1055
1574
2193
551
1737
599
806
1474
2128
1460
1435
1491
1302
1557
743
1573
2272
768
440
303
1576
1416
606
328
1668
1147
337
665
361
1189
705
187
138
2498
1758
2282
1947
652
619
44
919
1749
