384
2120
874
1810
1995
955
1837
2268
997
2163
1294
642
1372
257
1538
2360
1789
2382
834
743
796
439
2301
161
1072
2037
1934
1036
2029
1701
795
2064
451
324
570
561
1986
767
1530
2346
377
702
1037
2307
2484
486
1887
1207
1051
1235
1465
1177
1208
621
2358
1105
155
1148
990
1532
2288
2308
1703
337
1519
2396
2321
808
2142
2293
1960
2392
1838
2090
1092
1264
1028
1165
1862
2205
363
305
1216
782
957
375
225
1628
1221
2444
2271
2350
207
776
294
159
569
1339
974
2452
45
124
1098
1083
634
13
638
1237
1218
2049
897
145
2144
1112
1292
1680
2347
742
216
289
483
1660
1229
347
491
1338
1374
777
1376
1768
1097
706
2329
37
104
1643
1114
533
1349
430
2221
1461
197
1225
2380
924
1432
662
764
697
1040
52
183
1140
1932
2075
1117
1796
2497
1433
266
1929
857
991
1081
75
1537
1777
855
695
1890
369
1593
654
1514
1378
1570
2302
1255
1024
1457
100
1661
2030
265
1054
2435
691
2086
2007
1508
407
2255
1829
1052
1419
1638
699
186
475
1444
598
506
1976
526
1067
448
1176
54
762
1427
2455
568
1060
1581
861
1447
1137
1941
2300
1666
2078
1578
2377
1827
1048
248
1880
435
1209
2368
1018
2185
2375
763
2498
2495
1821
2140
185
320
1034
1855
599
57
594
1784
587
1839
2472
2127
1876
1122
1853
2434
1951
1847
581
2041
1047
1970
1389
551
772
1735
1755
596
888
2084
2173
565
653
1802
1927
1748
670
560
2429
2147
1268
1482
1888
2026
172
1596
1708
443
2400
410
167
1187
1535
2262
376
1246
114
404
2310
1918
455
153
1241
1988
618
2177
915
606
500
2461
179
180
1280
1831
355
2303
1881
258
1761
2101
1486
2394
2476
182
1555
522
1563
314
1795
827
1972
113
1199
2105
1580
85
2129
2433
1568
577
1021
585
68
647
998
869
687
790
1670
164
1521
2215
1900
1599
2363
2060
2341
2463
1023
1636
1151
1753
1153
1556
1868
2342
969
17
884
1481
60
1167
1412
478
2081
123
2337
2131
952
789
939
905
811
1042
640
2456
1860
1106
2042
2359
2052
1757
1316
747
1033
2139
509
2193
847
925
2449
126
301
2111
1450
2228
629
1950
2340
1035
2121
1717
268
218
965
1852
2278
206
309
2016
1688
655
2
1146
8
2146
1449
29
871
1817
1343
2304
2122
1143
1613
368
1141
1027
494
1704
856
1858
2343
2200
1204
1778
208
2209
1565
2150
2432
120
300
1061
1899
824
400
176
102
423
1260
1488
1812
1803
1256
1611
664
2366
972
579
467
1014
1257
1253
1738
1894
1754
30
1371
1181
192
1405
78
961
1913
1050
73
2183
1135
269
1524
2225
649
1510
424
1522
2036
134
453
1562
1344
1293
2065
290
1233
2447
995
1958
31
2234
980
1026
1315
773
2276
1997
595
630
516
1119
1161
1916
2309
1120
1101
2108
1732
1476
529
1275
1164
854
302
1804
2475
832
1515
801
211
1826
719
892
2126
2106
1983
356
1947
714
1842
2187
1931
496
899
406
983
812
1540
1582
1676
2096
2464
382
1830
1902
1595
1017
1822
202
1653
1984
1452
1905
389
1250
860
1388
1646
1589
2383
537
607
2440
1128
2236
1935
1279
907
312
1001
1745
896
1222
1544
530
2211
2282
28
2415
648
858
2083
1406
1836
1892
194
538
244
2274
2104
2175
1337
2385
349
1520
881
2000
130
2416
1184
963
1392
1769
2194
1013
74
898
492
2299
2054
2424
1110
688
1705
895
2113
1898
119
635
129
293
1074
2408
1603
1993
1387
611
1355
108
66
966
864
2348
276
1671
1059
283
2224
1252
859
237
1992
2091
1896
2259
2061
2407
728
583
1472
2152
1856
99
417
2459
278
558
791
1031
528
247
1669
1269
334
380
1170
1990
636
1109
1354
562
2154
2247
1731
286
2305
515
48
1467
1560
2178
2188
1591
1055
412
1162
2279
1828
2048
1016
2285
1622
779
2260
756
2322
1891
136
310
1296
1443
1723
1375
2092
761
2138
1783
632
1503
1668
1407
63
1219
2248
1309
1463
274
468
1307
2098
2013
2458
588
1834
2093
1064
987
1139
1121
901
59
450
419
1428
2409
883
1129
1648
1468
1306
354
1073
235
1548
1080
804
945
1340
1806
1430
1690
2384
249
2079
1700
393
2059
23
1311
1861
894
1440
553
1398
213
240
19
803
147
1502
1390
2207
619
809
1506
816
1808
391
1474
682
1358
1547
488
1939
214
503
1937
681
868
667
1697
2063
549
1545
2327
2162
2003
840
2281
98
2391
1608
1698
1825
1610
64
862
1385
139
608
148
150
517
2280
660
71
2046
1115
1893
1740
394
2479
520
441
710
1775
1587
2471
2338
160
18
470
1095
786
121
1006
2232
20
2489
1873
2125
1579
700
1759
656
416
115
715
1691
1635
2460
1466
2313
1895
1867
415
820
582
2216
87
1366
190
316
703
810
2151
332
388
1305
1301
754
1489
981
846
1750
307
2159
1566
1594
1166
261
1805
1424
2128
1604
1909
546
2294
1650
713
2235
2179
219
628
2141
1656
339
44
1145
845
2182
1948
1277
1681
284
184
615
2257
2035
3
1478
1423
698
2023
157
481
1870
641
1150
12
97
122
923
2320
1598
1491
1094
1494
11
359
527
685
823
2230
928
2286
2252
800
922
504
1368
934
564
107
950
165
220
1971
203
457
152
2169
2134
942
32
866
920
427
111
1100
986
1606
1875
1872
1401
2423
1788
512
1289
2240
1968
1620
1370
1190
2481
396
2445
482
1276
502
1742
1667
1
2197
493
1672
1116
149
1198
452
1920
196
1509
1163
745
2229
2393
2399
893
1327
1477
474
236
1979
578
33
930
285
2367
317
1091
1404
2292
828
234
473
469
1684
1274
1402
96
2496
1381
2316
2006
576
1541
1534
2044
1675
2189
1718
1484
900
1174
151
2031
2028
1480
1614
1767
1456
2386
988
374
1791
449
1460
1038
623
379
498
1696
906
1882
708
1323
1794
514
2466
2333
2069
2180
1797
1770
1727
1692
910
1780
2451
602
1702
1729
1183
399
1298
1179
1933
335
1864
387
1206
1857
1553
1824
1631
1487
2220
277
1386
5
489
673
1382
1612
69
1435
1585
976
769
1683
727
1833
914
2242
2428
752
1665
2414
2114
1713
362
2418
2339
1032
518
617
1238
1626
26
597
2421
2328
825
2389
260
1039
446
543
778
1003
985
919
2330
2124
36
422
1230
1906
1801
1897
612
2401
232
798
401
1108
741
684
2438
878
2261
1659
80
711
2336
1936
994
2100
807
1682
1501
2107
1185
2074
1962
833
1733
434
1776
1262
2420
421
1709
1353
2057
1793
263
707
1044
1764
600
870
1258
1362
1572
177
1938
819
674
822
1746
686
1273
1396
1525
1254
2246
2365
1082
1813
572
937
405
759
458
902
1169
251
1924
908
298
1188
851
938
818
1318
802
2077
51
1284
1517
755
1283
118
351
1689
1815
7
2160
666
2038
2351
853
250
1790
132
758
1058
454
2422
1605
1597
168
1996
1734
187
524
552
1272
2085
352
1471
1871
2184
267
22
1629
1693
2364
1651
315
1357
2290
2158
191
255
174
1512
2277
1630
433
726
1557
1244
701
1564
253
1409
521
2306
292
2198
1921
1158
1495
221
2425
1773
1911
1889
340
1685
2040
495
2465
1736
291
461
440
428
2376
318
724
2494
1943
1549
1625
1849
1959
2068
1513
797
1312
1819
62
1854
477
1015
163
601
2095
171
21
2153
231
2112
2332
1196
718
1785
1542
909
210
398
35
2287
1724
1325
723
2204
2457
1391
280
644
383
371
672
431
982
246
872
1499
658
2263
325
605
385
1205
1057
1448
381
643
1066
2245
90
241
1367
927
1496
1224
275
2087
836
1451
1215
566
770
2014
1707
156
999
9
2156
2291
1879
2355
259
625
2243
633
2168
1411
1008
303
1245
580
2462
409
1303
1695
1360
1287
781
2004
27
1379
175
912
2155
418
304
2217
1885
1633
1987
610
1439
1816
989
1865
1706
350
1956
209
749
1168
657
1329
536
1239
336
750
1459
462
1469
733
1490
242
1747
1903
1383
1647
425
2119
1848
40
2272
1364
1320
949
1926
2080
1687
775
2053
1065
1319
1743
2381
1504
77
1616
1642
967
1090
201
941
589
2062
887
2344
829
1084
875
2295
2296
2222
2486
1869
195
239
133
2133
1213
1999
1774
2022
1373
2492
2371
1800
1720
1600
1787
519
1172
1295
162
1079
2323
170
792
1485
198
830
91
933
1102
2417
1436
1285
2017
2500
1567
55
1818
913
345
783
1069
2273
1078
1739
563
590
1173
1075
1637
1715
444
1332
2325
837
1694
1171
1346
81
523
1946
1310
960
1118
2219
1527
2485
1843
2244
2431
1005
534
67
1526
545
1809
2145
2223
2254
1403
2148
1194
166
1417
2284
1964
890
1840
2034
766
1531
1453
2352
1954
479
2439
1925
1866
2454
6
1539
1904
1814
143
1930
1019
831
548
780
843
1361
1462
490
835
1010
1104
1377
639
1326
852
1955
1193
1011
1592
848
1195
1722
456
768
2070
2317
2218
959
372
397
1147
2443
1554
1516
2143
2370
1259
2195
2203
936
1823
353
2402
1751
2199
432
889
794
1291
204
445
586
2137
729
1297
1317
2430
814
348
2387
61
279
306
442
1056
2024
2413
1910
1053
1123
689
2467
1577
1138
4
2395
2239
1953
2477
373
1945
1236
2446
288
1334
679
1523
228
2135
805
46
2315
815
101
311
2314
2021
2025
709
2001
484
2357
82
556
746
308
2047
730
1002
329
2002
1099
1159
813
2491
806
1321
1811
1497
541
1741
2331
224
736
1844
109
1394
1845
15
511
2334
2353
885
70
2117
573
968
72
1070
946
2369
799
1756
1944
1846
2027
1978
137
1133
1772
929
627
106
771
1160
2354
2453
1203
154
880
751
784
1243
2130
1859
1536
2249
2123
2149
1313
2110
2210
233
1607
39
1240
2469
1413
1227
2250
1214
631
652
58
1949
2191
378
92
313
1609
1500
903
1089
1363
2378
2373
1414
1655
299
223
1994
505
2015
471
2448
2427
2018
1248
675
436
297
86
1473
2388
2311
1446
1130
2058
420
591
95
1952
1977
2157
731
2005
1644
346
716
2319
842
557
748
1231
1126
1454
1426
2166
2318
1917
429
2411
2132
2088
1369
2167
222
2019
757
1281
2345
1492
497
2267
395
2186
326
144
296
1967
2012
366
1765
1302
1220
787
1679
1191
1068
2405
1543
321
2312
2196
1202
1113
1180
646
1111
1658
215
110
2174
1969
722
1583
1384
1348
2164
2390
205
2043
367
1699
2190
1641
1242
341
1189
1973
1552
1261
1266
1752
678
540
940
2470
1455
2374
732
1621
753
128
1304
1505
264
692
616
1624
84
1634
2499
402
93
1437
935
273
943
1877
1175
2073
1418
2181
1483
189
971
1546
1645
408
140
1299
178
2045
1766
1314
1928
2227
1850
2264
1550
2265
2412
199
2266
2398
1270
2436
1434
386
2372
609
327
2020
2483
584
245
1961
2297
338
50
1421
932
604
390
281
626
1071
1922
1677
1341
1420
738
1210
2349
1234
227
1807
1088
1779
1030
2404
1007
1077
499
1786
83
2241
426
2202
1832
1330
1507
2109
295
1043
1781
271
696
173
1087
817
1551
671
1863
1820
459
2136
1223
323
138
1528
2051
916
2233
603
328
2115
2324
1475
2206
125
1991
2437
740
1127
954
962
1618
624
2482
1085
2099
1400
1425
1664
2089
1652
1076
466
2450
1328
1762
956
2208
146
472
1103
1912
49
1573
1529
944
1267
1744
1901
1886
1649
1678
921
1758
1156
993
42
535
1627
620
1470
867
532
319
1286
158
947
1464
1615
507
1192
1798
1558
1963
1874
88
2082
613
2480
1020
1395
1029
2298
1576
739
663
2441
1022
975
2361
480
1726
1602
2011
2102
24
1134
1619
539
1673
485
1914
734
1200
1408
2118
364
1721
1982
1247
476
116
2493
230
2176
690
1125
2410
463
992
841
645
2256
229
1336
1712
333
1957
1533
243
1841
2237
1045
1342
1458
238
2010
1142
876
188
217
1228
181
531
1749
1640
330
131
694
737
765
1288
593
2283
1719
659
1728
256
287
361
1975
2269
487
2253
365
135
1429
917
2488
793
1393
1415
1416
1569
661
891
1251
2050
2356
984
1561
1654
2116
550
760
1737
1588
1211
2289
555
839
1792
785
973
1063
1282
1265
2231
651
2055
1438
282
1410
1197
1345
1771
43
460
1760
252
1212
2406
1623
1186
1431
1107
2071
1093
1878
1347
34
1518
979
1575
2032
1086
838
2238
2165
948
1711
142
637
2192
38
978
877
1351
704
25
2067
1884
571
112
1710
1851
501
360
437
1278
344
322
2362
1725
1571
1617
1025
614
1062
10
414
1883
331
693
2426
2161
1657
14
270
1397
76
1155
2487
1217
438
1359
1919
1152
193
1632
882
680
2335
1763
1574
1399
1271
94
1041
886
622
141
513
844
1096
574
1333
343
2008
254
358
977
2171
1380
1493
342
1201
447
1601
1559
911
2009
1442
669
127
413
1498
1154
1136
873
1940
2066
1942
788
2442
850
1182
1445
2033
705
1639
1009
169
508
1308
2251
41
2226
712
918
1511
951
547
1799
1132
1908
2213
2103
2076
996
774
200
2056
1686
2172
65
1981
826
1350
1263
1004
357
1046
370
1144
849
392
668
931
464
683
2419
1907
879
720
226
1974
2478
1674
1049
970
403
272
2397
2473
575
1290
2039
2072
1441
2270
262
559
953
103
677
56
212
1663
544
411
865
16
744
2474
465
863
79
53
47
1012
1149
1232
117
1000
1335
105
735
1989
2275
1479
1835
1131
717
1356
1249
1965
1998
1322
2201
2214
725
1980
2097
1331
554
1662
1226
1782
1124
1157
1915
567
1716
1365
525
89
1923
2212
650
2468
1584
1324
2258
1985
510
1586
2490
1178
1730
676
2379
665
1966
2094
2170
1300
926
821
592
1714
721
958
1422
904
542
2326
1352
2403
964
