646
2381
2005
368
873
2017
1409
2395
821
186
2364
1449
1262
1644
2032
2470
1291
479
2109
166
2327
1737
607
2226
267
2055
791
177
1596
989
2025
716
2487
1757
1960
9
2361
1140
448
1843
654
2261
1970
2221
1942
592
1265
582
1801
1823
1285
143
219
402
1720
1146
1506
1847
1630
2435
87
2316
725
2013
1234
72
2334
2128
1095
1993
1064
965
279
439
264
2343
711
360
1997
1831
1132
1505
1717
2242
2182
556
1007
875
647
1626
902
1328
2204
2390
1858
2411
1522
703
1604
1633
1784
1490
398
1675
608
1297
1109
1126
2175
807
1033
1093
343
1729
1909
466
733
1245
561
1914
631
1380
1473
1791
2393
443
1311
1840
273
768
2161
135
1754
2237
1228
367
1566
404
1009
543
617
927
131
1593
1249
1314
1083
558
1062
2105
997
1774
1263
1050
1159
1040
2430
229
1492
2320
1181
1839
2149
645
223
1543
675
1595
2387
412
982
406
2127
2137
1624
962
114
1809
1825
73
2194
2222
2269
1390
230
1430
2482
1584
2227
2131
2208
639
1313
2272
529
1226
2094
1568
1648
1384
1120
1601
1704
2433
1853
1192
694
1700
460
2087
2121
571
1934
2331
537
1783
1080
55
1493
1908
786
408
2177
1434
1631
929
1385
1805
1640
1216
1244
1541
1655
1928
2394
1617
157
314
1038
1852
1790
1243
355
594
1295
1862
453
2129
869
879
1187
782
2118
960
2443
1013
966
636
1325
2265
641
1141
908
497
2497
383
2223
700
95
752
1087
910
709
1750
1131
113
943
552
86
2350
1767
2305
2484
1401
2027
468
1356
247
1453
1864
1806
1447
2276
1485
696
436
1455
900
1550
2028
695
924
2108
225
1236
509
202
1567
1321
1639
2500
2047
335
319
2420
1444
1365
2034
387
1564
622
1528
1480
757
506
2308
1348
501
2495
2318
1622
2171
492
1715
756
1762
1968
586
668
2135
1902
449
764
1656
2145
391
1287
2406
1696
800
2224
194
2313
2169
1539
271
1391
1681
1471
751
1162
1963
2228
2218
581
2330
1576
118
1800
2453
920
155
570
907
1094
2409
1821
1769
2193
1470
1712
1175
1932
500
729
557
1581
526
2293
827
240
511
1873
370
1512
2023
285
739
659
430
1099
1866
21
2436
802
1091
539
838
1948
846
13
832
2232
1429
63
2236
2155
473
244
2257
29
259
445
437
313
2186
354
272
842
2051
1454
1155
2245
1984
1816
1047
1253
1926
603
97
390
1220
1335
1870
968
1418
913
1238
2352
1147
568
476
600
2280
1259
2251
175
2328
2085
1520
1878
525
374
1082
2130
1927
1619
2154
36
1364
275
1939
2031
1251
1590
726
1015
2179
1684
208
2045
1235
3
74
1819
1456
1196
2019
1117
1692
2370
1342
1529
1320
931
2069
2438
399
212
1938
356
2173
2220
1980
2070
1069
1515
728
816
1341
731
1861
2030
1895
2148
2209
456
2067
1638
1554
1828
1483
823
1292
1065
2371
1400
884
1654
797
1556
780
1041
440
1727
851
1789
16
293
1353
441
2471
888
2230
1677
2024
1072
634
1524
969
1603
389
1106
2003
1
1305
2036
414
2398
1225
1426
480
294
349
176
1034
82
1848
1735
4
2074
671
1802
912
1815
1111
1438
2117
2414
472
1174
1247
1571
1110
1233
1032
339
1240
1977
637
536
2004
1437
2437
1075
638
1302
1406
222
753
2197
1001
2072
1185
369
172
1561
5
1544
627
2216
1982
1731
140
1748
1868
1589
2263
2212
80
65
502
1337
320
1742
165
75
2300
915
2296
1752
2429
1903
745
1761
1431
840
1300
686
1052
1706
1685
19
925
1371
1822
2441
750
499
872
1834
201
1503
512
328
2133
808
1697
2240
474
2283
216
386
464
2116
1557
1504
321
2488
1309
1433
14
2439
1279
1989
1592
1148
409
652
288
648
2311
1999
2478
1324
614
2110
809
998
2200
2326
2174
239
1559
207
28
1826
1097
1572
855
214
588
693
1935
1945
1115
197
573
1714
844
2469
2001
395
1027
963
1116
1156
1289
1637
160
2181
1173
138
628
1367
2454
2428
1894
866
1745
548
1119
2207
2097
754
1967
2448
1759
2345
2180
1239
861
1646
1255
629
1248
938
1703
2106
904
1905
1551
199
486
1548
1747
1194
1024
162
2373
2039
446
1269
928
1899
1973
2391
469
1469
2354
1138
1084
318
986
1432
410
1407
517
1519
1786
1954
1060
1077
200
1966
220
350
1023
168
1142
613
905
2374
1494
1355
10
458
2481
1883
1271
1018
289
1395
1918
1851
1998
1608
396
1014
388
2122
697
1230
1605
604
824
864
431
1048
17
154
2425
2140
2246
741
7
1212
1787
2243
2241
2095
152
1323
1205
1439
407
1844
2060
1875
1019
2068
1231
1813
38
254
1992
1594
2146
1113
295
743
151
891
899
984
542
1219
92
301
2472
37
1859
1474
1509
555
1306
508
2449
839
1103
2255
1674
676
1183
1090
2365
2459
828
1612
1366
62
45
1546
1448
53
2417
682
56
291
2136
2322
2462
2317
134
2190
1749
796
1690
130
1167
1513
156
1260
2301
1573
714
357
2238
584
376
178
1338
522
246
1373
2010
1652
1632
306
2143
541
1542
2158
2185
1315
688
1010
689
1835
2286
887
633
1210
2253
1978
704
2093
1377
1198
1549
1107
2368
972
1464
1017
551
849
2288
860
2008
2000
1701
1682
106
740
373
260
2231
1607
484
1440
1352
25
1817
2493
1343
2461
964
1850
877
534
1218
527
2386
1988
1298
2266
123
401
635
1728
1558
2319
1460
1118
2452
2359
462
1477
2291
609
2233
1798
934
450
59
1046
619
1788
427
1085
2297
611
2029
801
1403
58
84
1443
1577
775
1952
1770
1104
531
100
1972
150
781
2071
2325
2336
348
381
1812
2423
574
994
2096
858
1053
1773
1307
554
1436
2424
1164
1166
1012
787
874
1537
2065
906
268
707
1028
1922
1217
715
270
1405
2447
2082
359
822
146
332
32
1067
397
1375
30
2058
2250
926
34
2480
284
825
2268
1901
1693
1078
1958
1611
1776
242
2050
1771
2120
1678
1252
612
1888
503
419
1025
342
2329
1893
553
1334
54
1979
1877
2358
2419
2107
1180
1820
577
1660
867
326
384
2294
1981
779
2219
47
1079
1283
2256
190
1092
1779
1898
278
1169
1256
862
447
1896
1636
1865
1128
1411
1990
2309
1670
1957
282
736
1004
2104
297
362
932
1950
132
2376
1965
2041
1719
1552
1368
772
425
2385
2
2382
2332
1534
415
1711
1144
392
1910
678
1304
917
941
1955
955
185
2295
11
2496
1293
1188
192
2339
1125
255
2456
1143
785
706
280
680
2344
243
274
2234
330
2018
487
1170
1160
258
1531
1329
1421
1830
51
2111
1006
307
1345
451
981
218
71
1911
1679
1423
865
812
1068
2483
2491
1215
1533
798
1615
1507
951
149
947
215
2089
718
1176
2165
1497
2402
1811
198
1620
1417
1530
1680
684
996
1936
181
1350
2062
1971
896
1879
999
127
2464
52
1063
2215
1743
1856
1114
921
952
2347
967
1563
657
70
507
2115
1410
833
1458
1598
493
1441
1277
2198
665
679
1154
1698
799
516
1412
316
2467
283
2091
112
1420
971
1921
789
1707
1658
863
513
1733
382
1777
1457
1379
1008
1575
596
226
1466
1736
2401
1881
2014
182
204
946
78
1165
1869
2124
1495
933
1043
1649
1641
308
336
1668
2363
2199
656
1897
1738
760
1824
125
148
616
1270
193
2304
102
2043
1130
375
2281
2333
1845
2042
817
1709
400
1672
2431
783
1645
2217
136
1424
1442
1465
119
249
1002
1900
710
1102
1526
1021
325
1741
1478
81
1414
1286
2112
988
773
792
88
1273
372
610
850
482
1003
944
1713
310
2383
2066
892
2134
720
763
583
1758
494
504
2037
1340
1691
2022
323
1177
1045
978
126
1663
1057
2098
2252
1610
2064
1740
2262
266
31
2460
1459
1846
227
1694
1810
2015
1536
1555
569
2167
2053
2273
523
2147
2418
624
2284
1535
2152
909
681
870
1726
2407
1123
1628
1073
2049
1059
2458
1995
2006
1145
748
815
145
615
2426
1054
277
2046
1854
2141
1163
1267
1500
2465
1915
1445
1374
498
859
2356
329
1621
1579
1168
1849
1836
1874
1369
1030
1814
463
885
1890
2184
1838
1772
210
1227
530
576
983
1781
424
2170
1317
992
2026
2080
2139
1518
1124
2259
1667
1676
818
843
1996
1127
1751
1308
1361
923
2138
2455
1635
830
93
1876
2274
2310
1491
1419
1214
1785
1100
630
433
33
687
122
2440
213
1944
1775
653
601
2349
1842
1467
1705
643
1327
644
1486
1885
2267
1642
1404
1665
1664
299
1925
1281
1070
1096
117
305
2499
1521
1799
1359
363
144
2298
1600
158
2388
23
1133
871
1363
2113
2307
2476
1207
432
621
35
1344
784
337
2396
940
2119
2210
2485
438
1394
235
618
2100
2090
626
1587
1037
8
1484
519
980
722
1134
856
1450
2451
1276
2083
471
1389
1020
188
1855
1152
620
1288
993
1089
949
179
939
1609
2360
309
139
1372
1580
702
403
559
232
24
1076
1768
1358
1662
1565
2021
2277
1689
1211
2384
677
602
1502
1744
1396
265
365
804
1764
1718
361
378
304
1397
40
1481
228
878
205
712
2201
1472
1427
936
2260
2038
2475
667
322
1195
744
413
1792
580
990
1193
2342
961
2160
1191
1940
2290
1129
514
236
2489
585
2379
1886
890
377
94
1088
606
115
518
1299
1725
922
1388
1462
1618
632
1275
1413
2292
224
1766
1629
1614
1201
1723
1941
883
793
881
734
590
642
2278
1804
1756
2445
2081
911
857
1378
1258
481
563
2416
1016
405
524
20
572
287
1863
1179
897
777
26
1716
269
1793
662
489
1837
544
746
1946
1139
1623
1264
2102
1039
1647
699
2142
2166
344
124
2410
353
1947
261
2486
853
868
2335
1560
1294
27
1760
1066
2413
1827
937
1463
903
1867
184
2369
770
2415
2324
747
1122
2084
2397
2275
2408
595
1884
428
2239
1907
597
1553
1857
2191
1221
379
1197
2079
1408
2466
2101
2164
1532
1807
2337
1237
724
1659
2348
2075
211
2009
1527
532
1650
352
311
2399
1482
2303
1204
650
1666
2192
766
303
1150
1322
15
1402
83
128
1049
2279
1829
22
1906
1994
1250
1501
1943
2389
1746
164
1912
666
98
2125
1022
187
2156
829
1510
189
738
1182
109
1562
831
690
2183
2126
2432
1892
2002
1398
116
976
685
2153
1208
334
1686
434
61
916
1310
1547
547
2196
847
2405
2353
2033
578
655
2048
2150
1301
1721
43
1753
560
2403
2474
533
845
2254
48
2314
250
2088
1461
133
1190
1213
953
1026
948
2040
2247
163
341
1765
1200
1203
153
2205
195
1339
312
1734
2054
459
1803
599
161
167
2168
995
732
231
651
1599
418
2214
1232
1290
1011
2422
2123
1029
393
880
598
848
1382
545
315
358
1051
1272
1488
338
2187
528
286
1739
1904
2202
683
761
1476
1602
1597
174
1887
1933
85
2270
1360
333
60
2229
1105
837
521
1261
942
2172
795
979
2450
107
454
142
1782
1538
2271
41
248
1570
435
2494
1498
1278
290
2076
1209
1428
886
2351
2044
1969
1351
1479
111
2479
477
1452
1796
1056
985
956
2287
1578
549
640
759
2073
104
2446
1316
1643
1616
2341
564
1780
110
1514
69
345
121
819
1657
1496
1153
1871
221
1937
2012
1582
1347
970
1399
991
1446
919
366
1362
490
721
515
1229
1268
257
1074
898
444
183
835
1241
1841
2367
918
735
1511
562
701
935
1035
1574
426
803
2163
1303
2362
1415
1392
1112
587
1044
723
2434
1523
1986
394
276
1101
2400
1435
2213
1354
1964
2016
1891
1326
1161
2059
2203
461
64
417
1336
101
1186
767
692
159
2346
1763
755
2225
2235
605
1710
1055
251
794
1036
661
96
2355
2211
1158
893
1282
778
814
2159
1223
2468
2492
351
2282
727
209
1135
1246
1673
467
1983
663
1661
717
1683
820
950
2498
670
2264
810
1953
1189
483
2463
77
2206
18
589
1312
2357
1383
1381
423
520
1671
1889
1199
66
2289
660
2007
1794
2366
1569
2248
591
1000
805
1860
457
958
12
44
2061
2377
1137
245
2412
1923
1880
1330
364
191
1224
854
1974
672
2099
1882
930
262
2380
67
76
1393
2323
1702
2404
169
1280
535
495
1730
1961
129
538
420
281
2103
1583
1724
1031
1349
429
331
1917
1586
2477
901
196
1919
1920
1136
1266
1651
180
90
1695
42
1108
895
298
876
475
1931
1588
380
1606
1425
1795
2312
347
1071
1591
120
749
2162
1797
1487
99
765
742
488
977
141
1653
841
593
46
422
105
371
774
1172
1634
894
1778
455
1962
975
987
1284
762
1987
1332
737
623
811
1058
698
241
485
889
252
540
2189
237
1613
1318
1499
296
203
1956
1913
385
567
2427
1516
1832
6
713
2306
1949
327
1346
510
974
2244
566
292
1540
147
1508
719
625
68
1171
806
1081
1376
1178
649
2442
50
813
2473
1242
769
206
39
496
1625
1930
171
2457
302
1525
954
1151
1872
89
2057
1627
2372
2321
1370
2151
973
2056
2132
1975
1545
2315
730
2020
1098
79
442
1755
1951
914
2063
2188
2157
790
2077
1732
1451
658
411
1929
708
1669
788
1416
1386
1688
674
957
2338
2144
673
1206
691
834
550
1833
836
317
108
1985
505
664
1274
2444
2176
1331
705
1959
478
2378
91
1222
1184
49
2392
945
491
1475
1489
2092
452
256
253
340
2490
2011
1149
238
1157
421
346
1699
1333
2078
1708
1387
2258
1296
1202
1818
826
1319
324
579
758
234
1976
959
1086
1257
1687
103
1357
2299
1254
1422
233
1121
1061
2035
546
2340
300
263
173
2052
669
470
1468
2302
2375
2285
2114
565
1722
416
2195
57
170
1585
852
465
771
217
2249
1991
2086
1924
1042
2421
575
1916
1005
137
1517
1808
2178
882
