1632
2316
1293
2401
1762
672
1563
1255
1808
1863
1757
128
153
1514
541
2236
1357
242
1150
1038
1243
610
841
757
1937
489
2340
581
557
712
1549
2224
1540
1602
2479
1003
1571
1588
2201
1503
871
1810
1107
1308
461
1941
446
1102
102
1638
1555
1607
136
117
1817
1909
1831
1592
901
1070
1390
95
1402
1838
2451
472
426
1209
35
384
212
1752
2337
965
1565
2441
885
470
1698
1057
1155
1227
575
1157
641
1361
168
817
701
1005
1298
1032
1236
1459
241
1624
1341
57
1317
2162
2493
1039
505
2034
678
2279
90
2291
41
2075
1669
2261
1946
1988
1444
997
906
1914
2464
623
1073
1785
2344
2267
156
2287
1366
137
1492
432
1611
270
1673
1551
199
110
39
2494
2180
2246
68
631
549
1605
2119
705
2353
2360
569
548
883
2154
2375
895
1007
328
141
1796
2477
1983
2309
1513
2125
201
1222
2244
692
293
793
1287
1593
1199
658
2362
657
1192
776
1074
1504
37
1450
1610
741
442
1853
2454
747
1479
1322
1410
1754
1122
7
2
1959
1436
2030
1705
1657
101
2227
745
1960
694
121
765
594
2021
1244
334
942
577
1318
973
1315
1520
1386
1550
859
1677
1120
1229
2341
1476
59
910
1382
175
764
1763
441
1915
612
1429
1604
1936
1815
191
224
2010
931
1648
471
711
1369
143
312
1323
1907
1161
1224
1532
2085
1337
2282
1833
79
790
427
2171
2404
1166
786
463
240
1482
1686
760
1499
947
1725
2128
397
414
1919
2229
86
1078
602
650
881
2369
187
1794
1434
807
2415
1962
317
386
558
335
1046
1541
1581
1213
922
2025
1738
2420
1220
1202
351
1191
1906
315
140
733
1735
1079
109
2387
1801
218
1398
2188
1292
1241
36
2490
1128
2093
2046
2240
1976
1064
1779
855
98
1835
1878
1133
1782
2184
2036
749
1154
165
789
3
1006
262
259
454
1082
1659
1594
2222
2295
1617
1858
506
1205
1724
2465
1254
626
727
598
720
149
2457
40
2373
961
1100
43
267
1252
1967
154
1277
1955
2351
2498
1397
507
984
282
1330
2082
1975
1455
387
614
322
1040
730
1306
1010
1321
780
1067
2230
1944
1026
957
684
643
1748
1902
290
2313
496
1029
1162
1682
1134
1972
1918
1749
875
1119
2238
480
1747
1896
1110
77
2055
228
1575
2325
103
313
1248
78
1048
510
833
2094
1947
1338
1294
574
1355
863
1732
1744
2431
2181
1637
1681
466
751
652
1852
498
1375
919
1383
1237
119
1270
311
2070
943
2106
96
1194
2086
2074
120
257
2495
2482
1845
1084
1901
1573
1992
1945
1089
2235
1062
1452
864
1285
499
2173
2388
1405
2191
2073
1954
316
2296
449
2430
416
856
1496
1964
512
1689
967
2132
1869
771
88
670
1697
1426
1750
2335
380
2378
1442
879
1993
1548
503
559
97
1664
1609
1585
1854
1692
198
1934
759
1948
613
2319
537
768
2239
363
1834
2453
1952
239
1534
182
1622
2389
1849
1475
839
911
845
382
2147
734
818
253
596
1187
1882
2473
1210
2419
981
1545
305
378
1163
289
632
2302
893
2161
1707
946
1083
193
618
1982
1825
1498
1066
1850
22
2470
205
435
246
2048
904
167
2247
1438
2001
318
1251
1663
1525
531
9
736
2381
174
987
1117
1179
654
5
1012
2459
2099
853
1970
2192
272
985
2004
1152
914
49
1437
2115
1920
685
2312
1331
1488
912
785
1949
1855
1178
1072
2079
1490
1630
81
1557
605
1415
2299
2008
2051
950
1114
38
874
750
1645
565
1033
27
2366
2183
902
2081
2348
627
1523
1334
887
1938
354
905
495
1297
279
2330
2409
502
729
2485
944
76
2068
213
4
1870
1231
1535
1153
1666
834
1814
1171
606
2177
2003
988
345
1526
1054
393
159
1268
1274
761
756
1177
1650
320
1693
2205
822
1061
1930
160
2489
420
708
1267
124
447
418
782
1851
2368
1578
1953
589
2220
1755
838
810
1556
1145
1846
1995
1672
1991
1372
636
562
1463
1543
2062
1635
1146
832
889
1281
2456
1332
319
1531
1226
93
281
219
6
482
183
1320
31
972
1189
993
490
2476
579
1912
1351
288
2041
1493
2328
1706
194
1769
207
744
806
1265
1866
1371
544
1170
1790
1050
535
203
1378
938
324
2102
2260
710
2475
275
2209
2478
368
215
202
2349
2350
1275
1465
1389
1658
774
1505
1612
2314
1843
1256
624
2297
1309
948
767
164
1903
1176
607
195
731
1093
509
2139
1822
2064
1011
2033
2009
1468
344
216
303
980
256
23
584
2137
342
1340
600
662
250
1125
791
225
850
1506
2322
1933
2126
1722
2370
1460
280
775
2394
2050
808
1544
1911
784
252
1688
1530
823
979
1399
1570
928
538
2221
2466
1892
986
573
484
2346
550
2103
1467
455
2361
299
2198
666
1770
2382
1922
1283
1147
1343
2090
1065
915
1987
664
358
809
1081
1335
2097
1137
1016
1014
1727
1728
726
754
617
1258
399
2179
1075
825
111
1127
1766
805
1451
2175
2243
2256
72
2356
2031
1409
1781
346
551
725
331
1352
400
2176
2434
176
683
18
1512
2084
1795
876
200
1971
1558
1800
572
1346
1290
2472
2129
2092
1589
1832
1519
155
1063
2110
2305
737
1087
1793
1030
1307
1580
1760
920
491
674
115
1112
2245
867
2213
2474
1986
1295
274
2440
1587
528
2439
296
2444
998
1968
232
2206
1926
71
1950
1887
1508
888
415
1811
161
1250
543
2169
709
713
440
184
273
934
263
1844
1621
2321
1300
48
2376
811
1676
1004
2300
1009
886
2024
339
1159
2395
638
1013
1579
1131
2399
2499
381
1927
836
2015
2107
2249
2383
1651
645
2334
842
1394
2083
2135
2367
375
365
2131
2045
1661
179
1842
2228
1885
1288
2372
1700
522
1990
2306
630
1446
949
1413
20
2290
2447
2130
208
2271
2425
896
2211
796
1310
2424
941
189
268
646
1547
668
308
1001
1929
1002
1418
719
1761
960
1684
1897
1695
277
2104
2365
1142
1974
1349
1477
2263
553
1035
897
1696
772
588
125
1595
1037
186
458
1096
1951
1931
2455
932
2203
1261
2289
1675
1129
116
2417
2140
2029
799
135
1401
2011
1289
1424
1132
1101
1454
857
800
1328
699
2339
230
284
1823
254
1958
1022
1411
63
1733
2144
615
1969
1739
958
2027
223
2138
2143
812
33
1615
1396
585
517
1873
337
582
1924
2208
686
2054
1582
1097
2492
353
1877
1598
2091
127
918
1784
92
680
802
2452
163
898
829
460
2032
1486
1103
2076
190
419
837
2390
2059
1381
1425
2438
2065
1745
150
423
1174
407
106
469
285
723
873
586
1473
2262
1423
578
1554
2153
884
635
2432
2326
1643
356
1515
1024
2187
1319
2178
276
2393
83
2450
1839
714
181
1680
2363
923
2159
364
2355
264
2437
1379
28
1186
665
100
1313
2061
1374
2141
1060
595
396
1671
1905
1768
621
1269
1807
1720
1511
954
1359
2022
1740
2345
1599
738
1008
406
1091
852
826
667
1299
649
1160
1633
1230
1259
325
568
894
1836
1963
753
1118
1614
2044
2280
1726
412
527
29
716
899
2458
2186
655
1913
629
2403
1566
2414
675
1377
2277
844
1156
516
1802
494
1586
717
603
1271
515
1173
1961
891
2149
2391
1130
2019
265
679
2402
945
151
1034
2172
251
828
1654
94
1324
1090
1600
849
1263
1302
404
1305
1923
1301
1879
1767
444
2294
348
1886
1193
1348
1701
970
1356
171
2320
1994
1188
2398
1699
260
1717
1636
546
2042
1631
1711
1618
1590
332
1789
1247
1466
2066
2028
1973
917
1427
1528
158
395
513
567
1364
995
1414
1813
903
2283
1068
2142
84
740
647
2486
147
391
2500
697
1829
682
169
486
1625
1238
971
552
1069
248
488
32
597
877
2072
992
1883
2392
107
1667
2281
1537
459
479
1908
2241
24
221
1367
2285
1803
2311
798
408
1325
1694
1368
1478
2242
2358
766
781
2237
192
341
518
1981
2146
792
1900
1977
659
703
2347
724
1058
1856
978
591
392
653
1996
58
1662
300
1552
1333
619
640
42
2269
11
1071
2310
2292
310
2127
355
1985
2089
1965
1141
1710
2266
185
865
1151
123
1709
112
2343
483
2207
2109
1025
453
1904
704
556
571
2483
1928
379
235
743
1522
907
2174
1203
1395
555
133
2423
1276
820
2396
73
1719
8
1729
220
497
50
1792
425
417
222
1042
403
1018
1494
2168
1095
936
1461
1350
2484
233
1517
1857
1776
1296
604
1774
2196
433
1017
2413
2035
609
778
819
385
1044
1847
2445
816
1088
746
561
681
1827
1336
1596
671
1656
870
1875
1652
1868
474
1135
963
377
21
47
2374
2047
266
1027
1916
2078
795
2481
868
1280
2214
1327
1716
485
481
1623
2197
2098
1184
2412
593
1439
1264
1080
939
1746
294
933
292
283
1195
343
286
372
1956
1408
2210
1457
113
1432
2471
1109
229
1765
173
628
2116
1198
1106
616
661
2462
204
1891
437
1428
1362
1978
462
1527
2301
45
1212
1172
1225
411
1865
1421
728
2259
271
227
1092
1980
1273
601
968
969
2332
70
2134
1052
851
1474
732
13
1365
2152
91
211
1291
707
975
925
1521
2160
540
451
1143
882
2467
1620
2194
755
1469
1895
1872
1440
46
1385
840
336
1569
366
633
424
2405
1764
2303
2442
376
861
525
1736
824
162
644
2113
1943
1278
327
1412
1880
1339
108
1758
429
492
921
2386
955
1384
2122
1546
1536
1056
1286
1502
383
475
1489
2216
2377
1235
1407
1939
1019
1539
1840
1501
752
2056
608
2200
1240
523
2410
1966
1518
2118
1376
1077
1997
26
2359
1597
1979
1932
1448
493
1737
1935
1644
2446
748
1105
1787
144
2155
2264
1023
360
1028
2218
2190
1778
691
1342
1370
1190
1353
2199
323
1786
1861
1218
1828
1751
401
1759
2163
53
1743
1655
2013
924
1094
1683
210
1201
929
763
935
2257
2193
1510
1837
2496
122
1634
1753
742
247
982
953
966
209
2491
1876
1859
1889
854
2219
2272
900
1206
487
860
367
352
1890
2275
1345
1783
620
1805
1818
436
2087
1211
1485
2095
2039
226
2416
1462
1422
564
2170
238
2469
1678
1344
2418
19
526
2400
1819
1049
1403
1646
1860
1613
2352
1899
17
1690
99
2428
1775
1584
1458
508
718
2317
804
1702
1053
87
2052
1228
114
735
1529
1591
1449
333
2018
54
693
1884
2329
1138
1562
1734
1867
1670
1741
338
1627
2026
1687
1020
2060
2067
821
1031
1560
12
721
2012
848
1282
25
1113
1730
2195
702
297
2124
815
696
51
976
648
1180
1
2488
2121
1984
2166
794
908
1126
2058
529
478
2338
676
104
157
2433
10
814
172
2123
295
258
298
139
1491
1272
2265
532
2379
1888
1253
869
673
536
1480
866
964
2148
590
700
457
788
477
234
1245
410
2156
1015
2105
2189
61
706
2111
1608
350
1164
196
880
1731
1233
467
369
373
1098
625
1249
977
44
2298
1260
448
245
715
1553
56
237
1524
468
1642
1559
439
1239
962
916
2040
2408
1470
1826
129
2357
687
66
1567
2384
2017
85
347
554
1234
1647
1246
2307
362
2117
82
1628
473
1640
1821
547
2354
2182
940
1568
1718
2014
409
669
2461
1456
1704
1864
16
1329
656
394
60
1691
231
1441
1312
576
1406
2397
413
587
952
80
1185
534
2449
2165
1208
67
131
1674
1603
2096
1791
580
476
178
243
1942
1400
762
1123
858
1443
1200
1047
1619
2284
1347
1223
2217
1816
405
1898
2278
180
521
2293
1165
542
1507
1108
118
1472
2342
2435
1445
2286
1000
539
1168
519
130
1041
421
813
14
1708
1116
1124
2088
64
1232
438
217
1577
1798
592
1685
983
951
1601
1387
1059
2427
2258
1139
1940
443
2020
677
1629
422
2225
927
1925
1606
2426
62
188
15
651
2212
450
1509
170
2327
1316
1500
1360
1564
2364
34
1715
2043
1182
2145
892
770
846
783
2288
956
1572
872
2136
2232
430
1649
2487
1051
2006
1799
1848
797
1021
2108
434
314
75
287
2385
2077
1207
214
1957
2308
1660
1481
2304
1076
326
722
309
1756
2497
2002
1167
1115
1917
349
1388
1841
1665
166
1721
2158
1542
1812
1181
913
2371
2436
402
1219
642
2234
428
1881
2273
663
1703
1175
464
2248
622
2411
1430
177
1086
2101
1121
1055
1576
361
1616
660
1215
1380
830
1149
1417
1641
2016
974
1262
306
236
1392
398
2254
1435
1311
2080
1723
1303
504
959
329
2023
1788
1797
758
690
1284
1183
1279
269
278
1921
206
1045
2112
146
991
456
1431
301
65
1484
831
1416
524
359
2063
1824
2057
1221
570
2038
937
926
2429
2071
330
1714
2202
2251
1639
2406
1894
1583
261
134
374
1136
1538
1780
500
1773
1679
2069
835
803
583
777
138
2151
1874
769
1561
74
2276
1085
1354
1214
1447
2167
533
2380
1998
2268
2053
389
2463
1257
1487
634
890
1304
827
1483
2318
2323
773
1363
560
994
1453
370
520
2000
1871
307
2133
321
1830
1742
2422
105
2231
1242
989
30
1862
1713
1158
739
1464
1043
2448
2421
1653
2007
2315
545
1989
1266
2250
1326
1148
2215
388
779
862
357
688
996
1104
255
930
698
2324
909
2037
1314
695
1111
511
1497
1036
304
1140
1910
1495
1373
1196
2100
2407
1626
2150
2005
291
1433
514
1806
1772
2185
1893
55
1471
1197
1419
2157
2226
2164
244
990
145
371
599
787
465
1391
530
2336
2255
1999
689
2252
89
445
639
1533
126
197
1516
637
132
452
2049
878
2253
1809
801
1204
1420
340
1169
2333
999
2443
142
1216
2270
2331
563
1358
2460
1404
1771
148
1393
2120
2233
69
2274
611
431
843
847
1099
1712
1217
152
2223
1574
1804
2204
249
52
2468
1668
1820
390
302
566
2114
501
1777
2480
