2046
2007
2143
307
1727
1375
2390
202
1814
1484
2486
2313
484
1543
499
2186
1338
663
935
1163
544
1753
508
2491
2201
1121
65
1141
1668
1828
1333
1888
2465
472
1879
2421
1019
865
793
834
2197
1202
912
230
1877
718
562
1604
601
401
2200
2343
82
293
400
2158
1500
1300
1356
2154
1092
631
1168
1239
106
1348
851
551
1747
971
1036
353
2095
267
1083
1381
659
2103
583
2317
2349
1459
1335
1252
2423
1216
591
2061
925
1120
1763
1556
135
1005
1684
1022
1249
1350
24
840
1565
607
1637
73
54
765
1638
1514
1512
1515
1510
2455
1517
744
1722
2484
2136
419
420
1645
1371
1482
2214
2472
1744
1689
2302
2206
842
349
288
854
566
789
1173
1849
174
1093
698
388
2091
852
706
1291
311
436
1178
1927
1490
2193
132
1449
2294
2266
28
2049
2322
556
791
1778
2335
1330
1704
827
248
1629
1929
1460
752
664
56
775
1299
1869
2462
1292
880
575
1380
2422
87
2427
2361
1619
693
1646
2432
729
2048
497
599
1591
1000
629
223
63
955
1423
1238
2237
727
226
1001
803
848
526
800
1582
2213
1403
453
358
235
2382
989
221
1588
736
1208
122
490
976
1102
2096
269
2439
457
994
2203
210
1018
2274
2478
241
908
2359
2152
146
786
1399
1055
491
1386
529
1417
2077
372
2424
1754
304
969
1559
284
2426
2
2058
428
1581
2314
187
1089
53
1325
2123
1101
1906
11
1342
2142
1051
1835
1768
1150
1497
1479
2195
1329
2005
657
1419
1138
325
1777
826
1385
531
572
578
1351
2036
2420
810
173
651
1683
2435
919
940
828
469
2079
947
543
1926
2473
1531
209
123
402
1305
957
1867
1550
1579
1845
887
95
286
1210
1977
1992
753
320
532
2305
638
1793
2249
1983
2257
459
314
2387
482
2235
478
732
1097
1982
2410
1110
1034
1289
1078
1240
1567
37
1447
152
667
1774
84
2112
1611
283
351
90
1815
2393
1609
2175
1251
2223
1706
751
1653
2433
2202
2272
1799
889
1499
1639
2352
2070
2124
1271
1782
2285
552
530
2391
597
590
2161
502
1081
1715
1892
71
2144
1984
1059
2011
1741
1151
373
1309
1978
1422
1570
1796
2386
2104
1009
1675
1383
1955
1816
550
2344
357
310
1949
443
853
2438
936
1410
2281
1031
1854
2105
2434
937
1678
617
1193
1661
1698
1124
1166
1493
1116
2047
1692
2354
1048
258
2199
1667
1598
93
1103
914
832
1008
1601
1967
1502
1541
711
169
2367
1288
2396
2437
1233
324
917
977
2078
213
2460
1341
371
1506
462
1632
1014
115
2229
886
1529
1265
2052
644
1295
2100
1331
1119
2254
1396
2055
524
894
1439
1189
1027
507
2363
944
960
355
1505
890
2297
1924
1437
561
477
94
463
2447
905
2339
331
1390
161
1324
2366
967
1868
2108
1575
1731
1398
1234
649
253
618
197
59
2246
263
624
1785
1864
1695
2155
1183
1659
980
675
1586
1672
1557
206
1798
2414
1723
1393
602
154
2086
2093
1656
1919
514
772
1589
792
1762
1167
639
1729
1881
687
2181
1366
15
1024
2126
984
703
128
1056
2293
876
88
26
1488
1253
674
1964
105
1928
393
1623
2429
454
952
1937
2244
1220
1179
1561
2145
1445
1665
2031
1736
2045
1658
699
968
596
538
630
785
1400
2338
2450
1602
458
1321
1175
2034
1640
265
1237
920
643
1903
1209
339
126
1900
2148
2496
1993
1117
1943
1142
1432
426
2398
1950
489
1100
517
2397
1674
1676
2468
1455
1088
493
1976
1388
486
170
2110
926
1084
186
2218
2492
199
1195
2345
2062
1544
1522
801
797
2111
2121
214
1144
2042
672
1473
1651
1700
2019
1481
2094
1758
616
724
1540
768
946
1111
1527
2315
301
1126
1553
2092
2128
1032
1087
1564
1718
192
281
1466
806
261
1108
2466
1135
1523
1190
1572
1809
2015
1739
1873
930
1225
2451
696
2270
1255
1368
464
1451
77
1302
1923
1920
1764
725
1426
25
1469
1847
2268
1337
1389
172
2033
1745
1476
1533
97
2329
1593
949
817
2307
246
1495
1904
988
1887
2489
679
1551
1786
1235
795
1870
2250
1280
20
191
2037
1436
262
547
485
541
1554
1792
978
207
1839
746
16
1880
1214
748
1710
35
2483
1006
1921
181
291
2347
1134
2063
2009
545
1412
535
2228
327
389
1535
141
102
70
352
1457
2325
1819
1862
1953
1980
916
1328
1882
777
646
1196
867
1805
32
1959
594
1934
2014
260
2261
941
133
1789
471
857
480
1370
2419
2217
787
80
688
1981
652
1945
1192
1532
539
134
96
932
2430
298
788
1965
1450
1994
247
1478
347
1599
1626
574
1188
112
1177
653
313
2401
171
2440
1315
1831
468
285
2050
604
23
2146
2241
959
1679
1942
1125
2018
933
1003
712
2171
2259
1421
2230
189
2392
2340
1247
1757
956
1824
58
2106
1062
1429
778
799
610
1548
368
156
10
72
2021
1054
42
1526
475
682
882
2216
1364
342
410
1314
901
1857
1751
2255
343
1416
2384
1966
2165
1509
157
337
1263
2087
362
877
570
847
279
2488
66
319
2224
790
871
8
1107
2219
83
2060
1633
2164
13
2073
237
564
907
723
5
379
9
798
1037
1431
1373
1496
694
554
559
2443
1654
1703
1017
1829
108
1701
1229
1020
1281
2064
1634
951
415
1169
2448
438
440
859
1962
1769
1274
836
985
60
2039
1783
1394
628
2404
587
2256
700
211
44
963
1320
2001
1480
81
2300
983
958
2207
166
47
30
242
2120
153
280
1071
1622
516
195
2192
299
678
363
1884
2362
839
2017
255
1858
6
1585
2321
369
294
467
1874
2115
442
312
534
684
1463
300
1804
2211
1477
244
2389
2099
1109
113
7
2251
660
1990
177
1844
203
2076
1590
921
1029
2276
418
445
1123
1077
2342
1821
1215
1379
1584
2498
2027
2003
766
2113
990
713
1404
1418
2403
3
1800
1726
1826
1472
1259
12
1065
1040
1790
194
911
1823
2170
2029
1947
606
512
182
1465
408
407
101
576
461
1794
1725
2446
274
837
317
761
416
666
365
1742
701
1043
513
1243
1257
1644
1707
225
2101
103
69
57
670
1636
2107
681
1306
676
1039
273
1784
2309
1908
254
1688
866
329
1266
634
542
421
14
1318
1600
2226
1911
1607
86
39
1273
2208
1053
763
1483
869
636
635
1204
1914
982
1063
89
1650
341
1508
987
1558
487
1902
2310
1441
2151
2187
2160
456
754
918
328
815
2065
1648
481
403
1049
658
2013
245
1916
1956
275
1268
1099
533
2428
1971
2291
2196
2288
107
1946
2167
2411
608
1115
714
993
1283
1913
1290
1779
333
75
425
2286
1162
1901
580
581
43
1357
673
483
1801
1894
1536
110
1468
1709
151
224
881
1377
494
305
686
739
518
1807
138
1518
1631
2337
2275
972
1787
124
1781
277
251
433
1411
2067
1172
633
1827
776
1918
212
1813
271
2248
2461
1852
1308
719
1360
1298
256
1285
1738
1708
2271
1094
1489
747
2051
2221
741
584
1606
336
1797
873
1940
1184
2278
1699
2284
1537
1624
220
592
2376
589
1387
1939
974
1885
2482
470
1161
855
2378
354
399
2316
50
1217
1772
2470
1427
612
381
1752
1492
2299
619
144
1568
1791
228
888
1991
1245
804
1620
2480
148
1935
423
290
398
726
697
1334
99
236
856
1446
2183
116
814
1760
1074
1456
1359
1931
29
1061
875
2220
1392
928
1336
823
1989
1170
409
648
2383
2292
1952
2182
999
582
1494
992
2162
2233
289
2102
1219
1788
2116
563
1104
923
1671
278
1985
434
1491
1042
127
1713
897
796
1766
455
585
143
536
36
2334
2306
2485
1662
811
1691
2242
2493
1720
1098
1712
1840
692
2163
1714
350
140
390
1044
728
243
824
2295
1212
2236
1267
986
1863
114
611
1332
1041
2059
1652
2129
2280
370
1462
557
2209
2179
2267
27
2279
85
1546
1149
1136
2156
1461
100
1424
2134
716
997
1276
2098
1277
34
2474
2453
2258
335
155
1090
1231
395
46
1218
344
158
175
1595
1932
879
737
783
2476
934
1296
346
593
962
1146
1524
180
1096
1082
48
843
685
548
1067
1690
1200
1384
863
702
1425
1475
1610
1246
1327
1670
605
383
1430
296
149
2173
1534
2222
1344
208
1316
435
2356
2041
1203
1933
1625
1767
2040
1963
569
2400
183
429
1552
91
52
586
1930
995
1848
414
2245
2232
1968
1313
444
1895
31
1250
1780
1182
1453
1470
1080
2189
656
2032
366
1347
1944
2357
913
1511
2130
2331
465
996
1498
1060
1719
2184
1635
896
492
386
98
2494
1519
1521
1957
668
1191
2168
1871
1872
1853
2355
1627
234
1319
1773
2020
1855
2487
488
45
860
1909
196
1642
474
525
1528
2417
1836
540
1666
1310
2133
1525
1026
129
2395
1876
1015
600
1303
1795
2190
2479
2333
22
505
1002
1435
1643
770
1395
767
1899
1025
1988
406
417
1817
1326
1140
1254
1850
1205
1563
733
1649
2243
626
1705
2125
2166
1154
1322
2215
1721
509
1999
1605
981
640
893
1270
2080
1825
1907
954
321
1860
1137
2273
1737
119
1323
1147
1145
1
1917
382
2006
1503
2497
647
150
2436
1682
2471
2380
1428
1164
1113
1861
820
537
704
831
1261
2138
179
2469
819
1948
677
1413
730
2054
1139
845
680
1047
2139
1156
1711
2381
740
1998
519
1129
1735
1122
2371
1583
621
1628
953
1657
2358
1352
1664
1474
2109
1052
1617
1415
1467
1201
1960
1716
2441
111
33
1566
18
1822
76
380
2057
1597
1160
1095
1936
1187
1301
1958
1886
2500
1046
367
1069
782
2269
1996
163
164
2074
1206
1837
121
2368
2263
4
446
1856
1995
2415
2456
1275
841
1057
2308
1365
1286
979
2464
2402
1345
1485
1358
2408
1576
1227
669
2318
2372
1806
615
1307
850
1376
1915
1573
178
176
2088
2174
1771
1614
1693
1970
2348
1050
1851
902
1846
720
1228
184
1244
991
1808
2351
1954
2277
1897
568
430
1925
2191
109
377
2312
1810
2477
1732
364
1434
2320
922
1158
1407
322
1660
2132
2147
2114
1256
813
147
1686
2365
948
1866
38
2346
413
2495
1361
2377
295
2002
2425
142
120
1343
496
1374
385
2360
1222
2149
297
424
1346
1242
2442
1148
1157
521
1542
1748
2303
822
1905
437
1382
695
755
396
17
2301
1802
883
964
1106
466
188
1311
378
2153
661
1569
41
874
330
565
707
830
219
1910
1743
205
571
1694
1972
1545
1603
1443
2262
632
359
1539
1464
1975
1070
749
2406
1608
2185
625
506
903
2304
1405
1770
1578
64
318
579
21
1663
708
961
909
411
1687
1304
2068
51
264
1079
2026
2240
1369
1986
915
1312
79
1842
257
662
821
1702
1746
2418
2444
2177
2178
829
1587
1830
1875
1176
1207
2035
2022
1272
802
622
323
215
1612
2030
924
1838
2311
2353
2253
779
2205
1035
2379
1128
1615
68
642
762
1549
2394
878
74
136
705
773
1143
1075
1021
1349
450
240
500
710
1262
816
731
2416
2328
1961
998
1697
2072
159
838
1294
1444
1433
1440
1898
522
1004
1297
92
2336
2323
361
2265
757
1843
1076
771
555
2140
160
691
2405
2204
1841
1596
1185
1010
1755
338
1033
2000
2452
2172
2369
835
2122
1891
689
1199
272
1278
2324
2075
2023
55
118
1832
137
1890
2373
650
1922
167
2326
1734
764
758
1230
1339
1241
1613
340
613
1282
641
1045
2025
1114
904
510
2457
645
2066
2081
217
2330
193
2385
2374
501
1685
2481
2463
750
1740
216
2287
1181
495
259
1420
1284
1883
2467
846
895
198
2135
910
1363
1085
1174
334
808
927
1152
1865
2445
2004
2084
1594
1580
2260
218
1258
1803
1131
2194
683
439
422
745
222
1007
2459
1733
2118
1486
1592
2407
2252
1213
833
1397
825
1730
1186
717
1516
849
2038
2399
1811
1408
870
2028
1118
577
1353
609
452
2298
282
759
306
239
1406
1471
2247
2231
2176
588
1236
558
460
1064
567
397
1458
1452
1367
1391
709
807
1504
427
2375
1180
387
1696
131
2290
1938
1560
1775
168
1896
1378
2449
1155
929
449
2239
781
1630
780
479
945
1221
2227
861
1171
1105
2296
308
1951
527
1577
1354
201
1279
1011
391
654
1317
818
2085
1264
348
1974
1677
2234
2475
1750
1820
975
104
812
309
2264
809
1293
67
49
1091
862
637
2364
2238
316
1448
1340
743
125
1068
1501
1728
1507
1023
1409
2327
332
966
2210
190
2458
1818
523
1717
447
738
1165
1681
868
1487
2008
970
784
1194
884
2053
356
1153
2150
2282
1997
1673
858
1776
315
2089
252
1669
520
345
573
690
1987
623
614
943
1211
1013
2097
2082
1655
1401
2412
431
2083
1724
302
1759
1362
2289
498
233
276
906
1016
1232
2180
1761
515
1072
117
139
227
503
805
2341
504
62
1562
374
2188
655
931
1248
1438
2370
404
595
1355
2225
360
231
1834
130
2454
232
405
950
2169
2071
2090
1889
1749
303
715
528
794
1833
476
238
735
384
885
1616
1226
1372
2319
1414
2127
1912
1538
2388
942
2159
742
671
2119
1130
2024
2409
965
250
756
2499
560
204
665
721
1058
1198
2056
1224
2413
1680
376
392
326
2012
1269
1073
448
1973
2431
165
270
1893
268
2117
1133
375
1260
1969
1571
892
1028
432
2283
1127
229
627
1756
1812
2131
2137
1012
1765
774
412
266
1132
1859
200
2350
603
441
2212
864
2010
546
1038
78
1287
162
900
1030
1618
2332
844
2043
249
760
394
1223
61
40
2044
1197
1066
1878
1641
598
2141
549
287
769
1647
973
620
1547
939
2198
872
2490
2069
451
2157
2016
1159
1574
1402
1112
1520
1513
891
1454
938
1621
1941
1530
1442
185
1979
734
292
1555
1086
511
722
899
898
19
145
473
