1042
2343
2205
1283
858
80
1882
968
2416
382
400
1488
839
2255
940
626
735
1453
2200
205
121
590
2224
1059
2317
2305
2383
533
1687
1423
50
304
1124
995
2495
312
253
288
630
424
2406
2199
1559
1060
2369
2145
688
928
2290
1676
1935
319
947
1120
497
1308
65
1479
2183
887
543
1160
1421
873
1291
2077
1547
437
1077
1439
2258
1514
981
1773
1378
737
1054
2160
1640
2155
2265
2335
1874
2112
1445
273
869
717
1255
2169
912
73
1563
2099
741
155
1183
2100
1104
461
45
392
1006
195
813
1376
408
894
2352
966
1964
790
57
1323
1789
1033
2390
2400
1619
2133
46
263
431
1412
1290
1556
1221
1775
83
552
890
138
479
2172
1084
1385
2403
2260
1214
2376
1648
1268
39
320
1083
874
1310
1497
2289
644
302
2361
1277
340
1041
213
2118
663
2354
417
2443
529
1564
1044
1373
483
1642
1790
1394
1807
991
963
150
864
1286
1912
2050
330
2462
719
992
1975
1697
2075
2208
683
1294
1447
1435
554
1382
406
1800
488
673
1928
581
1666
1670
1799
2456
564
1618
1802
393
290
2025
77
2101
119
1233
1689
1219
154
1088
2140
2150
350
2385
715
1609
1259
2292
240
986
368
1043
38
2478
2227
2282
174
168
462
257
927
1636
1693
332
391
2070
2131
172
298
1242
1637
375
2253
458
638
819
2465
1381
2211
1433
441
261
96
101
388
2236
565
1388
1841
210
1106
2445
872
2213
1671
98
2454
729
1528
1650
801
229
1914
1498
604
1501
1929
1392
844
1401
527
1280
700
1097
1628
222
2
611
1844
1494
2055
1393
1899
970
1869
916
736
1102
1849
792
1945
2033
765
937
2490
1819
475
2007
1663
2210
536
1757
228
1740
294
1909
1315
2064
1782
1190
2448
248
1391
1683
1347
1475
144
835
2202
918
938
132
1316
1409
2186
1239
1205
1527
23
198
29
1241
1002
1867
964
1661
2347
2374
2375
500
1437
1971
92
2185
831
778
117
413
1853
838
6
321
609
585
893
2113
2493
1744
289
2128
1064
1603
1854
1429
1593
1304
180
1455
212
161
705
1781
1153
734
1122
1395
110
108
203
2030
1055
1503
725
346
93
999
398
1201
71
1057
438
534
1734
1485
106
2042
649
427
1019
934
1956
1952
181
2426
1012
979
396
2235
1745
215
1571
1821
2355
348
1742
1030
2056
1579
2086
2272
1762
1362
1890
472
1530
432
1891
397
1354
264
692
218
2254
2196
2491
2398
752
1577
1508
2023
1243
447
419
540
1534
728
1284
2147
305
2346
1987
15
690
1825
352
489
1364
1398
925
1145
1074
266
453
2051
1330
1068
185
525
1017
1173
456
171
2314
502
762
2139
2497
1518
1460
684
2298
1171
1089
464
283
520
2107
1544
2407
2141
544
295
2320
1111
1931
1607
1379
747
2388
808
153
744
1832
670
91
2082
1005
363
1163
562
381
2489
2498
1944
1859
2057
1022
2059
818
2308
2384
1328
88
1406
612
1116
76
30
1524
2040
259
2132
207
2218
1014
167
2073
561
2414
1707
1896
2144
2464
722
824
262
1058
342
1118
1146
455
278
1866
1049
882
361
1367
1070
1254
796
343
1109
1873
1174
2124
1555
2078
651
989
892
977
385
2083
1121
653
79
1467
1760
2326
2028
768
1399
1474
190
512
640
1408
2192
1879
191
2002
603
1427
242
2115
103
726
532
1714
888
220
1794
880
538
1823
988
2091
104
32
1657
1066
2460
941
2058
89
731
1926
1296
338
18
1989
390
1785
2440
1543
975
624
589
498
1824
145
1629
2379
2149
232
56
422
279
377
879
430
2405
2207
548
1602
668
1321
1368
620
2349
1883
1741
1107
1884
2484
324
556
1473
2302
782
616
1371
208
33
2269
739
267
2251
2268
379
403
658
2457
1910
1302
235
2052
1586
2241
1067
635
1425
2438
962
1960
1641
1620
969
147
1574
2442
920
1735
530
1638
955
1808
1415
415
848
806
1032
439
1203
1937
1496
1698
105
457
776
2299
2065
1787
1340
795
2123
449
184
1197
192
25
2324
2422
2176
712
1767
1677
614
314
64
971
608
1733
2240
329
414
854
1763
95
2074
1465
1047
855
113
617
2300
846
1712
699
777
2019
2027
569
921
594
1706
759
1672
2397
676
2362
85
1625
1335
883
1178
901
1337
1948
1238
535
1591
1632
1078
1468
1596
1351
445
2312
2121
1270
998
2090
1261
2270
650
1172
2089
621
410
809
66
631
2158
1709
727
1215
857
1010
545
923
1917
1288
1966
2209
1034
2165
1922
241
2032
1622
2340
1949
2143
411
1199
59
164
1784
1156
2316
1728
409
2357
2439
1466
1665
2003
761
567
126
518
1469
1115
1754
359
2008
1817
1968
618
1244
2389
1322
587
1624
2076
156
1279
2409
1246
2468
2500
695
2171
1229
1536
482
2072
2159
170
1094
480
326
648
1587
1372
1250
2189
1507
1778
1916
476
849
1519
678
1774
711
111
868
1627
2120
549
1299
898
578
1630
310
61
1540
2453
1080
293
814
953
1963
1511
958
746
1341
496
1224
773
1317
1721
1651
2146
1814
1141
134
2167
845
236
322
129
1965
1040
983
1493
94
1727
821
596
1517
647
643
1696
1701
2222
870
249
1220
583
1407
1164
1855
600
2247
2318
189
78
2307
287
910
1880
1440
2206
551
942
481
1980
1176
49
1516
2063
932
1888
1927
364
245
811
641
896
2221
1056
1169
2450
386
1553
669
17
2285
826
1149
859
1180
2370
178
2228
454
509
1162
1614
1187
1253
743
2180
234
1148
2345
2487
1076
2303
1936
822
2479
675
2279
666
8
176
1484
1293
136
2262
573
576
425
510
2104
1062
166
356
1623
541
686
19
2252
133
63
1285
1941
1186
1358
317
2363
1978
1764
539
1947
2000
1605
231
1996
2179
127
1736
1592
452
1348
1087
1193
1994
1570
2029
2319
2244
1334
828
1082
2469
1843
2315
2195
2295
1158
599
1039
1646
157
967
960
833
704
1827
1139
919
1179
1251
1073
1548
976
521
1962
1023
1463
775
2341
1816
750
1355
602
494
1346
355
2191
296
2256
2437
1206
1410
1943
1344
847
74
1009
1159
16
1590
1747
193
281
1803
1875
97
2232
2323
1597
766
1541
837
1360
1755
1093
1405
467
2408
469
1758
179
1522
2087
1245
2248
2371
1525
1756
1797
2338
1307
917
4
1611
67
1848
1492
817
1226
2071
1477
671
1806
2475
994
450
128
1110
1732
902
28
11
2097
2242
1858
623
2283
2301
1578
2277
474
1939
1098
503
2435
120
2204
1276
1313
2164
1995
2142
1872
900
13
1731
1414
1356
2004
1235
2239
137
680
1845
2356
1958
1263
1557
1325
1850
1852
118
2046
1805
1682
256
2135
732
1793
383
270
1227
815
2026
1383
2309
1976
2333
151
308
339
1138
243
1188
2313
2288
1631
1998
710
90
486
1001
1161
1902
291
112
1686
2459
1046
2423
1175
1834
1892
639
141
514
1575
140
1131
1887
1103
99
721
800
1128
1505
1510
2093
1959
1633
2122
362
861
1434
843
2429
1311
1938
591
116
2331
2286
1129
572
862
1029
1621
1112
1198
1320
749
1422
1719
2328
1016
1549
465
2377
1127
1222
24
1048
1990
922
2348
985
1282
1090
1694
1969
1086
2035
2382
537
1529
1918
162
944
652
895
906
1195
2011
2110
584
337
219
1804
897
2069
1551
1491
517
357
20
1442
230
2266
559
899
996
1552
1612
1934
1026
1306
1390
42
1130
446
2103
371
523
1100
216
1786
2188
429
2175
1703
1028
1476
2293
694
1905
1644
820
1150
1260
1658
772
2044
672
2486
1075
1166
1950
2049
2294
250
1674
949
384
1582
490
292
662
1743
372
1904
2452
836
2378
2245
1003
1108
2190
1983
1208
1753
1135
1281
1155
1013
950
369
2201
1532
1271
987
27
1585
1134
2470
175
1668
1267
816
1143
1870
507
2404
2184
2226
933
468
1818
367
1566
2037
1979
661
945
588
1338
107
2233
269
1318
1252
959
255
1326
2161
1189
131
2151
9
1096
2381
14
1539
1420
877
2129
907
1380
812
1053
2024
1639
163
1249
592
1232
1289
7
2080
433
1400
224
1654
645
2005
495
244
946
2117
1273
1809
1972
557
1792
770
70
1810
2197
547
1332
1893
1680
173
2017
786
1999
1581
1081
2020
703
2488
681
2094
1209
202
1483
2281
1472
246
871
237
1481
366
2276
2053
2105
114
1673
1598
258
214
1840
924
2365
1204
2344
615
1333
130
1560
1708
2391
477
333
636
1275
2480
701
109
2106
851
284
1613
788
1278
349
328
1428
1829
2280
842
1954
169
2434
745
1688
376
277
505
2278
1357
22
221
34
904
370
1192
2045
2102
2250
2177
2351
1384
555
1748
863
285
980
1237
954
1248
571
2170
1798
365
984
628
139
1535
1018
1256
1031
1903
491
1152
100
2420
579
2229
1649
62
1069
2243
1451
1366
2010
1011
781
1142
2066
10
1305
1608
1370
2427
1588
196
1487
1262
546
1702
1015
54
2136
75
780
1992
2329
86
1877
412
2013
2092
1113
1236
754
1554
2034
1037
421
553
2022
122
2342
802
1126
442
1512
217
1801
142
758
948
1154
2231
265
158
511
1717
1470
1478
1343
2047
2322
1699
2360
664
1813
1715
1985
1441
2402
251
1513
823
2156
1583
1361
334
1404
667
1616
1898
2446
1461
1301
1482
344
2304
2415
82
1777
785
598
43
1864
2273
1008
2009
881
2238
1369
1377
1151
21
677
135
1167
1137
1502
1685
1191
1324
1521
702
1007
1438
2433
435
2163
1739
1231
188
930
358
1610
1718
1446
2461
1886
1419
905
1584
1940
1471
2036
1932
804
2014
2436
1448
160
2321
68
2394
1550
2447
51
1667
1838
1213
2061
1490
542
125
1601
1861
1722
55
2153
2220
951
1925
2216
341
558
1761
463
997
1984
508
2387
2134
5
1710
297
1812
1930
1287
1444
1833
2463
26
1951
1495
1359
763
416
853
1711
2473
72
2215
2481
1216
1050
2166
238
1063
634
499
560
1982
201
1900
1202
331
2263
1678
1766
789
1924
654
595
1970
1770
519
1713
2421
423
1403
915
1724
908
783
1099
2095
982
1374
152
803
1402
718
1147
1811
440
1545
850
274
1615
2284
876
2411
1772
313
2137
1436
2173
402
1210
2198
347
522
1085
685
492
1862
965
990
223
724
2325
929
1846
1961
276
2327
784
1679
1695
1140
1981
1418
1309
2246
1443
345
1955
52
993
2367
2412
1878
1
1645
2330
1319
149
1986
1580
2310
459
613
952
1573
1036
1025
318
1569
2359
182
1749
1218
44
1196
2392
2267
1303
1486
2130
2334
799
1264
2108
1389
1105
504
1411
865
791
1826
448
528
515
399
233
2496
740
1684
2109
1901
860
1071
629
187
1967
1675
1881
84
939
199
2373
646
1020
2001
2098
1788
420
1542
1027
1523
1700
1885
1626
225
1168
2472
1923
1132
1417
102
2458
774
516
875
1562
146
1052
315
1634
1397
1842
434
1269
1915
513
323
404
443
1779
2296
2474
2234
2031
597
582
387
247
575
1506
3
2084
1865
2449
1331
2380
2492
1997
2114
1795
1656
1822
691
1456
48
1868
2350
325
622
1211
936
309
2431
642
1454
2417
825
1835
2483
2203
1125
1750
1450
1919
2477
1079
2467
123
674
493
1336
2126
973
37
2116
1635
755
2178
1182
1828
60
2043
275
797
1457
451
1565
2257
760
1247
1780
353
69
698
2466
335
2430
1426
2372
1681
1921
1207
1769
1617
2339
1907
395
272
471
394
1659
610
2018
1024
1225
36
2271
606
1165
148
1537
689
2337
1342
856
832
2012
2174
1662
1157
1796
1533
1298
1526
1889
2212
1413
211
682
2353
1349
733
280
2127
327
607
1906
742
2396
1876
426
2182
2068
1771
1729
1815
1004
1353
1820
911
501
1499
374
2021
2291
2425
1752
1836
1720
1430
2152
852
2386
956
1660
1690
1272
2366
1035
1863
1738
301
1509
1653
769
693
798
2006
428
1920
1851
2419
1647
143
2368
2060
580
757
1327
657
531
889
1572
1184
1431
1737
1095
2148
2418
2223
794
943
679
1655
2138
2399
1600
886
830
637
1871
2264
577
351
1212
1345
935
2428
2311
1726
972
841
1312
1594
2081
282
903
829
1449
2471
524
2187
1136
2217
470
568
1462
2424
1759
1464
1144
570
87
974
2332
311
1897
2274
177
1504
1091
405
1837
1061
2048
1133
1857
2494
2499
767
878
2485
1416
2062
2237
2249
299
834
300
1489
1177
793
723
1021
2432
1258
1933
1643
566
1265
805
254
716
1839
2261
753
226
1101
336
1561
1266
1234
1730
748
2287
1576
2219
159
1953
687
632
2444
1329
1595
41
779
2119
206
378
2476
165
81
1558
1895
1546
40
885
183
1746
1791
1589
1295
484
706
655
271
2336
2413
665
2054
2041
286
2088
787
2214
1765
891
204
1911
601
1185
1274
866
2067
1531
605
1200
444
1704
633
1350
2125
593
1230
2297
961
1599
1847
2393
2154
115
563
1860
2482
2401
751
627
1363
1500
2016
526
1257
2096
1669
764
2275
506
771
1831
1092
1993
660
1520
1768
840
909
2168
2358
1568
316
1716
625
2225
1072
1751
2162
1170
708
756
913
1692
2441
2181
1913
696
1000
720
574
1292
303
926
487
1240
1567
2015
58
2306
2451
978
436
418
827
2079
709
1652
1181
697
1908
466
1045
2038
2455
2259
1957
1515
738
1664
252
1480
1396
1339
1375
1217
53
730
306
1228
1538
1988
867
807
12
1946
197
485
1065
407
550
124
1606
619
656
1691
1942
268
1386
659
389
884
714
1974
1856
1991
1352
957
2410
2039
1723
2193
1194
1783
1830
2111
1223
1977
1459
1458
1117
1300
360
401
1051
1604
1705
380
1365
227
2085
239
1387
200
1432
473
1114
35
354
209
194
1776
810
307
1297
931
1973
1119
1452
586
1424
2157
713
460
1725
2364
707
1314
31
1894
2194
478
2230
914
186
1123
47
373
260
2395
