1749
2002
1365
2443
154
167
118
427
243
1392
1002
1338
1102
426
712
1884
1926
2456
805
1423
2465
443
627
546
1097
3
1624
2467
37
1902
499
2082
1425
1552
1156
1474
2460
1229
1441
1313
1369
2133
927
728
1524
1523
2479
1265
1468
1993
1909
1321
1037
1198
1923
197
71
5
72
1048
1057
2145
1446
292
695
1539
1740
34
788
840
681
1758
1879
1895
2486
782
753
2173
1506
403
630
1445
1794
1640
516
2155
2200
2232
350
2493
2484
1568
981
435
649
169
162
1587
1095
1014
1267
1493
1322
1837
1482
239
1379
1913
853
1826
873
1304
316
305
2322
1031
2461
433
741
1373
48
1268
168
1432
2290
2369
940
1044
413
1184
1058
53
691
951
693
960
624
2
987
1946
2351
1035
884
2180
238
1634
213
1971
664
2260
2154
986
358
2034
1563
159
789
904
436
658
839
2125
1562
1436
2187
1256
979
257
2008
2137
2064
502
2037
395
90
1161
916
756
2245
131
494
623
1702
387
15
2162
234
2370
2384
1951
1870
2118
811
1589
174
111
2182
1426
393
822
471
892
730
700
1488
610
1317
522
1203
2279
1841
369
2258
2281
2051
1532
2388
2035
2303
2394
510
1083
2218
1144
1972
997
1023
1064
781
1538
1092
810
901
227
1071
531
697
2108
206
1209
1522
1849
1309
589
893
717
2127
231
312
988
2019
1411
331
451
2049
1735
1860
487
926
2165
1239
859
547
150
731
1340
389
437
669
1985
807
501
328
1168
836
738
1601
1766
1991
1021
1360
577
1210
2094
768
994
827
1139
43
1178
478
975
559
1434
1981
16
1600
200
1975
2344
1072
965
1714
1387
2264
142
1843
25
132
1109
384
1661
566
895
1191
2230
2436
1084
751
2202
582
536
484
705
511
1989
2041
2191
1739
1060
1809
2341
194
2210
793
2432
2172
368
2393
2166
598
2251
1649
976
461
584
1036
1682
2288
1491
122
2415
1662
2107
1807
954
1961
1476
1059
2357
2407
663
2459
244
327
8
148
1750
1475
2084
1574
1606
1680
964
2015
2174
1224
1980
39
696
205
1741
1554
2359
922
918
1708
106
2144
628
2473
537
275
2098
1413
304
1633
581
1557
1932
1786
406
268
2347
1856
371
2239
1319
281
784
966
1263
1384
1380
1940
1406
1269
9
286
2343
1007
2170
638
2375
1390
1565
759
1817
1079
776
1725
2299
1848
934
452
1003
2492
1249
791
535
613
2153
2224
2495
2255
530
1764
2464
637
680
2266
676
140
2263
2242
1745
2013
1140
1861
1753
1155
1128
1314
222
745
398
754
1612
1232
1404
1043
310
2030
380
308
26
1746
558
467
1525
1131
2247
565
903
1771
1456
629
2096
1906
2067
543
428
2298
958
961
858
1119
1270
714
1300
675
1593
12
1610
491
75
1402
245
1933
823
1677
432
1627
1254
775
1195
2119
890
1678
1220
2411
1732
900
1126
138
2278
1311
970
1385
1410
280
114
1253
237
105
1674
2130
655
813
2045
1448
1148
2017
2111
1964
950
883
2494
1467
464
1351
6
2128
1672
1129
1435
145
1245
555
1543
1605
1530
1017
978
1183
2040
1866
977
1622
1496
2021
1278
2358
36
1952
747
179
453
1343
1966
288
59
2302
2163
1800
746
656
1519
845
1894
1421
276
1835
2412
597
2156
906
496
797
1564
2212
1094
2267
356
1904
948
2334
1363
1397
576
2499
486
1342
1166
1876
2110
713
710
1292
2408
374
1315
1736
2381
2219
876
2060
1885
2249
299
1970
1769
1641
378
1287
652
2321
277
294
1477
1738
130
1918
1974
483
2449
992
2031
2301
1907
801
2248
2318
1659
850
2389
1337
61
372
2091
1947
626
880
2124
459
1391
93
165
2032
869
1216
711
175
1954
85
1452
1852
1890
2475
233
953
1361
556
796
1008
944
929
474
1865
287
863
523
1620
1726
1316
2205
760
1520
296
1955
1242
1908
1599
881
2413
862
646
1546
1485
1175
1282
2425
743
682
1839
1650
394
1621
938
1824
196
217
842
258
1808
1580
1671
359
13
1676
2206
2414
1693
2068
388
125
1855
57
1816
187
1230
2471
1025
846
1290
19
2080
1357
2316
2445
1799
2152
1192
1687
1050
529
2109
163
1362
1724
785
1133
736
1469
1462
1581
1424
2367
379
136
1950
2378
349
2272
1670
476
1386
2136
1153
1559
618
947
1301
465
1695
815
1666
1274
528
2402
1370
1187
1099
2366
1615
1146
2004
1490
2217
1912
1049
837
2204
679
2420
1560
97
2313
2176
2339
2482
1444
445
800
457
866
844
1604
2086
1332
2426
4
1034
735
1877
1280
1897
1810
1271
1785
2159
650
269
2314
1959
1167
518
1935
983
2405
340
2043
1976
580
109
416
362
821
848
1430
1169
410
1948
914
2149
2147
1226
593
659
2396
1765
515
2088
2295
569
407
1689
1760
423
1594
2401
770
1356
224
278
1742
456
1541
549
1236
2253
309
767
241
1277
2305
1920
1514
1669
998
1294
886
2177
2033
2307
1963
450
1047
144
635
917
2276
2081
203
266
2348
1389
2447
1569
1626
636
1914
1962
673
763
1673
1652
1329
1000
1869
819
1528
353
1878
773
2355
155
2342
339
2283
1022
991
259
2046
1833
1637
2083
1470
1372
588
67
2410
661
54
1501
571
408
911
602
1597
2244
1813
112
129
311
814
1181
2234
526
1639
1069
2005
1690
493
1937
2416
2371
1407
1795
2085
1768
438
2150
601
46
2250
1130
386
1654
687
1433
1068
662
87
321
363
1101
2304
882
156
1684
572
606
1189
1273
225
1141
562
1614
852
31
1442
2188
787
2243
2327
521
1403
1744
252
2489
685
2112
2455
1440
2211
110
1982
2422
2382
1836
146
302
817
2403
1076
1660
7
1995
1806
1486
2235
692
1206
65
137
1279
2116
1880
123
1378
1851
1334
653
1408
544
803
193
460
1081
2324
1086
2332
477
2429
1529
1067
1457
1549
1331
2113
596
1096
2160
792
184
1591
1473
1353
490
1196
293
668
1251
2374
1888
2209
2186
718
1074
2472
470
2189
434
835
1401
1248
1692
507
1375
1194
2053
261
2129
1853
925
1310
1393
186
1257
1202
1862
28
1431
527
153
1535
633
1165
1595
1032
755
1685
1773
769
921
942
74
2097
1029
1483
533
116
1967
1011
1720
166
392
290
587
240
1921
1132
1185
1145
44
229
665
1107
1969
113
2069
1679
2452
564
24
208
1299
409
1291
1900
1629
1082
1892
63
2398
2468
1521
1653
2214
798
2261
583
1534
1382
235
2431
825
2139
192
2329
1376
1088
1039
1163
1718
1115
84
351
1511
923
963
141
757
2001
1625
2038
2434
1547
1647
2220
1341
648
620
505
189
1409
915
2203
744
875
1927
1016
993
1199
2236
2273
69
2457
1510
1149
38
1503
1762
1722
1276
405
1844
1063
22
1056
967
509
1526
855
418
1891
1797
722
1997
962
2076
291
616
2100
2072
1439
704
578
1757
1823
1636
1307
2296
2439
1420
553
2018
1990
619
96
218
1777
2158
2151
861
475
492
330
180
382
1578
1125
2077
364
2373
334
1454
1464
1788
1497
932
972
851
943
1804
1024
320
2500
60
877
2063
417
2095
466
2474
2469
777
1949
2352
188
1087
532
2179
498
2418
1508
1664
1752
207
425
1215
1905
325
1582
1201
1770
519
2087
76
2380
1122
1447
538
2014
1105
336
898
185
2078
2167
1820
1651
2481
870
2289
1151
236
210
254
849
439
2308
928
2022
1723
100
1994
1783
444
2104
706
1655
541
1507
1607
514
887
2102
715
2386
1694
489
147
2391
2227
1499
170
2454
101
273
1118
1802
2016
545
1066
402
548
586
1603
1791
974
1116
2010
937
2071
1845
183
783
1143
933
1041
49
441
1956
463
2042
2423
1174
1367
1339
568
841
1645
2470
660
891
480
220
1045
1228
1451
1642
1944
2114
935
397
1188
2024
329
1930
1455
1308
134
2052
1171
552
367
824
1136
1911
2362
157
902
2312
1572
307
2286
14
1266
1429
2194
2287
283
2092
98
1052
885
2417
591
422
550
1648
2090
1157
1303
272
2215
1917
1427
707
1579
520
1838
2141
1138
809
779
2285
366
614
198
342
778
345
1515
346
524
127
780
909
2315
1458
2496
1502
2026
2340
2458
70
104
1881
1364
171
376
1297
774
178
1825
604
2397
2427
1478
495
920
267
1330
512
1584
1281
2280
212
1784
1553
1566
1583
1284
81
1013
1701
1288
1106
326
1033
1754
2117
1368
143
1827
332
1717
2213
469
2009
33
2256
573
758
1344
699
2323
1324
513
2058
1518
373
765
1012
1756
1207
1111
1472
1238
1688
297
83
2183
40
1417
354
762
525
58
1450
2259
539
1211
1731
1887
390
1221
324
1631
2059
2498
2331
1710
1761
570
2000
1945
748
2306
750
585
1471
1302
1896
66
651
889
2419
313
221
1910
173
1886
2478
47
772
420
400
2483
952
897
335
2462
1381
896
1831
2265
1509
1616
1383
357
2488
740
119
2231
1246
1537
2199
2027
971
561
557
1227
2193
1585
1498
1222
1090
734
55
908
1260
1479
1814
2142
56
1953
1283
2241
1158
1787
1729
421
1938
1706
716
1842
177
2319
666
1241
2020
1638
488
117
1858
554
2061
968
1683
1030
442
472
2195
1983
1018
996
2011
725
1958
812
1759
2099
2337
540
1009
989
1772
579
615
1152
73
128
1965
333
1466
319
1065
912
590
2291
2238
1703
617
632
88
733
2437
199
2300
833
2360
913
806
907
248
322
1883
1377
1286
1205
804
737
1977
1516
802
120
2093
985
1630
1709
1561
35
2297
1160
1326
419
1570
1085
1374
1632
1667
1899
1828
500
1691
2433
2387
847
256
612
1235
542
1748
42
1999
92
1142
795
2368
2271
172
1721
865
448
2430
1055
1767
1350
1789
790
2404
1112
1558
1089
1335
1193
2185
2229
2274
214
1355
103
1135
1517
1298
1751
152
2228
1042
2284
1306
482
455
1259
1796
1780
1957
1925
698
1782
671
2252
1204
1075
2326
2354
1663
1214
1121
1928
517
1544
1114
2377
1713
1874
955
1588
1061
721
534
1822
30
264
2023
1305
279
560
341
2330
1801
1219
1495
1592
1540
2089
594
2168
274
2383
2237
1345
2233
2057
115
1846
1829
1231
139
786
1422
1743
642
2428
190
2246
622
1159
621
1960
1237
1916
2065
1247
1396
385
1986
1778
672
424
599
1233
1812
1609
1711
868
959
17
1755
1939
1847
843
818
1875
2066
1285
2400
689
2363
936
1293
295
2105
347
181
701
2480
176
703
473
2379
226
2028
930
1489
1979
1147
690
1857
2025
2333
2311
1598
215
2294
1208
1915
1428
1264
856
2122
684
1217
1698
2175
888
2392
2409
2208
2328
1275
2062
2365
135
446
1437
1790
2222
91
600
1127
1590
1395
1864
2361
1054
2440
1164
1296
1608
1154
1186
2349
102
1854
2444
1098
219
285
1867
982
1213
21
2164
1656
677
595
1400
391
2463
462
1103
191
794
1973
51
2310
1162
2435
828
1077
640
2190
1513
1747
2292
1327
609
348
1988
2132
946
1536
1924
1218
2134
2257
27
592
95
1117
230
1533
1712
1805
431
1100
2476
300
2269
1929
404
2346
956
1289
306
284
1325
1438
2123
209
2353
1573
2106
1871
107
1734
1903
1882
2184
732
1104
355
1244
2448
1602
1586
344
2140
2131
1500
2073
608
94
1619
2029
2399
108
337
133
1550
2103
2121
2446
2003
1628
1492
878
879
2047
195
271
1318
645
667
303
289
1070
899
1073
654
1942
1934
739
1172
1262
1996
872
2201
314
2453
2050
567
282
401
415
1399
430
1774
1793
1354
250
265
799
1548
1551
82
365
383
377
2148
683
412
1567
2385
1840
1623
20
508
2282
2143
32
1415
164
2181
458
124
1173
1618
2056
1323
1504
1700
2338
2157
1821
2442
2075
1727
343
1556
1394
1110
2364
18
1484
702
726
1177
2226
1919
161
2491
2070
1779
2135
1658
182
1776
2335
1705
1405
1781
1696
1542
399
1449
2336
719
1250
2438
2171
352
1681
2320
485
338
709
990
1053
1941
1123
657
253
924
232
1576
634
1461
1080
1028
820
2074
729
1124
1348
504
360
957
262
1051
2293
1668
1480
1818
764
678
1863
1005
1328
79
1704
2223
816
1243
370
1359
826
984
1190
2115
1763
2216
2036
2207
78
834
1984
860
1027
643
1505
1062
41
1571
414
1150
1443
1255
1225
1412
2178
1460
1792
1113
468
1459
949
2477
1179
151
1020
969
838
1646
249
939
670
247
686
973
1699
771
1371
674
1657
68
29
641
62
160
1889
1295
2490
1992
1197
2044
2395
1358
1
631
440
995
1798
1873
1830
945
447
2325
1388
1347
1643
1352
1978
1613
2240
894
216
1617
1555
2466
479
1046
766
1675
11
1715
2421
1728
854
506
270
864
1987
1001
2198
603
2309
1943
246
575
1575
255
563
874
1416
1859
1006
1707
1010
2007
2138
867
1487
2197
830
639
2126
1398
1108
2345
1733
1730
497
1419
1577
1038
727
752
2376
1336
2169
2006
1212
503
126
323
2270
77
204
1832
1494
64
1346
1465
832
1078
2497
2356
80
724
1697
1170
2277
317
1815
2146
429
2487
2196
263
1936
999
1531
1134
1719
1893
158
1998
1834
1272
611
1004
2192
1716
2101
1120
301
1463
1611
1527
1093
223
808
2317
1414
2012
1180
1019
605
50
1182
318
1686
1240
52
1312
1644
1901
1333
2275
1040
2039
919
871
1418
941
723
1176
251
260
1737
23
574
201
2161
857
1635
1481
931
2350
2079
2225
1200
2262
1512
1665
1137
121
1258
2441
749
1872
1223
298
2268
2406
45
411
2372
2424
2120
481
708
1026
2048
211
2390
1320
761
829
1968
396
89
1850
551
1261
375
694
202
1898
1453
1922
1811
449
910
1015
2485
1366
2055
381
86
361
1234
242
1091
1819
1252
315
720
742
980
2450
1596
99
228
10
1931
149
2451
2054
607
688
1868
647
454
2254
905
644
1803
625
1349
1775
2221
1545
