305
930
1890
148
234
1863
2380
272
998
1917
1114
123
1079
292
1593
1517
2415
2245
951
326
2120
696
1752
1445
2202
800
2406
169
631
1346
1720
2151
1297
1389
513
2145
2051
1470
1044
879
99
2211
2343
803
1737
987
2398
762
1501
480
847
667
1292
149
2258
794
449
192
362
2479
113
1000
407
848
2322
77
1754
970
1103
145
469
2480
1538
1473
1148
1767
280
568
1231
712
2446
1989
638
767
2062
472
1199
108
1119
1454
836
425
144
316
765
2409
479
780
1503
487
2433
1197
1667
505
2182
152
616
70
339
290
1490
2150
1322
825
906
1539
1462
1084
428
1204
937
2412
1166
1817
120
2264
2117
1016
1563
315
2164
1349
453
1423
2325
1068
1847
311
714
592
1258
774
1313
1019
1159
842
1135
835
85
1851
2442
810
548
628
364
1341
606
1061
426
1954
442
2055
2187
1005
1584
1583
1909
353
1561
2441
905
1930
953
511
719
821
1211
552
84
393
381
408
731
1714
787
2063
913
2181
481
1165
142
2247
503
2031
22
668
1768
1157
2000
1216
2371
2353
1739
348
815
595
1268
1816
1163
1964
707
437
115
1733
1302
2008
1519
591
1968
2232
1782
1195
8
652
1298
607
1915
2309
2362
1
2175
1549
1652
614
857
398
1919
1694
539
703
2312
1352
1076
969
817
1627
102
691
1860
751
517
2084
632
97
1823
491
828
1042
1836
2456
1615
2147
2421
40
2444
1040
551
2234
685
1533
759
229
845
1669
659
371
1251
504
528
1029
1543
1015
222
2132
450
60
769
184
1590
1075
957
2476
1504
233
1537
2496
1348
2098
1132
443
369
1246
1794
1557
1060
1883
294
2065
609
569
401
1111
1598
1427
1201
30
1888
2355
874
1059
1912
1456
809
2273
1049
486
1958
1527
1310
427
2382
1664
1866
2111
1706
749
1355
2158
331
1208
1463
1018
203
619
601
553
1306
992
2393
2435
2174
1666
1607
2054
1431
2262
587
1904
1344
172
94
405
1321
266
618
1078
1983
1138
1264
2484
32
1374
1735
1697
492
291
1014
2320
2431
2128
2015
732
278
2321
2364
1334
2237
1484
20
1730
1803
346
1173
1017
435
1528
778
1725
2383
2471
476
1795
1229
997
2489
2079
1230
1829
368
1787
1458
68
826
2365
2082
2217
2296
577
1781
475
363
1409
380
6
2460
579
2124
2023
931
445
1343
853
254
2163
1531
1981
947
2243
495
890
1455
2413
1290
2244
2257
454
2268
2192
695
2260
394
567
210
2330
1933
62
1978
2385
1916
253
260
2
1131
1702
647
1879
1466
920
1827
154
122
1066
2306
1356
2172
1261
164
1244
1303
1887
1834
993
1910
2176
391
1758
1524
356
1404
166
1146
1253
1551
204
560
1498
783
2118
205
320
818
974
1177
2100
1288
2043
534
2251
1953
980
1828
1067
375
374
2289
669
390
2298
885
1116
2123
379
1032
2361
2494
2229
2011
1052
235
1086
1492
1133
244
1685
1291
722
1142
157
2136
710
44
2467
1368
961
2360
522
2284
1041
245
359
1125
532
1056
1663
1145
571
483
419
2332
852
1333
671
2021
600
2450
851
1929
2033
395
1037
705
2311
2248
93
1222
2092
2093
1849
64
2121
168
1955
1571
2156
3
1280
963
1891
323
1077
807
257
2137
2253
576
1637
865
46
224
1977
104
1895
1751
2076
2282
2394
460
824
2287
524
2249
2142
2048
898
1149
1974
357
2114
1141
1569
1857
1396
179
2275
319
1386
1030
1695
334
474
1323
2324
1228
461
1514
589
1372
2279
342
1105
2483
581
2066
295
1412
215
1309
2009
1639
2454
42
1274
1646
2186
477
1756
2392
945
340
96
968
2485
901
1846
2213
573
2074
1638
1489
2226
1718
1167
1996
1711
178
1874
100
2056
212
1600
1382
1433
1760
996
2424
546
2375
620
126
1214
734
2363
124
1401
494
1425
1099
1212
1618
1772
223
1773
752
1419
1819
217
891
1449
678
2143
832
625
459
196
623
1809
361
1047
1308
1907
1688
876
791
2254
599
444
1479
2292
1655
639
1073
1248
1682
2488
2222
2400
1090
2462
388
1496
2420
1680
2133
165
1932
1009
1979
526
2478
1345
1400
1689
1712
1184
2020
535
1378
575
185
2035
1011
954
2112
2010
728
711
1413
518
1038
2490
1081
2374
206
955
127
1239
1406
1729
596
1886
2073
2390
329
1043
684
1405
188
1920
1283
903
1178
501
641
1330
2443
750
2068
207
2331
602
716
1339
1530
627
1713
1414
1526
1107
2233
929
17
789
1734
781
806
1022
1801
1568
414
1747
2064
1550
1468
1069
430
1848
318
2220
1799
463
655
1448
116
1810
246
1632
31
186
720
1192
2081
27
878
1935
521
336
2340
1383
1621
1821
226
831
1656
1727
1194
1605
1106
746
1603
2207
2276
2165
1757
689
733
1544
1050
1899
63
2379
1759
1366
2457
525
2297
1108
383
666
2463
2094
2014
1560
872
1610
640
1631
1525
1928
2191
612
965
1329
1124
893
415
688
1416
1877
37
2434
416
991
1960
940
465
2069
2357
570
988
782
2464
594
26
1516
1881
1573
1057
544
1518
1698
888
737
413
1418
823
1469
1651
837
2091
2116
1375
925
2215
2280
700
2061
1576
1934
10
1010
218
1225
1063
586
964
555
1945
761
2482
402
605
1097
1335
299
1738
1421
67
1970
1410
2429
2086
1748
1318
1658
745
275
1509
2040
529
1634
1362
2458
1120
978
2438
1923
2447
1020
972
19
2423
1511
952
2499
629
2138
660
1990
2299
1482
1360
1570
2461
2326
2071
2108
881
1444
1207
545
1811
2162
1822
804
611
1381
39
514
773
236
909
332
989
1158
1894
1825
559
558
1109
1252
1587
608
2315
2102
1716
2338
2058
2153
1839
2436
271
2218
1500
1602
1262
1548
387
866
801
2209
2130
143
861
2083
574
1906
2384
158
682
541
1397
452
869
111
2335
531
1592
24
634
2472
1750
1432
950
238
267
378
2391
2097
321
1997
1217
675
118
550
1835
1185
1815
493
508
54
1683
2278
1918
133
942
1778
536
1182
1622
2236
2465
1438
838
793
2283
1071
1506
2407
333
2168
1392
1453
1867
1161
1305
960
2349
1946
1169
1892
2193
2316
190
1800
373
2159
136
467
583
897
194
1426
2044
741
470
478
273
283
1840
1635
1245
5
502
1452
1862
2183
2366
258
1411
1181
137
856
432
1415
2491
2039
1054
1123
2346
358
982
895
1780
1319
753
886
421
250
644
1451
556
588
1369
1961
1160
912
2228
1273
1380
1325
1510
1136
1172
75
894
622
2197
1641
2402
2498
1613
297
1450
1620
78
277
1830
1687
1947
1094
693
2224
1260
1422
1591
790
1818
775
2161
1649
2125
1628
554
977
1529
1390
18
2110
1783
1789
1232
2109
984
1293
392
43
2002
796
1436
698
636
1582
1786
489
1186
2180
770
516
1941
1287
2347
1096
47
784
2401
1814
2208
2272
1210
1908
1541
2445
1447
146
1710
1275
2016
466
230
1101
1104
21
1388
1480
2196
1850
827
1562
948
1873
1007
646
1967
1200
1944
1282
211
2235
661
1616
2378
12
1648
2219
1139
410
2170
1743
138
1168
197
153
1464
2408
406
1224
1898
2449
1740
2067
1931
1507
2144
934
1971
2386
451
1045
760
1951
1724
1677
1791
73
2291
1429
1424
563
549
1227
999
1265
286
904
2022
282
1575
1578
1671
967
140
302
1259
1226
1437
624
1134
844
2481
1943
834
1328
681
1147
313
1876
2216
2113
131
642
1693
664
1585
48
1804
812
650
1371
1442
1393
2013
382
256
1586
871
657
1889
341
440
161
797
1247
80
16
708
902
337
187
1363
1642
490
1113
156
2127
2285
1048
507
764
1370
1024
1574
1987
1417
2032
2080
2075
748
1130
717
344
462
973
523
241
2072
976
2426
975
613
1532
498
1205
2185
2440
1558
604
2304
1461
2293
2255
268
304
1905
805
726
1171
2486
2122
1023
59
1559
2042
672
1982
1755
1701
1359
496
1223
1316
1152
2351
330
1092
9
1376
1696
1289
928
1279
101
1373
1914
424
1013
1579
593
1512
1387
1838
1385
2261
2368
327
1630
1340
2455
1398
1991
2052
958
2201
864
841
1837
384
1315
949
1774
527
471
816
2356
2290
1046
1980
1025
1766
198
1140
1488
2184
2372
2263
1567
2352
1901
1959
2238
162
1640
2212
1402
1144
264
1813
2205
1459
2452
298
1487
2417
89
1861
739
2129
159
603
74
564
429
1746
366
247
2088
2012
117
1320
1719
725
175
758
1272
1361
1187
754
651
1681
1611
1564
1992
1542
1619
735
1215
1267
324
1826
1242
1812
2354
114
582
1596
1403
910
262
456
328
482
112
1572
701
377
163
2270
2223
1430
367
2003
33
1353
285
1156
385
1936
49
1761
1033
792
653
1351
670
658
839
1763
411
2430
55
2437
1478
1540
635
2359
944
2307
1736
1679
506
2403
1091
1395
2221
1589
261
610
742
1715
2333
2152
1629
915
1938
130
1003
1170
519
1314
2387
1256
15
1798
2281
499
171
1764
1358
289
1864
2427
1940
1331
1673
1337
2026
2103
1820
1304
447
1221
1150
1869
2342
2018
1080
2049
2198
240
2308
1854
1973
135
1793
423
251
91
1802
697
201
1164
1446
1281
676
1965
1399
181
182
1723
2104
255
249
986
1379
1026
2286
1497
2167
243
1036
1110
2036
72
867
2242
2027
1377
1072
884
1745
715
259
1790
365
1808
1428
2495
916
520
1100
1924
431
372
2425
1311
1420
1286
2337
1553
1235
1903
515
2214
1625
1985
2266
673
1300
1196
932
2319
709
1065
2341
858
98
347
1657
2149
1129
317
2294
840
1921
757
883
2240
2155
150
248
213
95
418
1193
543
1599
2314
2348
129
193
1332
1842
2225
2303
1776
814
2474
1832
269
919
1087
1457
1988
985
1662
1654
1153
674
1502
2259
1203
1686
730
813
2267
1872
747
109
1833
147
1115
870
1243
81
1004
2078
637
533
561
727
2336
56
580
1219
276
2339
860
1053
743
598
173
899
1770
1645
1126
597
1705
1609
1792
777
1765
409
662
935
51
2301
1547
2005
1364
621
1624
868
370
83
2344
2037
738
2017
692
1128
170
1566
566
1467
1742
2059
2096
497
1240
417
121
270
2194
1668
2500
922
1238
1475
2470
690
900
981
2105
2277
36
2411
1614
1064
225
14
2157
1266
1939
1937
1581
2053
1180
2028
2389
1661
360
25
61
510
755
740
1154
1317
1604
557
2090
542
1612
538
1520
50
2369
293
649
1859
76
312
119
174
1483
962
90
1249
2169
488
35
239
1870
1535
87
287
1342
1118
1093
2492
724
2305
1513
917
1476
2160
718
1868
2381
1884
1255
349
1845
2416
1391
2358
354
907
956
28
1324
971
1722
1074
2154
1198
1942
396
1062
1762
199
2004
221
1644
2345
1913
1485
2453
1434
788
1495
2317
1749
1278
1350
1966
643
2099
439
2166
1871
1301
1775
2448
2274
1098
882
1670
1672
355
1858
1998
2300
959
200
139
1367
1336
795
1002
422
214
1796
1408
141
177
1220
1039
88
2397
887
195
1234
1831
1708
875
846
2419
1852
1486
2246
1082
4
1546
2119
2087
220
927
2140
1545
729
1179
2095
2404
13
2089
2367
1471
468
2188
1183
1684
699
1174
1257
1986
1155
704
1236
458
1521
2115
2468
160
180
227
617
706
41
296
1494
350
191
38
237
1922
1515
2295
1277
1952
924
572
2057
1878
1788
1769
2239
1660
1962
1699
633
721
1202
540
2323
1365
1263
1643
69
65
799
386
1659
2077
1276
1777
279
1807
1797
1295
2030
1617
1784
1626
1435
2195
1218
1984
946
420
92
694
338
71
771
2006
151
1993
1853
936
1717
1269
1536
1522
665
228
1121
736
2414
1176
2146
2107
2350
2451
820
808
29
1021
1112
1844
128
833
176
1588
680
2046
345
1948
1633
1058
103
1601
66
1188
1505
911
308
863
2405
1675
208
284
2177
2250
656
1595
630
2241
943
86
1856
1726
2034
1523
202
2025
1347
578
1254
1744
713
648
2439
2422
155
1051
1312
1089
2047
2373
584
1902
52
485
1957
979
2396
2271
562
473
1925
1972
11
134
288
1070
1191
252
2024
400
53
274
1175
2126
335
2204
1088
2179
994
2001
779
1209
2203
1597
862
2497
1950
325
1354
892
1556
939
433
351
2178
1554
219
2038
1031
2334
1338
1474
1241
2388
1865
404
1481
896
1465
2171
1893
1709
1035
216
2085
1491
590
438
2131
1439
1653
585
679
509
1900
1440
1969
2190
1477
983
1143
1927
1700
2399
941
1753
1875
263
105
1975
1896
45
843
322
2135
2265
1806
2070
819
412
307
1771
1885
768
7
1499
2288
966
1028
785
2329
756
1608
2395
303
1055
2475
1443
938
1233
500
132
265
57
2106
1151
1122
1994
436
2210
106
1636
2060
446
309
1911
1299
1008
107
281
933
1995
2101
2252
1824
2477
1580
1949
1805
2313
1841
2327
1190
850
2007
82
686
1117
484
1577
1394
908
1407
2377
2230
1999
1137
744
1732
723
2173
1296
2041
1552
1237
389
231
2466
110
2328
1270
1594
1384
1674
1741
79
403
2256
2045
654
547
2200
1326
1650
2227
921
1213
873
2029
859
1006
2050
877
300
1034
1956
1162
1963
397
849
1555
2148
183
167
455
702
1731
1779
802
1285
2134
376
242
314
2231
889
2432
1460
615
766
537
1493
1083
2370
1707
1294
1327
626
2493
512
464
2473
1976
1441
855
1647
1728
880
306
923
1843
2376
677
1206
125
798
1678
1703
830
1307
1284
683
772
914
1250
2206
1534
2428
1676
189
434
448
457
2199
2318
1095
763
687
301
1472
1691
2189
2141
2139
1271
1704
2410
399
1027
209
926
1127
343
1855
918
786
1102
1565
1357
1880
232
995
1882
1665
1926
990
1690
2019
441
1721
1001
854
352
2269
530
1085
2310
645
1623
1785
34
565
2302
1606
1692
663
2487
1012
829
58
1897
822
23
2459
2469
811
2418
310
1189
776
