835
239
1431
203
1379
114
2099
932
396
17
1884
432
334
1308
1558
1930
940
1142
1813
1715
1568
1425
856
1393
2314
2108
2097
690
1766
468
1132
597
2236
1879
806
526
1019
1678
2427
1204
1887
2051
19
969
1256
21
2383
2339
119
32
1392
1736
2400
2413
1461
2230
1800
2121
1354
541
504
631
1309
2155
1600
2357
30
1149
409
2345
1505
501
165
1982
2221
333
141
491
1371
804
651
792
1098
896
2078
1203
1476
415
399
2102
943
705
87
1732
1830
2350
105
1795
200
93
2433
948
995
1494
2470
2267
1733
337
1373
2421
1837
1339
268
74
1323
1307
612
2245
1382
2405
464
143
1079
139
2066
2239
2384
354
2205
2192
1621
1287
2352
2324
951
2478
691
824
2390
2301
1945
1513
2193
2318
2098
489
1452
2003
7
2287
1506
269
869
934
677
434
2420
1977
1685
958
387
595
609
2349
1999
1583
1981
1312
1252
1899
737
1426
1013
224
1492
1582
955
2472
1775
2249
1793
907
1843
813
607
2218
2343
1271
2329
723
2201
679
2013
954
1222
515
2189
90
1549
803
1101
709
1823
632
111
585
1495
177
1601
1257
1663
226
644
1527
55
1049
1247
2473
1620
401
1447
819
336
2016
1764
186
2362
500
1124
1943
1403
2117
1306
1517
2024
147
1156
1193
892
1498
414
1743
558
1918
1756
135
563
899
779
1579
1025
233
1479
732
823
2083
532
1796
2145
73
590
137
1364
1105
1346
2156
2369
1080
911
250
1630
2469
2340
1017
1842
1839
2399
544
2030
2432
1464
850
530
1103
439
1794
731
1923
1937
1754
1565
1030
1536
287
1060
974
1428
2191
1897
2214
1243
1596
2069
339
1653
2244
118
2093
662
2028
701
1206
28
1684
1927
1669
1044
946
1693
104
1359
1554
717
372
1131
698
1186
816
1286
1007
1742
1586
1997
2499
54
1798
2113
2146
1703
377
2167
1459
307
2445
1841
1169
1886
1626
106
1976
1519
366
1094
693
495
443
168
1485
1491
1595
1401
311
1901
1910
749
1133
298
759
1806
109
423
1115
209
2029
1465
926
1078
320
2250
1666
990
2034
552
668
2451
470
163
123
733
1159
1352
10
996
1827
1446
1259
1416
80
1245
902
2484
1960
1518
260
1273
1272
2079
2266
335
708
865
1760
593
1330
1196
346
1281
459
2019
1908
1410
391
2186
751
405
1108
2403
2332
766
1645
1696
510
715
1056
2388
675
379
457
770
435
1658
368
48
35
2419
721
1027
944
566
1724
893
1817
430
799
2441
1350
2471
1188
1463
542
410
2274
2106
810
157
866
1258
1120
2481
2386
798
2194
232
1071
1040
428
670
1683
2153
1759
1095
537
599
1851
787
506
170
1965
2091
462
96
330
1177
1853
2027
1951
313
1215
1412
2044
822
702
1173
1526
1949
382
213
449
2173
417
838
2271
1904
1137
193
826
1194
2057
576
861
350
1454
1874
928
2072
1762
1246
1277
1221
1023
1200
1907
2105
1388
1944
1467
190
801
2416
790
1730
604
5
982
2269
1709
2071
1009
2111
1269
1553
881
2494
1805
142
2408
1135
1896
859
1250
1179
1035
1004
1385
2268
1718
241
1615
1180
416
2482
1020
202
959
2265
413
725
2128
1719
1507
2492
1442
2039
1499
262
490
1521
2396
1054
1041
88
281
362
349
420
1395
1140
2087
359
1835
1966
630
72
1261
469
340
125
92
2040
735
302
310
2462
847
153
2135
2459
1524
1141
2500
1107
279
1611
345
976
2005
818
2041
533
1737
1148
2202
164
254
2442
1223
616
676
3
1569
2055
2166
750
1846
1612
1326
1906
1551
2461
1860
2264
1334
89
1631
1355
767
772
2020
1810
1677
1812
1801
184
1439
225
667
498
831
371
228
33
503
2213
994
1212
2455
2120
2164
2463
1950
1130
1050
344
1877
2199
637
765
1083
465
1654
538
1253
1144
1516
1776
1744
39
1959
583
2130
918
1302
2375
2389
2385
1175
329
1833
1814
511
1777
2220
2258
2328
2036
657
1590
623
554
291
49
2008
319
1894
817
852
50
957
1139
734
1757
1522
1714
240
1305
1404
1386
86
648
101
873
46
851
1971
665
2317
1832
1469
1128
131
2327
8
363
1585
140
1441
1967
1983
1434
744
2454
358
2365
2489
2207
1068
252
2107
325
1915
1029
61
124
929
1227
560
356
2139
155
2070
1435
257
2158
2323
633
1100
1728
1692
1667
2310
37
259
773
1986
2358
901
993
556
986
814
1895
671
1682
2183
1304
1468
1985
392
988
1957
2144
1011
2184
256
180
1838
117
970
1066
1213
1384
1921
2417
1390
1935
326
1063
1774
64
321
1217
1000
487
357
1609
1914
1389
246
914
1048
2280
2124
747
938
1648
2293
2458
2211
351
2498
997
1779
1031
100
1829
486
906
57
1064
2410
527
148
1593
301
1356
2235
474
1503
636
1482
1632
924
45
276
2251
1185
2321
1242
628
885
842
1265
2296
1016
280
1450
860
1562
150
1659
646
1512
496
1443
115
879
2004
858
1372
716
1934
578
480
2373
2272
317
562
1946
1840
1978
2325
2012
223
727
2082
2127
1543
2497
1070
2174
1336
1821
540
1109
1116
1241
1183
1191
499
1145
2035
1882
1477
2404
1151
1329
827
98
1136
971
227
393
300
2351
53
796
2136
1190
962
1057
2452
1018
649
920
1587
296
870
1
1738
1699
591
925
431
1127
998
81
1646
868
2148
82
1863
1406
2216
2080
2483
183
1529
1483
730
2188
1929
103
1436
650
1500
445
1374
1090
867
2014
524
1979
27
1972
448
763
1324
1478
1992
611
629
1614
1598
921
1657
1235
151
376
1310
1432
2435
476
1091
1559
1419
389
113
895
592
1092
383
949
833
2048
1857
1143
1952
942
837
2074
2060
2089
1205
1096
2021
2081
1313
1629
1381
2062
95
1712
2196
1555
580
1001
1845
171
316
1681
1394
1396
1531
2152
1651
626
2200
194
682
442
931
211
22
2209
762
67
1201
1888
229
883
890
2356
1021
1112
2443
1058
568
1318
361
1301
1963
2052
1081
1708
2197
1731
1968
2449
919
1849
1278
1501
216
1939
999
687
2094
1604
1010
755
2006
1547
1422
1740
1480
1988
1561
1721
217
917
398
2488
2402
1704
1457
1299
2133
2381
1741
1474
2415
2234
1644
1541
783
1088
1146
1032
2380
1691
913
1236
2123
1616
2160
653
572
722
2134
1515
594
977
221
1636
270
2334
1154
1106
2240
2490
1321
2157
1248
1727
374
1713
1234
1545
144
775
703
857
305
1674
2115
1617
204
1231
502
516
1462
728
47
622
1319
2086
695
2054
1675
2045
1905
272
1755
780
2429
120
451
2496
1954
2023
1047
886
2278
2359
1284
2315
1102
2058
1433
1670
1424
1407
360
973
1022
1955
2387
2347
666
1903
513
2248
390
1797
2076
1053
2177
70
2371
574
475
689
275
1994
567
2170
261
2374
412
1711
2208
663
2103
788
364
1086
1445
1421
945
199
136
367
1487
375
707
1456
312
1147
78
1402
2000
553
2423
421
961
2326
1087
479
1809
1490
385
2341
248
397
2468
2465
1316
1831
1244
1167
1320
809
1262
624
1665
2361
1996
1347
1383
784
181
446
2253
1514
1564
342
2169
59
619
894
1210
234
1249
38
1771
1552
981
2322
134
206
107
185
853
1104
156
77
1917
923
1571
781
2075
1290
2304
1293
1624
1664
128
1430
1532
989
1216
2297
2073
2243
2430
411
2363
1472
714
1786
1729
1202
1174
1881
2150
1061
699
1964
63
508
40
2061
912
1548
332
484
1497
2114
1995
1993
1864
1852
2464
1858
2009
1162
175
182
1038
1613
2092
2394
845
789
2466
196
2277
2411
855
1509
523
1655
985
673
1413
1789
968
2475
864
656
1643
1129
2335
2434
738
373
2025
84
1958
1594
2392
1405
2281
614
753
1051
2346
2129
2370
304
1276
742
2285
1055
2162
953
2395
1726
2222
1628
1475
846
483
158
1639
2215
1150
821
355
2282
634
2126
672
1848
1496
1226
1572
2161
293
1878
1969
724
429
1695
1947
1599
463
2229
1240
2360
24
1533
1948
258
1189
327
543
1199
492
1069
587
1358
2342
841
331
573
849
43
1370
1327
2198
378
99
2053
404
930
2255
1351
162
1065
1438
2319
521
1353
2456
1264
2300
2311
267
2378
1504
422
1289
1005
2180
1836
83
1444
1161
2283
1520
192
605
1778
2355
1575
1998
561
1734
1015
66
1698
1847
467
1345
1458
2316
1844
848
277
1348
639
2224
2450
438
427
1111
754
830
1753
950
2064
85
1781
2141
1990
571
1117
2104
2263
1544
1427
425
2247
1448
2439
2132
2291
494
1811
1635
488
871
1953
843
1788
2256
1694
1868
2026
172
1689
1423
1975
1962
461
1046
242
1660
1956
692
380
2031
2043
1182
2257
2298
1237
1534
2485
138
545
1925
1317
1470
1987
2344
1122
891
1928
478
1668
2047
2453
952
419
1933
286
214
2110
1176
2018
1076
1898
1238
1936
191
1686
1282
288
1466
2337
2237
2137
2011
132
437
208
704
1367
1266
1489
2119
1932
2447
2147
1735
621
1034
1460
315
1913
2059
273
1900
1584
638
2306
271
236
2354
854
278
635
1399
71
1577
884
1214
1826
1239
1603
2203
531
2303
1707
2233
1576
1484
1865
1791
215
231
972
964
1228
352
384
2122
2320
2241
1973
127
1623
764
1114
729
292
1322
829
1209
1218
1158
935
75
11
365
1938
1570
577
992
1622
1980
51
1295
1765
1380
253
654
2474
769
805
2232
2284
2368
793
1014
324
1690
807
1768
880
1342
1870
1089
477
52
1296
2491
1647
1344
1834
2227
1525
1006
2348
2007
748
1528
274
433
2438
782
1349
1763
1855
436
596
1804
1333
2330
2259
1641
1043
1530
149
575
641
1889
2067
2336
1588
1260
424
1872
2226
2095
4
570
1606
1680
1924
711
1748
218
1285
1328
2254
2397
1163
263
1820
2273
777
1291
2437
471
2165
2295
1084
2046
245
741
1942
441
520
1697
2252
2212
1155
1233
1338
1451
836
1449
2178
910
210
535
877
1581
2367
2382
1274
29
2015
1940
1537
1550
1890
1378
774
1580
878
1126
20
889
145
887
509
778
794
1254
2085
1437
828
1067
1039
309
812
69
2313
2154
2204
1745
2038
2480
647
808
308
2179
1673
2056
1502
1761
2333
681
1157
658
482
505
283
1671
407
903
1787
1181
1546
2479
2262
939
1366
720
1625
1802
1488
370
1770
1300
1856
289
1028
2398
1119
2228
1542
1123
116
905
1337
1535
967
719
2050
1720
458
1314
198
205
569
1171
2276
1783
660
176
1984
1991
497
56
694
251
1750
1911
1922
1676
771
1493
2116
1758
1710
2151
1453
1042
1557
802
1672
2190
122
1093
426
706
1815
481
546
2467
472
539
2414
2377
1816
1298
1026
249
589
2238
600
2401
743
1876
979
1332
1716
2125
1153
927
306
2037
2292
536
1138
579
2302
756
2425
1391
1377
564
840
1722
58
1160
1772
1283
2407
2042
987
2312
341
608
2118
2493
916
2096
26
1275
1409
2275
1638
984
2487
2308
2077
452
736
1523
1747
2142
169
230
1566
2017
603
18
348
1602
696
1229
2364
1539
627
222
154
323
235
2159
1192
610
1687
922
1700
669
1560
1340
960
1873
403
91
2436
1782
1508
450
386
528
188
2331
547
1082
328
680
652
2140
1706
1563
688
2176
1134
963
1184
2372
13
947
2217
760
15
1723
453
2206
975
1902
1168
1059
1926
844
1113
2294
1574
44
2022
686
2219
1880
2149
1267
9
1591
121
1170
1578
1368
1121
1073
447
2065
518
640
683
460
23
710
282
617
2101
2088
718
108
1799
2260
1773
517
1619
381
645
1341
1916
900
264
1749
1325
201
529
1746
2446
1052
904
179
406
1893
941
800
1197
2163
1408
94
2010
713
2063
1861
255
408
60
1002
1418
548
244
820
643
1420
1701
1610
2223
1085
825
2444
1688
956
739
700
2143
1471
79
2376
2431
1208
1400
2379
2261
1097
400
440
173
1219
295
126
220
1033
1387
586
1455
2225
388
522
1152
1892
684
2428
1642
2460
1822
601
133
1037
129
1045
1751
2032
2270
62
160
1062
872
791
41
493
1268
1607
1255
768
2426
1556
2
161
898
1369
1292
347
1767
1974
1919
1510
674
2290
146
1230
2112
1375
602
1883
1679
915
265
588
514
1263
1717
2033
1288
839
294
1608
97
519
42
1075
752
1725
1398
167
2299
1072
1739
237
1573
712
285
1818
745
174
582
473
25
2422
937
797
534
2391
625
159
1970
2131
983
2353
1661
1808
322
2210
1652
525
1592
2486
965
1862
1819
613
1867
618
2172
2289
550
980
65
2424
936
2231
1859
1909
1294
1752
1634
1627
642
2175
152
1211
786
757
664
2138
1540
36
697
1376
1825
1198
2187
834
284
2309
166
1869
1172
559
1850
758
1605
466
1187
2068
933
2181
187
598
1866
1008
761
1871
1650
897
1232
620
678
1125
1486
197
290
247
1790
456
2288
2495
1415
1473
776
2001
2242
1875
2100
1780
2477
1662
1941
189
655
1012
584
1118
303
740
1077
549
1363
2195
1311
1440
2182
130
178
1961
1854
726
2084
2002
1618
1365
1297
565
297
2109
606
1036
2412
1989
1824
1931
1224
557
2168
112
2171
2090
485
2418
6
1589
685
1165
299
1279
874
659
1807
1003
1417
1225
888
875
2338
862
2279
2409
1511
34
2448
1885
1429
1640
512
811
1335
1702
1164
1207
314
661
2246
991
1828
2393
1074
1803
1792
1315
1785
555
418
1411
2440
551
31
195
1784
1912
1656
1195
238
1538
2476
2366
207
978
1649
615
12
1220
343
785
1360
1178
1891
1331
1397
507
1251
243
2185
318
2049
1637
2307
219
2406
1362
795
1633
908
876
1166
1597
402
102
1270
369
455
1024
966
1769
1920
16
1343
1303
454
1567
581
2286
909
1099
14
2305
746
338
266
832
212
1361
882
1110
1357
815
1705
68
1481
394
1280
395
1414
2457
353
76
110
863
