1030
1586
942
1444
628
1037
2369
1379
1257
2117
244
1772
1065
98
1694
728
1565
1094
1200
1309
45
279
1010
2041
1790
1537
1715
1880
523
824
1217
928
2260
1988
269
2192
812
976
1198
856
358
1204
2478
2004
1472
1585
673
816
430
1954
217
167
206
962
1414
120
1438
87
2005
618
1910
2125
1903
1015
649
860
421
332
756
356
1511
1499
1755
2211
2482
1240
796
1937
1740
123
1886
2431
148
366
1884
1973
316
360
2467
33
55
2116
1248
427
1371
1202
1002
968
2279
2076
473
82
1188
1918
496
1655
1278
2172
1347
826
1624
1496
2021
418
2473
1
2086
212
2069
1580
1912
1638
961
590
706
1700
2491
396
1610
1463
173
1784
1099
333
633
899
298
1830
2458
2463
1428
1528
883
769
183
374
1118
611
2040
382
348
2009
91
1866
1403
1714
377
1752
1046
855
1268
1926
1731
2282
2135
2120
1747
2300
880
126
1054
1864
2379
919
184
818
1426
2317
2437
760
2113
1461
2232
1254
2170
43
459
1206
327
1855
692
304
1034
2402
951
398
452
1151
408
542
141
1789
1839
1760
1639
780
1924
2202
761
2082
1116
768
561
330
588
664
1316
1970
2209
727
52
329
1573
2469
1618
25
1842
2276
2024
1596
1717
891
1894
139
1907
825
39
1301
1590
574
1549
2421
1025
1895
1109
967
292
200
104
1938
2393
1803
437
1057
140
827
74
1706
2484
221
1449
16
1306
1783
847
65
343
441
1879
695
282
2399
2180
1225
1836
1978
2450
1140
106
634
12
306
602
1073
1633
656
1642
1616
788
2043
2228
1980
1302
265
1212
1336
1274
878
1084
1650
1060
504
1295
1827
2047
2319
325
249
846
1774
2095
243
965
737
1536
1801
1807
482
1157
1688
440
1423
1149
1888
738
1095
128
2112
587
814
914
1394
1701
107
216
1018
1927
1969
2488
1851
1673
2444
40
1380
1889
1793
232
1427
1407
2462
2217
832
1589
1943
501
694
338
445
2208
2405
1342
578
73
1322
2124
487
970
2256
782
1123
735
1981
1089
1009
1711
916
2392
164
96
1096
1949
2305
900
1471
2053
229
2199
1666
1844
469
1819
663
1049
170
1602
1796
2325
2427
719
368
579
1464
1346
395
655
829
1180
1429
601
2377
1043
1175
515
1113
42
913
2176
2455
1411
971
751
465
1051
478
2331
718
1412
509
2121
1897
1027
2368
1654
1847
2269
884
1024
1478
1646
1465
1374
255
2323
1992
1914
1648
1436
1168
1071
763
1152
1128
1532
2233
1445
192
770
2016
1233
2174
1788
442
1353
999
2265
59
870
112
350
535
1147
1185
1512
2060
2218
1156
533
263
2453
2499
2328
1285
629
475
18
1351
1503
63
1965
2182
608
318
64
1311
1189
1939
2078
2441
1675
935
2234
890
530
2311
1636
1940
2493
985
331
1941
328
1985
1255
1592
457
1327
1881
1874
754
334
1136
161
1687
1611
1410
1241
2094
1629
1743
2197
1811
585
156
897
1492
804
1008
11
2107
143
2287
859
1699
1733
996
1072
2027
474
2479
911
1105
1097
357
639
238
1442
907
463
861
2158
1806
953
1574
36
1389
1983
2025
1800
998
1870
320
495
1366
2090
1207
1131
163
379
248
2129
1815
973
1823
716
1525
1905
1246
146
1144
1368
31
1835
960
2436
2310
1222
1480
9
1100
1959
132
2413
1947
491
905
992
949
157
2111
2489
8
1925
1413
1863
2498
1957
323
1384
2092
1500
1599
529
2096
1299
1061
1550
239
371
3
1680
1022
436
740
577
1056
1455
1896
1330
1572
1272
1615
2258
2169
1718
1791
606
1177
27
742
1843
2160
1932
2320
2249
1192
262
901
1898
2034
2105
1435
2267
78
2055
2339
2284
987
597
1390
1028
840
471
563
492
2253
2263
807
293
1690
2266
1804
1063
2364
1587
1119
2330
57
1082
177
1052
2220
819
2404
1163
2297
2236
301
828
548
500
117
1709
412
477
2449
246
321
278
1203
1261
2362
1520
1725
461
2022
797
2194
1135
2346
610
247
1779
1964
1352
1378
88
1334
2306
1080
1292
2026
1035
450
353
1083
66
2251
1454
1199
858
822
47
1397
831
1365
1661
352
669
2294
111
489
2481
1273
1883
1622
1763
1154
2307
285
524
41
1431
196
345
1210
2048
2248
534
150
485
2348
1362
2126
208
2395
1877
391
733
1402
1775
1422
691
1887
2031
2235
1724
97
2337
1707
558
626
1107
2071
605
2097
994
526
1058
277
575
15
591
810
543
14
518
2472
220
1486
734
1262
1232
2476
750
1337
2336
995
1090
79
1899
1921
342
1669
1758
540
1854
1326
2073
882
155
1627
339
2264
1873
2407
1377
2397
2049
593
2410
1548
2028
1367
2327
1703
472
2144
175
2157
1315
1761
714
1491
1960
268
303
1998
1284
2380
1298
1328
1434
1546
2084
1878
837
581
2075
1161
745
933
1493
980
1205
1005
982
1235
522
383
1799
1576
934
678
863
811
866
1375
2252
1974
410
451
615
381
1856
2010
672
2127
1614
2302
1613
1539
299
1208
1522
1270
1459
783
1906
528
462
802
950
879
871
307
623
1719
1417
803
1739
767
68
521
1632
1750
955
1831
2490
1518
1317
1716
2466
2119
2257
1092
906
2293
1952
270
850
941
1920
1510
257
1318
1031
2229
2495
1356
305
989
1282
481
289
1213
1253
1773
53
1950
1146
1003
653
699
361
510
2480
420
1817
1609
936
600
1640
1081
1088
1004
127
384
2100
1996
1078
2315
1849
1012
224
964
1457
251
1069
1841
2188
502
2037
149
2446
2029
2386
422
2374
1543
1509
2068
354
1110
1066
506
1552
774
1167
544
1359
375
531
1091
559
1289
2035
1727
1304
2066
1538
2147
2434
1280
337
1659
1742
1966
2385
1349
557
133
493
1158
660
1730
137
2093
1195
1913
2104
739
1977
93
1259
1294
630
287
197
872
2326
975
1277
2173
2254
199
1672
144
2067
671
1735
280
809
1190
2409
929
896
129
419
20
857
1303
2165
2459
1845
565
1178
58
1619
1780
494
1813
1979
1915
2389
122
1462
838
1059
390
1341
537
2187
791
1343
1169
1229
2153
974
1737
101
1350
1245
186
2178
648
1825
1778
2401
1221
454
1505
2394
744
1114
2334
142
84
1751
387
1358
2177
792
1911
2414
764
154
77
2051
1393
1216
171
1482
2015
218
787
1224
1290
687
363
707
1794
1535
315
2360
2358
1305
1138
2486
241
888
1001
632
724
885
1786
453
2101
60
103
1634
1047
1477
1523
736
1218
1502
1704
254
1075
1875
758
110
2064
1339
2378
1942
131
2215
2387
674
978
1383
1858
693
1172
1625
2303
121
1837
583
823
877
1660
28
2166
1481
820
1792
1451
1424
460
1601
1338
2077
1093
546
2274
1420
2050
991
1612
291
2103
2271
683
181
362
1732
988
1275
2391
1239
2375
2371
1685
1040
773
747
1741
67
1971
1945
1521
1651
945
102
984
1153
2428
661
1479
1269
779
275
2419
2221
1705
670
2406
725
245
922
119
762
1474
1508
1325
2465
7
222
1529
1695
1467
1340
1344
393
2240
424
532
1201
1563
2347
835
2210
81
44
259
2118
2309
61
1908
401
640
525
1670
573
1006
253
1143
189
1955
729
1494
1547
1692
404
207
701
13
1821
394
1488
413
627
721
650
1852
2091
365
1608
34
1258
569
554
2123
109
2115
555
2183
956
892
1000
2286
72
1085
1219
2370
1443
1686
1419
1293
233
24
2363
2440
1333
319
2483
166
230
1068
1450
226
1531
1244
1332
23
2133
1214
2085
2054
1170
893
2143
433
1297
2324
470
2141
2318
507
614
731
147
1623
2291
651
902
1117
1115
2470
638
118
801
4
723
2354
1490
1871
1530
1256
854
2222
2442
1930
83
508
1440
2033
1643
51
771
1797
2349
2058
1674
80
939
1098
759
50
1194
748
1567
1853
2298
2277
703
1483
193
1281
1989
997
2226
1665
1607
1516
704
1243
2245
2207
2036
2213
2242
1795
2398
160
1401
94
2044
1555
1506
1053
234
1999
392
1120
152
201
2356
1846
1621
406
1495
1928
1050
2223
2255
2114
204
1909
1470
1734
1558
1702
178
2244
1848
749
2376
2149
483
1662
191
2299
2474
1756
696
1489
2046
2432
388
1242
311
592
505
1626
400
549
1713
295
2164
1345
2433
874
1860
582
2225
456
920
2485
844
1588
1507
2074
708
1101
1765
1600
2239
2198
1746
1568
1551
903
1106
1385
2275
1962
322
105
2045
378
2109
979
271
1361
1738
1187
2032
1931
2162
1044
889
1437
2457
290
302
1387
1023
447
428
1577
458
972
1754
867
1174
1134
948
2382
92
644
1762
689
598
231
800
2099
1184
439
1260
1934
1681
2062
1647
1160
1079
2353
1972
1527
1439
710
113
1526
1935
1456
86
2184
1220
1759
1968
2383
2420
174
1826
324
580
1570
1771
1155
778
2163
1370
1812
1077
1276
1296
1834
1620
1415
2017
373
69
712
2426
1122
2080
187
923
1313
1409
1986
1133
1121
2140
281
917
432
497
688
1179
198
1447
652
1628
1542
726
309
539
237
1215
1644
37
1228
848
1994
2417
1357
1933
2314
1862
29
1223
1591
1923
252
1323
517
776
1126
2191
194
1396
2038
2167
1230
1749
604
873
2152
612
1039
124
416
658
562
2061
2492
2273
599
1562
1768
258
1382
1021
1288
411
1141
1452
1331
2283
1630
666
1948
1805
1504
2345
2412
2186
981
887
2281
2006
399
1764
2231
830
2142
1578
62
775
2496
1540
1696
2224
1533
1720
228
297
294
2014
1824
514
5
2445
1279
1904
425
944
536
2146
260
2145
621
1376
1944
1975
2487
786
617
909
26
2361
2019
76
2400
817
1132
1265
250
1363
1744
711
2205
455
151
512
2106
1211
2357
1048
1111
1476
1487
1291
1148
273
2161
616
1582
746
2341
2110
1712
1676
1838
1820
296
1406
924
1782
2322
2289
159
511
2329
114
566
276
2070
1251
2179
1850
223
1196
1399
2454
1231
165
784
283
499
2247
286
1321
1386
1388
211
35
875
641
1693
1042
1453
584
659
2057
1102
781
1963
1997
56
2443
2500
203
376
1664
1869
1829
1369
2190
1070
49
513
766
1809
667
1581
19
1818
681
1828
336
341
925
21
448
2136
2295
1405
1892
938
1900
1777
1723
679
1722
1319
415
417
1469
1501
1534
89
682
1392
2203
1062
676
2065
993
426
520
2452
2250
1776
367
977
697
438
2081
2384
1787
326
1951
1679
1372
168
657
586
1890
1238
476
785
369
720
1656
2451
1682
1872
108
1691
1007
205
1036
2001
1139
397
1391
2342
1236
314
1569
1404
414
538
2200
1150
1514
2313
1976
794
983
225
1798
1398
1271
2312
1810
190
172
176
713
1183
541
2290
2424
1329
2425
717
2351
2175
2352
2272
468
1594
2122
71
2280
833
2181
2227
1967
686
2201
665
1677
795
622
1032
2139
488
213
1234
498
947
2408
2471
138
677
1708
2246
2195
921
2056
1748
1770
1929
647
179
1631
1418
1517
2219
1033
2150
741
195
730
915
1373
722
2206
1917
1635
386
2259
842
1485
1466
2011
550
1726
607
1181
556
2102
595
1814
486
1901
1556
958
446
865
1544
1885
862
519
1354
1416
1953
2390
209
409
75
1320
834
1604
1557
2243
1055
2343
1745
1475
1498
698
1408
568
2430
2018
1468
1041
642
1564
464
2042
1227
808
898
1579
852
310
130
300
1448
1421
1176
272
631
1729
1802
1689
560
930
572
2023
227
1038
2475
2003
516
2039
662
467
389
1865
2196
851
2168
2456
180
709
2063
1430
266
2416
772
115
2171
162
2429
351
675
594
986
868
1011
2355
2270
134
2008
755
1017
2214
1922
946
1395
1197
429
1249
242
752
267
1857
1832
1653
2350
910
1990
1074
2335
1757
1104
1683
1267
912
690
1560
1250
405
1524
564
2134
70
1016
2304
926
480
702
1785
1575
932
1808
385
402
1014
2333
317
2396
219
1191
210
798
1497
17
1137
643
813
777
1603
589
340
684
38
1020
2007
927
1145
1769
1124
1263
1822
1400
567
1961
347
954
1515
1595
1561
2268
364
2403
2422
1698
1684
2285
2079
1678
1936
1767
2448
54
355
1348
1882
1308
236
2130
1473
1902
990
743
1781
95
1162
1710
1173
1617
2212
959
864
1067
2238
2423
274
596
1859
1335
2494
380
1186
613
1668
2460
2381
2316
2148
2089
793
372
700
1982
1193
10
705
943
527
2301
484
2338
182
552
2367
940
1087
2012
214
288
370
1993
2340
22
2278
603
235
344
2365
1247
2193
125
2435
99
1029
839
1893
153
1381
908
158
843
1360
1307
895
1593
1112
2108
6
1606
1166
256
547
2261
1182
753
46
1165
765
645
1076
969
1226
261
1553
1637
2237
576
881
264
2388
931
805
2138
90
570
2159
1300
1519
1667
2098
1159
654
2151
799
715
503
1458
1652
1086
1657
1916
30
349
1286
1995
490
2359
1671
553
2087
1441
1658
624
2344
1237
957
1125
2013
1264
1425
821
1867
1721
2292
1026
2185
841
335
2059
1583
2030
1753
937
1598
668
403
1861
2154
308
1584
636
2366
1566
1736
1460
1766
2411
790
625
1013
85
2438
2439
1728
904
1816
894
2241
1310
2189
1958
1559
312
1545
48
2155
571
1312
2321
2288
1919
434
1513
886
1891
963
2296
1266
2262
359
1840
2052
202
1364
1554
136
2072
1833
1541
1605
845
1045
2020
680
1130
757
1645
637
423
876
1446
1641
1314
836
313
2372
1108
215
551
619
443
2128
2083
449
407
635
806
1283
545
188
346
32
1324
1571
685
732
135
284
646
2464
116
2308
609
2216
2204
1103
1868
2468
1129
2137
2132
2000
1019
1171
1355
1697
2156
815
2477
952
2461
1987
2088
1127
444
1064
1252
1663
1876
869
1287
435
2
849
145
1946
1991
1956
2418
918
2415
1432
1164
966
1597
2230
240
466
2332
1649
431
2497
853
1142
2131
1984
185
1433
2373
169
1484
2447
2002
100
620
1209
479
