119
2068
184
1082
2424
1287
96
2119
1838
1658
397
1276
1231
515
733
1730
1656
2323
1468
2344
546
1760
1106
2423
1521
1079
976
833
2206
2009
426
739
1752
1712
1339
698
1267
413
2154
1401
2353
794
2315
1513
936
1078
550
1901
338
1228
341
649
1167
1745
1373
246
356
1686
1045
1162
567
906
320
1336
466
1994
1993
2075
2219
1784
2058
1042
2433
2246
839
781
1774
2345
1056
122
508
2215
1941
104
419
1621
2004
1054
2202
929
1675
1705
2245
824
1858
2162
2387
715
1734
1361
1797
1363
1538
2128
863
1309
2086
1835
2238
1055
1660
1311
486
1292
1466
359
1269
418
2497
673
1999
1628
129
1475
1669
35
2062
1495
2347
1125
533
2243
854
428
1350
807
1617
2160
2066
1237
1232
427
637
174
32
2170
2261
952
1773
1891
1463
337
513
2181
1817
1823
2146
188
680
1069
944
697
577
1041
2366
1423
1481
1607
732
439
172
1489
2273
1433
1017
1023
1178
60
2074
925
1177
502
1818
1180
788
1603
1950
1618
1903
1040
1577
2310
1924
2329
913
2255
1386
2164
2466
1230
2040
852
765
666
918
1406
624
421
1909
1462
1414
2463
1197
799
1754
2234
268
2212
2471
1964
2370
1128
1554
2051
1487
1136
2252
294
1111
145
1087
1430
1227
2005
447
1899
784
1792
435
2427
822
1758
2342
1849
2197
2101
606
634
1375
686
1473
1923
2400
49
1601
984
967
125
1568
220
227
1119
2439
2015
1493
297
207
2153
448
2278
1107
609
1937
970
288
1016
1917
54
1280
1702
2470
173
2414
2163
1086
1368
768
2131
2270
2010
1483
2440
1208
185
859
2165
1251
1662
1377
2148
2116
372
999
1338
2024
90
2178
1296
1344
803
1636
539
1883
1452
1682
1604
1129
2379
835
2490
2385
112
708
1505
1743
420
987
1699
746
308
1556
535
404
1485
747
1326
896
644
1905
1698
2117
701
2430
1314
2218
580
2486
563
229
2376
1579
1274
130
2473
2443
1740
1148
1329
1281
596
1322
1871
1349
139
1796
424
1543
1220
631
957
525
376
914
1523
795
2308
1253
885
1820
514
2111
2405
1708
523
1562
498
355
2003
117
335
1439
1480
1027
860
1471
387
1319
1286
1861
1651
1202
2306
1791
459
552
1921
1203
1072
531
1996
650
244
2293
958
1310
2253
163
1544
2277
1853
1327
815
1221
26
325
1664
1265
131
2049
300
1099
832
2140
2085
1184
1325
1464
2217
1183
1936
901
1066
1624
691
734
1832
1010
934
1374
1248
1934
1688
249
985
1525
977
1987
141
1678
1417
1222
1915
1793
1625
1427
2149
729
1153
1808
1166
1739
496
614
2408
1026
602
28
956
1391
445
98
339
968
2248
1724
1584
76
874
36
2348
1619
2079
217
457
1345
2289
507
1713
264
728
990
864
529
1486
755
1262
2269
84
1300
823
1469
668
1403
1032
1894
1613
1704
506
1289
2322
1780
2045
2412
757
1200
1320
480
1593
70
1134
813
709
209
2213
206
690
574
205
257
1021
2399
1434
786
1781
558
2211
155
1666
707
1978
322
1249
492
1173
1931
1214
1966
1963
1378
1852
1242
720
2203
1268
980
1454
1681
2013
1370
291
528
1693
126
2125
1800
665
296
1271
1059
399
2216
590
247
608
532
1516
2420
978
2185
256
69
2025
2090
442
109
277
2410
1927
2239
2284
899
749
2157
1942
366
212
1953
2276
2177
2435
2437
2256
235
1193
1313
975
1732
1261
1075
902
721
1346
615
1826
1580
1848
1757
671
779
1123
190
2374
1892
512
133
1674
1411
2326
187
1914
1504
237
1626
2331
1782
1176
251
1324
183
2403
1977
703
301
2192
955
1667
1058
648
736
1101
1196
91
2167
2454
1902
1279
2441
1052
233
963
2319
292
921
687
2054
2477
883
924
800
406
228
265
2292
196
865
2351
1467
1928
16
1330
1151
1161
1033
2237
1850
266
161
1548
754
1771
760
1238
143
317
814
2244
2199
1257
886
907
989
412
1435
2142
1533
2500
278
997
893
1179
353
1431
2231
1930
568
360
59
2102
771
134
758
491
267
612
1711
166
1298
61
804
167
390
623
1646
892
1438
1509
216
280
1508
1381
1650
1138
262
2465
1446
802
785
511
2095
1955
2175
1038
517
750
1305
1541
162
792
991
2294
1965
51
971
2456
2472
1946
527
965
812
2384
1829
776
2301
821
2285
487
1369
1
1991
837
1421
1048
1340
1670
1683
2108
949
767
1102
982
432
1348
1036
2092
1530
653
1294
1919
1317
1398
820
135
898
2227
2096
124
1546
2337
656
1035
22
1502
195
1837
2080
2041
1266
17
1811
453
1448
905
2174
243
688
1696
1408
773
68
524
2462
915
629
2368
371
1244
2065
1515
801
2421
1083
284
1449
2069
2392
910
1025
2280
1907
40
2
1410
1130
289
1488
954
44
723
2061
1616
1560
393
273
415
2123
2169
241
140
1700
595
456
678
2053
2442
272
1750
2020
1397
1897
1458
2426
2152
594
1715
1442
2240
1255
1865
2391
411
639
2496
2071
111
10
2191
2121
473
931
478
33
2031
518
150
1532
2050
1420
1816
2325
475
789
1282
2475
2452
834
592
1922
41
1037
787
2109
2309
996
1364
1590
132
455
2052
838
157
1932
1576
1524
2268
894
1654
113
1884
1204
1226
2166
1172
1998
651
123
1233
2072
2474
1141
657
2029
1009
1451
796
1912
1263
1547
400
65
386
465
1402
2176
1799
1721
1842
1680
2201
769
1318
718
1933
932
920
2016
1097
154
1460
1189
1633
1218
95
364
1347
2042
2262
1407
693
290
1822
1258
1002
358
218
1956
1755
221
557
483
367
1647
961
2478
27
255
575
2057
1847
458
178
99
1886
193
470
1612
2422
1360
1163
663
1304
1171
110
1550
153
2106
1764
1121
1864
81
2104
1860
1113
710
613
2113
1390
2184
2312
699
115
2485
199
1256
1065
394
983
654
1076
809
2032
357
521
2093
2138
2447
2183
45
1395
2271
2210
327
1117
1316
548
1787
2479
1567
1356
573
1396
2295
380
307
711
2425
1520
2250
1545
2316
1312
916
969
97
2383
2411
422
13
778
116
1857
1250
2223
378
840
1000
75
1943
2110
1118
175
1507
619
222
460
1761
2156
1043
2304
1400
950
73
298
1343
1212
1911
1684
1540
179
1727
553
334
1759
1655
2460
106
1970
620
2396
2333
530
1719
2030
643
260
1703
39
1536
238
1598
1885
63
2036
1321
1846
2158
692
1718
1642
1611
1073
2006
871
392
1061
1088
2418
2313
407
847
438
306
672
302
1746
2012
1738
1851
127
368
182
282
1602
642
395
873
1770
973
14
1018
295
943
2014
1583
224
2044
72
887
1497
1549
211
252
882
1492
2458
485
504
1234
1342
1542
694
2350
1372
304
2334
2352
1358
674
2438
1216
2372
34
37
2143
169
1862
588
541
2112
2281
696
1415
922
2056
1692
1900
522
208
1165
1333
571
352
591
198
2258
2378
1245
2307
1132
2416
1188
756
547
1376
309
2180
1685
2361
1133
2105
1122
1470
138
71
583
1235
735
285
1649
695
2377
2134
1887
1531
994
2251
848
836
584
1581
345
62
555
2171
748
214
401
817
597
2328
2298
1948
2254
1728
540
305
1039
1210
494
1951
599
156
1095
374
1278
1960
66
19
9
2076
1450
827
862
1144
1084
937
1643
239
1661
806
565
2369
1459
1482
2291
103
2028
2364
2389
382
2000
719
675
2064
1170
509
2492
1777
299
2247
928
2386
46
2099
2098
310
1893
231
1573
89
549
1873
640
1944
909
242
1552
1874
1413
676
1394
683
2137
340
861
1672
2332
1456
1443
798
2094
2401
25
1979
742
2299
2222
2395
2230
1359
1352
2300
1737
85
844
1490
2147
1807
2297
92
489
2274
1387
866
542
1004
1093
1299
1819
1511
689
482
1880
177
375
2327
1114
1798
2200
1215
1064
1051
431
11
1913
202
18
1968
349
1098
1867
1437
383
744
1984
1969
869
2226
1653
1001
1945
254
1272
2380
2078
1614
1455
2336
867
1241
1555
1866
1709
543
403
626
2483
1671
1641
727
1389
275
1954
1477
490
1920
201
2063
250
30
1484
192
2220
108
1631
158
1185
2187
1961
1831
236
1971
1814
146
1972
1648
1126
1588
1223
1620
1729
1725
1013
1668
1068
1366
361
816
1973
782
1419
2129
497
2498
1825
293
2260
560
1512
2089
2141
858
88
904
1535
1181
933
1566
774
1328
1623
451
1539
2330
740
1644
2026
1295
1710
520
2047
562
770
964
2083
1876
200
598
2233
2469
2091
2136
926
2296
2048
1815
2459
1385
1652
2133
346
57
2173
953
114
474
2451
743
31
1247
741
402
1586
1735
1574
2302
1168
2489
23
2205
495
1428
582
704
645
1429
846
1813
463
628
960
1947
391
263
2419
2132
414
1608
1157
1351
1028
225
714
616
398
1159
2356
633
1049
810
959
1537
1445
1384
7
1768
670
1194
1564
845
1518
661
1388
1476
48
159
101
2360
1201
1679
2182
1453
2303
1895
1859
1803
1301
1553
897
1561
2043
80
783
1190
2034
1047
2035
1841
56
1501
2017
274
1371
365
842
979
149
373
870
464
1600
1404
1409
828
585
2001
1399
107
818
1605
1139
745
1103
725
2082
2354
831
2362
1938
330
1092
1775
1742
279
1806
825
942
2320
601
576
1195
2077
2282
888
2494
830
102
1003
142
630
1063
1629
381
1855
826
2288
1870
1587
1751
2241
1967
43
1209
501
1673
259
2198
82
2087
1572
52
74
481
587
974
1285
564
2453
2317
1976
83
164
1436
1676
607
1640
1323
1089
1077
469
2429
396
2088
2194
2228
1691
1135
1081
1753
2357
1890
78
219
2259
203
900
2073
617
2172
1929
2033
561
2039
1687
2150
930
1341
716
2249
851
1149
1563
1156
1790
312
635
1582
409
405
1878
1989
2402
1199
2363
1380
586
319
1776
2359
369
6
1275
1723
2318
12
1236
1875
1090
1726
449
1627
484
1053
197
1354
1254
1949
1763
86
165
79
519
286
1150
1571
1741
1260
2257
1744
2279
2151
271
655
20
764
333
15
2127
917
1534
1024
941
2195
370
1405
1733
875
1622
128
1519
2340
50
479
569
240
849
347
100
385
1606
2018
1769
1498
551
2120
47
2481
2225
1575
1522
316
1559
468
2196
1896
258
1108
1639
1131
1243
1645
2365
283
1657
677
2059
850
762
2432
1898
1939
780
1565
434
1392
912
168
751
321
981
2287
170
669
2103
2266
2046
611
1147
1270
223
927
1986
545
2311
1594
1187
763
2207
1821
1869
1824
24
429
1779
890
2097
1756
1529
603
1935
1137
488
962
29
1527
1198
1447
2428
2214
1115
966
58
2209
2482
940
622
1592
2445
118
440
1881
2100
1094
2407
766
536
621
1146
534
1211
1440
753
919
752
1186
1225
2060
939
1158
1992
324
363
1736
600
226
2019
1840
1778
1355
1638
1169
1856
2468
706
1206
2382
662
1229
1031
685
1836
2135
797
1834
444
1868
328
1422
1015
805
2221
1060
1479
1334
841
646
42
2499
1022
682
1494
344
1008
891
2286
186
1615
343
2448
105
2450
790
877
1845
1307
194
1952
1293
1213
1500
1589
2193
1772
1127
2011
2208
477
5
1635
1164
1067
636
1918
1749
1297
1985
775
1383
500
868
717
1695
1155
777
189
1706
2161
253
2464
1810
120
1517
1175
1426
2179
1974
1379
737
1794
537
731
467
499
1716
1104
87
1465
430
1889
1432
566
559
1788
855
2455
1925
93
1478
1958
1096
1240
53
1357
2321
1425
2037
471
1337
1765
362
1367
1472
2067
354
2267
1722
416
2381
147
1152
1983
684
2124
2484
1239
151
204
2107
526
829
2229
1303
544
895
171
992
1843
377
388
1783
1302
1020
1906
2263
1910
137
2444
2027
2264
315
884
148
2145
510
1074
538
2491
2190
1080
681
2130
1591
1382
1007
1747
505
1717
2375
1785
1988
1863
1284
1424
808
1720
1805
856
658
1637
1904
1630
1461
433
181
348
722
986
461
323
1959
935
2488
1418
2388
1767
270
625
1290
1570
2002
350
67
1315
311
234
1882
605
1100
843
819
2373
336
443
947
1595
1795
554
938
1663
853
2467
2461
121
972
2272
572
1219
1160
1677
1707
1789
948
287
2487
1916
1143
1551
908
1833
713
1154
1503
2155
1140
700
3
903
1926
1528
1124
2008
593
2446
318
761
1526
1714
604
2242
880
2122
1690
452
878
993
232
2338
1259
679
281
314
1085
705
2341
2449
21
945
152
2118
570
1990
423
998
144
276
1335
1393
493
245
1044
1599
2431
1585
2126
64
2339
2393
1019
2305
2371
579
2346
1975
1224
1012
1997
660
1844
1362
1828
1827
2434
1596
1474
726
1105
446
2349
1888
450
1597
1246
2084
951
408
1441
1689
1610
879
2436
1457
1145
213
1273
2168
1332
384
1110
1091
1182
1217
1665
1306
2081
1514
1731
1308
1191
581
1762
1804
2038
1802
811
1288
2390
1908
923
632
664
2398
1050
516
738
1412
2189
1070
2139
1416
2335
1569
326
1207
730
2070
1029
303
2023
1057
556
410
1205
342
1120
2358
2055
1801
2186
462
1982
889
911
313
1766
436
791
2495
2235
1112
2290
1353
1812
1940
2236
857
988
1005
437
160
1694
38
2406
2324
476
578
1872
702
2476
1071
2367
1331
1701
2275
180
1558
2021
1557
1277
1962
2232
1011
1877
1365
230
1034
1496
2188
667
2007
261
1109
724
1444
55
329
1879
2404
1192
210
269
610
2224
881
618
647
1609
1062
136
1830
2159
1748
379
1491
503
946
2343
77
2415
2480
332
2409
94
1995
712
191
1506
641
1174
417
1632
2144
4
1578
2204
2355
1697
1252
793
215
2394
2493
772
1264
638
652
1283
1142
472
1957
176
1291
1854
2397
8
995
659
2115
331
1659
1014
2114
1046
1116
627
1030
248
1981
425
872
351
876
1980
1006
1786
2413
2022
1839
1510
1809
1499
2314
2283
454
441
1634
2265
2417
2457
589
389
