247
1811
1560
1654
1021
10
2447
6
1608
988
227
2069
1488
388
679
1239
55
460
1524
1428
2494
1195
2254
1803
1730
1452
2284
531
231
834
918
1755
91
278
1215
790
2271
1931
1847
1961
2141
1699
546
2096
1015
1815
804
1988
2152
325
2239
37
296
187
371
181
342
39
1169
1990
1589
701
1116
16
292
2478
1073
1492
68
1042
1614
1272
794
1790
741
684
825
1852
578
1623
594
221
465
1240
826
1635
1032
1077
1241
1968
1854
1324
2279
837
1503
1462
2481
1785
1562
957
1769
2246
541
1946
2161
86
2178
2438
1841
2460
42
350
2190
906
168
2371
1105
709
1287
285
2315
203
970
321
1192
760
1565
1605
307
1164
1569
132
1553
1899
1891
2203
1531
903
1593
999
1496
2372
1529
2212
1353
1882
1205
2061
2407
1627
633
1431
886
1754
1182
2287
822
27
336
331
290
2403
65
1733
2265
123
2158
532
2285
734
629
2060
1661
1248
1197
1507
598
2107
1407
305
1998
172
1465
1581
2169
946
2410
271
2164
386
171
398
614
96
468
2031
2128
1478
379
1859
1738
1724
2136
2025
2326
1843
2256
2296
483
2313
162
816
280
372
521
1632
726
85
1142
1894
197
1717
329
1397
1603
274
549
2280
602
421
1422
98
1976
865
226
405
2167
1375
977
437
1429
644
1528
140
435
533
354
978
2232
1759
2042
2415
1870
1451
2173
1812
1405
5
1761
2006
45
149
1690
557
1917
1183
106
1366
528
1119
411
378
408
2135
2194
2349
1667
929
1318
2004
1877
1577
1321
648
663
2019
2492
1270
1979
1382
637
2428
1278
1037
2017
1671
1064
1222
1408
254
1336
647
389
878
2397
377
1932
683
1912
2342
1780
1033
576
2213
2463
1648
475
1228
2028
773
1146
82
1878
2382
782
1152
854
1725
655
1107
1597
676
1468
94
1426
2334
1448
1168
763
1489
508
551
844
1653
1676
677
555
57
812
1223
2329
971
1379
1008
1144
2392
1735
320
3
2466
1048
101
2175
622
63
2261
204
488
1890
373
22
145
799
456
1118
1430
2103
937
1029
2033
842
1086
1109
1793
61
1054
1663
2002
731
976
253
1293
600
1012
1187
176
2089
2022
1684
2263
1129
1455
1716
198
2333
1515
2142
2225
1456
523
651
2465
692
875
1231
1445
1647
170
1104
2197
1046
303
1410
306
480
1247
1199
1787
358
1923
2047
2051
2486
1385
537
2086
539
727
284
1265
1427
2320
1020
2402
1310
1006
1189
2298
545
2078
1261
95
856
705
2205
717
464
919
2306
2220
2288
224
2029
1004
1947
454
1706
293
1068
1444
1018
1148
1236
917
595
798
1996
29
1601
1459
841
1377
1078
2132
1866
723
2027
972
2456
2032
2295
1486
685
1221
188
924
2115
698
1762
951
207
2496
587
909
2038
1813
2130
1463
1522
1351
1822
2240
1099
526
2227
219
1732
800
2010
921
1474
1641
122
69
1438
1190
781
1920
1436
1851
530
1751
1286
1628
973
821
820
441
1926
409
1123
2258
2045
2215
472
593
1989
1633
1549
1482
1570
1483
925
1794
2150
1831
753
2001
235
852
1980
382
252
493
1559
2473
1298
2401
1922
337
2111
2257
322
374
1594
311
420
563
1080
2468
1297
1094
738
1704
652
1461
1162
1259
1992
1837
1541
1143
2255
2363
1924
774
2020
697
2180
814
1362
1345
1181
980
328
1776
2346
2137
911
1280
1338
1564
208
2283
1630
1420
1726
1066
542
2011
245
103
597
1237
159
1908
1918
2222
990
2347
1683
1537
1350
396
1777
2202
713
1333
8
574
1513
2244
2157
148
1700
1079
796
1734
2233
1096
1783
1163
1380
810
1281
674
1076
1309
1003
910
788
256
1253
1533
62
857
1929
2390
1127
1016
1501
225
2355
1044
1965
866
638
1583
1000
484
740
1156
183
2250
2071
249
1689
234
2312
1747
1950
1825
524
1022
2185
33
1117
1500
367
568
1120
1244
710
193
994
2065
876
797
2259
1202
1435
1214
1051
366
744
72
2375
2432
2388
335
1677
703
2183
509
1268
928
2134
1229
323
1072
404
1416
518
559
1909
836
1943
2067
1849
15
1285
1433
828
544
1258
618
2052
2073
1834
1873
1275
513
983
527
767
850
2424
670
2412
424
1913
1136
1802
1279
1132
1074
2214
1619
1307
1903
2126
2362
1530
2179
1348
70
2221
109
1921
2062
126
1693
2041
2480
606
751
1364
433
237
2411
862
186
2453
4
664
1573
469
359
966
1317
658
38
750
1657
452
1211
426
1034
1897
669
174
1868
1749
1304
2040
1126
481
2317
678
964
1009
1113
2058
2387
1370
1835
1774
2039
1273
64
2489
402
811
2140
2274
2440
387
1861
1893
2436
2154
582
1875
2379
2452
885
914
831
2054
1643
2162
1791
1624
1910
1694
2123
1319
318
2269
1928
711
1595
719
2230
1916
2497
191
2165
998
1915
1
2253
478
2113
2207
209
1443
960
982
330
2066
445
482
893
491
153
581
1546
779
1484
1727
261
1246
1284
690
1153
538
762
1412
1561
1174
347
1981
1810
2357
2188
908
1763
2229
428
1141
212
627
1640
79
2016
554
2332
1993
1234
715
729
915
385
1312
2109
1477
1207
1464
1437
1737
1566
1130
1159
992
2433
1936
1171
1665
1023
2474
1911
1361
956
135
339
1498
588
368
2488
716
283
1686
442
2483
1036
177
164
975
1084
2216
2308
1867
1458
1035
642
959
474
1439
1718
1607
1807
2117
1417
144
498
2118
2290
787
1711
215
687
1204
230
1555
223
2419
2
1112
1176
2026
1060
1062
444
2408
1067
1650
1028
708
815
2300
349
1295
9
1634
1743
784
2122
1371
114
56
1610
1587
1101
1027
431
2053
2318
2050
309
996
1660
338
817
1545
997
401
2385
2044
2394
2262
1972
2030
2286
1337
2350
592
2323
632
156
1154
2024
448
1440
2076
125
680
974
2457
789
2148
2301
355
855
1406
623
313
246
353
1771
2245
1637
1517
1568
1823
446
315
1576
2100
1534
1518
157
759
2102
1687
1880
1939
1750
1523
889
213
2081
846
490
1666
497
1188
941
2276
843
1664
1367
2155
989
1471
1688
218
635
2247
2147
200
1087
916
1839
46
87
1895
262
357
1886
2243
2000
1817
1460
423
1962
561
1357
1836
1425
1014
2270
447
2339
2160
1816
1855
348
2236
511
2013
2500
2303
967
1441
1485
747
1876
2277
1872
2210
2218
1999
1403
2446
2110
877
1850
2196
185
1598
1069
139
1480
1584
853
1257
1520
1516
952
466
487
1347
969
613
393
868
1070
575
1821
2462
2182
2189
2249
553
133
948
902
625
1010
661
1057
1217
412
93
2356
961
12
1339
881
1411
461
297
130
1359
1956
1203
1423
394
2192
955
2170
2422
2166
1892
51
1473
1497
288
2012
1871
1031
35
2291
2248
772
1049
589
833
514
2168
617
2234
777
761
1121
864
150
802
1591
2359
1786
1655
92
111
1332
2414
2260
1392
67
161
30
406
1826
991
2351
1702
1863
1935
1618
981
310
1472
2354
1527
904
430
2177
248
1824
1736
2469
1784
1538
263
2427
2289
608
940
1948
793
1746
807
238
641
646
1512
845
944
730
383
192
265
2035
1905
1673
1844
950
2364
28
2336
1675
1186
1466
242
672
1245
1536
2451
503
673
1955
746
232
2322
2367
455
519
712
737
496
1511
1719
1788
1056
733
1328
1390
289
2398
142
778
596
535
1185
365
1606
1216
2114
739
1343
2037
1954
968
1218
1945
2209
1720
206
626
1937
586
1679
1394
1349
1292
735
2458
604
1300
341
304
2241
41
1698
931
2082
584
1093
2080
53
2416
1384
933
2470
36
2395
118
1775
151
124
1081
979
803
158
99
1013
880
1995
239
2396
1329
1075
1026
1494
942
214
1833
1712
1865
113
2443
361
963
936
728
319
849
945
1557
381
2095
1994
1262
1358
1490
1201
1552
691
548
1709
436
756
771
1543
874
1752
1814
1157
2361
1269
1697
299
930
1274
897
755
1588
2171
1160
2302
2310
2377
905
1884
80
182
2064
2075
522
1703
31
479
376
228
1858
1907
591
607
1705
1526
1997
169
1095
1874
1398
2176
628
2005
2345
201
1615
199
1963
1238
1106
1504
654
1376
801
1658
2085
671
1252
681
100
160
2314
1514
2493
251
766
1365
1626
1585
1959
459
1853
529
1180
419
34
165
1670
392
2153
2380
317
273
560
2454
2116
1097
281
1061
2378
1639
2449
2181
859
477
2439
2097
984
643
414
2328
869
1085
1447
764
505
1475
547
2353
300
757
2156
1137
848
675
2299
217
136
152
1495
795
1024
894
819
1629
2431
332
351
71
463
19
1888
860
2406
112
298
2426
1196
1925
210
233
1800
2343
1646
839
345
2226
1830
1208
838
649
1758
2087
1558
2092
2476
1692
858
260
612
1644
2297
985
1983
861
818
432
2335
360
579
2311
2191
1128
1487
1150
2159
1363
1617
871
2106
686
1457
1879
427
1782
1941
190
1063
2101
1038
653
178
410
1575
1977
97
867
1393
1314
1695
502
425
927
18
314
1404
494
2373
88
1668
449
1971
1327
1413
1467
1212
48
913
2112
2049
2405
312
90
1263
2331
1450
1832
1315
2008
1857
1649
1778
1030
1729
2321
714
2281
2319
1277
1547
1797
958
1290
1616
1089
1602
2091
2023
995
1586
1544
1798
1550
163
721
1396
896
1680
1820
1540
1449
847
1147
58
1110
11
888
775
1138
344
748
1933
835
938
754
2055
736
2305
516
1225
2448
1767
2293
939
1399
1219
590
2217
2199
316
954
2198
2077
1131
2477
1409
1360
2266
1805
1387
1165
693
1951
2309
1108
745
1551
1303
907
1953
1611
611
1715
1296
1320
1383
722
1898
1206
2018
1710
986
1198
517
2384
1213
507
1133
1040
1506
1960
1508
2043
1744
407
1622
1582
1656
397
2267
792
250
1760
340
1479
2163
1432
639
1325
2404
60
1167
2174
668
108
1446
743
229
536
1378
1114
1191
1071
26
1612
583
1352
255
2144
286
934
76
2366
699
1745
440
2370
391
1243
2138
742
770
1609
1088
2358
1083
1521
143
2485
2340
1901
573
294
418
506
1226
1889
1302
1672
1184
73
1599
829
1674
2072
2368
806
1789
879
1102
259
167
2413
689
840
923
1289
2059
1301
1194
2204
175
384
1326
2376
1707
1058
1092
2441
1848
2201
1827
2341
534
1499
962
1372
504
471
2369
216
2133
1757
2352
434
180
1764
1418
1210
630
2046
1065
173
543
1934
1942
1288
1017
1374
1571
196
1682
116
1927
610
2099
1636
202
550
1233
823
1721
577
1796
2125
121
89
1098
2105
1470
585
2268
2090
695
1386
2374
1454
438
390
44
2275
1838
267
2149
2074
439
665
2330
1966
1254
2389
54
1151
769
1574
2472
1235
1389
1659
1567
2393
43
566
1271
1019
1395
2430
1938
1770
1155
765
832
1342
2036
1043
694
117
1306
241
1864
987
2495
1402
137
2391
1645
1111
2307
619
453
953
462
1970
2484
50
1311
824
1701
1681
558
883
1986
725
501
1978
706
2034
567
1840
243
291
2127
1685
1505
422
1476
1388
489
2120
2399
2242
926
1090
272
270
457
1556
863
363
2479
236
1124
1804
1845
104
1542
282
965
724
1949
264
2145
450
1696
1354
77
334
1883
872
887
2381
1369
624
492
520
75
485
146
882
540
599
327
1708
1260
2083
2121
195
134
920
1491
2418
732
1135
1535
1768
1415
333
295
102
2324
634
2119
451
1722
458
827
1251
720
1728
1940
2445
222
1041
429
20
141
1904
2434
25
1740
211
2272
32
620
1158
205
2475
23
1039
399
500
601
343
1662
2007
1005
1276
2195
476
1869
2386
2278
1249
268
515
640
2139
1829
870
74
495
1987
138
510
2325
17
467
24
194
120
1334
1579
326
2193
580
127
922
1232
1255
473
809
898
1862
1134
364
605
1590
1469
110
2211
179
1193
1846
2292
1906
1625
2104
1819
556
324
2423
1982
2206
1242
1283
1007
13
1510
786
1421
1122
1967
552
2455
40
758
1604
81
932
1532
1620
1045
609
2459
873
1055
1050
1772
1453
1809
1047
1052
2224
1554
2409
1739
380
1264
1059
1713
105
1600
636
1930
49
59
1631
1525
166
1944
220
52
83
1140
2003
1669
1001
2327
1678
1145
147
2450
1806
1975
752
1125
570
1952
562
890
1346
660
1373
2200
892
2294
1291
2015
1651
1493
1355
1984
1091
443
1282
1149
2068
662
2264
240
2442
2471
2219
244
154
2360
2383
1731
2014
356
657
1166
813
1509
912
2273
2084
947
1766
1170
1250
2063
1860
2208
1887
2237
525
2337
1964
2093
830
1691
486
129
656
776
631
1765
900
1652
66
2467
2143
2151
1902
257
1256
1330
346
1344
993
1613
1356
1801
808
1419
2365
572
1756
302
615
1828
650
2124
1230
1781
352
2316
2338
78
2235
2252
269
2231
1200
1224
2344
287
805
2490
1368
749
499
1881
2435
1313
1323
14
1391
2009
1011
616
707
107
2088
369
1748
2129
184
1308
301
2498
1985
21
949
1842
1220
395
1082
1401
666
189
416
2070
1742
2487
2437
2057
565
1424
696
1414
1856
1795
768
1969
1299
1267
2079
884
7
1885
1818
2094
688
1340
1161
1958
2056
1572
1578
783
603
1305
569
1209
2425
780
415
1896
895
2400
1341
1580
2238
131
400
564
1139
1025
1172
1714
1753
275
413
943
718
128
1548
1563
277
1519
621
667
2464
2421
1335
2251
1227
2491
2172
851
2461
891
2228
1322
1957
2417
258
512
1175
1316
785
308
1919
1381
1103
1179
115
645
2131
2499
2223
1741
1002
1331
659
1799
2048
1808
2108
901
1266
403
2420
2429
1115
1100
155
1914
1294
2186
370
375
2098
1053
682
2348
266
1481
1991
571
47
1434
702
2282
1723
276
700
1178
2482
1642
1177
1592
119
1779
2187
1539
899
2146
791
84
1173
362
417
1442
1974
2304
1502
1792
1773
2444
1621
279
1596
1973
1400
1900
2021
935
470
704
2184
