1842
2418
1394
1653
1075
124
980
1693
1061
649
1344
524
1621
2490
2286
1638
2471
1976
1332
872
1384
1934
1248
1688
627
1519
1004
87
2349
2293
1943
2387
1616
1911
249
29
2055
1710
2035
2097
2342
1751
1318
573
1305
1396
780
2295
268
2263
771
1415
844
1347
2087
1898
1057
964
1219
1793
1016
1581
973
1234
529
2461
1328
2423
689
1470
1418
98
994
2198
2462
2210
1924
1825
1769
1045
610
46
1175
1282
1495
1253
2219
1717
157
2393
1823
85
147
1079
2176
2074
706
999
386
2064
801
1908
2260
1999
1770
1723
953
2175
1709
289
621
975
539
1186
1648
179
1884
941
307
242
875
488
418
123
185
1957
2183
708
1611
985
37
370
2114
383
2125
1190
2343
638
365
2348
1278
2037
1187
1467
2030
2014
1708
2430
2334
1510
2383
1913
1644
949
1715
1837
1548
1140
1650
1014
1326
1958
1145
643
1745
1410
1887
2463
194
2159
1923
1634
2473
1386
165
1060
1176
2452
216
327
619
1547
2092
1485
110
300
1762
897
799
1809
33
2385
1799
2251
1661
193
1779
1047
2196
2486
2332
879
978
856
1932
620
2
2482
1506
1797
512
2428
546
2180
95
2488
336
2306
1687
786
858
2160
88
680
952
1503
1713
106
1216
1754
745
2201
1184
1114
1784
2068
2324
1658
2155
774
1960
2214
422
1458
2296
1129
2407
2421
1726
670
208
20
613
403
557
1058
868
602
1062
578
2240
2066
143
2388
1584
436
1788
368
326
2264
1664
1456
945
1409
1324
1607
1738
652
1722
937
1294
577
1933
1871
1093
1527
847
1104
439
2238
2465
1320
1452
161
1985
758
1615
2052
2371
523
2187
1765
1450
633
41
1255
925
1859
66
797
376
918
1875
2220
44
988
742
1703
2352
115
89
673
1096
1402
136
181
2292
434
1316
285
1173
2110
965
522
924
527
881
2127
1206
192
1512
377
175
1496
24
1995
919
1645
538
1521
718
1229
467
38
1066
567
1906
1453
478
407
635
171
537
1956
420
545
2195
1265
1699
605
687
2011
1910
2184
580
1331
763
734
1903
814
1673
306
1815
2310
1474
1774
1
1564
739
893
446
513
1486
203
277
1843
920
604
991
1965
2172
2001
2305
1599
2340
2284
2253
1476
1885
1017
1475
1692
677
2361
1748
737
1790
1967
1169
241
1841
1684
379
606
1171
791
1217
2425
1524
2145
736
466
1959
1296
1802
170
10
473
1433
1931
13
2451
1835
552
2193
1370
230
1258
1223
936
870
431
2493
1878
444
738
2009
581
1541
644
7
1759
1918
197
1323
1334
665
1241
1297
232
1102
1262
642
1860
1449
1392
1680
1543
1557
574
624
636
65
2448
1356
5
1507
1377
1732
28
2288
357
276
1414
534
2194
1201
2390
363
1996
940
1182
2272
1917
2392
2344
850
948
113
1055
2494
459
657
1829
1144
645
1614
2025
767
1952
834
1097
813
655
769
1697
2354
1249
1194
2369
1321
421
744
145
1146
1977
1647
2475
1864
1448
905
2500
1883
240
1850
2063
1596
146
1404
1533
2309
1655
1791
497
2422
1276
1490
2415
2456
2032
1771
611
1786
819
1133
1363
1237
68
494
305
483
1544
2419
1235
1930
1147
1274
2156
1919
629
1366
482
1242
2236
1380
1951
2266
1134
1273
2499
2285
1646
1003
1285
2437
1298
2294
1777
1555
1988
1087
281
2227
221
782
569
1482
1238
129
1099
2374
979
1103
1076
711
1022
2078
1689
830
1026
128
1124
1558
442
1284
859
2242
196
1902
1479
837
2467
1424
2118
172
30
325
2207
1069
2141
1304
1440
1337
441
1612
1465
1483
2376
1291
526
930
889
1329
1639
393
827
556
865
520
49
1854
2230
264
2315
1350
1514
1416
1033
1670
74
1848
2232
1853
2222
1528
1938
1226
570
1766
2408
345
1447
1089
2051
2312
960
1660
1005
246
485
1488
349
1525
1351
1600
2091
1174
127
1971
2373
753
1542
2412
530
26
2189
1954
2442
761
2130
990
1077
2206
42
2474
2357
391
4
732
2460
1536
2212
111
2446
1740
1890
1577
2289
1896
135
237
963
2215
684
2436
1397
1267
532
855
898
1821
2071
826
815
935
2036
54
2104
1576
2301
2297
1870
810
360
962
1480
1425
267
1974
1080
2400
1288
714
2167
1675
1429
2084
1314
1560
503
2026
1845
1550
1880
894
1072
1538
2330
662
456
568
1787
1024
1018
1730
1691
1798
1039
1071
969
8
2291
1587
231
2362
1138
2346
1477
1358
1463
2326
1714
1157
1998
1222
1851
666
2244
1822
671
1862
968
401
2129
32
1315
1036
2204
2099
460
301
1213
690
2088
251
53
2487
2146
261
781
1981
2006
2477
899
1800
838
1868
860
463
748
956
25
2018
2347
792
547
396
1260
1668
2443
2135
1551
1286
1562
263
2259
1997
397
805
1659
464
2221
1269
1498
938
1091
519
1451
1582
2093
1891
2341
728
1982
1705
2426
1481
555
2325
1207
190
340
1649
2300
320
505
783
1015
2096
21
480
2468
931
1035
701
2062
1947
583
1921
603
2181
1690
594
549
1721
1063
454
1430
309
118
787
563
1975
1464
2199
1746
1984
1573
2278
1992
1143
256
1280
1914
1472
2150
255
1289
2132
2054
2149
1195
806
137
1803
2178
1852
2171
229
1312
476
1579
188
2005
366
912
1586
2406
47
705
2142
2420
1322
1444
1553
173
2298
1838
685
355
656
17
385
729
207
1973
1240
743
36
904
1663
257
2399
1327
493
977
1277
678
1863
2151
1400
637
2429
2105
502
1011
469
1753
2223
1916
2458
498
410
1757
381
1167
1729
1119
2019
288
9
776
902
457
1516
989
1441
417
489
746
508
182
1899
31
1716
1682
967
2012
1105
1810
882
2089
1819
353
1656
2225
3
50
399
2070
2202
387
722
1719
162
1865
228
591
1767
1281
2367
1590
423
2398
933
2267
2079
2041
6
674
1259
121
1438
2000
2237
472
1389
2153
1747
169
1678
1882
1376
2040
1979
1355
2154
703
719
435
2098
477
404
597
96
1836
413
282
1561
1511
957
258
958
1361
1101
405
1686
755
40
640
2101
1595
1189
851
1497
155
2413
2261
163
551
887
1008
829
841
458
481
318
2405
2048
372
1828
2197
1628
2134
1983
634
1271
1813
1342
833
1027
2339
823
1135
1888
1893
1381
2396
535
822
235
1118
1156
888
1877
1311
445
1920
2208
777
752
788
271
2470
883
1700
1455
90
1132
1773
2454
1556
356
1603
2004
528
428
2003
1125
61
2179
138
1287
1540
653
1847
2402
1073
1570
2351
373
1085
2322
1858
290
1915
686
82
1252
133
1158
2031
1160
1761
1569
1413
1651
2254
2157
71
1151
1929
740
328
500
1436
2435
984
298
283
651
2013
2122
2049
1857
2379
2042
73
809
2464
840
876
2401
658
1025
1360
2020
1517
2123
152
214
1606
694
510
2495
1428
352
2029
660
1313
1121
1139
1720
2053
768
536
48
2056
541
1390
412
720
1100
654
215
550
1907
2410
1617
2271
81
1535
299
150
1128
1191
2205
857
1816
2404
1302
772
848
698
2356
507
204
183
186
1046
700
324
862
2447
424
913
820
2395
839
1824
641
1149
1818
2108
1098
443
392
375
1028
1459
1462
2366
908
2060
1041
245
1935
238
1652
910
1423
109
864
1029
1993
1572
1405
210
1583
484
571
691
852
2265
2044
1505
55
1623
1354
947
164
286
64
440
596
1592
2355
2277
971
2445
56
1123
2090
901
1275
1989
2365
1879
2022
1348
1487
2200
308
731
2314
1056
213
1744
468
2480
2391
1889
225
1972
361
800
626
2268
369
760
374
727
2287
1694
60
294
1007
2226
993
756
280
1117
1494
1672
86
2485
1179
2316
427
544
449
934
1070
1393
275
2203
1211
1812
1780
2061
1303
342
358
1399
1177
762
312
1198
765
1820
1043
1867
1095
817
293
1966
1795
2370
2353
2394
402
794
1141
83
715
311
2449
1728
105
1051
986
1153
220
2279
341
2164
1849
2213
1215
1371
1549
252
1142
1378
2008
1307
2010
955
2345
1904
1980
1894
1990
395
2246
1231
2384
896
747
1034
274
2382
1052
1755
1631
716
34
1955
540
1602
1403
854
1685
222
295
1597
1928
1264
455
1698
775
1619
1172
710
158
272
339
878
167
1922
465
2086
1513
1037
1196
974
2364
1939
1292
1257
663
315
142
554
141
874
2249
1630
394
39
2163
400
702
337
1940
625
1775
2174
914
511
134
243
409
885
1163
1493
2327
1489
205
195
704
1094
614
1127
1526
1268
1345
1053
2472
1261
1083
1830
239
1598
2282
1523
2257
259
997
1749
2276
1962
2058
1183
1049
1601
2121
1362
723
608
1706
1220
576
926
1154
2113
1239
1937
180
1804
909
675
329
1466
1827
2359
1537
818
561
1317
2190
566
1107
470
650
1359
2311
1832
943
1491
371
269
891
2188
1166
1081
2016
1161
2027
1230
2100
1637
1950
1640
1789
1233
2328
2498
906
1807
1839
1218
659
921
961
2107
2045
1635
93
51
1806
2073
1338
450
1568
632
1243
1677
187
828
2059
322
1373
1110
1168
1368
2233
1254
2133
2414
1202
2290
52
998
903
1545
1833
1203
2431
2372
1834
398
1225
1666
1461
332
615
1009
438
2109
1295
1912
724
2085
1266
2459
1742
104
2152
1162
1020
2209
572
273
2377
1801
1245
1855
1112
516
2173
1205
335
1783
2336
265
1605
795
559
1340
2281
226
1065
853
153
19
1591
2170
770
1478
713
1408
125
117
1758
617
364
140
1391
2120
233
588
1247
278
515
1032
250
1443
679
816
2335
622
1131
1866
2075
726
1406
1567
773
754
785
234
1446
1379
77
808
1150
1701
451
1559
2069
189
176
750
486
1232
1945
1210
112
1152
2106
144
1092
1434
2250
23
1387
725
2021
317
103
981
198
1074
84
1594
1785
1669
1279
1539
2148
1221
2484
942
846
831
1737
2375
1181
499
1484
1500
348
1224
987
2323
2112
151
582
270
492
408
1752
2080
646
1236
1148
1492
696
669
1626
1991
475
845
2397
1343
812
1970
2386
22
2126
2417
824
1739
1936
429
548
1293
2381
890
1707
1002
564
2427
789
1369
1794
766
1427
1426
1244
543
1735
811
174
2111
2378
218
1353
2444
2476
321
211
227
406
590
1515
2007
2023
453
1946
630
946
2147
2333
749
1346
2182
247
2245
1796
664
67
1199
1270
575
1164
1084
895
589
1520
2165
1944
1204
313
900
2478
869
72
1333
92
1192
414
2466
244
1263
1246
2317
2318
447
43
354
94
2248
303
2270
531
1676
100
509
668
333
1643
1460
1776
1411
586
676
1632
1349
972
2072
1627
1636
1086
2065
63
683
1530
212
1401
107
284
2094
1574
253
1654
296
735
1209
779
2308
2231
759
1961
560
1431
496
1734
14
2124
1948
2144
1407
2185
863
764
693
1120
721
1272
1986
1941
553
2243
156
122
78
59
1382
148
2411
2255
836
319
126
1457
1964
1116
793
70
1782
2321
1826
1435
2489
558
849
1831
209
2186
491
565
1300
1193
600
1518
1764
1942
62
1768
1048
802
804
390
2338
1968
2228
1725
1665
1874
916
344
821
2479
91
1679
11
681
1078
1571
1367
2307
2034
384
338
1927
1325
533
1925
262
1508
592
1437
1227
2140
1111
2166
612
2432
922
2313
2368
1385
160
950
1613
1012
1840
1772
99
2038
1763
1375
2409
584
880
1374
1610
58
1372
1641
2102
751
1575
2439
1814
1165
2043
741
2450
1546
2137
2280
1155
35
2299
1909
2275
944
2168
2337
1662
832
1064
159
2024
1622
1671
1422
224
1383
1736
430
796
1501
915
1200
1432
598
886
911
316
1900
120
2235
2455
2216
692
2067
2241
1044
411
2416
1341
1532
302
236
199
419
1987
1090
1580
1454
287
217
1554
2218
1180
601
1534
2162
206
1388
2262
2256
1522
1869
661
1471
2269
1421
871
1038
201
970
2128
334
1319
1357
1419
1593
1330
983
448
996
778
1283
1336
168
166
1445
939
647
2350
1251
1901
1001
2496
2258
1624
623
1733
2434
579
1339
2453
1565
1473
16
260
1529
2191
130
433
790
1881
959
2047
2117
432
688
223
2360
116
1578
1792
709
1633
69
292
2028
631
1106
1588
835
2492
474
323
1642
1618
119
1712
861
2083
825
1256
1566
347
1054
149
1926
2138
1398
607
388
518
2274
57
1010
1724
487
1731
1042
79
1130
490
784
1197
976
2424
389
2481
1856
178
1702
1502
1365
2081
1704
1844
139
1681
1743
2033
415
1468
2136
1750
1683
1469
97
461
479
2483
131
1585
2177
1953
1212
1109
1031
2076
1811
1115
2239
733
1019
471
2304
1068
1335
108
618
593
521
1113
1308
1994
1563
304
1040
1208
1030
2320
2002
254
1067
798
1178
1159
1781
2319
351
2363
1509
695
80
359
18
609
867
2139
2389
330
1805
437
1846
1214
542
803
2115
1442
367
1620
177
1589
928
495
757
892
667
2469
2303
378
1872
929
452
132
2457
877
1050
2491
1778
2077
1657
1608
1185
599
1604
2161
1895
1136
628
102
75
2039
2380
1674
1137
1760
843
297
380
2497
219
884
707
202
982
1695
310
200
951
114
1000
1122
2050
2158
2283
866
2211
1021
648
2440
1188
2046
2015
1696
2224
1417
504
2229
923
266
1949
730
12
416
1905
2169
927
917
362
45
585
1301
1499
343
699
1817
2192
682
331
2116
1727
1364
1969
717
1290
2103
1963
1756
992
184
1013
425
76
514
2358
2234
1886
1310
562
1352
954
426
1711
1126
2329
462
712
1873
248
2302
697
2252
525
995
1504
2057
2143
191
1299
639
1306
1082
314
2119
346
501
2131
517
506
907
279
1808
595
291
1718
2331
1861
1006
2403
154
1170
2273
2017
672
842
2095
1741
1228
1412
1531
616
1023
1667
15
2217
1088
1625
1897
1420
2247
1978
1609
1876
1309
2438
382
932
1892
1059
101
1629
2433
2082
1108
966
1250
587
1552
27
873
2441
1395
350
807
