54
292
362
370
436
1504
1502
1021
369
1587
2483
1881
1442
484
483
819
968
873
699
233
15
1538
1687
166
339
2414
1952
1638
1520
1187
2325
1804
1631
890
667
329
779
2092
148
1088
1085
2166
2336
1127
2457
973
1146
218
992
2248
1082
1256
829
1862
116
65
1281
447
452
1319
412
1471
1596
2147
399
390
657
1626
1087
1791
630
471
2280
1656
2479
267
1615
891
1967
2120
1560
861
1807
1535
345
1557
758
1357
1843
1172
2302
1132
1939
113
573
2239
2063
604
1725
341
995
1758
723
272
2429
2472
1147
1928
2286
440
1031
1897
1554
1171
713
504
1412
795
1370
1618
2205
1944
2329
2026
1750
444
1982
1995
110
1165
1380
550
443
19
1449
652
898
1100
2214
1427
2353
1006
1326
1847
818
2114
1747
1070
592
2355
776
2115
1297
2465
209
1534
741
1929
1839
2003
195
2206
2253
2478
2492
1685
2497
1228
1438
632
687
660
964
134
1311
1212
1965
1197
234
1261
1884
924
2283
677
906
164
2164
2423
1199
1110
1328
2172
520
510
501
1915
1996
1454
706
513
2387
156
1381
1674
300
2022
285
1735
1742
1692
2023
870
491
255
139
575
707
1480
603
25
9
2270
1856
1686
290
904
1888
433
1565
480
423
2319
2072
1481
1887
1203
1574
415
401
1795
314
1173
1143
2419
1544
313
1745
532
1908
2185
2184
461
1506
963
1277
1445
1459
2135
2474
42
993
2121
1317
982
1997
2244
2288
204
371
2111
2481
1844
227
1678
1119
1838
303
1605
1074
2297
168
498
1344
497
1517
949
278
522
900
1461
2011
468
1247
2038
1450
1850
80
2415
2007
1260
696
805
1003
1627
2463
1160
2024
478
1398
1577
537
936
1361
1697
275
232
1153
704
2229
2252
2018
475
1621
105
1373
1765
402
282
1139
590
1257
1388
382
1868
1606
1723
2001
2273
2411
2061
2170
955
2127
1659
2094
778
1125
1764
2293
220
1090
1378
1958
1185
1267
1562
1994
1115
1782
1571
1959
636
2398
1337
224
1590
1305
807
2342
301
1883
665
985
2242
1487
1447
1080
2352
1231
128
1633
2494
1786
1493
937
196
1472
414
2430
1774
466
613
2397
2476
740
1682
281
36
1777
1405
403
551
1131
2167
283
697
649
1374
253
1643
254
820
606
1591
1047
2118
868
1658
469
410
647
765
806
2410
605
117
1824
2256
2016
1492
1113
950
1210
1738
434
395
1242
1501
935
1645
651
1409
2324
1452
663
456
490
162
866
1457
1417
1893
1921
1812
994
1646
206
457
59
1673
721
611
1522
1498
714
2376
1288
1079
1788
857
1746
1836
2224
1874
91
683
1244
277
580
1186
217
1196
1531
230
1217
152
1135
1985
1683
2036
1790
2116
2432
1375
957
82
2399
1121
2426
202
387
182
1719
2191
151
2235
194
1555
1440
742
940
1004
2052
927
645
588
1980
334
1597
1904
219
527
565
347
294
77
1602
2480
2431
2041
356
643
2456
1148
1262
1144
438
391
487
188
1785
862
794
121
409
1721
1624
981
720
1814
1681
749
748
1425
1345
2054
872
2150
378
2173
1048
516
2466
1783
2
954
1154
1968
2194
323
920
61
1896
2440
1989
1527
2299
1394
1999
133
824
642
2212
716
1141
40
1104
183
1216
792
48
1845
375
1376
1033
140
986
1739
1669
1059
544
2141
1741
882
1578
2349
2082
213
284
1709
1174
127
327
72
1433
737
640
1623
1806
2334
2107
2300
877
221
2189
1469
712
2313
967
288
1931
2109
2453
1539
1043
668
1309
1332
413
1005
976
1672
701
2217
2077
1443
1901
2124
1252
1269
568
35
1942
1126
1519
1857
576
2281
2006
1201
1273
1470
1229
1018
122
1221
2028
1266
847
2439
1316
2360
1768
943
1058
1066
60
190
1905
1105
86
622
17
602
1240
552
896
914
115
1430
969
1960
851
1035
751
842
1595
762
1280
31
1416
2275
2062
710
488
2407
1608
1456
1024
2269
2359
1060
1945
1720
881
913
507
1647
1722
210
804
2089
98
785
2378
2060
1486
1813
1284
786
1559
1223
1966
394
343
2105
617
2434
545
1716
734
448
1903
2290
2188
1292
1479
1799
803
813
265
2005
485
2055
648
1379
1566
656
895
1415
902
355
453
1170
1483
1246
1495
970
1455
1818
145
1796
1369
1
2264
1736
2489
1737
1803
2389
251
754
1508
977
2230
306
2345
2278
1700
1404
18
1500
305
1192
1793
1865
2234
463
1546
727
672
2380
2436
1589
2386
2493
1953
1019
177
944
814
2372
2368
1834
1696
1771
798
492
577
1227
1810
2326
103
2088
521
2422
1117
628
1630
1485
225
68
1848
411
455
1238
332
63
66
138
784
1025
2396
966
482
1093
23
1390
1841
318
1401
1610
1057
1854
1312
1371
337
1419
160
2146
1634
430
2097
1046
324
747
242
26
661
718
1331
1293
360
146
1211
1971
2323
1499
587
1248
2314
673
2219
1163
1933
1668
2241
627
1607
2303
462
601
1218
1205
1756
1698
582
389
2010
2012
2412
1330
2035
772
1128
1805
2015
2400
4
1029
16
2066
1829
685
826
2464
1272
118
1180
2451
2418
1389
880
2013
1385
2176
548
2099
625
1484
607
1000
1396
1478
1573
1811
852
1157
1219
773
1402
1961
1156
1012
2074
555
1424
1749
2213
2050
918
1988
2394
961
2363
952
1134
1274
1727
2160
1778
702
2187
2228
1724
578
691
922
79
1733
1448
609
2236
1525
635
736
907
1728
1576
1503
1095
74
1518
633
2117
589
2227
2409
454
2180
1279
2139
359
1084
1150
1679
1007
2049
887
1343
1894
923
757
744
1053
1094
425
759
2320
1145
246
1255
28
1760
1569
978
1878
2233
2123
1802
859
1198
2155
644
1526
1363
681
228
2315
984
1585
991
1622
2175
695
2425
486
2064
477
2157
815
1222
135
112
1551
1249
1584
238
2251
2305
172
1828
698
179
2447
1572
597
2330
1083
1410
878
1769
336
1955
2181
2122
474
1632
1751
1794
393
38
2276
271
503
1809
926
1189
2021
1406
1550
796
250
897
1835
1528
1289
989
426
1827
1902
322
2113
299
2484
1523
2084
1784
1616
287
1434
1202
1428
956
1001
450
1278
2249
2126
2285
2129
692
2263
441
388
1505
223
715
1304
1168
2322
175
2200
1208
767
2485
1245
114
2259
1420
298
912
2377
2357
1441
2333
2347
979
1651
2238
528
340
1195
1468
2393
2350
1233
56
1770
2168
2461
1234
407
2338
199
1906
81
52
1969
766
2027
2267
97
1726
427
2037
2232
94
2343
248
1895
1030
745
1740
2128
1055
1458
1466
2327
1876
1675
523
569
1655
997
1699
1529
1867
261
1022
1313
1545
1045
769
49
889
682
400
1213
598
1706
1932
615
2308
1586
2183
618
2083
1775
1871
854
8
2102
154
286
1935
120
915
2100
1732
556
1307
1042
1808
1226
2351
816
276
1956
1077
342
181
75
90
1049
2071
32
1460
1176
2208
812
1614
11
828
428
2161
583
1869
2177
2053
373
89
834
1444
863
1076
965
1020
372
2365
612
608
821
1306
2307
1342
1515
1714
1118
353
78
1975
998
771
1890
2452
1039
1653
867
1837
959
879
104
1112
726
2450
205
2381
1446
1465
932
1089
1032
1384
1567
1665
338
295
1008
460
1957
1974
1052
1298
1649
2443
473
974
13
809
1949
1276
1061
1439
1628
2255
2265
1063
136
92
193
2140
67
1285
1015
280
901
722
417
538
41
161
2403
732
1182
787
664
2081
1718
561
2296
1162
2496
1490
1056
2134
239
1654
1889
750
289
439
247
1640
1065
530
1922
733
925
797
173
2068
47
676
435
2133
1239
1661
832
1383
446
2056
499
2292
1366
1368
1514
999
1822
2416
1122
1243
1338
678
1086
1204
44
2268
1184
827
2495
437
626
2331
132
888
1964
1635
2402
639
1705
208
1601
1408
1840
764
1666
1301
84
593
1981
790
1335
2136
1477
869
2209
2364
256
1232
1575
2095
2080
357
1310
2435
2201
1350
1164
2154
424
2215
1594
1299
130
2220
1912
1510
1748
830
731
169
942
2405
546
2482
621
903
1336
53
2179
2312
367
2075
518
1476
2032
1710
2222
279
2337
1797
257
1474
1348
479
1761
1941
2408
1116
886
836
2341
659
1516
860
1397
2047
2471
2446
2433
344
1259
560
2103
2250
2358
69
980
938
780
1816
802
2149
2130
2383
129
1780
1175
312
1462
297
1882
2137
2144
709
629
46
315
1206
10
1103
2002
1214
1321
2332
669
1717
2031
799
119
1327
386
2404
579
273
1667
2375
270
2039
705
1347
142
2119
404
1137
1552
1265
1950
2317
1537
1302
1436
2441
2498
1124
2291
756
1253
2085
385
1351
2087
1826
376
22
535
1762
319
1773
729
2086
380
1367
911
2475
421
293
539
1188
1592
783
6
2488
1580
2040
1355
2258
1002
1194
1820
216
291
1220
1579
793
658
2388
730
572
1891
1636
585
811
515
536
1914
317
1362
2073
512
1625
1873
2014
1254
1463
2078
1823
1542
910
2277
529
2346
1650
1600
1984
558
2442
222
1711
584
2356
30
2392
76
158
2500
1707
1393
1364
358
1855
502
770
1169
418
1215
1323
197
951
1642
763
1329
1540
1918
1190
666
1864
1548
1986
2030
1017
302
939
1943
2260
125
1564
553
50
2211
1754
874
2142
100
1161
1178
650
1853
408
2371
2257
2076
2138
229
540
990
2417
1155
405
459
472
1324
2000
1054
57
186
1731
1159
1488
1183
184
2459
20
948
2096
1886
2444
1992
331
1308
1617
1766
1358
679
1290
93
55
266
2445
366
2008
1609
1497
1899
738
858
260
1181
972
1752
1648
1900
542
1620
2301
1513
1689
840
1787
1136
899
3
2046
1833
2460
1798
1946
2152
420
1067
1875
1009
1496
348
2091
249
1877
2477
269
1670
236
594
848
1712
2385
1558
1151
1071
1913
416
51
1759
2025
62
570
2043
1831
693
2289
2455
725
641
2202
316
1167
174
1403
654
189
1140
1604
519
1037
2421
777
2279
853
99
111
2401
2093
5
1830
1524
2163
71
1152
1475
325
1870
1530
823
180
708
39
2491
21
364
928
2428
1507
2318
262
451
2306
263
244
207
549
1429
2143
1073
442
1872
919
557
2218
2069
624
1743
846
2156
543
2042
1598
211
1541
1340
157
835
789
361
1123
1948
1970
24
1320
2367
674
1521
1386
2009
1690
1016
1772
445
531
326
1314
1010
1270
191
2237
800
1637
1382
149
1951
1993
2108
717
1333
1295
1414
2159
2390
1858
1859
637
1599
1142
1200
781
909
2059
1713
1866
1954
2131
365
126
14
200
1391
610
646
383
908
1582
1283
215
274
137
2158
143
85
1360
508
1927
1365
1919
2067
591
1072
855
1491
675
2254
1359
1040
449
123
95
2245
1191
2473
2079
1166
465
1395
987
525
309
493
2132
865
500
1852
368
1068
1014
1983
883
192
7
2272
774
1356
1400
2321
1885
1377
1108
1611
791
96
1947
106
1907
2029
384
735
1258
1920
1291
2190
2192
159
837
1026
108
1372
2499
29
1842
1978
1832
2287
70
2298
517
1193
2295
2362
1069
1294
2310
599
931
833
1346
1892
2186
2145
653
2382
167
241
2148
2165
1300
941
1753
2427
1097
1570
768
170
1800
1339
1106
2344
1568
2487
884
1536
623
2169
422
1494
2174
1179
876
975
946
1111
1064
1767
563
1729
1991
841
511
150
958
2284
564
586
2391
328
1940
2033
1107
2196
1976
2153
1644
171
849
1241
929
212
1489
2151
1225
1936
1629
27
2045
1432
566
102
1663
905
581
1987
481
163
346
1051
916
917
1938
684
1757
1129
1418
2182
2339
304
1399
1671
2193
185
476
494
1930
307
1013
960
845
330
1715
844
2051
1096
1044
700
432
1109
1863
1817
1315
73
2243
2309
258
506
1664
2104
1237
1138
1593
1704
1287
470
131
864
2225
2261
1547
1120
1532
1846
743
1114
1979
1149
2469
1177
1275
2034
2004
1581
1691
934
352
753
58
1925
1801
308
1963
2437
1101
333
2223
1701
1437
2462
1934
1224
1583
526
109
671
634
2438
1296
1511
231
1553
782
822
2468
1879
203
953
2384
600
1050
1207
2316
489
752
496
1098
2304
268
1880
2247
2354
1972
240
947
201
894
12
688
2106
962
1028
381
1435
2374
2274
259
1688
694
83
429
595
838
2470
2282
264
2246
1657
495
2348
1251
198
1821
335
1612
2110
1923
1286
541
124
988
2448
533
2226
1998
2058
746
458
252
2048
1467
2424
1755
2240
547
1815
2070
176
1781
1693
1334
843
850
187
1561
2366
1133
1702
2454
374
1407
1392
2017
1352
817
2101
893
1563
2486
2197
1734
1282
406
2266
1081
2449
945
147
921
1977
398
2379
1613
1695
638
1209
1990
1861
2171
1512
2328
616
690
719
1676
1898
2458
45
2420
141
88
1849
1011
1062
1509
619
1779
534
1464
1354
775
1349
178
37
2335
831
2395
1909
562
1652
2195
2490
1937
397
2090
396
243
885
1451
524
2369
1677
1639
2216
1387
801
1680
2231
1744
101
1543
350
711
1423
930
2221
1482
1556
1533
1236
310
311
320
214
2204
1318
165
107
419
1473
33
392
839
87
1588
431
971
2044
1730
686
1158
1924
1641
1917
321
670
1660
875
1250
2370
1910
2361
1322
2065
2162
1763
354
825
2207
467
892
1034
856
1819
34
728
2340
689
1421
1549
379
226
662
1264
237
2406
1453
64
296
1926
1341
755
1023
349
1263
1038
1091
1916
996
2098
933
1078
1684
1619
1825
2311
155
43
761
1325
1792
760
680
1431
245
153
2467
1303
1413
2199
1426
2262
655
1092
808
788
567
1075
1911
2203
1422
377
351
1973
2178
571
2373
631
1411
1708
614
2057
1694
2125
724
144
235
2020
1230
739
1662
1789
1703
2112
574
1027
1271
514
2413
1851
810
1099
596
1130
1603
554
1776
703
1036
1268
505
464
620
509
2271
2210
2019
983
559
1041
871
363
1235
2198
1102
1962
2294
1860
