2209
1515
654
1508
1526
1284
368
1883
929
34
2074
86
410
2263
1842
323
861
1807
616
375
1753
1969
1953
384
1723
1573
1298
1286
1690
1955
2340
162
186
978
2038
576
1736
525
2380
983
761
2042
1173
763
1990
302
2096
221
693
1855
254
993
975
1435
464
774
2245
1354
705
62
1026
370
2190
1686
7
2418
1052
1100
244
1687
631
876
2422
1693
110
549
1339
495
2053
2463
934
1618
2020
1356
1507
650
2099
736
432
411
1762
1771
1864
526
251
2184
1783
2003
1107
1500
1325
1327
452
1646
1087
665
663
76
1985
258
364
1675
1058
1761
1653
828
1672
777
1223
601
277
1536
2214
742
551
173
2366
333
882
2131
873
508
524
2050
539
1620
632
626
968
2178
50
1464
841
1482
2221
273
84
1489
489
1021
121
1757
1570
1541
318
610
531
2301
179
2183
2156
332
405
304
646
1995
2365
1422
31
1068
1965
790
683
2146
334
473
1666
1874
1495
81
1441
17
1221
658
1359
2500
2272
600
1206
389
738
223
961
521
79
1692
895
928
1730
428
668
463
1166
2039
2363
538
2253
2205
74
1663
322
1039
1219
1972
41
2228
1722
331
1453
1707
1139
2389
2462
657
1177
1947
2172
2373
1447
1137
1733
1186
1267
1535
812
715
1566
912
567
1428
534
1258
1075
147
1875
2305
2421
548
1060
933
275
967
2187
328
1200
2413
659
1380
256
1998
14
1582
439
670
1207
1606
1253
1426
946
1257
1731
984
2490
1153
2325
832
634
1677
752
1812
2130
107
1766
65
1229
717
2195
2054
1796
1059
1469
1992
935
289
380
1816
1398
1397
757
2241
1368
1133
1817
413
1589
1407
135
1271
301
827
1373
1176
1204
2001
2056
651
245
1506
1531
2123
1231
1261
314
33
617
745
1492
2261
1472
393
571
1437
1050
609
49
2167
492
1548
1958
1105
1641
2344
185
1291
132
775
2081
197
1828
760
2306
1399
1048
101
1478
1305
2469
351
1837
2268
1878
1143
2078
2280
138
1879
1799
597
290
2420
1014
2267
209
1587
46
652
119
2124
684
2207
1505
2332
1814
109
1036
141
456
737
1913
1265
1005
697
1387
2089
422
810
1811
265
1577
2076
19
2394
936
838
1440
2100
612
2372
1024
471
1639
1461
721
1108
547
850
1277
747
528
789
2249
1118
1818
1020
915
2309
1724
513
1182
2488
1477
418
1353
930
122
1317
2320
1269
468
1518
2381
2171
1160
2194
1873
1035
2290
441
2458
2061
986
165
2377
16
2034
1853
1230
433
762
459
1608
722
1027
1063
229
157
344
216
1382
1217
1711
2483
248
1361
1602
909
1678
453
865
1073
1737
2391
1099
1463
1314
374
1211
786
1364
579
1041
689
18
2478
1700
1191
1003
309
884
2217
2064
1332
1718
1174
54
2226
1340
798
2459
834
1078
1311
977
228
1429
1104
1696
1209
1285
618
2035
574
1845
966
926
711
2398
2191
2448
1858
1776
1688
1147
142
2492
2002
851
643
1225
1287
1442
730
30
1861
1092
2294
1557
1360
1328
184
1944
816
1514
2079
2410
1188
1655
2238
1734
794
1920
1925
1444
782
1516
2484
2181
506
1890
13
1585
1670
2310
1132
490
514
1212
1289
2098
287
553
2055
714
376
2368
407
2155
630
1162
1352
64
1648
346
338
249
2455
1316
2197
2066
203
1594
377
520
1740
1839
59
2022
87
2430
2071
1415
2282
2392
1083
847
517
2015
696
1637
1921
1409
1600
2149
809
1263
505
423
771
718
1595
1994
1320
2482
2233
691
475
1213
272
557
1199
2027
1076
814
1242
337
296
1323
1850
38
2298
1859
1082
501
1019
2206
673
1175
744
466
624
1749
2300
188
1201
239
1504
645
592
2047
124
22
904
402
1494
706
2125
550
2425
1835
2163
2396
1163
669
1786
1848
853
176
2293
204
1770
1446
1363
625
2162
253
1988
1224
151
1743
2369
2338
2215
1313
878
2361
633
731
1625
1652
811
295
995
1836
923
1549
371
1529
562
45
1893
292
2314
356
1152
1970
106
1432
99
2101
594
863
746
1255
2443
796
2224
1512
1357
800
2433
748
905
408
653
2474
1466
992
793
430
1046
1436
217
1055
1513
1852
2316
1403
688
614
2218
1178
2354
1810
1868
662
749
1661
1894
1145
1421
947
2213
848
2359
713
1240
298
307
1197
97
2031
283
607
1033
270
294
532
1270
2424
108
641
1079
160
1392
2179
2288
2108
2176
1522
2188
446
1457
2297
198
515
2342
1791
996
787
840
321
1511
44
1880
1169
880
2132
1769
481
831
1860
2041
591
144
1552
1007
584
2265
2021
937
444
902
313
12
581
1586
628
1439
2417
1142
57
1554
1383
570
1028
1333
438
1546
1404
1228
1254
1896
1121
2330
2189
821
180
1034
1127
300
1088
1468
1643
854
729
1576
1726
1943
1384
1748
2271
280
990
856
2135
1067
1870
536
264
257
415
1091
906
1418
1300
1486
541
1337
1732
585
1542
575
9
2339
78
373
172
1720
2088
948
286
2037
2450
1607
1931
1388
1344
2251
1910
1760
2063
1978
1389
1292
1274
699
2415
1991
1623
443
1656
320
2051
47
158
1002
881
1120
1097
1629
1149
396
666
2122
833
1140
1315
2049
767
1006
1190
1694
956
1299
2343
1599
60
2148
1480
1800
1112
2375
1716
1260
486
1129
1282
40
507
3
1849
1537
2447
440
128
1405
462
1510
974
1393
194
1682
154
1262
969
627
1940
2395
255
476
671
989
1636
2445
1801
558
1348
566
1164
931
636
436
1727
1251
487
1966
2113
1922
543
940
2464
1125
35
957
1408
1157
843
2087
2350
1235
349
655
1926
1867
1584
764
1296
63
1307
739
608
2083
1609
2466
871
727
206
599
1923
2067
308
2243
1089
478
392
687
1908
252
2225
1823
1022
910
875
1708
327
2170
310
1350
1523
1194
1621
582
1703
638
1503
2255
959
111
511
56
2296
2404
2386
2008
660
1580
114
2145
472
578
1372
2140
911
1872
2052
2040
1148
1524
2234
962
303
234
181
1334
2231
907
2497
944
2457
2315
1640
963
2136
2000
1964
1834
2204
1685
1555
1717
2460
224
953
1714
1820
903
1319
891
588
1172
1865
1951
284
1187
2142
171
1981
207
335
353
140
620
1509
1763
2059
1098
263
1401
807
83
2186
1043
1485
1906
1249
212
92
596
1891
503
2388
336
232
27
2414
1633
2127
1247
442
1122
2285
2065
394
2435
635
535
183
603
190
2177
449
1781
1520
2461
2075
920
1806
2498
611
2095
2169
960
2175
2165
1989
2428
15
619
2227
523
970
1347
2494
941
569
1918
1302
267
2276
2137
1744
1080
2236
2402
766
1705
104
133
357
2229
2036
595
886
2473
1914
1942
1402
949
1676
686
2437
1610
1701
546
2383
1579
590
315
1318
1797
317
2023
1487
938
2283
306
846
278
1642
80
2346
305
1369
2157
544
563
710
1527
1824
1094
1000
788
1592
363
470
1238
723
1634
1239
1179
702
1131
2399
2317
196
1954
1679
51
112
496
1374
2110
1490
1237
1362
1016
805
2423
2434
1847
469
759
504
700
855
755
2355
1288
1699
1963
1310
719
1252
1521
615
1309
491
560
533
573
330
2007
2385
1597
703
2429
1456
924
2193
247
1819
1085
2467
1658
976
118
1628
2030
1236
1808
958
494
1195
1572
136
1358
1170
2174
1205
1355
1635
1877
208
776
770
94
1233
540
53
818
2143
1936
227
1424
1899
1293
572
661
2216
561
1381
2487
2168
358
1406
2436
1113
830
2387
1827
1684
2360
664
381
134
1449
1938
1119
577
1907
52
2349
1937
2247
1601
1156
155
2477
1012
559
1993
803
218
1256
2379
488
500
1329
1565
1394
1185
1227
189
2202
1844
1706
768
2412
965
178
2345
2005
1710
779
1560
1431
2220
2292
815
2045
545
2073
2319
1136
1939
1210
2077
2126
780
2012
213
143
2312
2374
1342
211
96
1376
485
842
77
409
1794
1183
2334
1881
1038
2358
672
1671
1876
510
998
1650
421
2419
2356
2327
852
1649
214
1614
1214
20
1378
2
1738
1180
1805
435
2094
2060
2390
1390
2260
859
365
1829
1626
997
679
1575
1181
1491
580
1245
1657
425
1159
1631
2212
2454
2384
1483
2104
2479
6
2208
2232
1498
943
1581
1997
973
1745
352
1056
1427
75
1664
259
2019
130
1126
1843
100
1499
1945
1047
945
1232
806
552
276
2281
2139
153
1780
1901
2254
8
1778
1134
1301
894
420
932
1851
85
1248
1871
1030
2154
529
1433
1416
2128
1831
901
1755
1455
1545
690
1613
1900
1941
1885
951
1651
1049
1857
2382
1568
644
1869
1977
2416
1533
1297
1434
869
5
1681
2275
1917
1154
741
2161
1795
1451
1979
1110
91
1081
836
2152
1793
971
1001
509
1010
1102
388
743
701
2308
1386
424
1090
458
1547
429
241
282
105
269
1619
1725
837
2493
465
1530
348
1924
1454
1932
1276
225
1290
350
2091
1294
2480
2438
1167
1543
98
734
1496
1011
1222
1502
2329
412
103
137
1911
1066
769
887
1215
2250
1146
460
417
1411
2266
1866
426
2401
2046
2097
2370
1324
813
219
867
1777
360
2299
1946
1712
1192
390
236
150
2347
2009
1929
1561
1241
2471
698
191
712
2080
362
2210
467
2256
2062
1308
1540
2048
890
1962
1713
649
1
2252
1974
1371
1741
1321
1767
1151
2333
1459
537
2182
1062
1999
166
808
2033
378
2431
1583
2323
1259
1615
1413
48
568
542
43
1882
1306
1123
1450
982
2014
1567
756
1604
2237
1987
518
1481
2393
1773
872
2192
845
1330
1698
862
28
675
2072
210
2318
1425
1588
297
2427
222
156
716
2173
1312
2367
732
316
530
164
1956
1115
893
329
1171
1747
820
1673
972
2198
2287
692
519
750
2070
403
2158
1484
416
1474
427
1617
2058
1244
451
1764
279
69
497
1517
1973
113
709
2291
448
367
484
817
1336
2235
1106
1616
1161
2029
2362
1578
2313
2084
1268
1281
527
1888
1825
1772
2444
1266
825
1497
1982
1779
1715
1751
914
2093
640
29
839
735
129
1739
457
1445
32
922
1410
37
1345
359
355
68
1986
849
2160
1915
835
1128
11
1391
985
516
1470
1462
2262
564
2240
1564
167
1809
369
1892
2200
25
1532
2180
988
554
1897
2451
2277
1471
888
120
199
414
981
1803
2269
1746
2106
281
647
916
879
139
918
695
2406
1077
1971
2129
1366
680
822
674
482
201
2440
1702
1476
2230
2328
450
1551
1680
2223
1057
1283
1750
1556
682
2496
784
2102
291
955
1765
246
311
1155
1465
382
152
2264
288
1821
772
447
2407
1660
2105
892
1501
2103
2400
1787
2485
170
2024
2441
639
1902
942
2456
1023
95
2013
2284
917
1569
1788
200
89
823
555
1414
2120
1862
2219
2121
866
274
2032
454
116
677
2408
927
401
1074
1967
474
1473
898
999
1976
2068
148
2026
797
2411
1488
445
1025
1220
987
2259
1117
1905
2486
159
1184
602
1984
1665
88
2111
312
399
2449
55
2138
1103
1438
58
648
226
908
1887
285
1475
1144
1605
1603
1109
1400
754
685
1295
1279
1111
2116
1674
1654
1758
870
2117
70
2452
1752
587
1719
145
182
2141
1854
1919
1101
117
2257
1802
512
1349
2405
1365
605
1996
1203
1037
192
1959
1031
1856
1193
2119
2166
1846
2378
921
1534
1841
1278
243
1130
2376
583
964
2025
261
642
434
2495
1815
1015
2044
991
2006
431
262
379
26
127
860
868
1280
1630
593
1218
385
2118
980
177
2476
2326
325
1728
2397
1165
2322
1448
1013
1116
785
1792
2442
268
1912
361
2151
1379
126
1420
1838
2465
1683
1430
1158
2239
1709
1975
751
2107
235
2286
1009
240
175
1695
889
1886
1072
1304
1950
2057
1467
2352
925
1377
1961
725
372
2499
1061
383
193
1053
1804
606
2337
1553
2203
656
1114
1452
163
883
2010
1590
1095
42
1689
1326
792
342
23
1417
1782
2114
1124
299
758
1591
1822
2311
1904
1303
1840
1593
899
1983
1338
781
623
900
391
366
319
1351
1051
233
1272
231
2432
877
2331
2147
480
2112
1729
1830
397
1775
2353
913
202
1949
1571
874
2453
1065
125
324
556
2222
1550
437
1322
1084
386
2244
1574
2491
1934
2303
2470
864
66
522
174
2475
681
1667
71
2134
93
1044
498
1070
2489
2242
1916
187
2085
802
340
1008
740
1525
801
395
2164
1826
1443
2336
844
347
1064
2153
266
2278
1735
858
994
1935
1096
824
1768
1863
102
1331
1189
2335
1645
1168
1948
604
345
1662
1479
4
161
2248
765
499
260
123
1638
1562
477
2082
778
1644
1246
589
2321
1624
479
1832
2211
1243
1659
896
2159
2279
1544
733
1017
73
829
1141
2069
1742
1559
237
2426
1756
230
72
1754
1343
1275
1697
341
1669
1385
1335
979
502
220
1957
799
1632
404
2295
1341
1952
205
2270
1208
2351
2196
1150
753
1346
1790
1538
1928
168
1093
1519
1419
1042
1895
1198
2004
1226
406
493
250
1668
1032
2133
1612
2273
2028
1903
613
1004
419
293
2018
1196
622
2246
61
2011
629
1960
343
24
804
952
2304
1029
1071
586
2364
1395
36
2016
1539
2357
1558
637
1458
795
728
1493
676
339
950
1968
783
238
2199
2185
1045
773
2150
2086
400
819
939
897
1234
1898
10
1884
1927
1563
724
2115
1202
1930
2403
2341
195
2302
1798
271
2468
2409
2258
667
1018
1138
1833
2043
1250
326
39
2348
707
1813
1784
954
21
131
1933
90
694
387
1367
1216
242
67
149
919
885
1086
1785
1412
146
1647
1054
1598
1691
621
791
1774
2090
704
857
2109
2017
1889
1759
1980
708
2274
169
483
1909
1622
2446
115
1264
1370
1721
598
1040
82
2324
354
398
1460
1627
455
1375
1396
2289
826
1596
2439
678
1528
461
2371
726
2472
1069
1135
1789
720
215
1423
2307
2144
565
1273
1611
2481
2092
2201
