1674
2082
1348
1019
990
1877
2307
13
710
332
62
184
1047
1044
1696
1706
460
825
2481
352
1093
2178
285
163
1870
380
871
229
2499
487
2221
1140
531
1393
1616
2292
2215
2089
936
448
1933
2241
2370
382
2216
1048
2483
1274
981
1308
2004
1176
367
1195
1889
945
2190
2065
2156
1230
464
109
2087
125
1164
242
1934
453
1457
589
1321
2103
1373
996
2405
2199
174
1129
1436
699
2163
1161
1223
1103
2455
355
2421
2006
2131
2326
1231
938
1835
527
1532
177
854
666
1983
637
2023
1724
2496
344
1285
2367
1842
1721
2034
942
944
1966
1839
2046
2414
1259
116
2
881
1898
1361
2460
1648
1608
2210
964
1868
894
2428
1381
1315
2433
1139
335
231
1041
1994
680
619
2175
328
606
1006
1271
1904
1178
2151
1581
2202
958
1400
1733
516
578
1069
1571
31
1676
963
2204
416
1148
459
127
1744
1220
1475
895
1678
2029
399
1380
529
326
191
1027
206
1936
1037
2083
1723
1254
695
2269
2384
596
27
795
1298
224
1764
2113
194
2056
1205
67
2201
1589
474
1632
2286
236
626
1465
967
1837
1524
255
868
970
1280
156
2419
1481
250
1531
415
824
357
483
1544
1480
354
697
1535
1817
617
146
2289
2148
1433
2452
634
2305
1333
1583
1244
230
141
828
68
2423
2040
1932
1943
1523
806
555
1357
1701
1560
1166
2357
976
1072
40
972
2262
1459
1377
602
610
748
1794
235
477
1753
925
2042
1687
1216
1043
1649
1714
2172
1268
81
324
1760
609
334
2106
1198
1683
305
1453
1123
1895
265
2304
789
1832
969
292
126
1054
2064
1899
78
2203
1945
1913
160
2146
1799
115
12
2085
2200
1593
2316
24
2395
2157
870
566
2324
1533
2364
26
916
1786
1386
2346
166
208
1077
245
1165
2265
690
515
673
2450
1811
2458
1492
1025
273
2392
1299
1345
576
2443
1011
563
1351
345
1332
1503
948
1175
2488
494
2121
590
866
1752
1621
123
960
820
827
2063
2445
2198
676
1301
145
1210
39
792
625
118
604
1346
424
2235
580
605
1688
2457
468
982
932
533
1074
2429
393
1260
471
779
397
2228
270
2274
2047
849
1344
2293
722
2186
112
1235
1262
1398
1236
1521
703
1670
2493
283
1367
682
2239
1279
1924
136
1245
1640
2492
1035
797
1064
869
55
2170
804
243
130
485
467
622
1672
841
266
1881
2360
641
773
2080
1685
1592
1751
1944
630
1969
1864
2448
1713
572
1843
1821
350
877
1673
953
1598
1425
1516
375
1307
2045
1917
38
1289
376
171
1781
2155
221
2109
2427
1379
1995
1046
1352
2403
1399
645
887
1563
993
65
58
2342
2319
914
103
2129
2176
2489
575
1991
559
1679
1705
2167
340
1397
457
2132
1836
2035
1439
1525
1286
1217
2060
1222
343
1658
1793
1227
2189
1497
46
704
912
1908
252
995
940
2334
101
1747
1313
2435
1350
980
2444
2406
1084
865
1424
1070
222
1110
488
1662
2494
1806
949
817
878
796
1776
628
1956
737
1149
1925
2236
297
1879
1454
1612
120
874
173
2073
1293
445
1920
2217
2152
2310
80
1342
1512
1104
1507
2369
567
2147
1410
623
1774
665
1171
1712
1530
1485
1404
1270
2182
1617
746
517
1267
2090
1364
1026
2402
694
2264
2337
147
159
734
1204
392
650
1749
30
1295
1601
1654
2366
1553
843
798
1356
1029
1694
47
225
2233
2019
884
1911
2330
2001
924
2069
94
1430
2223
1169
679
449
1466
1575
2081
775
88
621
452
1947
2486
56
514
1180
2222
1484
1143
2413
161
420
377
1243
1450
1659
254
385
2313
25
903
322
1265
214
1962
1775
1540
1860
837
2309
1051
1684
1200
720
1317
2250
587
2424
152
1915
2011
540
1853
348
1339
1807
1614
1005
498
2139
822
2079
683
92
35
2072
1207
14
2385
1748
2094
2287
1193
1431
330
232
199
1089
2299
278
351
1628
2003
182
1354
281
655
552
284
1735
1212
2341
458
1623
1666
1831
1848
32
493
129
2207
2184
338
902
2071
341
1009
274
543
872
1574
2469
1855
198
975
582
1783
1965
1641
1647
1141
1872
1568
59
2420
919
504
1718
360
2128
1727
1759
659
688
1303
880
848
71
1894
2467
823
2379
316
1208
2349
1080
1851
2485
799
438
831
1033
2077
2383
1820
489
1215
427
2012
196
1630
227
1738
727
76
2491
2062
5
671
119
2340
98
1928
2351
1611
1052
361
2140
63
165
2295
2372
568
107
374
855
647
1923
2206
444
1057
505
888
1732
1813
1637
1427
433
1504
943
1311
388
2044
2314
859
2124
470
1347
1599
1869
321
1534
258
1887
1376
1383
1919
2411
1062
2396
1489
480
1888
736
1656
2359
1086
754
1823
289
983
1251
1937
1438
2470
1778
476
1814
1446
635
1989
1187
1558
861
290
616
1154
450
2234
1487
85
876
396
325
588
986
816
2354
681
1871
1976
719
2255
269
1336
2487
1909
1638
971
670
1852
1861
2193
1800
1211
2229
1008
1539
122
1576
1384
1693
10
1136
84
2007
721
2498
157
1567
2412
257
1505
347
57
1039
1586
1276
358
1974
1435
1552
364
2043
2290
762
2049
73
318
2194
1977
749
1536
1028
1634
53
2474
1779
675
472
2401
2284
408
1745
1941
1854
2116
1980
1184
519
1297
724
2417
443
807
2091
404
133
1090
1850
904
216
661
1702
1445
455
1099
405
1665
788
2209
456
215
2142
1876
2088
1777
1565
2436
1237
1144
1101
99
2054
1490
742
1191
818
1068
1488
89
833
782
860
2070
1179
553
646
2177
1444
2020
1328
933
2122
2358
96
534
889
1109
530
693
1150
1912
307
787
1318
2270
1168
2263
2138
1578
207
1131
44
961
1252
143
1810
1355
272
1197
1681
1805
1134
429
526
668
1975
300
2009
2476
1626
1996
2260
2050
2053
1319
1096
2430
2084
728
1394
1263
1145
1451
1202
603
496
1209
1122
51
1884
1219
1049
2348
1604
2208
181
1190
692
2002
2214
251
2224
2119
768
549
1720
545
557
1479
883
1007
50
1060
1501
370
1603
268
2390
2464
2219
731
812
845
2425
1979
256
1682
500
1600
1886
1557
1359
660
2437
1463
2400
2321
1697
1704
1500
2117
1900
2181
2097
1486
965
2127
264
218
708
2212
2325
1334
1402
1120
2211
558
2331
102
1456
2185
2013
137
864
579
2472
439
1226
1763
539
1890
2154
1091
922
955
2240
550
1417
1452
2462
426
548
1469
2297
1829
2067
1474
2477
937
379
1278
353
755
1550
2277
2130
1360
1408
1541
1618
1132
1250
1082
164
394
1788
705
1610
2479
1766
1390
1570
756
776
809
502
1797
2174
158
310
410
466
48
1281
1003
1815
2143
1247
1791
291
1228
667
1999
2317
2422
1423
1981
8
1206
2102
189
1897
778
1183
1669
1494
2162
271
1594
1138
2301
1845
732
2126
2016
1411
664
2195
2373
1643
677
1606
1108
1699
1950
2418
1903
648
651
2300
2125
3
69
989
2051
2397
978
193
1358
162
1078
2497
2123
434
2244
1998
148
1012
97
1896
2205
1657
1556
82
638
1826
106
882
314
906
836
743
966
781
725
169
715
522
1808
1993
1153
155
1822
1663
308
1135
70
2426
226
2114
1275
1708
327
801
237
862
991
1985
1130
2197
74
2145
317
2382
2356
1369
499
395
447
2271
1214
114
1428
339
1758
618
1374
2015
1927
643
1537
1387
1499
532
414
1014
907
2473
1725
1754
1058
104
506
2278
309
1462
1645
513
400
1988
891
1756
17
1094
337
1034
204
423
1416
1059
2378
409
528
1314
2179
1155
1858
1952
378
917
2466
2169
663
1310
1737
897
60
591
707
1366
2100
2259
1443
1597
298
1551
481
203
1954
2092
1015
853
1055
202
1024
834
368
425
547
1105
920
1224
1258
1098
1639
365
1731
554
2432
241
1269
1653
134
2409
771
1239
946
814
1572
723
1677
767
1448
440
2389
803
783
1771
2484
1349
857
1818
2243
1353
583
1277
1740
2336
479
1412
239
2059
417
16
2327
349
153
2076
696
402
1421
2453
1246
333
2302
503
1620
475
2161
584
1765
653
985
1515
42
1698
2281
313
770
1017
356
1577
1432
1757
142
244
371
2471
2246
302
2365
774
482
851
819
2468
436
2052
627
2118
188
124
1711
1982
43
1036
2159
1040
205
406
1660
1736
1573
772
979
1690
299
323
473
523
1112
1730
1918
1942
1961
1185
1973
1225
2261
2410
1188
1987
1528
2376
1772
1522
1341
786
1114
1186
992
840
95
538
1892
1875
672
1502
234
800
2416
957
1133
2254
1255
1642
1476
391
1264
1010
491
2434
597
1113
2272
1931
1127
2371
909
1921
794
66
1340
2242
1968
829
1199
1362
1866
304
172
217
200
1256
921
1419
461
1302
1272
1447
1874
766
1152
1880
2388
784
1092
2112
512
1087
1785
419
2134
1117
346
501
369
1147
988
1162
1990
212
2231
844
752
2347
1083
209
1949
1770
1323
1644
2283
913
793
1326
1746
315
1378
2230
1538
1401
785
2115
735
611
1372
1071
1555
2144
712
852
150
899
1652
2095
1305
2057
565
607
830
2028
1442
91
885
1056
2282
18
1473
1496
2343
1801
1833
246
652
1174
2022
1545
432
1194
1862
2238
1284
478
509
282
2075
536
1782
2311
1248
564
1547
674
1978
1304
726
520
1675
2032
1218
2350
2188
1478
1692
64
1828
2478
815
1651
2463
1580
1865
185
571
636
1032
678
700
2315
1403
441
1330
288
1075
435
295
1493
1128
926
1734
713
615
521
1420
413
2058
656
1717
2490
717
1429
507
442
1812
2280
2415
1196
2296
2353
747
1382
1081
574
186
2399
342
1591
2352
412
100
2438
1629
923
1335
1370
1458
366
1300
1234
167
2026
1582
2108
1543
261
1709
873
1955
2361
714
279
1406
1170
898
1177
2323
2061
915
240
2005
821
570
1561
1514
1625
1477
1249
740
2308
598
2068
1930
1467
2024
1635
599
1261
2291
403
930
2196
2459
52
2266
1337
642
1066
1437
1405
997
431
1229
276
2164
939
780
1935
1834
1742
1
2165
1671
1172
908
387
1804
551
2449
2465
1320
1846
280
826
2160
197
1695
858
113
1213
1584
131
1627
33
233
2276
213
632
758
759
168
987
2153
1562
2440
1907
1391
1013
1283
247
1840
542
2017
2288
1163
739
2362
175
1967
1940
20
2377
312
492
1407
1590
362
510
2096
1324
875
2368
931
2273
2213
2480
613
649
2025
1857
359
1579
757
760
1926
2253
1192
729
1755
151
1883
1830
1385
2258
1124
777
301
83
1232
1761
1624
1461
1602
1939
1873
1885
1338
140
1021
1159
1997
856
1242
791
176
2248
811
2461
2394
1715
293
1780
108
968
863
1596
1667
1595
556
1146
2158
1906
2252
178
751
2374
1470
1282
941
928
2398
15
2268
1613
2232
37
585
1482
418
2275
769
1792
1510
1790
286
320
1529
2086
336
144
847
2187
1971
363
711
45
998
832
890
1076
2439
2220
1363
1946
959
2166
738
1418
1288
1291
2037
1088
2381
706
1816
497
535
541
750
72
87
105
1455
1253
1609
2251
1819
2014
1316
1115
592
1126
2386
2495
490
1097
2226
1700
569
2446
1030
1067
1741
2021
1661
6
1371
2312
698
2078
1368
620
1079
2257
1743
183
486
1863
1001
1395
381
138
1728
562
1585
1891
1789
149
1063
2027
910
79
2344
1739
1107
2074
1241
1240
1038
1559
994
228
54
1413
1119
702
790
1396
1042
1257
1414
654
1004
764
1415
2245
22
1958
1156
1160
546
2500
1650
2168
1296
2482
2339
2456
1085
600
977
644
954
1000
1050
462
935
2041
835
1201
1902
2031
911
974
1762
2441
1668
1588
581
373
662
287
1440
1587
518
1409
407
2447
1569
689
560
253
1392
1182
601
593
1020
2391
7
730
1287
1106
1901
1605
2298
398
484
421
716
1984
28
577
892
41
1158
2338
2387
1266
709
1957
1471
2475
2285
1517
2120
262
2101
384
900
524
1716
1527
879
2055
956
2237
249
263
121
1167
733
1844
1631
511
1951
544
454
154
2267
223
1023
1564
1331
2431
586
34
2093
1434
744
1615
1636
1841
1549
275
1847
93
1483
929
2000
765
329
170
1922
813
1972
2104
2332
2218
639
294
1856
1292
2345
110
1948
1142
1914
1306
1329
952
2149
1343
383
1929
1322
685
1719
61
999
19
2451
2136
1375
1566
1750
2033
2318
179
1157
1273
1827
1173
190
1018
389
1767
1710
594
219
2303
2322
1655
1802
1722
573
763
495
1798
595
267
1824
180
1233
918
2256
2099
1111
2173
187
451
1100
905
886
1518
1290
1294
2294
296
867
1703
372
701
1519
4
1986
2380
2247
2279
49
1859
2018
1426
1389
537
2171
608
1073
1221
1022
2375
1905
277
1619
1508
2036
2355
331
1795
2141
508
1964
1181
2150
1441
1460
2039
1542
2107
386
306
2180
1309
1664
2110
1137
1116
2408
1045
741
612
1472
842
248
1102
2111
220
691
260
896
1203
1506
1464
1095
111
947
1838
135
192
1691
2135
838
422
1787
2333
1707
1520
2192
2407
75
1121
1882
86
745
1125
839
629
1622
810
1511
1726
1893
633
411
1992
2030
428
1970
1729
1768
36
1554
2454
1065
2227
303
1468
2183
11
1878
139
1449
469
1312
1546
631
463
2008
805
1916
1809
430
1422
259
311
1803
128
1053
1633
893
2442
1002
525
1953
1498
1910
2225
1388
2098
1686
1796
1548
1189
669
1325
2328
1509
1680
319
90
1963
1607
1959
687
2105
808
1526
1151
9
1960
1495
446
1016
2048
614
640
753
2329
561
1238
132
465
117
2306
846
2363
1784
2133
686
1646
2137
973
658
2404
1491
2010
761
1118
1365
437
238
901
23
718
195
624
1513
2191
401
1061
951
211
1031
927
850
2393
802
2335
1867
934
29
1769
1825
2038
1849
984
1327
21
1689
2249
390
1938
201
2320
1773
962
657
684
950
210
77
