656
501
40
338
1082
1315
641
886
2098
1345
1763
876
1835
1474
1553
600
1387
809
1331
1923
684
1511
1884
2293
199
1630
1186
652
1556
2427
1766
1739
1270
548
1955
237
682
2088
1008
4
2364
395
2260
978
777
1226
1257
1039
349
179
1431
2021
340
275
2401
950
2411
667
318
1523
1876
354
1021
239
2105
1580
2150
236
207
321
2426
505
860
182
1425
1447
2435
2078
2197
790
1935
760
763
1804
1967
314
1148
2311
1962
2371
1024
29
518
35
1364
605
1756
1688
1216
1612
633
1374
1454
452
2132
2326
1329
2250
500
131
1355
214
359
1615
2114
1451
1167
1007
1732
943
870
1842
1536
2074
159
401
1867
1485
1946
1701
952
381
1673
1527
266
1679
611
2284
78
2312
502
869
1089
1151
665
187
2233
296
1696
1483
2083
1130
1357
1063
2327
2048
1767
2204
383
2102
491
322
2159
1651
1664
155
863
1310
2226
1858
1578
2042
1811
1792
310
1632
244
2057
2099
1882
2500
969
2026
2053
2137
1977
785
37
1904
818
1190
721
2493
2421
724
1572
1165
531
1738
622
293
2438
298
1927
478
2017
2417
638
1972
2143
799
456
751
1391
400
1335
1885
1162
782
542
1625
847
1800
495
639
1269
351
2013
279
435
1753
2459
1359
1275
591
2120
723
264
1353
1997
392
1142
1433
595
1821
877
945
2095
1594
2280
1869
2492
1458
1647
1964
2195
584
440
2164
968
1215
1699
350
1532
1277
326
1356
1229
1243
454
289
710
1948
1499
944
21
1561
1344
756
2274
614
1515
833
522
315
2389
536
606
981
917
416
2336
1502
2221
1330
488
588
2346
586
1413
537
1675
920
446
423
689
54
964
1773
1491
2289
2425
977
996
1531
61
1992
2397
2363
516
1777
2077
374
941
475
2234
2480
1529
2046
1907
100
1695
654
1299
141
2455
738
987
631
164
1852
1437
630
2279
1608
2458
305
786
1733
1849
242
1346
975
442
1984
1026
1361
2093
1337
999
1577
835
1839
1091
346
308
1603
123
1388
227
222
162
1652
1913
1062
1448
540
309
736
130
1154
717
749
2248
610
2355
526
2165
1460
2229
1305
2075
1988
699
2196
276
1983
590
1044
2388
48
136
534
1944
1297
2245
2171
2022
204
1609
1576
1067
459
1469
280
377
1260
465
2486
2020
2175
1157
2297
2447
712
1692
1124
1501
2008
2109
2216
7
819
513
1996
2407
113
2107
1894
1507
1943
2272
1290
989
378
1152
2128
1862
1691
640
166
1660
1670
1298
1587
353
701
2094
2264
1304
457
1522
2423
891
576
1815
479
2207
1784
180
1085
569
725
1495
543
1796
617
1953
432
274
1373
1939
1830
885
2258
793
2124
251
1322
743
939
1207
691
1459
234
1446
991
1722
419
487
229
2399
2379
1901
265
1133
233
1982
1417
1653
817
812
9
2092
1176
623
129
675
2434
1562
1043
1158
1248
1291
2432
1239
1316
2283
2079
492
317
2185
993
843
66
1406
2001
413
91
1040
1320
211
2076
2267
2380
1857
2024
1222
1844
1049
1737
1793
241
1965
958
791
1530
402
1994
865
2418
425
998
95
2412
836
1064
154
1209
896
2420
473
332
1978
1486
2306
1963
1790
1757
1724
1258
357
1336
937
2199
2018
2051
704
137
2238
1960
983
386
695
144
593
1908
990
1080
895
1847
2067
28
902
1533
1708
1106
281
1332
1619
1478
2126
1958
302
1184
1312
46
1324
2409
2028
403
577
1768
1595
676
2442
562
1083
1115
68
1600
1508
747
1957
490
2354
172
861
1898
2125
1077
2091
2465
529
1824
1759
1384
1084
946
327
428
1110
2337
1259
23
2255
713
178
933
2287
637
248
10
707
2004
2119
150
1870
1087
215
581
238
202
2146
2212
2145
2254
167
1094
221
844
260
1193
1068
1429
2019
1061
795
88
1581
2323
698
1149
2478
1588
1881
228
1197
730
2178
2497
1900
757
96
2041
2035
1012
2192
2408
1253
1414
36
1135
1854
2160
1450
1591
45
376
668
2210
558
1075
1772
72
659
291
773
119
997
173
2324
1156
535
2466
1568
832
523
2056
1170
477
766
98
2213
561
1833
962
8
356
120
1109
2023
1003
175
1714
1617
107
1155
1789
1680
1607
1271
1712
1125
284
635
25
2316
43
2144
2043
415
1423
2451
862
1717
2357
2290
1592
1267
2398
1054
1685
734
2047
1505
1369
1334
1023
1827
959
1112
909
661
2341
1642
1009
1616
934
414
262
783
1637
1219
947
2436
1368
788
1120
881
509
1873
2372
774
1672
1853
2410
2471
1285
1376
1250
1097
1261
133
840
201
883
1484
1770
545
1845
300
422
1828
2039
1395
2376
930
524
406
2155
1856
297
499
1832
2360
225
1565
1540
2200
1674
874
970
1171
680
1098
1103
628
337
1896
2189
420
1122
1191
1895
1718
360
2181
2439
2285
2025
967
382
108
780
1520
430
2460
903
1203
1017
1605
2444
361
339
92
1925
1212
1174
404
1041
208
2217
948
312
2278
286
1676
1340
2381
1251
63
1542
1348
1442
587
1899
2477
1455
2288
1860
726
1942
985
2335
709
1872
80
1341
2377
325
1255
246
892
2429
2187
1402
1774
971
295
888
1968
1602
648
856
1644
1294
2415
273
727
1866
1038
311
2452
935
76
362
599
925
1481
2390
263
1579
1445
1202
679
1318
794
1700
687
716
2298
2356
1096
85
1092
1500
2445
663
436
1159
230
1986
220
255
417
2453
693
2209
200
184
928
460
483
2304
719
292
1274
84
1864
2237
1409
70
1928
2275
507
1829
453
2339
1134
83
849
2296
755
1443
831
2259
2142
1812
1240
445
188
521
1702
1620
1947
2191
650
1797
1559
15
1686
1762
746
1339
1104
1646
776
1541
1816
1995
1880
1975
697
2405
1467
116
1538
1439
1150
1552
2349
1771
496
2186
1820
2249
205
528
629
1905
1747
772
410
787
271
1462
1918
2002
706
1503
134
560
1584
2100
813
1404
1810
97
1915
112
2080
364
203
2069
1389
1910
464
2070
114
1408
551
1397
1242
2449
1666
506
334
278
1282
1758
2061
643
1945
1629
737
94
1893
1228
1428
1326
520
1048
582
1051
2162
1836
186
2182
879
618
439
2011
1740
1823
905
1088
1518
1390
1929
2130
1319
1761
942
1865
1073
2469
1661
287
1078
1633
702
2307
1585
1941
1838
2012
171
2387
1072
2198
481
585
1643
1468
1506
476
2277
2073
1775
1550
2482
953
462
1769
1139
1306
1991
1166
2300
1140
1005
2396
160
34
931
960
1358
1415
1961
224
2236
2082
352
77
2473
834
2474
2036
758
1225
2176
1618
2235
2490
2148
1706
388
99
170
1301
2403
853
1223
1311
2163
986
677
1025
1917
563
1123
1327
857
973
2140
1662
1052
1268
2441
980
355
197
245
1382
441
1889
2113
2122
165
1323
632
1614
1464
932
1254
181
2282
1420
2193
854
1205
1713
1668
1566
2310
1472
1208
1648
1286
1593
2489
1047
2491
1453
1557
1
1765
2343
1938
512
1494
1694
153
511
1029
1985
2475
2374
2081
601
2299
1735
2416
342
1621
1018
151
469
1132
1564
653
685
1875
146
2133
1549
2031
808
143
625
444
515
1466
2038
1548
1934
1273
1378
485
1969
803
1599
343
2219
2058
613
2010
174
1006
140
733
163
216
463
135
1973
1105
11
574
1837
122
841
2149
1886
1050
1127
2315
486
117
3
2391
549
575
2476
1859
692
257
1379
974
2487
69
1438
1716
1638
1365
252
147
765
115
1204
1394
1074
2479
1246
1300
316
1354
940
728
1372
2141
806
2309
1144
2251
408
2239
2224
2059
1650
42
438
2348
767
1145
2208
1164
2424
128
573
731
1232
634
148
59
1245
1512
1874
908
1198
1160
1256
2430
1090
2431
2366
1424
189
2071
2065
431
1622
696
965
1314
539
1709
270
2454
814
1496
778
1778
158
1922
1574
2332
390
690
1449
142
750
1726
1924
1137
1604
514
1919
1333
2269
2231
1760
913
976
1129
1720
2029
547
761
1349
2101
867
384
365
1403
1497
532
1509
1111
498
1539
2340
2015
1168
474
762
1801
1436
1421
880
1514
1296
816
1952
1475
2375
1877
1102
1598
2252
2462
1114
2247
2294
223
2063
1669
2334
1589
2404
715
2352
1807
815
330
956
2060
14
1328
341
2495
331
519
1236
711
1272
914
194
427
624
1116
2265
1519
1878
1411
1544
259
1262
1463
1470
911
740
2206
1380
2263
176
1805
1586
1181
74
363
1303
1813
195
217
1081
1667
1265
779
411
2157
1551
1010
450
19
345
1682
1295
1926
868
1545
1065
570
1954
1058
1107
49
1606
1863
1313
303
800
900
1418
1998
2292
1407
2228
1493
2156
2384
662
2040
771
820
915
621
2291
1055
1377
458
660
1681
1513
1452
397
878
2006
1385
1890
1741
2007
1317
1237
1178
2456
2261
649
1233
2440
644
1659
1690
2488
864
1861
2386
1069
753
75
1687
2498
1126
1802
708
2450
527
1683
2319
2303
1916
1471
2320
1177
1711
47
1163
161
825
1729
1582
1639
2096
2368
125
1188
1640
1705
1563
1974
1398
2016
206
1033
729
642
1932
366
1292
1206
966
2470
890
44
2393
1707
1743
1234
466
1457
686
1748
1950
2227
1000
1441
2406
1487
193
111
121
2318
1060
2295
2205
602
2322
1479
855
1434
884
1912
1059
1004
1280
2347
1791
1871
109
1214
1547
827
372
26
1782
1841
2448
1444
1601
2090
55
2118
2033
1654
557
1351
1504
871
1677
1192
1931
2064
31
268
2414
409
1678
1440
1194
2135
1278
1624
13
1001
2378
1308
1456
2392
2014
681
60
1723
538
722
2385
82
657
2027
1347
897
1264
1976
2241
387
1366
1221
191
1834
2030
1569
1742
1045
2032
851
1220
1851
18
2062
612
1628
2214
319
1036
329
1794
837
1787
688
1196
1066
1013
1611
1141
2115
2173
1517
1283
1046
421
447
1665
1803
67
1117
2003
645
1238
658
1970
852
2253
1241
2037
2222
2201
405
822
810
1535
923
288
670
2151
1173
1727
39
2464
2129
525
1855
2369
393
554
371
1182
1400
2136
1571
1525
1780
2230
752
1218
394
1031
1567
566
461
2244
651
1422
530
1785
1011
348
1180
1843
328
1030
256
2302
992
2052
1956
2034
1401
1933
866
898
1034
804
126
627
1128
1352
2184
1981
745
926
210
1641
2428
1480
1914
218
1161
467
2413
938
949
1213
603
2117
1199
1143
859
718
157
829
504
741
1342
781
1412
1015
2072
1806
1703
335
1781
1689
412
253
468
1187
1799
282
508
1076
1817
196
399
1101
828
764
2121
1363
2009
1626
149
2168
258
2383
2134
1169
503
336
2437
510
219
858
118
1302
572
1750
283
1897
323
443
1108
1227
1053
1755
1230
901
1370
1979
1819
2054
988
748
1426
235
597
619
2000
2242
655
209
1153
1393
811
893
2367
830
1795
564
2257
1276
922
1663
1891
261
2331
396
1745
139
580
2203
1906
2481
802
2158
2246
2305
1392
1131
1537
71
1697
1430
22
380
1903
546
2050
307
1786
2111
2400
1684
2179
1840
2443
2218
615
1516
12
2362
1419
1147
1014
2382
299
1693
2499
1940
2123
391
1118
1892
2370
370
1788
801
145
2308
784
2301
1623
285
1027
232
565
2467
27
1121
2169
2154
1798
1868
664
347
1100
482
2268
838
1776
1534
578
101
2351
1814
1367
105
1465
1252
720
344
2286
58
1371
52
2358
2139
2170
972
168
906
89
2066
1528
2202
2108
1095
1583
798
294
598
1070
1231
56
982
1498
1645
1288
433
306
1971
2211
872
51
984
1350
2152
1136
1028
1235
1325
1657
1831
2055
1636
2172
6
596
2177
1719
1016
1936
1432
673
1751
1490
1980
1179
1999
1764
1399
1627
434
541
247
789
2045
1019
2153
418
589
2317
57
375
470
269
1554
1746
87
497
398
367
484
1888
957
1779
2365
1416
1744
826
2328
2422
1902
592
2419
995
1736
1488
963
185
407
138
2106
2457
732
177
1921
2194
1056
1249
918
1293
1949
807
899
620
267
448
882
921
1558
823
936
437
2262
1610
1183
2330
1990
671
1138
2484
231
2103
2138
1079
824
1721
571
700
1987
672
916
1338
493
1263
1909
1937
1951
994
1321
2049
1113
608
1698
1309
1754
626
616
1730
796
929
1383
754
568
2256
226
2097
2086
1573
714
1883
1526
2468
961
249
1879
2174
33
2359
873
2089
1848
455
1489
678
1022
333
313
1482
17
912
1093
250
1189
449
192
2131
910
1002
979
550
1655
2087
769
124
1279
1575
480
2321
240
2446
2345
609
2361
110
1826
2190
2183
1386
2314
1728
1524
79
705
2110
1704
1032
93
373
358
889
1492
1461
2394
1715
2350
1911
674
2220
1590
104
744
839
850
254
553
1731
2243
24
1172
1930
102
1210
1405
1822
2166
243
683
1343
1476
1375
2005
552
2342
1057
2325
1224
694
304
2112
53
636
2402
739
324
517
429
1099
1281
768
1783
1510
1597
368
489
759
770
792
2167
1825
1211
2266
156
647
212
1596
742
2276
2127
1887
152
277
2044
735
2084
132
1042
2353
1185
894
1307
20
1146
1289
2188
389
106
2496
2485
2215
1818
1410
1266
2273
2225
2085
2
2223
1396
90
494
1435
1613
16
1555
64
301
703
1427
1284
2494
904
169
955
1649
821
1543
848
426
1020
1749
567
797
1477
451
65
1809
385
73
555
2483
190
290
1734
472
1287
1521
2116
583
1071
2373
2281
666
2068
1959
846
1200
32
183
907
2270
775
1631
1920
86
954
2271
1175
1247
127
842
50
2463
2161
1201
1635
103
604
2433
559
845
924
1989
2329
2240
41
424
1725
927
5
1808
2338
2104
1710
556
1658
2472
1035
1570
1993
2395
1086
1362
1846
875
2313
1195
2344
887
369
1752
951
1634
533
30
1656
1381
213
320
1966
919
198
805
646
544
1119
1244
579
1560
471
1217
1671
62
1546
2147
81
1037
272
594
1850
2333
38
669
379
1473
607
1360
2461
2232
