1335
753
664
1638
861
1759
1477
641
2476
2398
2225
91
1440
1689
2465
920
892
1701
126
1147
63
767
2422
1001
1886
273
1979
2018
1443
2244
325
2260
1738
246
1382
1728
1733
2375
271
1687
803
1411
649
1295
1489
825
2407
1504
81
363
2388
2330
839
2127
2027
918
66
1602
139
1968
434
1598
2304
162
1766
1511
812
1117
1364
827
1586
2247
2005
1778
232
1936
2025
1902
998
816
2046
1368
2276
385
1213
979
1817
197
542
382
852
2148
1841
349
868
33
2176
1941
485
2155
1509
1169
27
1682
1725
1347
636
1182
2311
157
1027
221
267
2362
948
1078
16
2271
639
742
2053
822
256
573
2117
638
828
1862
1439
24
972
1128
507
1321
1455
1571
1666
530
2240
131
302
1754
424
1794
1366
2280
865
2042
1600
980
1823
1676
630
944
468
946
814
1970
2233
2248
563
358
1191
1593
2147
1106
1720
391
206
389
1320
2065
882
943
821
2424
1921
318
1800
984
2421
1344
829
178
2090
294
890
2279
1441
1387
1703
1336
445
784
328
71
413
154
204
1997
1463
1972
624
1942
1829
1476
621
1999
978
2411
2391
1804
466
1813
1612
1553
2428
1916
1951
1053
1299
844
729
449
1996
1484
745
2011
2241
647
2125
1932
1771
432
1865
2492
1897
1185
1340
1280
755
2103
1656
331
2107
924
1293
2207
2161
1005
1247
1732
975
1140
1636
96
2111
260
531
850
988
412
1749
2004
2063
1134
2075
1452
1606
1465
2418
32
2110
12
212
945
555
511
883
2087
471
582
993
1735
756
2016
2462
1055
2101
1767
1248
1557
2269
123
1985
2497
1435
2295
1173
1086
366
119
936
2467
2173
1874
190
425
1379
1544
1064
1373
1898
831
1360
2401
1831
1987
1116
3
2166
83
1286
1485
1919
1362
446
2470
483
2029
1950
553
2202
1386
1180
770
2098
1311
1727
2342
89
379
1995
390
2355
2315
467
820
515
1646
1976
819
2262
1231
1850
55
815
692
274
1863
1514
1949
533
2210
2426
454
2130
1585
2187
2386
384
823
712
2435
2201
1297
690
1624
1697
1456
1938
796
2270
102
1837
2158
2454
2199
1184
78
836
2427
1158
2012
1282
723
1486
477
433
14
1457
1356
146
2015
2083
1397
1546
72
1333
277
2231
1903
1225
200
1024
697
2266
1131
1094
1826
1637
991
140
1302
1499
241
2444
1555
217
2483
875
778
968
1541
1266
2059
2403
605
1208
1098
2499
2133
1310
2434
231
911
2235
1645
758
678
2349
1327
1114
989
504
2419
872
1138
676
159
1115
1669
1374
1136
1931
2431
1040
795
1253
323
718
520
940
1924
2491
644
651
747
2272
1301
2264
2037
1653
2215
1393
959
1959
878
603
2353
1659
1198
1211
673
1377
2399
1797
1236
2249
1867
711
1784
2445
1859
952
589
2002
1686
571
2274
1740
1144
1531
899
2324
1705
876
1023
1070
222
2168
214
2293
51
800
1323
2457
2058
1803
2100
450
1844
1500
1419
1790
643
34
1289
905
1272
1913
1567
668
110
2449
1618
902
996
787
1049
773
2112
1207
1958
1460
843
287
660
44
786
655
2345
1957
1594
752
2181
2014
1074
1506
1980
1112
1743
846
240
135
842
1471
1679
2282
611
1963
1007
853
1561
207
981
77
1436
541
1104
1948
1730
1519
1349
1578
2182
218
652
1487
2331
2150
1172
768
1300
811
2175
1298
2221
111
2163
479
419
1367
493
709
279
357
2024
60
2384
378
1085
1338
806
2366
108
1923
2404
2169
1710
2290
1635
2234
596
1688
1215
1563
2013
1088
1521
476
1496
2022
243
2358
837
1159
1271
463
955
1042
1967
180
719
734
2232
57
1956
179
1961
2339
2077
1663
1170
973
1584
345
2196
147
523
268
1080
2381
1046
1166
808
2068
2263
368
1577
1497
1575
296
855
56
285
1160
2121
1187
1089
2333
1021
59
997
201
453
623
1982
544
2354
1603
1650
1118
1375
1988
113
1681
967
1627
884
2051
1232
1438
1218
1877
966
1914
1634
1917
109
1847
266
680
2062
2036
418
2442
1773
1871
1858
575
1351
2195
440
374
585
203
2214
1739
1315
1142
744
1341
857
7
1758
114
380
2139
253
1359
1229
999
1038
392
933
1590
858
1984
2329
1617
1748
849
671
1164
361
2498
926
2343
6
152
460
962
1000
1407
694
593
1093
873
1642
1193
278
634
580
2273
1450
1757
410
2275
1589
1678
1672
1261
848
2392
1779
916
169
1313
1423
2252
516
2242
2374
1820
2023
963
230
2319
398
684
1662
1246
627
781
1587
1869
2222
303
1210
171
901
381
1955
2413
1868
70
1974
1623
1267
1729
2478
706
2021
1610
1781
184
1884
737
1677
841
495
1122
1412
985
1629
2496
1622
1777
220
48
40
458
885
1059
665
2340
1888
1878
249
2209
619
1539
1883
482
629
2351
835
29
1408
1762
1827
566
1039
1054
2066
789
257
1699
2489
2500
913
1786
1680
1798
1525
1772
1480
330
1599
1562
1470
1334
1915
244
2132
1141
1559
93
491
447
1352
1447
1026
1791
172
2035
1601
677
564
461
4
1574
1444
2116
1415
2081
1744
970
1545
889
1290
1285
1838
1254
1556
1512
799
2216
269
2064
2379
394
1243
1273
1864
2310
125
1101
896
227
1235
422
1920
1548
2170
95
1821
864
182
455
2484
1911
1303
1724
1453
87
1842
478
1538
1316
101
350
85
695
871
396
631
1063
1192
1570
1660
2320
2203
1270
1824
1165
2073
2017
130
393
265
578
776
1
888
145
717
17
2458
1014
1129
1025
598
1722
1010
292
688
606
1611
577
919
1103
1398
1960
486
35
151
1726
2332
160
1037
2185
863
143
2032
754
568
1328
406
10
1268
1907
1030
1478
904
1404
762
1294
1066
1383
960
2200
1326
282
2040
149
1019
2283
2088
2326
1904
805
1596
1532
1975
1715
2432
1384
1848
570
2223
834
1462
934
759
365
1881
1242
191
2464
1304
1380
1815
1389
2162
1381
2437
616
748
1876
1394
1283
679
2179
61
1119
1814
584
1209
1641
2327
1901
2129
701
281
1139
404
2291
1934
546
2091
2382
588
1234
818
1691
1143
311
1973
2473
213
2409
525
456
2448
1145
2292
1081
581
974
2360
364
122
103
1860
708
2109
416
76
2114
1274
431
2198
592
1633
2359
2410
316
2160
704
414
891
210
1522
801
2328
1406
1224
1348
1894
1597
554
696
1768
567
562
1872
2006
496
666
1296
175
1275
728
2347
1077
794
321
2425
1764
532
1937
1991
2325
1944
764
1930
310
1426
1092
2115
1780
45
654
1912
1825
1929
1137
925
1640
2228
1179
1644
1855
2451
2395
969
402
225
2157
1047
1060
669
1100
1801
597
2152
866
1488
439
1167
1536
2194
1095
105
705
824
2229
360
2369
1056
898
686
312
524
189
1402
1816
854
2455
1552
826
373
2120
1795
1421
657
2188
1448
339
164
1890
1812
2348
1163
736
751
300
236
700
2289
1981
1399
2423
117
615
738
472
569
31
138
941
2074
929
1849
1190
329
1962
601
1125
1655
248
1067
2298
2350
2453
1124
1673
1241
1909
2079
1204
1052
1704
275
1947
726
1479
1090
1507
2008
1464
917
1036
1417
297
1654
757
2341
444
2299
209
1568
1707
499
1287
2197
685
68
421
194
118
2303
956
793
1626
2237
731
2468
2440
1400
1953
2230
39
84
2227
2
1009
1378
2135
1467
1753
965
347
2281
576
1517
2302
1905
216
405
1819
1200
1466
293
47
949
1065
1529
1188
1566
1713
1011
387
1977
1946
935
2060
1620
1308
1244
1604
1721
1573
54
1551
656
867
2128
176
1513
1706
224
262
2213
851
766
2189
1523
703
1002
2251
1591
1249
443
646
2010
1216
196
2193
743
21
75
401
1854
2450
1420
306
2134
144
1076
438
1926
859
115
1029
1910
1342
2138
1174
886
1845
1238
340
1652
199
137
1899
464
1201
1537
1675
448
462
640
1403
2239
2033
1126
1840
156
2486
1891
517
481
2154
746
1154
1468
124
1325
1472
142
127
2019
1542
2344
1569
1045
1291
346
181
2054
986
674
428
1925
2493
1227
161
1202
2211
710
2061
2257
430
880
451
1505
2277
1711
1796
1035
1416
833
1322
1709
2106
1309
2096
2361
1058
1279
1983
1928
2308
1250
2466
317
1069
371
1102
632
1442
2250
319
2217
5
1422
1694
1277
1885
1418
128
1515
832
1353
473
565
672
1319
1396
1376
1148
136
1371
1454
538
687
2009
367
1750
947
675
1810
1540
2145
1716
1835
1306
2099
1700
370
2312
2365
1875
26
1220
856
740
954
1765
104
771
1006
1032
903
733
1751
166
1906
43
1613
1237
383
1354
774
46
2028
1524
1459
1933
1776
777
1752
2041
2204
1432
1668
1674
1834
88
376
1632
900
1071
1832
407
1132
474
881
583
326
1151
502
549
420
528
2357
915
1615
226
2186
441
1409
2124
490
2093
887
1723
153
977
727
906
1110
1162
1631
2255
604
1161
2441
1084
645
395
2253
2174
1481
2067
1651
501
2456
1004
503
314
2301
2371
498
1343
1073
667
2284
595
514
1050
1414
782
352
1736
37
1051
1473
1263
942
372
1775
1194
1807
732
1221
608
2288
2482
2313
1581
1430
527
1763
1605
1003
1082
2402
1882
937
2190
1535
715
188
2296
2184
247
931
2089
1146
1008
470
1990
547
1698
1105
2118
359
1857
1358
2412
2034
1896
769
1965
403
82
1331
612
579
1332
500
1580
760
508
437
2071
2136
69
435
953
219
280
2180
2459
2151
173
489
186
1427
1449
1305
1856
38
2126
1195
2085
1808
721
1230
1157
484
1852
1717
436
2346
1530
1719
1683
1177
1661
1614
572
2224
183
1318
909
1041
1369
637
2219
336
2321
2337
2383
2322
1269
897
1017
2494
1212
693
1262
2001
301
1168
2461
540
2394
2050
251
229
351
2463
1350
521
342
1446
2387
1658
1061
938
772
334
158
1091
65
2171
813
170
2143
670
526
2055
1516
1288
1851
2415
545
245
2164
289
1203
1445
2220
205
921
922
107
1494
750
1219
1113
2119
2294
1260
914
1495
494
335
1643
235
168
1372
327
1153
457
1033
2377
1281
2300
1692
324
609
459
1609
628
1619
2447
1108
2495
1685
994
2082
64
8
1181
2420
1048
2048
133
2439
1986
2414
341
2268
1684
208
1971
442
50
983
2057
276
730
1015
1152
2031
1391
893
2256
177
1621
1630
1433
2153
522
1935
1034
2373
487
2338
259
879
1413
2097
1068
2056
1097
288
1693
2477
2165
990
2049
99
2364
2070
1405
1251
1648
2318
1461
1708
995
559
1127
2314
2334
590
809
134
510
537
932
1508
1337
2378
2043
354
722
2084
1390
1395
1431
304
698
1228
1189
2172
1012
663
2072
714
1223
2140
1429
642
765
399
1714
518
2094
840
2144
242
141
1712
79
254
1109
377
724
264
1096
1028
388
613
594
2003
2372
1892
1206
2000
2397
1607
234
211
1579
739
106
1264
2069
92
810
375
626
1861
426
411
1806
543
870
707
653
1802
1062
25
90
1783
1818
1625
788
749
309
120
783
1742
305
1809
650
369
2146
1978
1785
635
1564
1469
505
250
1392
492
2254
315
1183
2044
67
2102
1528
2183
586
1667
1120
238
112
1787
1245
1964
307
185
1020
862
1083
1437
587
2080
869
1410
2192
894
20
779
2481
1770
1057
2316
423
2092
74
1945
53
195
2385
283
1836
1664
1889
270
539
286
607
397
2443
699
1782
791
2278
2430
2367
1908
1741
1475
1491
1075
2460
338
1533
2370
409
239
2335
1994
1217
2105
2488
2078
193
847
2206
1284
2218
838
97
1756
951
1647
2390
2487
355
560
1256
1197
1265
2408
427
1745
1186
1993
1222
2052
98
1135
1492
775
1900
475
513
320
2479
1543
716
290
1498
1608
713
2323
2030
561
2104
556
22
1324
1866
1510
148
950
1558
198
961
1690
291
41
1385
1549
2142
536
2123
1317
36
807
1121
2212
1257
1363
798
1133
509
1156
907
1952
617
1175
215
415
682
1425
860
683
1895
622
129
877
1943
30
1345
1130
465
1043
1199
2038
599
1526
620
1292
2285
550
1155
534
2475
333
1072
202
2141
874
150
1111
1657
1520
761
1811
488
2261
9
58
1428
23
2177
1205
11
2236
1583
167
2305
790
895
2131
174
1171
2436
804
1893
1503
2472
1424
1918
2405
1789
2471
1670
1737
2020
1307
165
2376
1833
817
1482
2406
356
1774
548
610
1588
258
2286
662
2108
344
2076
2265
1176
100
681
2259
1639
2113
2317
1846
557
2474
1149
2246
2149
1746
2429
2026
2363
2226
1018
2490
1458
1554
284
2396
42
1873
80
408
661
1388
223
52
1493
1087
1731
1518
1370
930
1099
49
313
720
2452
1079
132
480
614
2393
1870
73
1239
1259
802
927
964
529
830
2287
1939
1560
2156
1576
2137
1887
725
1329
2480
1822
785
602
1592
1527
1628
1853
1314
362
2007
1940
1755
908
15
2356
2159
958
780
2245
2208
18
417
574
163
1927
1671
1799
551
187
1276
1214
689
1998
1718
1954
2258
1828
1843
1747
1839
2416
600
1695
1240
2045
192
298
1734
1434
263
2485
2167
1278
2205
939
386
618
2469
910
506
348
13
912
928
1483
702
1761
1490
1031
1534
1989
1401
121
2095
272
1880
2238
1665
2400
1361
971
28
691
2352
1312
1474
237
400
86
1572
1582
1595
1547
353
295
1357
2446
299
1793
497
1451
1502
659
797
2086
2243
469
2267
1550
233
1355
1016
1365
261
322
2368
1255
1123
252
19
1922
116
923
1150
452
337
2417
1792
1258
633
2309
1788
1196
2389
1013
1501
845
625
308
2380
591
155
429
735
1252
2307
792
763
1966
957
1769
2047
648
535
1616
1022
1044
1649
992
512
1233
94
558
62
1346
1339
1565
1760
976
255
1879
2122
1107
343
2306
332
658
1992
2297
2336
1830
1702
2433
741
2178
1805
1696
519
1178
2039
987
552
1226
1969
228
1330
2191
2438
