247
1273
1947
1035
639
374
2108
508
404
210
2258
704
1152
1245
774
1355
1546
706
1007
1397
1477
2352
179
952
977
2210
1610
1068
469
47
2313
2121
604
758
266
800
1104
1015
1053
1040
131
2494
134
1780
2333
408
709
1912
1608
547
1390
2153
2215
938
1446
2362
1455
891
138
2491
2478
1677
1885
1434
1093
1645
236
1425
1248
1918
2417
1193
759
68
864
2149
971
842
907
119
908
419
854
1802
2117
1260
69
723
1933
1458
2319
2080
652
2398
1437
1310
181
1827
524
719
1185
2039
2326
662
1727
1755
713
1243
1977
2156
386
295
1971
2283
1100
415
861
2401
50
1313
798
2405
1530
2023
1659
1059
1123
2115
335
2160
596
1913
2383
254
1579
1787
1148
1220
1357
1717
770
1634
1295
2084
364
2157
2212
1351
948
581
1275
502
2102
1733
1543
858
924
576
1421
2141
1757
1578
1301
1790
272
2436
2200
1968
1149
610
150
657
1107
1399
1417
2013
2053
1306
966
62
1823
915
1942
1066
1904
1265
2034
651
1617
1516
276
929
1715
873
503
1863
1075
1576
314
1112
1666
302
1232
973
373
365
1473
1540
2260
170
421
270
241
1429
1970
2448
1824
985
233
1019
492
12
1199
992
2220
158
892
1851
1343
2202
1779
2111
1286
710
447
844
1508
849
1009
1866
497
464
476
75
111
93
1011
1363
551
1178
608
237
431
1222
2143
2001
184
456
1001
925
2063
1290
232
1703
882
579
287
2488
2429
957
785
699
2255
1770
1612
1257
2437
1393
1648
182
1539
2087
1731
1413
2354
1279
280
327
448
817
1464
2017
565
2095
300
1121
1785
1710
2043
2280
805
1622
252
1751
2219
359
74
27
1800
2370
1902
2303
2015
1736
1471
1742
55
144
2026
810
964
1493
928
1621
1024
518
40
809
1831
197
1978
2226
856
1876
2113
1498
2189
793
1684
1489
1511
881
15
733
1826
1287
2106
1057
488
1702
600
1323
466
1910
578
1914
1373
1766
2075
380
267
2065
1442
1415
346
381
140
1168
329
1407
1791
1860
1494
1908
640
2092
515
1843
1994
1588
1384
336
1131
1264
953
1986
480
1853
458
1111
2228
1781
18
1086
146
1082
1190
137
582
2462
930
2203
624
1568
180
1164
659
1839
148
1574
828
207
2397
614
1128
2181
1782
1644
2229
900
627
2387
725
154
242
2154
2381
221
1183
1402
875
741
2267
2103
1029
766
673
1058
590
2198
2338
1071
824
1709
1422
281
1952
1687
1955
1459
1906
902
1572
349
1611
494
1302
145
1675
1607
1844
1931
217
1418
483
392
1872
806
2222
2144
1500
1882
1714
103
2007
1763
2130
2411
2131
1811
1136
2138
1555
1380
1625
1129
2489
1821
157
1277
760
1014
1846
2233
338
653
121
262
1957
307
1560
2112
2071
1775
1958
788
332
1548
1927
1278
1367
41
722
1095
1836
1048
2277
2317
804
1398
1165
73
1353
1810
1372
1759
2442
2167
603
2155
914
2495
1969
993
97
1567
2089
1798
1225
2269
2249
312
816
20
654
2250
2259
118
1154
1249
2148
2375
1635
920
399
835
752
996
76
2335
818
1764
2469
1377
216
2264
178
1895
2304
2457
320
2234
1440
303
2316
976
833
1395
72
2439
1291
2238
211
2340
1194
1296
932
1985
1975
2253
871
2379
2314
1412
1773
2029
959
2193
2159
1852
631
840
294
2445
1362
2059
2299
490
807
1054
1932
1990
1378
1713
587
358
1941
16
2288
1299
1842
2183
2109
1253
143
2098
1692
1147
735
540
987
1349
1433
1235
122
24
354
1330
2420
1406
2272
255
1558
1778
125
1662
986
626
1223
1681
1629
1203
2349
1953
2409
2425
1865
482
1817
2000
635
1797
2268
293
1266
2320
2030
1163
598
2105
623
954
2309
2248
1801
756
968
411
2020
2221
1485
555
1541
2116
1694
509
1258
947
1169
1762
1141
1581
462
660
234
2336
961
1004
1359
48
1218
1721
2323
648
1479
1319
1669
869
393
1389
432
1122
2408
1583
1726
2373
61
1201
1825
1982
905
1750
1962
655
60
1774
1739
1376
9
198
1150
1170
661
1430
1172
1337
2052
382
196
471
1889
2360
595
944
2444
1468
532
1115
1259
1966
127
1533
1632
1167
1079
786
1263
1350
1501
1160
822
1196
501
1311
2073
1049
2396
852
1077
867
2492
1699
2339
2072
34
668
1803
2324
1758
416
2451
808
772
2371
1420
2465
1514
1187
643
1480
927
548
286
703
1345
1448
1873
86
2241
475
445
2294
1467
51
388
1281
1292
1887
1080
1056
846
284
1716
781
478
2428
593
101
606
980
607
2403
1649
190
1072
1118
1783
1896
2391
100
1925
2162
289
80
391
829
1177
1988
1036
260
414
341
731
2270
716
1046
498
1255
1701
577
1922
1010
904
506
1392
1917
1549
612
1030
1285
2293
1618
896
206
168
742
906
1370
2209
2246
1396
484
1916
22
2458
2164
1025
1883
1419
2208
2132
885
705
348
10
2353
2435
1491
2430
1979
1845
2217
2224
1638
1672
2432
2490
87
434
734
1570
2281
1734
1465
208
1428
1997
2049
2410
669
584
387
1021
721
886
2415
1616
1360
567
2416
2265
580
1793
402
225
1038
438
2110
1331
410
395
1309
747
1090
1197
803
1596
1284
1226
2424
893
664
213
573
253
2060
439
2276
470
1159
819
763
1347
29
2456
877
2289
775
1195
2367
557
1427
2247
677
2090
296
1096
235
1862
1103
351
330
14
1085
1013
2185
1439
19
1525
1808
632
1364
2284
1749
1496
1771
1335
1227
84
1026
1181
2104
299
2134
238
104
2243
128
1837
2263
834
682
35
1155
2315
378
695
820
1369
1205
1438
777
780
2050
2402
782
2318
1499
244
1984
1388
1328
1686
261
2351
1469
950
443
396
799
845
693
2334
310
2275
290
78
313
339
743
1271
2452
31
384
1696
2129
183
2423
343
2036
1269
1416
1544
88
2325
2211
323
1641
282
1505
1598
1124
1457
243
801
884
958
1294
645
926
1426
2191
1324
2447
1743
974
1322
1005
1613
1424
1891
401
691
2066
2291
1042
1834
2328
1563
389
2486
1061
214
2332
1449
583
405
1569
1492
245
1230
1593
2467
2390
305
1915
2307
1134
1884
2252
57
1394
672
826
98
2476
1524
2010
708
1728
123
2453
1665
1998
362
2199
377
998
2172
945
2196
1326
1386
1117
2477
504
1573
955
309
1486
1182
2374
837
601
397
2372
2122
106
868
189
23
850
212
2251
1065
1989
1792
383
347
412
539
836
1207
572
2190
1847
5
1481
2231
542
2163
1135
526
544
441
2385
1529
1371
563
771
943
1545
913
916
1741
1595
355
1006
2114
1682
1646
1894
683
1125
2086
449
222
724
345
665
49
812
2012
1047
585
1657
2184
2421
586
2286
2359
685
130
575
940
1868
2496
2481
2285
1535
426
1591
39
707
366
1936
2262
1944
1664
304
81
1926
2136
1298
1055
1274
2297
1130
173
727
1816
1900
1796
187
1081
1536
2019
372
248
2256
186
2169
333
1033
1667
46
409
491
1987
1078
2239
1905
1050
1184
477
1725
1619
1789
453
2471
552
1594
1993
717
279
821
796
2369
755
460
1368
2005
2321
1161
1753
1237
99
1949
152
90
825
776
1526
433
1340
523
1304
1211
136
1981
1858
2327
919
1138
1303
1830
274
739
1333
2431
2414
142
228
1761
1064
2468
149
2044
1777
1557
1697
1615
1935
1156
2137
617
2341
1623
375
911
847
2472
1636
2124
1786
1475
2014
931
2466
2433
1041
1231
2068
2413
2500
156
1869
2364
2298
1704
753
1133
2147
1769
1640
1098
647
2032
843
306
675
2081
994
250
1403
283
730
1855
30
2479
1382
831
2274
1812
2177
66
1256
1238
594
1254
1520
1653
32
2470
1515
108
193
1032
166
1679
204
2074
1878
2394
960
2035
406
135
2242
288
1144
1600
1983
1314
1760
1037
1848
1512
684
1270
1003
1212
1139
92
1960
370
1923
613
2125
1366
1963
1870
560
1898
2438
1339
1031
1228
2079
787
1806
1000
1658
2165
1332
239
543
1605
2009
422
615
2461
550
1189
1562
1828
33
2188
541
1507
1707
1620
367
2312
2485
153
463
201
599
963
1461
1711
566
1745
1244
746
435
2427
1854
1877
2140
889
979
2058
202
1073
569
1661
549
1584
2399
757
1670
2337
1881
1262
1325
1106
521
1799
865
1432
1521
1474
1939
1685
2096
1805
2346
2025
1327
2400
619
1200
195
461
21
1450
1288
1920
2446
13
1735
472
2192
2388
1886
531
147
1559
141
2487
887
1462
1404
2389
467
1890
933
285
1954
1210
2342
1338
917
676
1720
630
830
2311
2296
36
1436
1752
369
1441
679
2419
1252
79
1114
1102
43
1240
1283
1143
1517
754
2152
353
1317
1280
1542
357
1980
1552
2123
6
1224
1109
2170
862
1724
418
256
2271
811
2085
2300
1992
1356
1586
271
457
2305
2266
109
591
2101
701
883
574
644
1451
440
2441
888
192
1818
2006
1732
2386
1214
1173
2041
910
1513
1435
1405
1083
667
1829
2344
1495
622
2306
769
872
2278
1660
1381
2031
1601
350
1580
1002
2412
546
224
2310
792
666
2273
455
559
177
1729
172
2168
2237
718
2404
1689
827
899
1668
592
2245
139
1171
1599
2232
1409
174
702
2174
257
1938
442
534
1506
2151
1597
1151
1582
1532
63
897
44
1431
331
866
1113
694
2061
988
1453
848
159
1126
1188
2493
1018
797
2067
275
454
2434
1822
316
750
628
1142
2380
114
745
1840
1934
1519
870
1698
1765
1293
1051
1198
1609
273
1776
363
1940
1553
951
2082
522
2227
1528
2292
1719
1202
1186
1216
4
527
1748
2355
638
175
2135
894
1937
1242
2150
2484
711
1052
315
45
1158
999
423
1043
898
2127
1859
814
28
1784
1907
215
1820
2356
1637
533
361
674
2393
164
1746
1490
1740
970
1162
425
2088
616
2076
1334
71
1999
2287
1110
1964
618
969
1814
815
1631
376
1179
646
499
2057
2322
975
2460
1813
794
2483
2223
1344
609
698
1
220
1385
360
813
625
1835
923
2480
1276
311
712
2257
2378
981
2146
697
413
1950
194
1566
1627
514
2040
1628
946
1358
420
513
823
1022
1361
368
1723
1973
1336
1888
1550
1484
564
1850
169
1454
1391
1346
714
1239
562
2003
2384
2176
163
1472
1045
1804
2182
512
791
129
2045
1145
1213
1282
2016
1691
155
1348
2094
621
188
1400
505
107
1060
2056
334
487
2195
2236
473
1268
1819
25
1069
1460
325
1241
2033
1602
89
1756
1531
641
876
688
1768
1841
1387
678
1547
2331
537
2186
2166
451
1712
1604
1564
520
385
1315
2449
967
1722
1504
2443
1094
2235
1744
650
687
1794
511
995
85
82
1443
838
1217
1518
1945
1624
1575
444
2473
53
1383
1772
874
2225
229
2406
486
167
424
1880
1678
1534
318
2024
528
2139
783
493
1655
1070
1754
1652
729
2091
935
1153
2407
2497
507
2038
67
230
642
1587
2022
2498
859
1738
209
936
656
1444
317
1538
784
2499
553
1946
1463
2205
634
934
2348
1930
2201
1251
1176
249
1297
2187
2376
778
1447
1633
2358
939
2128
1626
921
1571
2179
901
1809
1487
2282
489
11
227
1708
2206
2330
1700
298
398
2474
500
903
962
2046
2347
1706
2047
1312
1084
417
1897
588
231
765
2475
2180
2301
151
790
1039
1105
2454
1307
1991
700
1815
1062
1919
1651
1807
1961
2450
70
2048
1466
1229
459
1857
1208
802
321
1965
690
633
324
556
1693
2099
1354
1321
602
1523
371
133
1219
2004
1127
2368
1705
468
1092
841
620
1246
529
1401
26
2178
95
2064
240
2002
117
205
611
1948
1833
1976
989
890
162
535
1012
132
860
1101
77
1456
1020
1476
337
428
1267
268
1342
1603
1663
259
1289
2028
485
191
2021
1221
1116
319
2240
605
223
2120
1091
52
301
1674
2302
571
761
1119
1680
732
2308
1630
1795
937
1016
2363
2118
1017
2377
2426
751
1088
715
686
2361
1959
2350
1192
1076
265
1590
1577
1647
2230
740
1522
1690
1650
589
430
2194
568
1892
1921
2145
340
1737
3
2366
983
407
1730
2216
1140
530
1911
1250
1074
663
1261
768
297
2204
1502
1320
1365
1008
2207
64
1673
762
990
203
736
2093
2027
832
446
1375
113
1044
263
1503
436
909
1537
773
2365
161
379
17
2161
991
1023
394
1470
2070
1683
680
2133
1695
1838
728
1175
1234
291
1305
124
696
481
795
2244
1034
2175
1300
2097
629
160
764
1788
251
1671
42
1929
789
1643
1087
1972
1639
839
56
2107
176
1027
1408
199
1879
1928
972
264
1209
1180
1996
2463
726
1642
1247
1108
1132
427
744
258
636
997
403
352
863
2290
1676
2054
1995
570
1606
1956
2295
1236
1924
2279
218
126
942
465
1411
8
510
692
1864
525
1137
1767
2482
102
59
116
1856
558
1510
2459
671
1483
965
91
658
519
2011
2018
2062
429
1943
2455
2
1374
496
1589
1614
292
1067
1974
185
58
2126
536
1166
1656
749
1191
2078
2382
2171
597
37
637
1556
171
308
1893
1527
895
737
738
2069
517
918
720
545
1482
681
356
115
1097
83
1318
1028
400
1747
1452
1233
1089
912
779
982
538
1551
1352
855
2218
1379
437
1329
7
2119
857
984
2173
96
748
2418
767
1718
1509
1341
2214
1445
2100
344
54
326
1875
269
878
2213
2392
1063
516
495
2051
1561
200
554
2083
1146
1849
1554
689
120
1204
452
2158
1867
2345
219
342
1099
649
1592
670
2077
1909
956
1832
922
277
978
1488
246
1688
2357
1215
2422
278
1967
474
1899
2261
1585
853
1871
1120
1157
2343
1901
1174
2197
1654
1903
65
2440
880
1316
561
390
2464
322
879
1861
2037
112
2142
1410
1206
1414
1423
328
949
941
1874
1478
94
105
1565
1497
1272
851
2008
226
450
479
2042
1951
165
2395
2055
2329
38
110
2254
