372
765
745
149
902
975
1277
2072
586
2343
585
6
605
2164
202
1448
1309
188
2172
1878
1584
410
865
662
1433
515
2011
2215
1431
1823
1295
695
1743
2185
1523
476
919
243
1520
985
134
737
2391
263
307
836
2126
1806
315
1763
2311
1945
39
721
941
908
2108
1527
192
854
1894
2112
1791
783
747
2368
2282
2261
422
837
220
1388
976
2058
771
1060
710
190
2146
1124
1142
1725
382
414
855
2141
734
716
898
1939
528
446
2264
13
339
1494
1178
1370
466
1990
276
1427
652
324
1293
297
1598
236
715
28
831
1942
57
1169
229
523
2342
2396
1824
782
1342
1271
1933
1619
1989
1225
961
714
213
1085
2242
526
2437
397
1244
1363
1107
155
1003
2035
2037
2488
427
40
2314
1487
1268
1402
105
77
1887
938
1466
165
1394
2162
1272
1243
377
113
1110
85
972
260
553
2469
2209
1204
323
298
246
1172
314
256
1975
1071
1189
1934
487
274
1091
1479
1263
66
617
1153
703
1361
1141
1773
1262
948
2160
516
492
554
866
280
1209
2489
1953
1669
2132
1058
1257
1972
69
1477
1695
1157
560
480
1382
232
2135
1521
1062
2300
200
805
1973
2009
1997
527
1919
1115
1920
1683
1156
2276
740
623
2380
1161
1689
1008
536
2441
977
1789
1554
2218
1699
2436
1544
673
2208
839
2269
2013
2418
1338
911
569
1757
1241
1958
2463
2495
497
776
1952
1746
2151
803
1541
1511
189
547
2329
71
952
816
1065
2312
1165
778
2155
95
326
849
1663
1186
460
100
2265
1856
226
1940
1396
1187
1671
2414
2083
1941
1458
2299
2190
1895
895
1145
970
979
242
1974
2044
2400
2221
1055
115
1917
699
801
2167
2257
2120
1898
452
89
910
1228
97
858
2356
451
366
909
347
1613
2062
478
1320
1899
887
1099
1173
311
1517
1395
1660
591
1751
2243
2131
343
513
1401
1987
723
1936
472
1923
1871
1992
1601
728
1364
1976
1636
1087
1932
1300
281
704
669
316
2123
1412
2283
899
1930
1504
376
1079
1605
1015
308
886
1643
1980
412
1562
1422
925
2043
1874
1555
966
2204
770
161
2050
750
856
299
1889
48
348
2087
1373
257
846
68
1855
631
2125
490
1100
505
727
1475
1078
939
145
883
1403
421
1089
2213
2358
162
1536
230
1653
577
2158
2447
2047
1385
1632
2292
1054
1954
305
658
927
409
659
2305
420
1718
122
1744
642
981
171
1948
289
2182
1863
2244
1443
1345
1960
1467
991
2374
1912
1001
367
900
19
1185
1276
7
2318
1175
1097
546
1004
594
2290
435
2378
35
1803
1634
618
1278
1994
1755
636
142
762
2365
400
55
1728
2084
241
2287
103
792
384
959
1354
1013
1935
818
1682
2239
2409
2275
1928
584
2279
534
2130
266
2217
666
535
1866
1579
133
2137
2274
563
1014
2363
1905
2207
1357
1800
530
268
2054
469
2340
2007
570
168
2095
2017
1528
1577
2425
2180
707
1722
359
1248
2029
1891
1914
1159
1779
1242
215
1680
870
1435
743
1781
2173
1012
1125
940
428
117
1179
419
1776
1032
328
999
2258
1028
234
1495
2033
1703
1834
238
1489
1103
926
604
2045
1
811
2481
1770
580
204
1024
1821
651
1212
325
683
2219
781
2384
1162
1829
628
1421
151
1852
696
2432
2134
120
861
111
361
1628
1384
110
678
270
1492
2453
587
2416
1881
845
1714
1756
786
205
2336
978
1906
1509
131
150
622
799
764
1250
930
2321
1548
239
1399
2395
1120
374
907
1587
2413
1859
769
254
862
198
1547
1076
906
2263
2085
2090
1783
1445
1688
1148
760
1981
928
2012
1491
668
1988
481
479
997
1637
1116
1999
1182
1113
1196
1913
1131
2236
1674
1379
94
462
463
392
1305
943
148
671
1344
1807
2016
116
853
1188
2354
1513
2280
537
197
1343
1867
153
1902
1265
620
365
1668
1226
739
1009
387
1581
3
1476
894
2334
416
44
1514
32
665
25
1775
178
2379
1260
983
1152
903
1140
327
935
2008
1005
301
488
448
2302
2464
632
1685
375
1367
1037
2091
240
1245
2496
572
208
2350
1356
1838
1007
1576
1499
319
971
1426
332
2308
211
1049
1206
1440
2315
383
183
1741
2140
915
334
413
674
949
436
261
955
2138
2393
1780
873
1911
1327
500
498
1673
779
817
550
2114
1809
1774
2046
267
871
1696
2310
2303
2372
1557
685
2347
2401
1404
56
2278
36
885
2021
2451
2419
1998
1195
1771
508
1349
1194
114
2371
830
1160
358
272
1961
1353
967
258
1842
1886
1642
893
804
1745
1117
2199
123
1959
1709
562
125
1146
1947
1690
2060
2088
1641
1351
758
1096
482
654
1507
1381
2176
800
690
499
1766
670
391
398
824
583
559
1119
790
2295
1221
282
2210
1583
431
255
1359
607
2116
1307
1424
533
2420
2150
2373
2470
693
423
1840
1967
1602
2174
2499
1053
1269
663
146
2421
1449
2230
1986
2399
1051
45
732
390
1439
1088
2435
14
1924
2480
330
1965
1420
425
1147
2412
1617
555
353
442
1428
1822
802
143
1369
251
933
1453
759
2231
2445
2163
1251
130
1323
2000
1716
767
1025
279
1045
565
1946
729
752
214
2423
1719
227
22
889
1264
1092
2366
159
626
1542
139
814
1429
713
156
275
726
1765
285
2214
290
1883
588
2106
1927
881
1633
2041
247
96
235
987
1000
1711
1731
2319
1837
2240
1149
386
2360
813
2102
1128
1788
796
2079
2307
798
8
147
1279
1324
2284
992
42
688
1266
1114
166
936
99
2402
102
1784
1506
33
1105
1155
2022
2443
1067
1966
443
1405
1951
2417
1408
1288
483
1502
1333
1977
1918
503
1313
1737
186
656
602
1485
945
1223
2175
613
1885
309
2431
2099
2254
2483
1738
1910
869
913
1470
1553
1864
179
407
897
1531
2291
304
495
287
876
2097
1752
932
1332
273
1969
2101
296
751
596
2357
1133
763
465
1371
756
37
455
291
1558
1615
1594
2471
1022
121
507
524
24
364
1843
1397
158
986
892
1876
611
2487
994
2429
641
2004
1801
1258
950
539
440
429
494
942
1796
388
1830
2422
2149
1390
1658
2385
1033
2122
561
418
797
2010
322
2251
599
318
184
606
2133
1865
2298
212
1318
1892
1622
1460
2454
2003
2154
1158
144
46
2478
829
511
1701
1211
1893
989
1631
1522
2359
1034
615
191
643
1377
474
1063
1417
1657
2473
30
118
1625
2194
218
1329
1921
2484
1764
694
1705
1304
616
31
1909
2205
509
1534
1760
1729
637
1086
1200
449
1925
1670
1461
1790
373
1006
1693
2324
1240
1964
157
2142
1698
1341
1391
370
169
1023
1827
86
2266
937
1529
2152
2018
278
1595
248
92
209
475
958
119
1409
67
182
1730
445
2077
2361
404
1592
514
2096
379
859
2115
2031
1915
489
612
929
219
706
755
924
1231
1651
2309
2187
9
644
1238
1315
137
47
2335
557
578
253
722
283
1083
2119
1749
2387
1518
1360
1903
1795
1273
1289
1038
2189
1464
64
269
838
453
1937
1505
1286
1742
1498
1002
1707
1515
1026
2288
1066
132
1031
848
2493
1294
664
2117
1181
571
2388
109
262
2376
5
355
2482
1419
237
1290
2069
2202
1700
807
1677
1831
1082
91
1629
1416
1184
1597
2049
1949
1252
2166
2306
548
502
2255
23
625
108
2268
1437
1039
2224
2098
1596
719
639
294
1106
88
1854
65
2344
640
2071
741
744
1720
1984
1814
195
1510
679
2294
1869
1301
1462
1568
748
833
1326
2139
2479
1836
2211
1676
2171
138
277
1374
341
2271
627
2491
2381
773
540
438
1425
2156
1754
1759
1675
717
1347
1846
1612
1312
1996
1540
1656
393
2260
1016
504
1713
2034
993
675
430
320
1127
217
1456
1358
1702
944
34
1451
2328
406
405
1777
2145
2118
2
931
1337
1227
655
1143
1797
1727
1335
1481
541
1938
766
1721
851
2403
2006
432
2159
1372
1285
1611
2449
1733
601
2186
2259
1861
292
1659
1220
1652
1074
1057
1561
2168
1804
1478
41
1484
2144
2023
2252
1236
1614
2051
2465
1112
684
1971
822
2220
603
74
1835
962
1210
2338
556
1174
354
788
1578
124
439
1267
135
293
154
371
2148
1334
1137
408
2313
2075
2038
104
1620
1077
231
840
1365
473
1926
2394
648
1052
1590
136
1167
1884
525
2333
725
1543
426
424
863
1588
1027
2492
1463
2025
2325
1455
1724
1644
2055
1101
1400
2323
2198
1472
1237
2332
350
522
2404
2234
210
566
98
468
733
1292
2070
2353
2472
164
712
93
1848
1564
344
1375
828
2277
1787
1434
2076
1593
1306
342
2408
2434
1283
2048
1662
1474
2475
1706
1825
1084
458
1970
1298
2467
90
1567
1943
1501
2339
172
1180
18
1552
1041
1606
1585
1136
2383
1297
126
749
1080
857
1302
1018
775
1572
459
245
1325
576
1459
1815
1908
1234
52
592
1410
1533
518
2014
1624
1618
875
2015
551
180
2461
1135
982
1029
1570
921
888
59
891
777
1346
809
11
437
264
313
394
2286
1904
2107
832
225
532
333
1768
2440
795
963
303
2019
1044
1246
1380
1857
1687
784
2111
1580
2089
203
2237
912
1708
1176
1805
529
1048
1454
1046
467
2170
1616
2193
1512
1525
954
2331
785
2289
1270
2203
72
1762
934
2249
2450
1017
2250
1956
965
411
780
1069
2052
1284
995
82
789
905
918
1860
1216
661
1068
399
1559
988
2092
1203
2020
2027
493
1123
1692
491
878
2241
2498
49
1785
2410
1608
1328
1858
321
450
1214
174
1322
2064
610
1205
1296
1991
1465
2178
2032
284
2389
62
1872
1569
2460
1118
1556
1317
1978
2128
1851
1282
2448
2245
1413
1398
1686
1828
1901
2494
608
441
1736
2028
1845
1638
2212
160
676
920
1072
787
1546
1064
1233
2458
177
378
2285
1383
2468
2486
1888
1732
201
791
1710
2136
974
720
1782
2192
1723
369
352
964
1786
2103
81
1239
1931
834
1639
176
2124
2490
2327
1075
2375
512
2227
2143
1983
724
806
2238
686
1299
181
860
1330
1094
590
501
2272
1907
2059
140
2352
1122
1389
396
447
112
1130
1793
356
2161
890
2110
2411
346
2235
768
2246
614
317
2056
1897
1496
20
1090
12
2405
2039
896
1010
575
1650
1392
946
552
1355
705
1647
1316
477
2330
1826
1862
1739
634
635
1129
457
1818
1812
2216
1193
1469
1666
1340
2398
1232
877
506
244
1111
1691
349
434
1109
2066
310
336
624
754
312
677
1331
916
1235
1197
638
709
1896
1524
558
300
1753
667
2228
173
1011
1224
1853
2184
847
75
2080
700
1163
401
1059
1769
194
1679
1253
600
76
265
2001
1833
252
167
1457
433
1213
812
692
708
1646
2165
1482
1070
1816
2253
1348
1164
1849
1387
1274
221
852
1645
1368
2370
545
1841
2317
1217
2476
2341
1102
549
1378
2179
415
2293
1030
2065
1303
403
1376
170
38
736
1350
1550
1767
1880
1432
163
129
682
1963
1985
1681
1530
1497
1655
381
1488
2273
1778
956
1589
456
286
868
772
1582
2390
1648
2188
2407
2248
1565
510
1627
1882
1626
595
2459
1430
1654
58
2169
701
2093
1098
2427
517
1436
485
362
1819
2433
1249
340
1168
1664
2206
2147
87
54
1604
2113
1748
2026
1171
1411
1621
1450
2073
2270
199
2281
1649
1704
1418
1877
1020
598
698
730
1471
820
1503
609
1962
1134
486
581
1486
29
259
1684
520
593
127
2078
2326
1144
1944
2053
444
454
2424
1635
1042
1093
1073
2068
228
825
1208
1386
351
101
1591
79
185
2428
884
589
50
2322
470
1310
649
1446
1811
1563
1036
1095
2042
368
1154
288
660
2100
1726
1281
969
1667
2397
2109
380
951
1873
1808
953
842
957
250
1875
2061
175
2438
2177
2351
2442
1661
2457
761
2086
1758
335
1734
43
1255
2057
2223
2406
1916
1560
1519
757
2477
484
337
2129
810
1508
1571
2081
1955
141
990
70
1500
1198
2456
1802
1607
2024
879
2320
2197
1308
1850
843
746
2040
363
2444
2466
542
1138
1847
1957
691
2002
731
1694
2181
402
1600
196
128
417
2415
973
2105
1772
1832
538
1813
1352
1229
1170
573
1950
689
1545
1526
193
1890
1321
1610
1287
619
2455
2367
984
357
1672
1259
1900
823
295
2200
1566
519
793
1061
1050
1407
1121
1539
1630
1817
471
2446
521
2452
874
51
1573
922
2345
882
646
850
1715
645
2346
1444
1438
650
901
206
1640
2497
923
657
78
2369
1868
2247
1191
21
735
2104
61
2474
1414
531
1150
568
1021
1056
2485
880
738
2296
815
1678
2005
1406
2301
711
2229
980
1166
224
2386
2232
2222
1207
1794
107
1490
1480
574
543
329
464
16
794
1139
2462
835
2267
1968
1183
2382
152
1798
1201
1230
1820
2348
2439
106
1979
2063
1792
395
2153
331
633
1982
2201
2191
233
302
1609
1190
1586
681
1747
672
1043
26
1574
841
1535
2183
2121
702
2355
1473
998
653
827
1126
826
1423
1603
1311
1665
680
17
2364
271
345
2226
597
1623
2262
579
621
360
1532
1441
1717
2195
947
2349
2304
1870
1740
1493
1516
27
461
216
389
718
914
1735
187
630
1199
2157
10
1415
1810
60
1261
808
2036
1280
338
819
753
2030
960
1256
496
1081
207
1291
80
1995
1538
1761
904
697
2094
629
1019
1452
1319
223
2426
385
1192
1151
306
1222
968
1483
1215
1254
1442
2074
2430
1929
1219
1844
63
774
2256
222
582
249
15
917
1799
2377
1047
1839
1218
996
844
1040
1697
1549
2297
2337
564
821
83
1247
1879
2127
2500
2196
1993
2225
2392
1468
872
73
53
687
4
2233
1177
1575
1599
867
1339
1537
2082
2362
1393
647
2067
84
864
1336
1922
544
1362
742
1132
1366
1314
1750
1104
2316
567
1712
1108
1275
1551
1035
1202
