800
506
656
926
2061
1262
1270
2186
1805
2280
694
1120
1863
885
1349
2356
2145
1099
2171
1974
2440
1760
2290
854
1706
2056
2084
2351
716
78
638
1821
1704
1819
2088
1969
235
318
626
212
534
2357
424
832
500
338
2328
902
2270
412
1062
1860
1170
1492
1190
367
1572
2344
1888
2004
608
2025
1593
2144
914
1893
1628
841
1879
551
103
1665
1666
2382
1171
1469
573
1032
1621
594
1938
959
1685
1513
808
1450
1118
4
947
1385
1841
587
851
824
401
1143
2250
2466
1565
880
1508
2168
570
640
2192
622
1703
492
207
1650
190
2152
1534
2113
1404
1165
313
1098
1345
1848
1196
2330
2248
2264
777
2008
1736
1757
1414
518
874
446
541
1187
203
627
1579
1119
366
2014
945
2285
670
2433
1437
1235
1135
942
972
2230
302
1910
1674
556
639
106
1089
2431
805
1781
2272
304
242
1600
168
1403
1275
439
193
1748
621
591
1732
87
290
1360
2402
513
675
385
1957
2244
2275
1163
352
1978
100
1585
1047
690
1682
792
52
2256
1931
1219
678
1933
1258
1343
1692
1188
748
2259
1727
2235
2412
1958
2262
1700
1088
1382
535
104
2458
2158
1620
987
1765
1436
606
158
2417
2033
336
1416
263
1991
568
696
1248
927
2065
600
1610
30
1429
787
1590
159
1116
31
1310
1811
204
210
1642
1774
283
1247
1560
409
1669
949
984
2312
829
1646
2301
1824
1833
2183
67
1278
1049
416
1390
1090
1923
2159
775
199
765
1251
1114
1216
1558
1941
1831
918
264
2138
2011
917
328
2018
648
555
1263
1807
278
417
282
1321
1304
2210
1688
1410
309
2077
1889
386
1445
419
532
2469
524
1948
428
477
1449
1081
2370
2147
1639
739
798
1026
1454
776
1719
2415
2019
305
612
1055
1486
731
220
1284
2298
544
991
954
515
153
329
796
1066
1611
142
218
1306
2276
650
127
2396
582
1021
1322
2087
1626
2203
348
1772
1126
181
1227
113
569
1815
849
321
1622
688
822
948
714
1581
1972
478
2003
883
2121
467
1702
89
1755
1721
2031
2151
1400
1594
755
695
1814
609
2427
2383
452
1976
188
736
1305
1996
981
1193
1256
470
2261
2164
2269
1184
224
1778
1629
1907
867
946
817
288
7
645
839
666
547
233
520
909
29
1670
156
1164
1803
2430
1388
1007
1096
213
1233
2255
88
35
1779
593
1023
602
342
1806
1344
1543
380
780
1936
349
989
486
1463
1174
97
1834
891
1031
23
1474
364
2457
687
391
721
999
245
2246
2175
1379
90
767
596
1730
192
2265
2334
1273
1200
654
2390
893
408
866
908
1660
80
1019
143
964
2438
2358
910
540
1153
300
2055
1473
713
1269
1523
1280
2083
2376
803
230
2002
1955
857
1298
1488
651
1091
709
240
1940
628
496
997
1656
1524
99
2188
1505
1934
1093
253
2486
1653
2216
1211
1009
1421
986
1856
1245
862
564
614
1914
479
2034
1522
588
601
944
521
580
490
2206
576
2125
611
488
1568
284
1027
2199
730
877
1953
1872
2468
2474
2097
1496
1424
1708
672
1228
2085
1792
1999
932
2181
1125
1896
1303
1942
757
745
1570
1039
344
346
2295
19
929
1845
187
1121
237
718
2443
1318
254
1744
1962
135
2258
2089
1734
2378
164
2123
339
1489
411
1151
2451
259
2313
1873
864
1229
1162
414
872
1338
1738
1574
1205
783
451
124
660
39
2093
578
548
372
1108
1110
1458
247
2012
1919
740
890
2219
1710
1503
1652
189
1647
2237
2193
330
603
2478
60
913
2346
1713
165
178
2233
347
1604
2103
1509
1673
1432
1763
567
1563
743
2338
333
1835
384
1202
1106
1327
1045
261
508
111
647
1353
1751
2015
51
1363
2124
786
215
2165
131
789
1924
353
1433
773
1173
2371
859
350
1906
1365
897
1689
292
1679
1497
378
365
229
907
1002
121
2294
707
2299
294
1115
1362
2155
2479
2161
737
1595
494
668
1625
1464
2232
1874
43
1598
1133
2229
2491
1844
2368
2296
562
637
1597
691
2252
2047
239
747
710
2499
331
1080
1521
2046
1718
92
1079
943
1823
1784
252
360
1422
2435
2228
1010
2115
1739
432
405
326
679
28
255
680
2062
1179
59
892
2020
1480
928
649
1788
1672
1176
807
863
285
589
1209
256
2209
2354
2225
904
752
2105
774
1221
1144
1839
1030
2450
1312
1793
1352
1138
699
1715
208
2191
2169
1383
25
1267
1266
2114
275
394
1801
552
2353
303
1094
2129
101
1731
610
397
1130
272
1573
623
1750
689
1920
191
1111
243
1107
1401
457
2211
2096
2045
2367
1764
2071
1979
379
251
1237
976
1882
772
119
812
2240
2347
1058
1268
320
1684
2327
241
1795
517
1881
537
1922
1255
2447
2304
1966
581
2150
1022
68
1364
811
2131
226
746
155
120
475
311
1800
1272
1217
1641
2278
1182
2405
763
652
476
1428
2434
1232
1250
2464
1840
1456
2146
1959
2391
2263
14
2366
770
1790
420
759
1054
2042
2090
1880
825
618
402
171
1282
2339
442
2036
2286
2400
2218
979
2176
269
1926
742
1136
2231
1963
1064
592
956
1392
1156
381
219
985
1994
1223
1637
1662
1006
1467
1987
1112
2497
236
1897
1770
702
1898
1902
1813
1552
809
1376
674
1222
847
423
1542
22
398
1699
1301
1913
1548
249
1457
1078
1471
9
1226
793
686
1046
1599
2288
2399
487
65
1411
1351
1630
1767
2016
693
1663
1783
1183
70
2380
1526
895
2074
291
2297
921
1696
1980
2095
669
1615
1900
1329
1988
480
1370
701
175
2027
200
1494
139
499
413
172
370
1937
38
2429
572
1397
126
1475
1810
116
1644
782
2432
115
354
1085
455
968
2325
590
1768
2063
2300
2472
493
2180
1655
1546
585
1372
692
1705
664
781
1257
1725
1733
641
1775
1386
1525
195
323
630
2267
301
2242
994
399
538
2030
2318
1441
2156
91
511
2110
438
1930
2310
2416
1146
2324
1632
1220
778
2238
2057
856
1557
1447
276
1423
382
375
2070
1155
2374
1916
2139
73
2098
1025
1946
2172
50
1276
1095
1623
1279
967
791
361
667
1368
1168
1608
1249
1443
1877
462
2350
1451
2166
682
1420
766
1014
978
1308
1555
266
1050
1309
1285
1011
37
434
1954
1214
146
1753
915
1290
1657
325
1633
1707
369
1317
1878
1207
1063
1640
1102
676
2058
1043
456
802
1514
1004
1204
1254
1747
2448
1406
1567
1537
2315
586
383
1128
1393
2393
855
1215
1945
177
1261
1643
2187
561
2076
166
2132
2316
1460
2498
132
1909
2091
2480
810
1243
2321
1482
1191
205
1970
21
2029
2142
1687
310
281
960
1375
1324
659
1697
738
1716
1314
1680
1195
322
274
2160
1587
550
2307
1148
1564
1225
549
444
471
44
1961
1901
2039
337
724
925
2452
1359
1651
351
77
1950
463
1554
12
1828
1631
1871
306
533
1297
2224
54
2397
1701
2461
2389
1578
41
1185
1476
2157
1547
1075
1737
1159
2359
362
1465
554
222
545
1313
801
2384
403
1895
445
2182
882
2028
2422
1307
1086
846
2236
510
1042
711
1553
2287
118
1033
982
1328
277
1864
2053
1472
1366
2107
1286
123
1053
2341
1109
1853
2069
1678
1903
2308
507
151
2492
2101
1591
2137
869
1661
1592
2484
1491
2283
1477
2306
157
1017
1147
1939
919
1649
138
1105
1759
1005
1418
1186
1971
160
744
1683
1323
2153
262
1264
1501
1082
1658
821
2243
2215
1785
2309
2010
388
1606
483
961
2184
1949
1020
2221
184
723
853
1325
912
1960
818
963
1540
733
1636
371
228
939
1059
1749
2322
1883
2099
1455
234
2487
1887
1829
198
980
788
1667
712
1013
1
296
1201
2109
1199
565
55
2342
615
1769
376
152
831
495
465
1681
584
176
631
881
1181
2369
2043
2202
546
848
930
995
935
482
1912
1498
280
2373
2254
2475
1588
2140
2406
719
1166
2082
83
816
815
1024
906
1129
2420
1246
698
1175
182
1551
1619
2143
1072
2274
1277
86
2214
1989
1134
1065
965
1012
2112
1516
1077
2116
574
1288
1384
2026
162
1234
1274
671
1728
2227
828
2282
896
1311
607
2118
751
876
1743
1582
1818
2086
1236
2162
1528
327
94
128
460
1061
56
836
1208
2333
1851
450
443
2414
1875
1092
1145
85
1356
1073
512
797
2253
40
1036
1506
2024
1530
319
136
728
393
2500
1132
1493
36
2488
404
1336
481
2005
1074
183
2111
1034
1100
1846
287
148
598
2470
761
1038
1867
1561
464
2395
335
1430
1612
732
1177
2052
717
71
715
1780
2349
2404
180
753
2453
2467
258
657
2361
279
977
2149
2064
2094
1260
1894
768
49
861
1977
2100
1253
231
2442
1993
1586
1140
1481
1825
2198
407
2426
1242
474
1904
905
1373
1160
2000
1172
1018
1302
1740
1549
833
1387
750
2009
1389
764
2394
425
2462
1838
221
1244
1192
1354
920
355
1462
2496
286
2329
105
2465
211
17
922
1847
2126
1415
406
992
1068
389
514
1668
317
2173
1369
2067
2281
421
871
392
1605
368
1487
1479
1571
1346
1502
884
1723
1300
1634
2179
2409
1213
1947
453
57
1714
1532
1259
137
2446
727
2410
1965
2072
844
2134
1127
725
1070
1440
2335
827
1859
2284
665
974
1230
2080
2104
516
1438
924
1358
957
1858
2226
2413
735
1675
1722
938
1607
1241
206
1695
1541
1761
1405
2407
1677
1500
2213
84
6
1453
1371
1789
308
1837
437
2485
1439
852
620
2205
2017
145
1616
332
2051
2494
1536
681
2044
214
1862
973
248
1892
2021
1044
1015
1741
454
1529
179
1519
45
1638
2108
81
1915
1395
1596
1141
2381
2177
174
509
1028
2279
260
1076
729
1520
1804
297
1381
2437
749
613
1550
1852
2364
969
634
1485
1409
1271
2317
1490
595
1617
1690
1198
2022
790
1664
1239
1762
2119
1539
1331
2411
1041
217
1866
1693
1361
359
1057
916
1562
1000
1799
1983
466
1982
1342
1956
2038
1618
2200
75
316
966
1083
149
1830
1435
484
1459
2251
1544
20
1008
1495
1427
933
1048
62
708
2266
1052
1943
838
706
1891
762
1686
2066
129
2476
1556
1787
955
2388
27
1849
358
2401
2174
1782
900
530
1527
998
806
225
923
2135
1857
2001
315
1350
2208
1711
498
1533
931
2444
804
655
834
147
144
1265
74
599
15
633
566
1189
875
1816
426
1998
2421
1051
1402
536
624
1518
341
1194
2185
705
232
842
653
1854
888
64
1504
1754
1929
1809
112
1798
1566
2345
2439
1142
377
1735
110
2204
2372
2332
559
34
526
785
1992
3
1886
1720
889
1786
2196
840
395
937
257
1240
684
1461
1843
1084
223
983
1396
1512
1210
141
1842
2456
2078
505
238
1861
636
2471
1484
2377
1802
661
343
33
1468
114
2050
2363
2032
1535
2436
1613
345
293
2212
53
2245
2398
962
1150
2013
887
1850
1899
1335
2314
1997
489
2352
1777
2195
82
2006
1932
390
2120
2041
911
1510
1291
903
2482
1123
1413
24
2068
642
2257
1911
769
784
468
441
527
448
799
2194
2311
1434
186
860
1712
130
1319
491
1820
1391
2303
1645
102
1817
1868
1431
1717
1113
1836
525
1995
357
2320
1990
2326
1295
597
1648
936
1380
1292
117
878
1104
373
1446
2239
542
1698
1724
543
1169
265
1624
458
1332
1003
1796
1341
2424
2133
1197
899
1499
1869
779
440
605
870
1952
1212
415
1060
485
312
1124
1756
2268
704
1442
1154
1419
250
1167
48
826
795
2247
2277
2170
2454
1964
1635
2392
1659
886
760
558
1968
1944
1330
2197
1478
1885
975
1320
2336
563
575
873
2092
1067
1299
1603
194
970
1224
227
1340
2305
934
1905
1035
1426
1577
1517
163
1917
2059
122
2273
1103
577
2060
387
185
604
47
1294
726
2495
334
2425
1918
1575
1407
951
32
170
95
1973
814
722
996
270
2007
46
1822
1773
169
823
2048
1614
952
837
1452
1122
1576
617
2079
2379
216
1398
1157
2035
1231
314
2241
1161
616
1766
469
583
1326
10
1137
1158
1483
473
2292
835
1315
400
519
1709
2441
410
2130
625
700
1180
1827
2222
96
2073
93
685
298
69
1855
894
1117
1927
1797
794
2249
2234
843
2473
1448
63
2223
134
2037
1069
209
1333
2136
2489
449
13
1890
1334
845
819
1178
98
2291
1908
246
1470
503
1238
2141
1101
396
273
1348
1865
267
268
11
161
683
299
2163
2387
771
459
1752
504
1293
754
1425
374
2403
1444
1580
1794
2355
16
2455
1951
1203
202
2385
523
26
2343
42
167
502
1056
427
2201
658
2419
2220
2418
557
531
1967
154
133
1984
2408
1729
813
632
61
2271
1097
2323
619
1758
340
2293
2106
553
1676
720
2023
941
418
1412
741
756
643
1087
1337
2189
1746
1152
988
1283
529
1975
629
1742
1726
58
244
2337
1281
528
1589
2428
109
1296
2260
18
2075
433
901
2331
635
2449
1545
1921
363
1812
950
1791
461
1131
1029
898
940
1985
1357
8
703
2122
2493
865
1149
662
2340
1694
990
1408
1139
2217
1218
571
497
2081
1928
2289
673
1377
2365
1583
1511
1832
108
429
72
1627
1071
1745
1289
1870
879
79
2490
1316
2128
1808
1040
1206
1287
850
2375
697
1884
2148
1986
820
1569
1771
2207
201
5
1981
2117
2386
295
2302
2049
2423
1417
501
76
1559
271
2178
436
1691
1654
2127
289
1507
868
1367
758
2167
2362
125
1609
1925
539
1374
953
307
1355
431
472
1602
1001
1876
2460
140
1252
1347
2040
2360
971
196
2481
2
1601
1466
560
677
1399
1776
2463
1935
2102
356
1531
663
2154
1584
2477
2319
646
1339
2445
1538
734
2348
1515
1378
324
579
522
1671
66
2459
197
2483
447
993
2190
430
107
830
1394
958
435
858
644
173
1037
422
150
1016
1826
