1061
2468
542
726
1185
1707
1429
805
642
2426
2266
1602
2079
1141
1262
1097
814
56
1594
2204
799
245
1253
372
913
2377
756
197
879
918
2469
2024
211
995
1898
1722
1540
2250
1544
1825
1193
1567
1254
1774
1302
1470
2497
1584
2335
989
515
1311
1031
1229
172
1410
1210
255
2263
426
966
1101
1710
2164
910
1456
2439
26
944
123
659
379
734
2211
185
1434
534
2342
992
1702
105
867
573
336
793
1423
587
2187
1241
986
1905
275
840
1129
129
2066
37
1834
202
2407
948
2243
1878
1238
943
1384
730
183
1695
1724
635
1353
2140
796
138
2206
1821
1765
1557
490
961
1327
1154
231
2219
1019
493
1086
1657
359
1715
2347
1025
361
1500
1814
1939
1679
2142
1283
1014
239
1797
1317
408
2478
1790
813
2155
1414
2277
509
430
1921
1548
441
1194
577
216
445
2106
1167
1298
1303
1257
329
1426
2209
972
1007
1509
1346
1727
1536
712
1505
1287
1523
1571
1901
545
2470
552
1671
251
1160
1358
2042
1392
1882
77
2099
996
2222
1480
789
184
1810
1633
2151
2020
2196
2314
1057
2135
884
1635
2097
578
365
2101
2446
2285
689
1818
1246
2418
706
70
955
2308
286
477
1961
2427
2278
1706
558
641
2317
1232
2489
474
1420
580
1033
1231
2047
788
877
468
288
1897
1481
1507
1295
2162
880
715
837
998
1388
2284
223
2012
371
729
2393
1063
1766
1030
572
2488
608
711
1894
1851
934
1222
478
1808
927
2176
2337
1111
1752
1401
1566
2500
1234
640
217
450
963
1060
1463
2019
674
1805
1065
2410
2173
250
2223
343
2274
1045
1308
91
419
636
1162
2242
475
1645
338
1932
1575
369
1005
1754
738
1354
139
1
907
152
1554
1811
1161
1318
2003
960
1665
1795
492
1149
1670
1292
708
1449
1753
2392
2147
198
817
226
191
210
1668
415
1628
2035
524
1247
1112
1658
50
2038
54
244
2158
1110
243
2239
355
1812
671
1969
612
728
1609
158
1545
1512
1390
2483
890
1219
1957
1307
466
2230
61
1286
502
1856
1693
1150
1163
1413
546
836
872
780
2327
1372
2171
2408
438
1165
2328
2029
1721
2401
733
2117
2493
471
265
1245
2275
686
719
1756
414
1973
1293
1024
1276
603
160
1870
1333
2186
2229
1203
2005
1587
827
233
2015
1271
2320
1442
701
721
1098
125
1407
568
384
25
1168
1385
2134
1530
378
141
213
769
1676
1708
1009
1547
591
1026
1895
1513
2461
2013
2192
1380
755
2365
853
1159
1202
2419
2072
434
1688
939
1440
1324
2121
816
2199
271
605
1956
1069
639
1004
2108
1518
1940
1105
34
2280
148
1000
1406
2174
746
1393
487
2482
2040
1404
1095
1991
1950
1589
1188
624
2252
208
594
2139
224
2286
2095
634
615
146
798
1965
791
2145
2184
1056
1667
480
697
667
228
1745
2372
2086
293
1309
1067
2390
348
1643
1211
1027
698
2125
299
1863
1147
2057
106
1705
1746
681
1848
976
1913
2094
431
1339
1877
990
682
1926
222
1729
1963
664
1903
2004
620
832
2228
446
1569
407
2036
870
458
628
535
269
1450
300
1367
1176
952
1099
2350
1297
651
1532
1981
1080
869
262
2316
483
352
1889
2213
868
1299
370
1559
1608
981
2016
1482
566
593
1829
100
2023
339
1700
292
2307
1198
1976
2432
932
401
772
727
2453
1827
1522
1840
508
1989
2491
1723
2115
1357
997
1181
1771
170
1611
1179
1047
1278
2025
650
315
1143
353
455
1585
127
52
2254
2052
1424
2165
1363
2376
1779
1691
449
1764
2474
829
2460
1474
768
1488
1322
835
2292
322
2475
885
1267
1472
586
285
1366
1866
1780
1454
2113
2130
1750
110
666
1815
89
120
2224
1016
861
433
326
1012
1041
2193
536
1535
1872
823
1541
940
688
1340
1473
1539
2202
232
2183
360
328
2480
2118
1218
514
1306
2358
776
1893
622
1852
1169
2114
444
366
1494
673
45
2454
116
2398
911
1093
1103
1962
2495
1483
1183
2088
1106
1332
2341
954
1113
984
1001
700
1924
277
579
982
2111
215
2477
2122
2017
1345
1531
1885
1839
694
883
1842
1636
2203
2031
428
1528
1786
504
2382
421
887
625
1788
2356
1088
1801
16
1011
469
2411
557
2032
1778
3
330
1534
1077
2232
959
464
150
1680
2304
425
2283
778
2387
1586
88
540
947
324
122
1982
1804
1369
2
1777
653
864
1409
847
96
194
272
647
720
1776
2256
914
214
2156
2041
2403
1664
2255
2178
810
517
623
1023
1279
1457
1435
1221
2400
1350
1697
1717
287
1469
909
553
1690
1588
1879
442
783
1626
1946
1949
690
49
1938
775
1053
1020
411
2027
1740
1996
1178
722
2294
280
1990
1464
1351
1201
2043
606
859
516
1824
291
1437
538
163
1242
815
850
2367
1049
935
1316
1916
1919
135
1783
2221
1217
899
1214
1471
876
1092
1243
1073
1930
825
452
1590
2455
2001
2251
68
1802
2409
71
1899
498
1304
140
1943
111
1479
1857
1660
305
691
2272
155
1039
1258
318
2325
290
752
1644
1826
1444
1118
519
685
575
891
2413
747
1944
1920
1835
1954
1652
2107
218
946
1692
2082
103
830
858
298
2456
895
1330
2185
1506
1698
547
1230
1115
382
1205
1582
1015
1533
1239
1233
1376
180
2476
758
2220
583
1208
1632
118
1425
1551
1935
1192
1908
2412
188
668
1978
1196
1886
1703
1370
1153
8
187
2299
1655
2451
1146
627
1583
2026
1647
1701
1475
596
375
2445
134
4
589
2085
2346
1972
2357
559
386
1819
541
2090
337
1087
1107
2100
1499
7
564
143
1941
1224
806
2362
1274
565
1800
1228
177
2344
362
2216
2447
2093
350
1828
533
44
2227
1716
938
2044
550
1730
751
1616
254
1408
1960
2030
1438
1412
1076
993
1654
137
63
496
182
1503
241
1189
777
2368
1172
1529
1792
65
1793
1603
901
124
849
1131
1927
1747
584
1597
1491
2246
2429
2022
1737
1817
398
1490
1880
1904
2466
800
841
1010
873
2069
1785
2152
1415
149
1108
1209
926
309
2007
1145
1291
1355
479
1964
834
741
485
560
1460
32
115
2060
905
356
1310
1055
1079
2237
1089
2479
78
672
1758
1873
676
1427
374
189
1341
1250
422
1212
1995
652
2207
1520
2226
413
920
902
1495
2000
570
1581
24
1781
397
429
367
983
142
1662
2257
1911
843
1083
2217
822
333
311
737
921
601
1249
334
317
1248
1734
1419
310
136
259
1268
196
894
21
346
808
2386
2406
22
826
2065
2450
1465
2360
1387
574
765
465
1592
1952
1315
962
1720
1591
631
131
1430
1184
549
771
1175
974
1945
1050
1511
2045
491
225
1453
20
266
1215
199
2323
2091
852
1798
1335
1116
1768
1890
2430
33
886
195
1735
1704
629
1130
2168
2336
1400
2354
2315
219
1558
1526
912
1909
345
1121
159
1046
2188
2329
2484
988
663
69
2404
1769
2265
928
713
2074
1568
2312
1912
1058
1796
1638
357
1910
687
2318
1714
2436
1486
489
1711
83
167
1906
1773
1431
2457
325
31
2298
762
1546
204
818
1648
1579
1133
92
1476
246
630
404
1683
2383
1386
2259
2492
166
2161
1845
1062
1028
1104
1606
453
432
344
436
1371
1883
53
15
257
1122
732
1553
1132
1988
1236
2247
1859
64
2435
1741
919
1806
1487
1280
1966
2340
1666
781
2241
2190
207
2235
313
500
1862
1158
1331
900
1573
2343
2269
473
2355
1875
2282
2260
396
669
618
1846
1831
2253
1604
1275
2288
1051
2359
109
2167
2119
1598
381
2287
247
416
2379
1809
1373
249
1364
1325
678
1091
201
399
1284
97
2064
295
2056
1617
717
1822
494
192
1917
58
528
236
801
391
1884
551
1148
1252
263
2366
1656
1844
1432
1048
567
1993
173
341
792
101
1075
1576
749
2075
709
1563
2264
2301
2402
2279
2311
512
1999
679
209
1621
161
1301
1864
2462
2338
174
273
1259
1084
276
648
2105
1042
1514
1156
23
973
2361
2352
234
1675
1619
543
1270
2063
1337
845
1478
953
1119
1600
1849
844
2078
1360
1281
144
1687
2321
1977
638
1979
597
282
448
807
505
2194
2215
661
1578
2138
1923
1043
1100
1871
2391
2449
206
1171
2442
252
427
74
145
699
1064
335
1599
443
176
2388
1312
1240
1975
1008
933
633
1985
705
527
153
2205
2081
1443
893
1256
1125
278
1467
735
447
860
865
1361
2055
1789
2070
723
1381
1290
2330
119
157
1799
522
740
36
2373
1300
227
164
387
964
162
17
969
569
1888
1266
2008
1349
1791
2248
695
782
1936
856
307
1782
284
585
1289
2073
2428
1775
1538
987
1206
736
1356
985
1892
2291
2177
871
2244
281
655
1071
598
2181
680
1319
2485
753
472
644
754
530
1436
599
38
2364
93
2348
2422
2087
66
1607
484
1770
10
745
2384
665
760
171
562
1596
592
1653
866
561
1970
999
1794
495
2150
936
2331
1651
675
1527
857
1006
1134
1682
1685
1736
2092
2018
862
260
855
2261
2136
1933
1096
2494
294
2433
1574
1684
1542
2496
2471
1399
2236
2062
1323
1637
75
86
1375
917
376
1891
439
1114
607
906
1552
1663
923
394
649
2214
975
308
1320
108
11
582
1642
1003
1352
1166
2191
323
2131
2137
423
1618
2351
563
544
925
2049
81
1631
121
2395
457
1397
2146
1841
104
1044
2499
1837
1510
27
220
2124
2302
967
1137
787
1074
2290
529
2159
72
456
812
242
1689
482
2353
117
1951
1556
692
1681
590
991
1860
588
604
306
1560
358
1564
1220
979
179
626
658
1986
1615
1502
2276
518
1755
1054
1081
2370
349
1094
462
1858
90
897
363
168
824
1624
1958
1832
1947
402
261
1344
1868
949
186
94
743
1040
2077
405
1605
1398
342
2271
2371
898
794
1677
846
112
1120
937
1458
1190
320
2268
76
1418
1199
1018
1967
1953
1593
19
1515
2141
389
35
13
2399
1732
79
1136
1135
1709
1263
390
1614
499
2002
1485
1343
2369
82
2293
1855
14
253
1336
1164
1833
2037
2157
716
718
785
761
2179
1613
2267
1255
1639
283
1468
510
59
1216
2048
2084
2397
1843
488
683
380
657
2225
1738
451
1260
467
289
2166
85
270
2423
2163
610
602
646
1226
1140
2132
1865
1439
968
2058
1504
264
2297
1128
819
319
1762
710
1170
1451
878
1085
1447
256
2133
1326
1549
2414
1452
1034
1174
304
297
1649
1915
851
1900
2212
1151
258
2123
595
1200
2126
2180
637
2195
742
725
994
1448
2421
1157
2452
654
1142
368
497
1937
373
2240
525
1329
327
2109
501
619
126
28
1641
1577
1994
1036
312
916
46
1126
957
332
1867
1931
839
133
2381
2319
2102
392
1225
1620
2463
1277
1066
2394
1251
1640
42
2420
2129
930
1550
2234
1743
656
2417
1661
314
1874
2431
9
175
1787
2300
1207
2396
1763
1998
1068
1002
1543
537
1694
965
904
2326
779
2061
978
178
87
614
1629
2128
190
1887
1374
548
2054
643
2473
1983
1630
1672
795
132
1477
1678
2424
1784
1555
611
677
1673
1942
2172
1013
147
1726
714
2143
2296
802
2200
113
526
1570
786
1713
340
511
513
212
503
1622
1820
1177
1378
915
1627
2046
67
950
1305
221
1521
383
1416
2487
1984
6
1492
2148
660
400
1686
1612
576
941
39
2486
2303
2415
1269
1391
470
130
2306
1288
2262
1634
2405
863
2071
1403
1731
1733
321
229
1759
2481
1489
2197
1562
1907
1823
1876
1347
1109
1896
1493
942
351
2050
55
2068
203
476
1029
128
1182
556
1359
2170
704
2444
1383
763
267
2416
2169
922
1321
2339
1052
521
1314
1144
1749
1362
2153
2425
2438
2089
1861
1501
581
2076
1195
1623
828
1365
1854
1496
2053
1524
1517
1197
1728
809
908
1411
2009
759
2385
460
2380
2363
435
882
632
1264
1059
238
1038
279
95
2249
2310
956
1847
1459
2231
1987
1395
2258
888
970
84
1402
1187
1625
463
842
1072
2440
1272
388
803
5
316
2120
1565
520
1282
41
62
102
454
2175
51
2051
2458
1725
1342
2305
98
1261
30
1914
684
1138
645
2210
1265
1377
784
2465
848
107
1659
303
1974
2116
2098
1421
60
2112
971
235
1368
156
1090
1223
2198
1869
874
1273
820
1744
1082
248
532
2345
461
347
1610
1070
724
2441
1948
1123
821
1394
274
554
410
2033
29
531
811
2443
2389
951
1646
2011
617
1037
748
2028
2201
1155
838
1537
833
1285
1807
1748
1719
2448
200
1508
757
2467
1032
1461
2103
1850
40
2080
2110
1244
696
929
2375
1650
18
1180
2127
418
1674
1830
945
354
980
2189
739
1757
797
1117
1971
268
2333
2154
1328
302
1022
1928
1484
896
539
1980
1816
571
507
395
1428
881
731
1466
1462
1760
2490
1237
2059
420
364
230
1017
1922
1918
2322
393
412
506
1139
2245
1929
1186
1718
774
1417
1213
1021
2472
1191
1712
1761
2434
73
2208
2144
205
2374
486
931
1838
437
924
1422
773
1601
99
1498
707
165
1389
1441
403
609
1334
2313
80
2083
2324
1767
385
790
2309
744
1433
1968
2295
1152
1992
1405
1516
2182
237
1699
766
377
424
2160
169
2378
2021
1813
406
409
2273
770
702
43
459
621
1313
1035
693
1902
2289
600
1836
2334
47
2014
2498
875
1227
1338
151
301
1446
2233
2270
2006
1519
2034
1445
1124
1955
2218
1235
2096
903
1881
154
767
296
440
48
1396
831
1379
193
1294
57
481
1934
1497
1382
892
1853
2149
12
2464
2437
181
1348
2281
1669
670
1580
1959
1997
1751
331
804
613
764
2332
417
2039
1595
240
1078
662
977
1696
1925
1742
1803
616
958
854
1127
889
2010
703
523
2349
1561
1102
2104
1525
1455
1296
1173
750
2067
555
2459
1772
114
1572
1204
2238
