1095
509
1761
343
1826
205
1729
1479
922
40
981
380
1402
1398
1105
42
574
665
1711
317
1709
555
412
2015
1062
2302
1750
338
2322
2477
2470
997
500
1312
733
784
605
1417
44
2195
1876
552
1204
1790
1883
397
1236
633
718
140
624
1950
100
2200
1392
996
1016
589
1225
2244
2369
1458
1489
2161
1664
1020
2122
2372
1209
787
1484
1832
1752
557
117
246
1295
1478
842
1421
19
1787
2118
138
914
2173
1941
735
932
1305
1108
376
203
1954
1593
851
1749
395
1047
2044
2373
1261
1907
2111
1962
812
1055
2057
204
702
2219
2307
662
488
1649
2017
2308
1032
2390
2267
2164
840
817
116
1132
462
2277
1054
684
444
2442
1181
2278
222
1804
371
502
1583
413
1010
2315
2324
1733
202
318
827
163
854
2382
2321
2152
2083
1240
931
1510
2479
1906
1506
234
675
2332
1149
1900
1912
101
544
1349
364
936
879
1598
2135
1616
887
945
1712
580
1580
1634
575
360
1745
1735
1956
893
670
92
1216
1870
2434
2240
545
1782
833
955
1801
610
1652
507
1311
1497
1636
2115
1779
1768
1
778
6
2465
1490
1830
1802
115
1785
2234
1623
956
1605
546
1338
1279
1793
1462
1501
2025
1007
1498
433
50
978
660
2404
645
1153
2449
2124
1670
1084
99
1103
1784
680
1453
1691
113
379
1144
896
1123
520
1732
1577
1264
2299
1082
1163
258
1168
126
2289
349
2334
799
1872
2201
1559
2090
2190
1058
30
2120
1594
885
2313
1562
1731
1210
159
295
325
766
1046
1460
1142
1205
1714
363
993
1896
1189
795
1818
1253
1859
917
2033
1397
2379
1734
352
940
850
2291
13
2070
114
396
2294
152
825
2393
1512
929
1938
503
1940
1778
77
2301
782
2483
1083
946
1718
1645
80
2496
419
1191
683
1373
2463
1443
583
1389
789
1513
1303
2178
1148
791
1179
1251
529
16
1959
448
2018
2271
1969
1600
1879
1160
957
2394
297
772
1057
405
1840
284
82
157
895
1706
1174
2188
1873
628
216
224
1590
1370
2058
864
1617
838
2001
69
1650
1208
977
1994
2170
1457
368
127
1288
2102
1767
1809
585
4
2337
2051
1428
2453
911
1841
565
995
2284
918
1643
1237
1387
2353
687
882
1764
438
1921
2338
1803
1400
1597
2222
1051
1382
32
186
1224
1629
1833
1219
845
1624
12
542
399
41
1704
704
2309
2409
2252
703
27
498
2343
1689
370
693
193
1120
968
1631
2362
1218
456
530
1138
2021
1843
2241
1335
783
2039
2072
528
107
150
423
815
1963
2052
493
2285
2491
46
1516
1819
1298
634
2012
1344
2061
1126
2108
1038
1053
386
948
151
943
2250
1320
449
1721
2405
256
480
1173
1329
726
329
1933
576
1202
1705
1248
2410
801
1824
1258
2119
536
426
1474
2221
2183
553
1596
2255
1178
1215
642
1834
1118
768
549
2198
908
1783
287
1565
1934
728
136
2028
949
197
762
260
504
2009
235
312
275
2319
674
60
393
666
1217
1362
2126
540
1327
2275
2239
335
1023
677
357
1612
1449
1274
1289
548
461
2112
418
1524
1182
717
2228
1730
1584
2003
1619
375
1324
2094
2412
905
699
672
158
700
1322
248
344
706
658
425
201
26
1849
1161
1530
1554
541
2237
20
1151
2165
2381
937
2265
1744
1270
1759
313
1220
2416
1966
156
881
73
1076
2010
22
2046
145
924
1777
1549
1068
342
1232
566
1410
512
31
1591
909
1066
43
2473
2347
1696
2402
668
304
1987
1239
1110
942
97
299
832
195
2367
2426
2486
1644
1234
1932
356
984
1249
1196
261
1572
2480
112
2464
231
741
63
1166
1742
294
1838
141
713
1719
1751
1461
2472
452
2420
2132
1152
142
134
654
1878
551
669
1715
1937
1939
712
861
2460
1606
2498
2068
871
1852
515
2262
2129
2398
1871
1285
108
1820
1930
982
1628
332
2270
910
1839
458
777
497
1399
1743
2458
2000
746
36
822
1342
481
709
1915
2341
1678
1518
1756
2415
1720
1141
2191
1825
1130
1069
1739
2344
1133
2290
1857
2457
1438
2078
1200
1658
606
2199
1213
1452
985
1881
2365
1822
2045
1304
1377
428
2348
90
1988
690
1794
2026
478
813
1856
2150
441
255
809
1404
1483
1330
2349
1976
1817
2417
269
1889
285
1112
2310
2141
1363
2175
2471
1534
2436
808
169
1107
1114
1223
938
510
2258
272
1024
233
1996
1684
780
629
191
2149
1043
469
88
1997
2246
1281
1827
1626
1106
28
2087
2474
196
1000
124
974
361
627
554
2116
111
607
2137
1375
2445
1604
2482
211
2098
1165
2368
1364
1088
1965
1630
64
721
2
1683
1993
1001
2042
648
2084
2031
1073
2306
1741
2287
1093
2080
759
1315
2036
1070
266
880
298
1532
1231
326
2469
1266
1539
731
179
608
1122
1432
1949
1951
1665
2429
1797
631
143
969
519
499
613
1854
1540
2413
2176
615
119
906
698
963
2106
49
2330
1269
415
2248
1440
604
59
773
1982
2418
182
2320
797
148
1134
86
1395
1898
979
915
122
1620
280
980
1918
2264
1448
2254
1469
1727
2224
755
900
1262
479
2227
1025
37
1493
859
1129
696
1740
1169
1791
525
581
1545
147
2500
2013
878
2422
1680
1970
586
1551
1366
1776
1044
221
794
570
1275
811
678
547
1984
1450
172
1384
2485
1135
1688
1695
2242
1853
2345
1893
81
123
2273
2153
771
1488
1340
199
1150
1858
1686
473
1905
2185
2389
48
2207
390
2269
1564
1361
2331
223
460
1297
407
72
1187
2380
487
1622
1621
2419
1037
181
1171
2447
225
1716
1936
128
883
1380
2397
2032
884
483
630
1808
89
863
282
899
164
904
951
1542
365
2114
2008
477
1708
1465
78
2182
1717
1207
1603
1855
983
2066
2109
781
1075
1360
770
2260
1385
2487
1033
1614
846
1212
1229
336
219
671
1029
1899
2399
618
1124
2204
139
212
1386
2346
1111
2156
903
1263
1975
1812
598
374
1064
1116
2401
753
2079
2251
657
1546
2034
167
333
807
1276
516
1814
494
1901
594
2352
1529
1556
1314
2040
2432
402
1813
647
632
2374
518
1154
1195
1569
953
1864
2218
944
1585
252
2211
1552
417
2387
748
912
1746
1875
1592
612
1657
872
220
283
485
839
1317
1995
1703
1359
1944
1339
244
1771
1176
2298
416
1302
21
75
947
1633
2384
641
2217
725
2297
1238
636
2433
2261
720
1568
18
1737
429
1687
2490
24
806
535
1671
340
1781
664
1277
1026
1074
1541
2038
38
1487
1890
9
367
595
1192
1561
267
1701
578
2186
1553
656
1031
2459
889
277
563
2206
1763
804
183
2395
1411
573
254
1185
2452
35
1094
411
1971
875
1862
2155
189
962
614
2304
1405
264
650
1242
2216
848
1371
723
1972
2323
1946
177
1500
1301
890
1331
823
434
377
2253
1257
170
447
597
1829
2293
852
1117
855
1065
1036
74
1673
790
1919
1770
2386
1992
1961
1313
1423
2388
2059
1810
39
1868
1724
2056
1136
2450
1911
774
877
2011
1156
1309
160
1533
1867
1356
2478
2096
268
857
796
1558
1573
1675
793
930
596
1923
210
1345
730
835
2437
592
1369
685
2231
954
492
451
803
1328
2193
1475
727
1847
1259
1372
2037
1527
1343
587
1637
522
232
276
1710
306
62
1920
1445
1974
1491
1846
1431
644
2249
1891
171
65
1850
350
681
1892
1427
1823
1635
1535
829
1346
321
1177
1655
1326
2071
1886
927
1494
1748
1300
508
2475
874
2214
1341
999
724
975
1525
347
1091
1471
1895
1964
2101
2123
1198
886
611
1953
213
314
1927
1414
1747
2312
1260
14
2226
2041
1013
251
1113
1226
716
187
2358
2069
2002
1087
916
421
2245
1654
1222
867
708
2091
2328
1722
1653
85
2288
1079
2136
567
440
876
2233
2456
1078
2414
2143
2086
1017
11
259
1685
394
1430
249
560
2004
1353
1599
455
1467
537
1127
23
2356
1615
1282
431
463
355
2467
1947
1523
162
1788
745
271
308
2073
1723
1520
2095
599
273
623
188
2492
1908
2363
1278
1980
2443
2035
1786
1902
558
1456
2256
2189
55
165
640
2305
689
679
1244
1492
1256
959
1481
439
2461
2030
600
1677
1651
737
2159
742
853
805
1060
274
1806
870
1877
2177
921
406
1158
29
2184
1365
505
2339
288
2107
2378
1292
1945
967
1607
1325
1796
1183
1656
919
711
2357
1318
992
190
1595
1713
1815
1063
1125
1014
484
1041
736
2181
649
2411
1080
524
400
622
1143
2144
757
348
2093
2167
96
2489
913
1480
2229
907
2063
286
296
1845
970
410
1407
1019
236
362
1661
1072
2462
1447
1396
1416
1757
496
1880
2441
1145
2371
1789
1979
2424
1799
2355
2303
1851
1323
316
1235
200
345
1022
131
1139
293
1844
2230
603
7
2454
243
229
1780
2495
1922
2466
1486
1544
1496
2205
1567
1280
1773
1924
1977
1394
1463
2335
250
2076
144
315
1197
856
1221
2016
2134
1894
466
2484
1446
2006
1128
646
802
844
1865
902
620
2180
57
1418
241
1485
1272
1647
176
51
760
1926
91
1517
2430
2187
1601
2225
1466
898
556
590
1943
2295
1586
468
751
1495
538
391
958
424
289
2383
1698
1352
1451
291
715
1162
1188
2131
1159
2020
1897
2236
873
1415
453
1707
1243
1357
2027
1681
676
831
1638
752
1030
1319
2318
764
561
1978
2268
110
1121
1459
209
98
2196
1119
1011
70
1574
2104
1337
1571
714
2138
820
1555
1762
2220
1230
281
1228
474
1408
1039
121
302
2060
2203
310
2171
950
1831
1726
1403
1861
324
1579
346
1250
1310
1989
214
475
1214
1760
253
457
692
707
973
2314
849
207
1268
1056
2133
1347
1991
1736
1201
2446
230
476
1155
584
2157
2263
1012
1928
2280
95
920
769
354
511
1588
1439
320
1550
1393
682
392
1437
1888
1509
1775
2105
2146
2403
1368
66
1321
738
414
94
972
897
1157
761
1097
2425
2062
1009
2053
1821
1245
1420
242
305
2326
543
1175
2169
2099
763
1503
719
818
341
1442
104
1679
1627
76
1575
532
427
798
178
52
1050
382
378
626
2147
1955
168
185
740
1998
1100
1042
491
559
998
2029
58
373
1472
1332
960
1929
153
1378
2047
330
2440
1641
2139
1570
1271
1199
694
459
1958
888
1306
465
837
1294
1071
1180
986
2316
652
1287
1531
1241
2340
1379
1164
2014
1581
2333
102
1482
1211
1646
1766
892
966
821
2142
1521
2451
964
1660
2005
1613
2151
568
513
501
369
2370
359
1999
175
409
2209
1611
758
194
673
1355
788
800
198
572
1441
1805
582
47
739
775
926
2366
2493
1828
184
1376
523
1381
1676
767
1146
1514
1669
1098
1526
2481
939
149
155
869
445
2127
300
1351
935
1507
2074
579
1863
1147
928
384
527
450
1005
2376
1836
208
2360
1227
2377
1913
1115
1424
868
952
1464
322
534
1728
2166
106
1027
262
1336
971
1193
2148
1639
2050
2296
1753
1358
1468
495
1765
247
173
1008
2364
1884
8
1640
976
2088
792
744
1348
2082
443
786
1798
430
1774
1426
834
435
866
2406
2243
1538
1659
2055
1522
2444
1015
2065
1444
826
2208
307
2408
2421
1034
238
1576
2385
824
1755
472
663
531
1367
1409
539
2497
1206
1887
351
1874
991
686
1504
1086
323
1519
667
1167
1618
2232
830
467
1296
1137
118
67
2125
816
2117
1694
732
862
228
437
217
381
2077
1925
1499
1374
2140
2342
2085
1973
79
1425
591
785
25
2431
408
1837
1265
1003
366
1170
2407
2435
442
2022
34
1648
923
290
257
327
894
655
1433
328
383
756
1910
1048
1985
1931
2361
389
1702
1935
1693
1983
10
2081
154
2064
2488
616
659
401
2213
961
750
2097
691
218
130
2007
1557
865
593
2043
779
2257
1682
617
125
486
1290
161
2130
637
420
1291
1383
2274
2168
2292
1663
226
2172
601
2300
1609
550
240
5
1267
1662
1666
2281
1860
309
1505
1807
403
639
2215
1293
1528
137
1842
1203
2049
2325
2329
1667
1406
1101
1772
68
105
2162
1018
398
2048
1473
1131
776
901
422
651
1172
1334
1307
743
2163
569
2375
292
1454
819
2223
653
2194
1184
1388
129
1625
1986
132
2438
858
987
1435
1233
1948
1096
1390
1316
33
2283
810
941
2279
1412
860
2311
1608
2238
1543
1081
1697
93
933
180
71
388
2266
215
1286
1092
1589
245
1866
1308
2359
562
1090
2210
263
1587
1699
61
1045
1690
2455
526
994
1885
1391
15
749
1792
1642
1610
1333
1816
989
1247
1273
404
1700
1109
635
1422
2158
56
83
1252
1769
1186
1758
1537
2197
1835
661
925
206
2024
2317
517
1917
2448
490
1419
1246
353
841
432
372
2067
489
2391
331
621
609
1869
1692
53
1021
1350
482
339
1190
1754
1602
1508
836
1811
2423
103
45
643
146
237
2276
506
1049
514
358
2121
765
2092
1104
577
2494
1040
2154
1299
754
843
2286
1470
334
109
1099
1502
2336
1102
270
1560
2235
2023
2351
1582
2103
1566
1882
1914
1354
1035
1283
239
2160
1085
1077
2428
227
1004
2110
84
385
2100
1674
734
279
2259
174
2327
2054
1476
588
695
1455
1429
311
891
1957
454
521
1515
1511
2089
1903
2439
847
1140
1028
1916
1968
705
1960
722
1952
965
1401
2400
2202
990
934
1632
2192
571
1942
1536
2468
701
1052
1848
747
1254
1089
638
688
2212
87
564
120
337
1795
1548
1547
1477
2145
1284
2019
1909
303
2354
2427
729
2350
2282
1061
265
464
1006
1904
319
814
2075
1059
1990
133
988
1563
1725
17
1800
1672
1668
1002
436
1067
1436
602
387
470
2476
625
2272
1981
2174
710
54
2392
1255
2247
301
1434
1578
533
1413
1738
135
3
2396
828
2179
2499
166
471
192
1194
278
619
697
446
2113
2128
