1281
837
69
1420
2082
599
1562
1135
2021
1052
513
2321
1784
2294
2338
605
1895
1405
2268
195
1515
607
558
553
1678
1075
631
449
2273
925
189
1005
2002
1685
811
456
995
338
1449
1035
1055
1250
1200
1772
494
1927
992
262
1067
912
1410
1986
408
1337
1756
1006
1989
1152
2295
144
359
103
1993
2400
2156
2225
573
663
436
2235
120
1754
1907
114
2131
784
194
2097
745
2297
444
511
1162
1939
1834
639
560
1815
1042
2240
767
1775
468
2221
1534
647
749
63
1500
2223
2200
1392
1556
1758
92
1056
1914
622
916
986
1073
1251
1167
270
554
307
1783
1684
2336
40
1626
1499
885
421
2122
224
1134
1668
758
15
1099
1445
299
1498
1299
2250
413
1330
2001
574
260
1891
873
982
1478
2067
1769
2165
720
290
517
1708
2115
744
1168
892
911
2031
979
1743
2461
1287
1819
838
1921
1051
1662
1962
649
1633
1876
1930
627
694
1214
1799
84
358
957
1486
192
1127
1643
1644
1994
1160
2365
1701
1898
943
1066
1845
1806
83
1338
1700
313
2211
1792
2403
2381
301
1060
2166
279
1697
1513
618
2279
685
1524
2124
804
826
1321
1288
2033
792
369
1013
200
2475
391
2369
1004
1107
766
48
1469
1661
1915
641
1471
1630
39
1520
2245
89
105
963
1336
484
509
424
970
2396
304
1690
763
1501
22
64
2032
2373
2077
1687
1464
1430
24
1110
1952
1817
2053
592
1734
983
1220
1766
425
133
42
2079
326
568
1865
1154
809
572
1616
1804
431
1442
2230
2476
1720
1781
769
1658
345
1078
1097
739
493
657
1305
748
2324
717
308
2178
1256
1102
1173
1937
836
1294
2335
355
347
1411
802
135
623
1235
1539
1924
2099
1017
1583
1884
2346
2142
450
2222
2457
2341
75
1428
80
2195
672
1387
1506
108
808
2357
1654
2029
783
1373
1109
907
351
782
788
976
1085
889
593
2283
395
1389
1635
125
1872
2057
1896
500
244
743
72
1886
1084
1551
340
856
890
289
648
1782
1934
2213
2174
2454
2375
1824
19
2243
676
1159
865
552
97
1666
2198
727
278
1361
1671
334
2411
311
860
2404
2444
2406
2480
2306
814
2421
10
2168
261
2048
1147
1976
1215
27
269
921
806
1451
1521
589
526
1844
2477
1381
1472
1888
1169
2451
539
1839
2118
1112
2205
961
1966
2447
819
1065
1184
204
2224
2201
579
1575
587
1291
1691
1965
1216
1973
2345
700
375
1495
2071
1071
1189
1826
2359
940
2161
1665
321
621
2039
1003
1401
2434
1764
111
2455
442
487
2072
711
214
2068
1009
1020
2212
2175
486
16
1604
2194
2439
287
2356
542
977
104
50
891
848
310
1106
2276
1183
1765
251
227
793
1715
177
25
1222
415
666
28
336
656
702
464
106
800
714
991
1573
2490
698
2431
2025
2192
1426
2314
869
2130
2251
460
1016
1987
609
1567
1505
1485
722
2453
1083
2286
1116
2019
1508
686
1452
996
839
2370
2227
2332
900
56
859
506
2449
2303
1563
978
904
2349
1301
2164
2407
2374
908
828
531
2465
1261
1894
1631
937
2145
564
2408
544
2446
1265
167
1928
1312
448
678
297
2344
1762
591
1554
1317
86
52
490
1920
38
78
2471
577
1538
1614
1825
396
482
674
11
215
207
1000
731
2058
117
1011
1615
2006
2191
1363
2090
140
1848
2263
1274
1414
29
1979
398
578
835
399
1093
600
1864
1696
612
2414
2395
530
524
1852
1932
282
779
1403
750
1034
1348
2206
854
2441
1412
1240
1094
1721
695
874
965
319
2333
1277
993
2435
168
1570
510
1117
1435
1290
1380
879
2060
2146
318
1992
997
1467
2269
1759
1273
316
166
2363
1911
412
2244
1582
1238
2491
1434
831
1314
1999
1350
418
2015
2487
1646
1007
939
2358
584
1296
1897
292
420
328
201
575
642
331
2438
1074
1750
2216
1977
245
2035
853
446
1618
1797
1890
1230
595
1484
1663
845
795
483
2299
259
1262
1242
439
1732
1095
2281
914
1431
2135
1334
2188
910
1641
150
2
134
990
1029
1627
1196
332
1237
1491
620
127
1885
1672
803
1244
1157
1091
198
1123
2380
1190
210
2259
1980
276
387
2348
2305
1036
243
1605
237
565
2498
477
2141
1996
1874
971
975
496
1761
2109
796
1384
1456
2046
2458
1676
830
2483
18
632
2098
231
1255
590
1880
2264
239
2428
335
1178
728
2390
1352
1103
2009
981
1746
461
2271
1889
2049
537
394
1090
37
1307
787
794
1535
2091
799
864
2488
1386
386
2432
2311
2288
2329
246
1481
1854
2423
203
989
1677
2464
390
667
1617
1194
372
1031
2399
1205
1660
1077
1995
1306
2102
376
1910
1954
1375
1862
1828
1070
158
152
781
1227
1742
54
601
570
1001
370
1270
161
785
559
422
691
875
2232
1692
1545
2007
30
164
606
1416
1755
755
1983
594
798
984
1
1970
2093
846
1657
380
1680
1092
723
1490
2214
405
2262
154
1082
1043
1339
2231
223
1881
669
2433
703
2440
1533
423
1185
325
91
1941
1900
1120
2167
2120
2257
1236
14
228
964
230
880
2277
1302
1837
718
1364
382
409
322
1327
400
1258
1593
190
735
967
2101
1128
1040
1649
1218
645
1843
1655
998
2008
138
918
2158
1858
271
546
820
1437
250
305
756
708
582
471
1577
522
1544
252
193
337
467
2050
1809
1796
635
1963
2367
242
1812
1166
1371
2092
216
956
1918
1591
1901
2042
655
367
1529
480
1908
2249
1659
857
291
51
499
1753
1709
1460
1446
1311
2030
2084
109
1113
1608
1332
1148
1990
1356
2495
1849
776
1432
771
361
1877
2054
2267
775
1768
1064
1974
733
385
1731
1378
1480
920
33
927
1404
2076
705
1523
2430
1780
2185
1028
1409
1150
1448
1362
1366
2351
181
1981
212
1143
1597
1832
1647
2163
360
1586
1417
719
805
1354
1847
2436
801
1595
930
1541
832
1822
2353
1729
62
371
1537
2148
2420
1264
948
410
1353
1856
1827
2063
1741
1438
315
2111
2278
905
2014
1870
2126
1760
1748
277
1793
274
528
180
999
426
1279
1683
172
488
498
729
67
882
1789
1909
1269
1023
876
2275
726
1395
898
2086
1814
2497
2484
280
1282
2023
765
1674
1757
1860
254
1046
1048
302
926
1191
1955
562
119
1518
2117
2210
2372
1948
445
693
1247
2088
615
2422
518
1104
1138
429
1108
2228
2116
2334
1318
1625
1936
2379
1424
434
842
619
724
523
583
122
721
928
365
1172
1552
906
2237
2417
147
219
1213
760
339
1482
388
73
550
70
1805
2270
923
519
1304
1906
2427
563
774
821
2468
1542
1171
374
1406
2218
13
2043
173
2108
1893
786
2139
2308
1351
2378
815
2409
752
2184
1528
101
1503
551
1149
738
1969
2034
2478
508
1585
2179
175
187
1316
2085
881
2169
205
174
2284
1140
126
2199
2157
416
2004
268
2382
317
1507
199
1151
1548
1450
1444
896
1418
1929
49
17
1174
2318
1206
614
683
1286
650
780
1012
1054
1397
1795
660
2323
478
932
1156
2466
2371
275
2080
1946
85
286
1473
2081
2186
1203
2217
713
516
1802
20
107
1572
46
598
258
428
1853
1547
2402
82
2154
1964
2028
1703
897
447
987
465
378
60
1221
1487
238
736
1115
411
1170
1925
1080
741
597
1328
1197
384
1600
2260
309
1841
1059
285
699
1047
1161
1623
218
2448
2339
1598
438
235
146
868
1777
1355
1892
2128
211
1811
1800
2307
1773
110
2242
1455
654
675
1679
1324
1574
886
1638
96
1447
867
2388
185
1879
2239
2119
1180
1239
1613
1710
2302
397
1340
1100
1177
1204
94
2011
1794
2331
1869
1292
1532
1195
944
1985
1740
1425
1873
1611
402
2459
206
634
283
2419
972
1652
1346
470
2103
401
256
1836
324
902
625
2355
76
1457
847
2010
1899
903
2113
679
1370
1041
994
2496
196
2056
157
870
1689
2193
153
893
1479
1791
696
1730
68
2280
1323
661
858
580
491
813
2209
1590
2162
443
2121
2252
1578
1176
1719
379
1254
435
2376
1217
818
2026
1026
1188
1243
1358
1686
1283
980
1553
2412
142
2005
79
34
373
668
1519
1576
716
1712
1114
1359
35
501
303
2312
178
2189
1555
2309
320
186
1714
1488
919
1951
1546
2387
878
26
768
98
362
1706
596
225
504
1610
629
1126
1175
2467
692
2274
608
191
1904
350
145
1887
2147
1778
2393
87
2397
637
2445
241
960
1648
829
2066
233
2114
1025
1439
2061
740
2415
2112
2024
1763
1670
1207
1639
533
1530
851
1833
659
1399
1342
1807
704
1111
1278
1144
2083
2208
489
1228
183
330
1517
535
561
2418
855
1057
141
343
1820
2255
1942
502
403
2325
1372
8
1079
2134
950
2137
2493
883
1139
226
1374
2143
938
2383
366
1241
1466
1360
2292
1581
872
1771
624
452
1656
209
2129
2313
1619
2429
1727
1739
1285
665
1612
1335
1050
689
1813
458
234
349
1263
2310
1413
2326
709
2266
1458
895
1308
1368
2187
822
1868
2190
472
463
1231
1422
791
576
1398
284
2425
1527
764
1916
99
1831
863
2233
100
1579
1369
2298
2095
2037
2172
1558
139
1838
1944
128
924
2182
1465
1436
2075
47
2038
475
2327
58
2106
2226
1602
521
1640
1008
732
55
871
1557
2290
1922
1945
1863
1675
688
586
1468
2044
1653
662
2104
7
71
2215
636
2127
1624
346
973
298
1774
296
462
985
1867
1959
1736
1390
257
32
951
93
1293
827
1164
433
2234
1394
1984
341
1972
124
941
2229
1788
1693
1540
2207
348
2479
1027
1319
1271
1494
240
1072
2272
1767
1571
1818
293
1002
1266
473
1415
2424
220
1933
1651
959
2055
1069
1790
529
909
2492
1737
2176
2003
267
329
363
626
1158
1926
1991
1393
155
263
2452
789
1997
712
1225
1310
1295
2456
1400
1343
2096
4
1033
2094
2261
2319
2364
670
849
1967
2285
2392
2051
264
1504
616
2181
2342
44
3
1121
1039
547
1260
2437
777
2241
2180
1830
2177
2350
1842
1913
1212
1522
1749
217
1957
1531
2027
441
36
1808
899
2386
273
810
2202
1717
677
2366
2138
1846
1982
797
419
549
2238
2368
354
1713
323
1496
165
1275
1850
495
1224
2070
1132
603
1512
169
1010
759
1313
469
232
1252
149
288
1333
6
1142
2462
681
2100
1208
2144
1816
1733
77
850
1367
1383
2089
746
1704
2384
176
877
1801
1903
754
1735
249
182
1599
1136
2293
556
1022
1621
156
1329
1129
1564
762
1492
1315
1776
2315
884
1021
404
1141
512
1622
1105
1988
541
1738
1698
2236
1968
1202
2022
2328
2394
664
1798
406
1745
41
1063
503
617
2385
1568
1785
115
1248
1603
474
955
65
2013
1650
90
1153
427
43
74
730
1326
954
1919
131
353
2405
1931
2362
2064
312
1249
1259
2151
1081
1377
2160
2301
31
1725
1038
81
1559
414
1210
136
1961
725
342
2469
966
1596
532
1459
1463
1702
602
2361
2073
1298
1835
543
888
112
1347
281
179
1779
610
2170
2450
2287
1280
2258
1297
1543
1476
137
680
936
121
2289
1607
1044
253
159
1019
2132
710
962
1711
1561
1744
1699
2470
2059
1803
1309
1440
1198
381
118
2354
514
773
772
1234
368
1724
1088
57
1705
2197
790
1379
1201
1219
2149
2173
1525
1956
356
1062
1096
823
1276
432
2377
1637
761
1226
1124
12
1345
2482
1461
102
1179
841
812
1511
2078
852
1441
1707
2486
1045
1859
1787
357
1589
1821
1580
1253
2317
2087
1391
53
1470
457
1182
2413
929
548
1857
222
2171
247
1728
2401
953
1427
1419
833
1030
1245
407
188
707
1861
1960
949
272
1443
1935
571
1131
1912
1536
1770
1257
1667
2481
2300
1396
817
2159
2204
1669
333
1246
364
1810
913
2040
816
690
1550
643
2337
2330
947
2416
1786
1049
1232
377
2472
2220
1875
389
1477
1385
715
453
1137
9
2253
2460
1125
440
1634
1076
1673
2107
2136
1037
1840
894
171
479
1883
2020
945
2183
1642
66
266
455
437
581
2398
1122
1569
1407
163
1682
1032
2254
1493
2062
1632
2410
454
1866
1566
969
59
658
306
236
61
566
5
1433
751
2426
143
1018
534
1871
2155
753
633
113
2494
1181
646
1300
1087
130
1823
1272
2246
701
2360
1365
1284
2219
2123
459
933
265
2074
1722
2052
481
1453
536
2196
640
834
1694
1024
1268
862
1588
1502
1475
2247
952
148
934
638
2500
1851
492
2304
1341
557
1829
671
1015
742
1510
653
2000
1882
1560
1229
2045
1917
866
2036
485
300
1489
2133
1146
1325
2316
2152
2105
2343
1331
393
2069
248
824
1289
1688
1382
569
184
1118
697
2265
807
392
327
2256
2065
540
1565
451
116
1971
968
1408
1474
1086
555
567
213
1716
45
1186
1606
520
1429
2443
1145
1938
585
644
1303
915
2442
1902
1587
604
1130
132
160
344
95
1320
1402
170
1664
2282
545
1855
2485
1947
778
652
1233
2017
706
527
2018
2150
1483
21
1949
525
1497
901
2203
1940
1014
673
1089
1344
1681
2473
1101
628
221
1516
1905
1645
931
630
1211
1058
352
958
2391
383
295
1594
1751
229
844
1209
2125
734
2347
1978
466
2153
1975
1950
314
1454
1747
2499
497
1155
1119
611
1462
1636
123
682
2489
417
1723
1423
687
2322
2110
208
1053
151
861
2320
538
1609
255
1526
843
1376
1163
1421
613
917
2012
515
1752
942
2463
2291
1878
1998
23
747
1192
202
1322
505
1718
2352
770
588
988
757
2248
2296
2016
162
1199
294
1943
1193
1592
1514
887
1958
840
1509
1726
1695
825
1628
197
922
2340
88
1349
1923
507
651
1061
1098
476
2140
1953
1584
737
1267
129
1223
430
946
1068
974
1357
2474
1388
2041
684
1601
935
1165
1629
2389
1133
1620
1549
2047
