574
2131
988
144
2255
2334
418
1644
1860
828
775
1252
1748
745
664
1309
1633
830
1783
1269
312
2009
2002
1704
2301
1459
183
2029
327
1038
1809
1940
513
1549
173
277
353
364
1426
1244
2406
584
1619
677
2398
208
9
2187
1151
687
2211
800
4
1611
526
417
1628
1795
2425
1842
2322
503
2035
820
334
647
2179
1139
1883
1368
1866
1332
216
1478
580
2485
1239
1870
1595
981
288
1047
1982
510
1799
2071
2299
712
2477
1593
2167
1692
35
1103
436
1634
1545
281
2375
234
551
629
1462
2303
493
2136
1614
307
741
991
509
1708
1306
756
1485
894
985
788
1120
1631
1602
1636
490
1073
1994
1914
2231
773
1859
2190
1693
1163
1530
2434
229
2039
439
1254
1784
326
245
2340
1088
1169
168
480
1660
790
1463
2032
1744
1677
1056
2216
1324
2052
2015
1857
483
1179
2072
1561
975
812
809
128
1363
1969
355
1667
1017
721
839
2096
1905
287
1895
725
1507
1157
2201
986
757
2142
729
377
2083
1834
2105
40
280
1342
238
1365
996
1579
479
864
2063
469
1822
1654
1264
1266
1826
659
1975
468
1604
1261
1204
1610
958
1496
1582
1924
1535
848
1979
1070
1796
2419
1576
2017
181
867
2390
1791
111
2028
1900
1554
1780
1917
2093
2149
2382
720
1235
2191
843
1122
2278
774
936
1707
357
1340
3
932
457
335
206
100
1794
412
1438
467
2409
2005
48
514
1396
2140
2273
2426
837
2159
771
2107
876
1063
491
1184
2148
688
2111
1402
977
2335
1111
246
187
408
289
164
523
1768
1837
1406
333
2214
716
1110
871
1480
2168
1173
1043
1751
391
2243
2108
2182
383
1902
1164
1404
558
1476
511
2468
149
2068
2011
1886
1648
38
434
2119
1000
1377
1550
1678
1470
432
1086
438
546
1806
945
1618
64
276
1029
317
341
1444
1749
1381
1490
176
645
1146
2275
2310
78
1248
425
2183
441
630
2341
2137
179
887
8
2204
670
260
2067
2402
2219
508
1987
445
2081
575
632
2094
59
1216
2388
339
2438
1064
481
2014
1954
1601
1315
213
92
967
1319
608
768
925
1456
192
794
1493
295
2436
400
1373
1770
427
600
1897
1203
770
1743
1300
781
1495
813
1952
2345
1131
2074
620
836
884
1267
566
1130
1230
1400
1006
2250
1209
2446
1817
2008
1847
2200
1922
1816
1215
2020
1503
330
1688
1443
1008
218
1451
1201
41
1653
1772
708
2286
419
842
1936
2123
2500
911
405
693
1291
1937
1773
1345
256
1382
1970
1446
1435
1341
1986
1242
1577
1961
2424
1904
1287
2180
1298
891
1206
1135
625
1350
1528
2321
193
1188
1755
1272
561
528
1964
1393
885
930
1509
2486
1149
1262
1067
1260
615
61
2343
2051
1289
1195
2031
2455
2124
411
602
1933
2326
2172
1062
421
595
2133
883
97
1052
669
1414
799
1027
1802
1320
2022
572
1868
278
2215
1903
1380
381
472
535
2193
160
853
1
2342
2497
1394
55
1128
1335
895
212
141
748
525
906
1764
560
321
373
704
769
2360
2279
792
557
1850
722
928
2259
868
2125
1797
346
1792
1923
719
1911
1533
886
1526
2080
914
1805
1909
619
43
215
2102
1719
415
2090
1997
1684
691
2087
954
724
1541
152
1713
454
807
367
1763
1825
2365
2247
211
182
1616
2198
2316
571
1158
1839
1409
2239
409
495
1782
140
1968
869
39
593
2104
200
73
1912
1018
388
1191
1915
1702
359
1071
1578
683
1942
1338
1617
1785
944
1296
1083
516
2380
538
1280
1461
195
2007
1474
1827
1685
1413
1318
282
2300
1440
1422
2152
855
178
797
1189
1147
386
1622
1032
569
2209
1053
854
974
614
1100
424
188
185
65
325
227
1867
76
2339
1565
1055
2392
2153
2292
1354
2171
1429
2006
1767
2423
2291
1333
1445
875
2443
984
2350
1664
1838
1037
962
1036
253
994
872
204
49
1013
2116
744
184
603
315
766
1048
1218
1358
32
763
1015
910
594
137
2367
2130
1687
1185
1482
1885
1733
1724
194
1357
512
1049
626
2265
2368
347
713
1212
976
890
1174
1589
2061
2493
916
963
1527
1858
31
1305
1727
638
2154
1584
2467
16
1349
1152
1910
119
2466
2374
922
2496
1836
329
127
862
283
726
1283
1093
791
1522
2415
286
1023
711
1504
2053
1959
2311
1846
500
789
343
2304
1596
420
971
723
1999
1007
2040
1991
2369
1643
952
937
2470
199
643
2452
443
2145
1302
1293
1439
180
1175
428
2261
485
1494
1288
829
1918
1559
2203
728
815
1848
2348
2073
1804
793
350
1884
2228
727
2353
296
1295
993
1467
658
150
1663
1458
1729
1551
2439
1144
19
47
1046
2458
997
2138
77
1948
1789
1600
917
1099
1605
2478
1944
1391
2481
2085
2186
1372
2038
787
1556
1540
1524
858
1760
1339
209
1852
2294
1758
2454
1632
1336
902
1673
754
273
2109
29
1105
1510
681
1666
2030
1310
1587
466
224
578
2160
863
170
1861
311
909
982
2157
403
1953
819
42
2363
1237
2155
1790
62
1145
2476
1416
1297
237
943
700
1721
1998
760
2112
1009
337
497
30
1835
730
956
1314
1187
1010
1505
2121
1168
1988
2236
363
233
1441
314
1823
1985
2325
553
1491
2495
671
1967
591
1452
1020
1455
2
11
1379
2285
1068
340
903
75
1557
1752
703
542
1251
1873
1005
2442
2122
668
1024
158
1716
2370
739
1136
1171
1972
1939
599
134
240
896
374
2057
120
1214
1523
1745
146
1931
266
1990
622
2267
972
1166
563
1192
122
165
1182
12
34
2295
1066
2317
567
338
2065
940
56
955
1369
442
2328
15
947
1301
1811
313
2103
1500
1765
995
2315
2460
1245
463
983
1896
1750
2405
2414
7
1178
291
2379
2202
1932
1515
222
1597
1599
866
2457
2280
1012
522
2420
1608
85
1613
255
618
2018
2366
1138
570
1938
132
143
751
1681
1116
1698
1514
690
1425
2413
14
319
356
2488
1819
1351
473
1891
673
344
935
433
365
114
118
2391
907
2308
1974
2362
2364
1762
1502
654
1434
259
2196
980
1547
2447
371
1134
2012
162
1829
1781
151
1965
2307
488
257
2373
1304
2141
2230
583
1853
1543
694
1002
1779
706
2422
714
2206
780
1661
1347
1028
1717
648
82
1294
1977
1642
198
1776
899
1951
921
2479
2064
407
2351
1656
1590
518
798
1612
1390
186
301
1286
2217
1925
272
2475
372
60
1078
970
678
634
1908
1121
1004
1813
264
786
501
1746
2066
1871
1981
1343
2284
1761
609
1786
1177
174
1670
1119
1408
1651
232
1963
960
262
959
1102
2222
1383
1327
25
2079
2490
2483
1971
2471
399
1878
2494
274
624
2143
21
2312
2314
870
2233
631
1077
2114
2248
285
1089
2332
1877
1731
1290
1161
2128
1581
2484
1153
929
776
369
1016
1257
737
1775
1232
1855
2174
880
1398
1538
1249
1159
1250
115
1114
392
2117
881
1898
761
1960
1193
1499
1669
2237
778
74
1956
2170
1863
444
2118
1778
2199
1326
2251
2309
202
2480
2213
555
1665
248
2283
1637
545
380
1148
2077
102
927
1558
348
941
565
1420
888
1238
2024
414
585
1003
765
196
1624
376
969
1399
91
451
1512
505
1983
2232
1715
735
1705
316
1497
905
2333
2410
498
1125
1141
1256
66
695
559
175
923
621
1929
2166
529
1167
2276
385
1337
1137
1030
2151
822
1880
767
1101
148
661
2329
549
2331
680
777
779
267
1657
831
352
1739
1236
2449
1730
413
2048
1427
324
568
588
20
354
1807
1453
242
1231
1284
389
2394
1322
487
856
1329
239
1488
416
1888
2432
1875
1658
2100
6
1518
23
951
1035
846
1277
107
2150
1282
1457
1876
1194
231
116
1973
310
1995
1129
244
964
1224
2070
1270
1930
2313
1033
1714
832
387
897
2156
586
851
106
1411
2110
1489
2272
2387
1142
733
94
1424
1460
1798
1473
934
827
507
1555
1388
1014
258
2208
298
1894
1259
1412
104
826
2173
456
1109
764
2297
1563
1234
484
2013
1316
1374
1537
121
623
1955
1812
2289
1568
2003
1710
1606
2115
1607
2212
1520
796
1449
110
205
477
1517
1588
802
2282
2305
2288
1701
1108
617
1366
89
375
499
1882
2036
816
2381
124
87
1840
1675
1098
908
1830
67
398
2027
524
397
2162
1626
366
1311
300
201
159
1364
1646
662
351
696
938
1620
1219
309
2234
579
2271
2113
1741
1586
221
304
1787
1021
138
2302
452
2444
2412
1810
1092
1683
926
2178
1419
961
1544
2044
435
1756
243
471
2397
1074
455
517
2433
536
50
2337
1709
1926
384
1639
2010
297
1228
652
1674
1186
71
1127
1430
2163
978
1583
859
1464
1253
651
2025
306
1150
362
2246
1115
1856
989
2254
641
449
430
1874
692
225
2158
948
1818
1447
1045
519
2296
1921
844
710
2320
1162
1757
992
189
2377
847
275
2324
965
550
492
153
1635
1947
592
679
2492
1793
1181
898
1180
2060
2197
108
169
1405
2045
1057
562
1569
254
133
1803
2482
808
96
1202
53
1487
734
1737
172
70
1352
410
90
1901
1273
2453
857
293
758
915
2344
821
1519
644
1176
2371
2016
46
1481
1890
656
530
676
1059
2062
1359
835
1742
1638
1641
2238
1321
1712
1821
249
804
1815
191
705
2169
1040
109
1621
2164
1031
1851
1465
2386
2034
1051
349
358
1766
1682
752
1889
1437
2491
2249
607
606
834
1728
628
2429
527
302
105
2181
2098
2207
1672
1076
1026
401
1378
1210
1774
2469
406
1814
155
88
305
2437
616
1603
1268
1899
850
1946
1060
2175
2277
1928
125
1113
2055
482
1223
1738
2399
214
841
394
422
1668
1484
1255
2082
2224
1831
1401
486
1753
1313
2472
1085
57
1198
1385
598
320
717
379
2099
1072
342
1123
1220
650
139
1553
2293
156
1591
1686
2359
1869
2450
686
2004
2287
1361
2376
537
803
590
1695
1124
2146
2290
2244
1331
1483
900
1080
1949
2229
1075
709
1362
2126
957
1346
684
308
920
1529
2385
747
431
299
2041
520
235
1095
740
755
1777
54
1872
2258
1025
665
845
1428
718
292
1984
1454
1978
1170
1299
604
806
2499
702
2218
1415
653
1034
753
1525
393
2076
69
582
2474
878
2395
269
1532
440
1623
336
2465
1344
2054
2281
129
1376
873
552
345
823
1241
80
534
328
649
635
1133
1371
207
849
1044
1433
1718
131
1276
865
2185
51
86
18
1844
2462
581
1107
587
1039
795
1200
226
1160
639
145
1172
236
2075
79
596
2352
126
103
361
360
2427
987
2091
458
27
45
1927
247
1132
861
1580
1726
667
1486
1562
1233
1240
2220
892
44
1546
2147
601
750
437
2393
447
1397
973
1492
1513
515
1050
1165
464
672
460
1732
1061
1227
1754
331
1598
2323
879
646
1387
1221
1655
541
1328
1001
2257
2435
1759
1539
1966
1734
2047
1199
1907
1676
395
2407
968
402
636
1711
589
701
1531
2269
2487
217
382
504
2021
2298
1431
2431
597
494
877
2441
261
852
2129
1468
2330
2464
123
904
465
1389
966
824
270
901
58
166
1081
1570
1307
533
924
2270
2058
1263
674
2089
2403
1022
1736
2033
1725
762
889
933
912
378
1828
2049
2188
1511
136
1820
2050
265
2227
783
1356
1508
423
1213
475
1913
2355
2132
637
942
2226
2192
1934
1516
2421
2253
2448
220
707
2336
1962
2318
782
1211
1471
83
1477
2378
1265
2263
147
2451
2240
1498
1659
99
2210
532
2411
1689
1542
1862
1247
1548
953
2176
263
1207
1436
950
26
2383
1353
547
685
1274
2498
1418
1094
1370
1208
642
2445
1566
2165
1567
101
556
1615
2349
36
1700
1919
1771
2408
998
142
462
1722
22
1740
1640
2252
2223
918
2319
1993
1536
2086
746
2134
1392
2404
738
2097
1246
368
1348
2242
1920
1154
474
1647
294
655
1941
117
1679
1699
250
2101
13
223
1843
2456
660
2127
613
190
2225
1690
2023
1625
1143
1694
1281
2416
521
1334
2264
2430
979
1691
913
1845
1442
577
1225
2384
573
1980
33
2396
404
1421
251
1303
2245
2195
1395
429
1720
999
93
1887
1560
785
2205
1222
476
715
241
882
453
1403
1916
772
2189
2095
838
2139
612
564
219
682
1096
230
197
271
2473
426
1585
1275
627
72
548
2001
1650
1824
1747
805
1808
2327
1854
167
1217
1645
540
461
268
2401
1292
2106
675
2489
946
1190
2358
2144
1308
1832
1041
1571
1881
1501
544
17
450
1506
2418
2262
478
1065
1592
1649
1564
1243
949
2069
1703
318
2088
2274
2338
1069
489
2461
1893
825
163
1042
1958
24
1384
743
1323
1097
1552
1769
2078
1091
390
1594
1989
1087
2241
1084
322
1360
1892
1849
1058
784
2440
1469
2389
2235
1155
2161
448
2428
63
576
699
171
1652
554
1575
1330
252
84
10
1229
2042
1697
1386
506
990
2221
1079
1800
811
95
157
1879
2372
203
749
1574
1935
1054
113
2194
1609
931
1432
228
2347
1466
1671
1833
732
1706
1479
290
1735
370
663
284
1285
323
1082
759
1976
1156
303
1106
611
2417
52
68
919
332
2268
459
1367
939
1521
2084
1996
2135
112
817
1801
1423
1317
1629
1090
496
2357
1950
2463
814
502
640
2256
1957
610
1630
810
1407
1183
1196
874
1906
1278
543
689
657
1945
154
2459
1723
1104
210
177
135
2037
2361
1680
2177
1448
81
2346
396
1572
98
1943
2356
531
1118
130
840
833
161
698
731
2059
2019
1112
2184
1534
1472
2400
1662
2092
801
605
2000
1197
1271
1011
1355
1864
1788
2120
2260
1117
1475
666
1417
539
2056
2354
1312
860
1410
1865
893
1450
2046
736
2306
2026
279
818
1992
1696
1205
1226
1325
470
2266
28
1279
633
1258
697
1375
742
37
446
2043
1841
5
1140
1573
1019
1627
