908
1743
2035
823
491
2398
1294
106
455
2487
2499
2070
1114
2429
1693
1217
1674
1567
1468
2060
369
1277
2105
210
167
893
1272
1105
1207
2080
161
1387
785
211
1350
2284
32
1876
679
2455
2098
1552
2470
772
204
2173
1981
781
417
404
752
1717
495
334
1977
2251
391
1910
2041
2180
1159
2452
1348
51
561
1461
2462
1918
184
889
662
2137
1881
2136
121
1410
1156
1834
376
1212
1420
137
2152
1122
286
1179
950
467
403
1259
856
2295
687
2346
545
1242
1818
2010
2084
258
1970
418
243
310
251
688
2279
30
60
1261
1390
755
1701
2378
69
1514
1823
1434
855
689
1710
1969
999
484
1883
1038
635
1746
2388
67
1287
2095
1676
396
2075
709
1391
572
447
101
1761
2356
1888
594
2079
737
2144
2109
2291
1471
389
931
1522
2315
1151
2177
748
732
1020
607
2468
1280
2449
1826
967
2022
289
1003
2192
2469
1998
842
2343
2008
1062
2101
152
877
412
353
1237
2077
985
1949
317
2046
1479
1050
15
1284
503
2477
1096
1707
1751
102
1875
677
1545
197
2016
578
1819
1080
1666
192
2209
2224
722
1498
1721
1424
1543
209
1322
896
299
352
700
1731
8
2300
2190
384
72
556
59
1708
775
420
1526
1688
1244
1076
1508
2268
1983
1642
124
1551
1398
155
1408
1106
1250
546
1278
2438
378
1639
1680
2100
172
434
170
1083
457
1171
1239
2147
1100
154
1063
614
2354
146
337
1031
1329
1148
1638
1293
746
1664
272
617
2188
914
17
1713
76
1184
1188
590
1014
862
1975
2278
883
482
881
515
148
2350
2231
1931
2032
128
1203
754
2336
1976
401
740
233
325
1488
98
1925
1672
70
768
789
813
2202
293
1847
1720
108
2376
1604
2263
1118
1566
1802
535
618
1432
1653
1990
1153
694
620
507
1861
1119
1786
1946
365
849
142
1973
350
2471
359
1808
1433
782
169
1377
1611
2372
1006
339
930
79
1446
1662
831
934
1542
639
1098
834
64
807
646
1917
2036
2097
2244
1878
1756
593
436
1864
580
1265
2213
1460
2051
1174
14
728
222
452
1241
1645
765
1182
1627
319
402
2068
437
1851
549
1465
232
41
260
1759
665
963
1229
1357
1728
2126
296
1580
1394
1980
2348
2365
2183
1418
2206
1470
2172
2087
1779
660
1231
1333
2217
1215
1858
2169
1777
1489
2422
1302
127
803
1307
488
1852
2290
2039
1411
1768
2262
904
81
747
1641
198
1088
2432
1258
266
2430
1267
1147
2289
2106
2472
537
643
395
2454
97
505
399
499
460
2448
2182
2120
1803
1738
346
91
1078
223
994
1815
1906
1835
1483
1364
780
468
340
1536
165
1005
1795
1340
2352
1673
297
1939
1316
9
948
2208
1602
119
793
2366
257
2428
425
984
1370
1884
1306
2312
1742
1621
730
345
2296
1223
105
1245
191
850
1075
929
1705
1121
1950
886
791
2037
1690
816
1928
1475
397
90
1494
1947
928
58
1469
280
220
600
1821
1628
1584
557
2249
1317
2405
2138
852
673
915
1718
2271
2364
543
760
1044
1499
812
1067
2482
1036
1299
265
2299
1519
1309
164
1442
521
414
2384
2239
1369
1361
1181
858
830
248
712
2266
278
847
2197
1412
2484
1575
826
1298
65
2326
2489
2139
786
451
2478
696
93
215
2227
225
683
1366
2391
961
2218
959
355
584
2050
2104
1342
1663
626
2431
1547
430
1037
207
1334
1236
2331
1133
1191
892
147
344
1320
2488
1842
1571
654
1962
377
1867
1039
429
48
1678
1041
686
1724
637
199
217
1495
735
1095
1954
2264
2498
992
2401
558
1047
157
312
1274
284
2360
1865
1585
1226
927
2396
739
1335
1572
541
343
421
2196
911
1948
1652
2004
2257
770
2044
475
1330
640
1158
75
1978
1595
202
2451
331
1485
1608
2178
723
1899
273
2363
446
2313
1986
2204
634
2334
274
1524
509
798
1032
1594
1890
905
100
568
2191
1942
774
1592
917
2028
2194
685
1459
126
1192
1569
290
652
2199
1811
2456
87
2486
372
2033
913
1359
1609
749
586
1868
255
1903
2305
1941
1457
1612
1913
2085
241
2394
511
2083
1877
987
833
2165
922
387
1732
1582
111
1210
1077
2043
1397
802
1892
1866
1689
529
2265
55
1029
1296
954
666
1845
7
1131
784
2062
885
1380
631
2410
1123
2185
1070
1220
659
1072
1289
178
138
517
809
1332
338
139
1633
910
528
2243
2434
326
2201
1325
619
888
1445
56
2176
2148
385
1603
1778
1476
438
1
275
2134
837
2323
909
2463
1313
1189
827
311
2006
1963
876
547
413
237
1880
400
1448
1848
370
579
1909
2131
540
1417
31
1960
932
2059
681
1989
2340
94
433
1230
110
2226
587
1806
196
704
1502
603
1129
1614
1211
1630
2413
185
1831
328
1771
2474
1167
1268
1793
107
1886
1360
449
2500
1788
182
736
819
632
684
291
848
1687
1285
1586
1709
1111
721
2107
2332
1436
2142
1943
180
2186
2150
2288
1846
1968
2193
733
71
73
1161
1473
2379
1938
1049
1513
1343
494
946
2316
1381
731
1655
1964
1896
991
349
977
471
1176
2189
254
1449
2045
2427
2073
497
1248
300
435
576
1401
1679
1337
555
1283
2135
879
560
1669
895
2338
256
216
691
68
1170
2129
318
235
238
2423
1246
973
1487
160
2119
1353
2381
205
46
1015
698
113
629
145
78
1967
1219
2151
955
314
921
945
163
1149
112
2441
96
1747
1933
1714
2159
1719
2368
2417
695
1234
962
1817
186
1874
2446
2160
1480
1116
390
1085
1113
2056
1900
1836
381
333
729
1110
1605
1386
443
253
1952
1953
1201
2038
492
1443
1550
980
533
1399
759
1560
1871
2406
373
2298
2383
1195
469
939
1206
1766
1112
1303
2200
2370
1395
2480
270
116
2223
2369
2103
206
11
605
1915
764
1722
790
2361
5
1200
1127
1423
2475
734
1019
1885
818
1437
553
2118
1677
259
1833
117
844
1781
288
551
1138
1548
1829
1175
1319
1065
2023
1799
1462
364
419
1185
354
208
2297
1208
2238
1326
859
1518
392
574
758
1255
887
656
88
2225
2345
828
1670
536
2170
1157
2491
2128
1996
872
360
485
1383
450
1144
2064
1914
130
1927
1772
2018
487
416
261
2001
103
1857
188
380
2250
2054
2072
1723
2229
313
3
1924
2261
1810
140
2007
702
743
1308
1233
2011
1183
1533
189
2111
144
1415
1784
1134
1271
821
2293
1291
1254
1644
573
846
1767
2203
1624
1856
860
523
1882
2357
2237
864
1356
1654
2065
201
1647
2091
1128
2222
80
1685
1744
1581
1362
1748
1266
1804
1099
322
2014
671
2125
873
953
970
267
1607
1464
1800
829
1007
2473
1363
281
1734
1539
822
1352
1912
530
480
382
1125
569
1012
1934
2444
2086
1406
795
1023
1646
2246
979
890
1565
2358
57
2386
1414
174
952
1452
473
971
501
2112
1564
1626
1228
477
129
2292
1345
1622
1204
804
1763
810
800
1790
1276
726
1991
464
1126
292
1619
1180
2168
1484
604
1164
2329
757
2233
771
2210
1923
649
2122
616
669
1897
1371
866
575
424
2415
236
1124
1451
2145
567
1288
1197
1657
1559
1378
1279
1730
1650
1227
808
10
843
612
2063
1177
66
668
1516
1637
1466
2283
824
247
305
525
595
1844
441
516
287
476
727
675
1068
1002
1562
1024
252
1101
707
1375
244
25
851
2483
1739
1920
1891
1944
1623
1282
2090
303
2198
1463
2347
871
341
1186
1046
229
933
431
916
719
1341
1389
1054
2479
857
2495
1490
2426
882
1544
531
2015
61
2096
1297
1120
1965
1675
2393
1004
351
2061
1091
2387
1889
1579
28
1000
773
1822
1351
1769
2067
1082
12
1987
2353
454
513
2287
2082
1407
2254
969
1862
1997
177
825
2088
19
2211
1698
2306
1057
2071
508
854
647
120
1453
744
899
738
596
2373
474
1281
1336
1060
636
221
2377
1643
745
1257
814
1855
1193
518
283
175
2460
1421
625
411
1512
1780
2048
1102
212
1447
187
720
1995
1349
703
295
2132
1635
1221
2093
538
1422
2439
1141
1478
74
925
1558
566
976
2337
983
1745
2490
1837
1035
1162
1841
2252
1365
1109
1659
2099
1598
919
1104
1879
1696
1825
1577
1827
958
2304
2481
2496
1108
1758
998
742
2390
1872
725
870
1455
2034
1094
2247
1218
1671
1173
2425
23
2026
262
2002
1486
2494
1716
316
2349
1413
2005
2221
981
1588
2205
2380
386
878
713
1172
1373
1741
439
2259
2228
705
22
1988
200
1704
242
1636
1926
898
1045
1783
1574
2163
1660
308
1155
1691
1021
1458
2078
1249
2121
1596
2274
1727
135
801
2141
658
672
466
1610
1686
1064
1757
853
1616
670
1930
294
522
1202
2414
1796
2174
2181
1310
1009
203
1656
1079
711
2000
524
2260
2155
1797
2212
794
548
1774
358
820
902
1030
699
1209
2269
1130
1409
405
1493
2461
1528
676
2333
1873
1683
2303
20
710
268
2124
2339
867
1033
766
1506
1945
1438
2328
1535
1812
1426
783
642
552
1618
1501
1089
2253
1256
1785
1620
301
2310
379
1474
462
347
461
1331
965
1715
2275
1665
13
156
1504
1984
1583
332
1824
1859
741
1001
1749
615
2321
651
1576
797
2285
2319
1059
224
951
1601
115
1916
458
894
122
1901
941
472
1043
2127
936
306
132
2276
428
1396
2230
1765
1010
407
1026
1794
2012
361
589
1018
2403
1809
2308
84
1530
682
1807
2058
2175
181
1830
302
1832
532
2307
504
348
1792
806
1971
1225
1937
36
839
1273
2113
534
1993
2465
2374
2164
214
426
1959
2123
1368
486
362
1305
1315
906
2171
1961
16
49
1813
1591
432
330
114
1849
1240
442
944
2445
1869
1150
410
1374
996
2161
2207
776
374
1994
285
2027
34
27
271
1929
394
926
26
162
2270
1898
1700
415
1328
123
2407
104
995
1509
269
510
1649
1477
769
2076
131
2214
1327
1405
83
2457
1801
1578
1392
1354
2
39
279
1472
1145
1216
1403
427
1887
2021
1429
1017
2157
1404
2351
506
324
1805
1061
29
2158
1999
571
2467
1838
125
493
1393
805
645
1160
1491
1372
86
1556
2255
422
880
2309
1314
448
171
307
663
2277
2117
230
109
363
1789
2424
149
92
1286
2318
1321
1681
1055
63
678
562
366
234
498
1613
2236
975
2074
2320
2024
1893
2069
1951
1697
150
2447
1992
1025
1711
1260
1087
2240
1523
608
1090
1625
1066
1503
648
2179
1492
141
1752
1787
937
2040
609
456
1511
753
2492
2450
2156
159
716
2493
938
375
179
190
479
1982
1661
1695
2232
815
2402
1921
1235
2166
500
1814
1615
2272
592
1301
1154
1497
1517
1525
2184
622
869
2153
1634
99
1482
2382
218
1022
2464
1358
1117
2459
1776
478
1972
2094
1115
874
2019
1737
2149
550
1264
2341
1589
2030
2324
1168
151
1532
1323
1382
1782
1770
841
2017
708
1760
633
2013
1146
565
714
2433
1651
1617
1444
667
1510
778
194
1467
949
674
1290
623
4
2114
2256
1658
423
444
968
1515
1703
1593
250
1706
133
1384
24
2029
2167
903
986
974
978
2110
943
2242
2436
276
239
2485
195
2089
1507
1441
53
680
891
2066
1726
1894
2420
2047
1863
838
1534
282
1143
1520
329
1682
1531
1300
483
2115
1388
1251
82
2325
1013
2416
554
972
787
298
1028
1820
638
459
1027
1166
47
1355
44
1798
1034
1440
610
6
1346
897
1295
993
1040
630
526
2389
40
470
1347
1419
2267
2049
964
988
1292
1431
1733
490
840
1629
1247
228
1762
1932
1324
1648
900
602
62
393
409
1069
1338
1692
1199
42
2371
1753
544
2411
940
2437
193
1132
1205
1935
463
861
2116
613
692
583
45
465
598
2248
2419
1922
1107
2245
1974
356
1428
1058
611
1979
398
1196
2311
1042
1213
591
1416
763
1631
2392
1139
2397
1222
1600
1385
1904
496
1587
957
1269
2143
2219
1262
1854
1755
1136
327
1529
1754
37
2327
2031
1312
1304
481
240
717
1163
792
1764
697
2154
2273
89
1750
1870
1699
628
1541
956
321
942
514
2215
2476
2421
1816
1840
2497
1238
1919
997
134
1344
1907
1263
1668
701
563
168
512
1540
777
1439
335
33
1376
2235
2055
845
388
143
1103
2102
2146
1137
2458
52
2314
2404
1135
2440
2220
2280
1850
1853
2442
539
1908
690
2409
1521
2234
1773
750
1481
38
923
599
2286
304
832
1454
263
2322
383
1053
527
2108
2359
724
21
1843
585
990
1011
1097
2362
564
77
597
2342
1527
502
357
320
570
601
767
641
1252
520
18
935
1084
2281
1430
2133
1702
315
173
653
1955
2216
1546
2053
1456
309
920
817
1956
918
1632
1425
1450
1538
2400
440
989
1093
2081
2443
1051
582
1860
226
1048
1694
1599
2301
1568
947
907
277
213
1073
2395
657
1178
136
2003
884
1016
1985
644
368
1400
1169
264
2399
1555
2258
1936
1735
227
863
453
183
875
559
1275
1496
1570
2241
621
1379
581
249
588
153
1052
779
231
1553
2317
1554
1729
1606
1966
35
1557
1561
1775
43
2385
1590
1140
788
606
1712
1086
2294
835
1549
577
2344
2057
54
1214
1253
246
868
1190
2412
664
50
2009
1563
406
166
2408
1198
445
2282
1232
342
2025
176
655
2187
1318
1828
2466
2052
1339
811
1224
1505
982
2330
924
1435
1071
1902
2302
1957
1736
2335
1597
542
912
836
624
1427
85
751
489
2130
1911
2355
1243
693
865
1092
1684
715
901
1152
1074
1142
219
762
245
2042
1740
1895
2435
1194
1573
799
2092
966
650
1270
1725
367
118
627
1791
371
756
706
2453
2375
1500
960
1367
718
1165
95
408
1081
158
2140
796
323
336
1537
1402
1056
2162
661
1940
761
1311
2367
2020
2195
2418
1905
1008
1667
519
1839
1958
1640
