539
1298
274
771
2458
836
1597
1213
1640
2327
53
1214
64
2121
1931
372
792
811
15
773
1115
241
1362
673
2449
2295
2243
1257
1030
1185
388
289
1746
946
2100
1294
1898
642
497
1239
1449
625
358
178
607
2200
866
1863
747
643
1816
205
970
1895
162
299
249
1773
1608
1065
2094
1824
513
857
789
1238
293
952
1314
1909
2177
321
6
115
1528
1877
1146
1131
1985
1779
1035
554
1634
815
377
1140
1266
699
1055
2049
233
5
1629
1926
810
1158
1997
805
1000
60
48
1654
2448
656
1154
1735
1833
1628
1673
499
1280
996
2018
263
2066
350
1745
22
2271
1814
1170
1828
2320
1500
1644
1143
56
2280
729
399
1529
1458
1229
602
780
2084
82
1036
505
1980
1025
1688
1411
1288
265
1645
2419
587
1744
1925
1463
2415
868
402
2409
1754
2273
2404
1699
1147
1331
1885
153
387
1799
1091
1830
1054
1225
1589
1633
1513
234
2269
485
1861
1728
777
2344
1594
294
1960
467
1492
251
1234
2242
563
1521
2413
755
516
2484
720
76
679
74
262
1841
1284
2002
2282
1703
1707
1069
614
1175
2378
974
1811
875
928
328
395
2283
338
1295
2075
1598
991
758
362
955
698
2353
156
1568
340
668
2180
1135
2336
492
826
1087
1436
99
141
1897
1675
1956
429
1942
641
1092
438
2270
1936
741
2290
1058
1121
150
1881
612
879
57
669
2315
797
1497
2102
1235
2189
1827
663
708
832
2279
16
2402
1758
1592
644
418
1665
416
986
2212
1231
990
172
1286
1576
979
1712
849
129
2132
1435
401
65
1871
1648
2337
994
2079
21
348
927
1616
1780
81
2288
1173
1694
1686
1118
696
852
908
1031
2465
1868
239
419
1164
522
2266
858
1240
1081
1893
692
160
937
2328
689
1488
2281
1713
1300
2063
1481
245
2114
2498
2359
2297
385
1392
1631
4
296
1759
396
1244
1124
1485
941
584
972
209
1966
127
2016
1448
1692
1693
2459
2379
329
2199
1095
2083
2499
282
1646
732
159
2375
830
676
186
1353
469
2074
859
706
1141
1211
143
393
2483
297
1060
192
1402
1990
1975
194
447
1812
1734
2005
1920
1042
978
1524
2038
1979
880
1908
1219
547
2361
555
583
1896
2011
1136
591
1209
1482
2174
1401
2076
200
286
2146
1067
2129
104
2151
2188
1625
1883
740
834
1796
1310
1014
718
1706
2261
1752
2181
1193
1783
1751
1456
267
2417
2137
874
1491
2215
290
346
1622
1566
2472
1245
608
1818
2469
1660
1639
208
1037
532
477
1649
138
464
2126
1721
1262
2429
728
710
49
675
993
2148
2131
1387
357
1374
88
2310
1130
452
2071
1216
620
542
37
325
11
2381
1221
2108
236
1964
1258
2245
2447
481
1638
712
1341
420
345
2246
662
739
1844
410
688
2021
391
1299
2064
2430
1090
1277
1440
1166
1968
1259
1052
34
2253
1530
128
654
1596
2228
1207
1785
890
382
766
1281
646
526
1890
2116
1029
1656
318
1662
1582
188
772
905
2495
1004
9
683
2363
1217
953
142
121
2022
1723
2389
84
1028
140
102
2314
813
932
569
1718
948
400
367
1008
273
1954
2236
2158
701
1917
965
1220
1922
246
884
1591
183
1428
1343
432
1426
973
39
903
1561
1045
609
381
2321
599
2205
42
1320
1021
404
1848
471
2390
68
947
2383
1163
479
219
303
2275
117
2494
1162
2335
2118
1100
2284
962
2014
1354
1899
1186
264
1223
1872
116
363
80
2254
2087
1318
579
831
1854
1851
344
336
1711
2096
1607
786
1651
1842
146
1539
101
595
243
384
327
571
2004
1677
119
1172
1504
804
2119
1509
2384
2031
1063
691
1325
2433
1046
278
27
1003
1224
543
2362
1850
494
534
307
1695
1952
89
50
320
351
1255
2252
1391
1108
1465
1394
1434
2213
2240
767
90
2133
1352
1307
1762
287
1819
2008
791
915
1996
2244
409
1461
210
333
2364
2301
1386
521
704
2164
3
174
309
2125
2080
2167
2294
564
1544
2325
1635
2035
1098
2439
270
677
876
407
1813
44
72
1246
1202
930
1611
527
302
260
695
2138
1669
1274
1102
933
1338
1348
1378
1731
910
502
255
2015
1845
1978
2142
1026
1729
775
1951
2486
2027
565
611
1195
1264
1138
46
1103
1809
258
1517
1079
709
1543
2277
1289
87
1615
854
1389
2050
97
1989
2427
2043
433
1397
2217
2303
1201
2457
232
2058
2387
2062
597
726
846
2342
491
2103
1327
1120
1714
147
918
187
788
795
2471
2209
2257
2351
472
2489
248
647
1039
659
1399
2358
2191
530
1417
1001
484
942
1010
957
61
1105
2470
960
1260
1439
803
124
1930
2400
2082
894
275
2468
1667
54
133
2393
259
1156
2053
1777
648
154
1313
895
1459
2186
2249
537
1483
901
2298
498
2343
1184
621
1860
269
1057
1408
961
999
2306
1499
2170
1388
1507
1316
1738
2175
736
157
1817
2251
2493
1323
623
2203
1599
1470
77
2497
1856
2233
1468
317
920
976
2453
149
1373
2334
862
1934
2117
1531
1522
14
1575
637
2193
748
1940
633
2340
514
2122
1887
1737
2161
1382
1393
2120
1324
365
638
1275
742
889
32
1165
1335
1473
1464
40
1080
1657
776
1405
1950
511
951
566
1469
1337
660
949
2000
1740
1342
2496
998
2003
1590
2473
2285
1040
112
1807
474
671
523
223
582
1097
7
1250
1309
2420
1865
441
18
285
2139
1558
284
2046
544
158
70
1624
2255
1680
225
445
2143
1312
2443
839
723
298
2322
2426
1938
165
1679
1400
1641
967
1321
1869
1366
1836
1630
1024
1612
1678
512
1167
105
1438
1567
109
1148
2258
2115
892
1905
1784
2352
2237
1601
1668
1705
1588
1489
1684
446
2396
1916
1962
493
977
686
958
2450
1358
1466
2037
2101
1112
71
256
1073
1873
1480
1409
1534
92
1066
1247
1765
1977
1557
1363
2
1153
1415
929
1157
1367
618
1265
1490
1013
1815
801
2399
343
1278
1279
1252
235
1340
1903
1776
1413
206
1350
2474
331
2365
2160
985
242
1478
1702
2127
827
785
983
1672
1829
1407
841
392
575
1447
1125
1547
2124
1911
1093
1049
1427
1416
1969
1914
956
822
334
1538
1119
2045
1462
2157
667
1076
1017
442
981
1900
808
337
1584
1051
1385
1441
2476
2392
628
682
902
170
2147
2065
550
1652
923
2349
2302
1775
1101
1606
1089
488
1715
308
1339
2500
98
750
616
503
23
2006
271
1967
1308
171
1182
1855
863
1727
907
912
715
865
1150
517
1553
1450
460
1332
751
1753
1177
43
922
238
2490
62
1971
1987
1555
2260
448
2183
1263
1698
1404
322
2159
533
2268
247
1797
2386
1425
2388
1847
1282
1268
1191
1932
1248
881
356
2192
2407
1676
38
1283
389
1810
2134
2059
681
2107
2355
1563
558
1454
222
1826
443
1330
2190
179
93
1804
1315
1007
529
2028
963
1498
1359
86
132
1730
1326
1519
2350
1782
580
371
814
1506
2339
1151
1837
1180
528
1918
1127
2391
2034
1357
152
2479
596
190
2274
794
1983
1857
1050
1708
1512
1062
312
35
2311
1794
226
1764
655
1621
324
1203
1959
425
1655
201
2013
627
66
465
2492
24
2197
770
1371
2317
1183
1545
376
588
2010
2239
2356
352
1044
2017
1955
2452
1681
2385
33
1022
145
473
59
877
1614
2039
518
163
2487
737
576
870
2401
453
577
1467
752
714
1732
125
2207
203
1018
1243
1542
680
1880
211
347
1218
1251
1305
1876
1171
1370
2382
1196
2222
2227
2312
1994
931
1487
1972
342
1094
2456
244
1431
2149
185
828
635
73
2238
2090
2440
1965
2173
482
231
134
2475
1929
1788
1236
1390
2248
2278
1376
214
29
1152
1276
1697
1349
301
652
619
1006
779
2140
887
1137
674
405
1904
1104
199
292
2067
1254
613
1549
2226
1923
2201
2436
1749
2196
1902
1578
67
2070
520
155
1970
2007
1117
687
1992
411
2289
1803
30
390
842
1114
417
437
950
2432
757
1043
272
1432
2276
2113
25
560
719
843
1123
1843
1618
2130
809
1577
19
1077
111
1502
1595
1915
227
1256
1160
230
509
1083
1943
1581
1586
853
164
480
126
600
412
1476
463
95
886
1774
2166
1736
1518
295
304
1981
754
510
1403
1724
1430
670
2414
1210
1550
181
2300
2377
793
449
971
966
2085
2029
196
1823
1858
553
717
458
2204
2123
578
2023
1494
1361
1853
900
2009
835
1790
305
2060
657
2491
1437
594
180
653
1937
383
176
872
189
1757
118
1228
2481
1617
2326
224
639
851
500
802
75
355
380
1743
700
1508
487
1573
1627
1005
1033
825
1875
988
1129
1226
1551
1347
281
1750
1034
997
1659
819
525
1541
601
2211
476
549
478
444
257
100
1650
1609
1720
1107
1643
1423
551
1420
1297
1795
1375
1756
707
883
1505
1457
496
1379
455
1772
694
310
818
749
2077
2466
850
2172
1778
2033
167
103
721
1369
1864
1690
1364
2216
1642
2462
1471
1585
2073
1587
1159
552
373
586
906
561
1919
144
1953
1691
361
2438
768
1666
959
1451
1933
969
1178
531
897
943
1110
2293
604
1870
2092
1445
1583
713
1412
1365
2366
1742
1351
2032
888
1472
649
1995
1793
2185
1961
975
406
2367
2454
939
760
1296
2152
1068
421
935
1109
413
796
250
228
2371
2214
1179
733
26
168
1212
1344
2230
2024
2265
20
288
1134
2398
110
1149
1798
2370
898
1027
2286
2394
1422
664
945
1878
2372
1913
1532
106
1894
2052
598
546
661
353
1792
573
1832
1345
1075
1761
1976
2229
1647
2376
861
1683
1242
1674
541
435
2136
2171
2406
2416
893
1689
459
276
506
2057
63
137
2106
924
2256
1328
1866
2262
2485
2182
2223
665
1128
2296
1215
869
2110
1747
466
1078
1064
631
1709
1948
1126
2012
2054
559
1059
426
2424
2145
107
524
96
873
456
108
1663
1874
240
1988
1011
1293
913
386
2435
439
1048
630
856
1768
202
1070
891
1822
1700
2418
705
182
2434
1381
1503
1613
450
989
306
1484
727
1755
414
787
1520
603
829
1269
1564
1145
756
2219
501
2141
2163
570
2411
1846
636
1237
175
79
1710
2104
593
1479
2369
335
2467
896
640
221
1082
684
938
1088
944
1433
904
2373
2319
919
1452
12
1019
1664
2442
1071
934
1741
816
2437
1181
2333
914
468
213
135
2135
1671
1012
1322
451
1270
283
2405
1888
1569
2150
2061
982
2072
2111
2095
94
1610
1086
574
461
1198
457
354
734
1189
1116
548
379
2441
454
427
817
130
2055
2194
1717
1696
508
1085
2272
702
745
2309
2048
2078
515
590
1559
844
1194
2463
1670
2202
916
2395
423
1947
984
2308
2081
58
2097
195
1410
2332
833
1658
486
1241
2488
1074
1273
2455
1496
91
781
360
921
2220
253
744
824
769
1053
954
123
489
799
1891
1763
370
800
1771
2036
1222
1716
2019
538
1999
812
1061
1781
266
838
1395
495
2431
1602
2241
678
1122
8
114
2313
1632
980
925
1290
1292
2086
1192
1346
2184
1560
2305
1910
374
1020
1546
1
1271
1475
1377
871
173
237
148
2324
252
1190
1072
1886
1161
798
1023
47
1291
783
878
1206
1424
658
738
2068
1253
2179
2360
1921
2144
1208
2089
1766
52
645
1882
1907
936
51
1820
1939
2056
1477
778
1838
1510
341
268
2444
762
2128
55
2231
2348
2464
279
1928
730
2218
440
434
753
1767
1233
1701
1306
1495
212
1380
651
366
2195
1511
1319
1144
1991
2210
2206
1974
909
1791
2088
629
1556
1261
1446
1604
606
13
1603
774
1802
1725
2026
1769
184
349
592
139
1825
556
1849
1272
1993
1637
1957
2368
1805
2187
1047
207
1493
315
823
217
992
2287
339
1329
1302
2221
964
1099
1527
820
2461
41
1455
519
69
2162
685
378
2397
1176
1032
1016
1486
2250
1155
1963
2329
2478
2069
1199
31
1879
368
882
806
2224
1285
1626
1227
1834
17
2299
2247
1839
536
1653
1685
1197
2380
1142
169
860
2330
78
693
1139
1535
470
1514
2047
2225
845
624
1334
2263
1133
2165
332
191
1552
1317
197
1739
1733
1540
697
1096
1619
1230
1204
848
2357
1623
1525
2410
1722
2408
2025
1570
1801
1398
807
2422
585
2318
2291
2267
1084
398
2480
2331
436
2044
2042
280
1169
911
2338
1368
1526
1935
782
1418
2105
2403
790
1884
394
703
1396
2169
408
1453
1232
765
1523
36
330
605
761
867
2341
1554
722
672
323
1806
1111
1821
504
28
1924
650
122
1867
1789
2425
2446
847
216
1949
403
1906
1267
1444
215
300
1429
314
1406
622
1800
462
1200
415
1460
2445
1941
1336
1770
193
131
2460
2030
2477
2235
2232
1474
1383
2178
1533
1748
2153
475
1946
1704
535
2168
1311
1443
2040
1892
784
731
1168
940
1303
763
1009
840
2154
261
2112
2421
313
1537
615
2001
764
1106
557
254
198
711
166
2109
428
2176
369
1355
2091
507
375
1515
2292
1419
1682
2234
1831
113
1548
120
1973
1015
2347
2156
2099
899
316
1442
2093
291
397
1572
626
85
1760
2323
1516
2412
2345
1187
10
2198
1787
632
204
725
1414
424
45
2041
724
364
589
2208
1986
1901
2051
716
1571
617
968
1579
151
1859
83
1982
1726
431
1132
567
1421
2259
1687
1600
177
735
1719
161
1636
1835
2264
2155
1944
2304
743
2451
821
2423
1945
2020
746
1384
2307
917
2316
1852
1333
540
1998
690
1372
319
2346
562
1786
1205
2428
610
1301
1536
864
359
1620
666
1113
490
326
1038
311
1912
136
1808
885
1580
545
995
1862
1565
1574
1174
422
1356
1002
1360
1501
1562
1605
855
1661
1889
634
218
837
926
1927
2482
1840
2374
572
430
2098
581
1188
568
277
2354
220
759
1041
987
1056
1304
1958
1593
483
1249
1984
229
