1588
955
917
350
444
990
2224
63
398
593
2036
2018
50
502
2362
587
1822
222
1906
1947
1823
371
648
2273
182
2310
566
695
2288
655
137
2326
1548
1797
1472
1702
668
899
898
1181
2429
2251
2477
1635
102
1758
1604
494
2240
1025
515
871
2143
2361
249
61
2123
91
496
1012
320
693
6
1606
28
845
2118
1686
409
2483
267
754
241
32
2043
883
2371
2028
936
2498
131
753
930
1377
2401
1055
1292
582
2459
103
1536
1577
172
846
973
1759
1499
2323
1752
572
2040
1668
2078
1482
174
1139
591
642
70
1614
1111
1787
1622
108
1203
2453
761
1657
2367
1320
1908
1688
1828
1931
1514
803
285
1177
1404
1118
997
1780
2219
1818
304
2009
173
1805
1445
1698
207
731
1182
1298
33
1838
2031
1709
729
2424
400
2421
1103
660
453
862
1348
1998
590
1550
1221
1496
622
1993
1050
1001
506
8
1568
116
1242
2159
94
705
1738
129
1261
841
576
2321
1033
534
1819
163
1452
1697
1808
820
2180
150
2035
1480
1988
2434
583
529
670
676
2187
184
2269
2440
1830
274
2021
1789
530
985
1017
250
1419
879
1092
702
768
532
1744
1502
1016
1711
878
1431
1186
1324
1948
26
2325
1526
627
984
2061
478
1199
618
1907
1685
1795
1271
424
2385
599
2245
619
83
2
2258
46
464
2360
446
1257
72
1479
415
719
1694
1827
1836
1250
2165
1458
912
144
1068
2411
301
1319
2431
671
1538
650
1384
1739
1528
1064
57
1301
1383
2049
828
1038
75
109
1585
1313
748
1234
1282
945
2271
480
564
24
1963
698
1299
1503
329
1813
2347
1286
805
979
802
1563
118
2039
442
1807
2114
900
1639
291
2354
1736
1082
1555
393
1457
498
1539
2077
1232
1239
1893
636
2025
1233
210
1896
1508
2005
36
808
1213
2217
186
2190
1831
962
1475
977
497
681
1737
1637
2191
1474
1341
1519
95
342
156
1492
1961
727
1072
347
416
1120
1402
2370
1362
2335
1129
554
1945
894
2071
2106
2341
2100
1434
1677
509
260
1080
2252
852
714
1124
382
1226
1505
1414
2002
725
1451
1599
1108
1084
2268
1628
2254
696
1439
1595
877
944
2032
1629
2075
461
1178
927
418
1926
1288
1090
1235
863
1208
235
1868
1087
1781
1609
791
2482
2352
1782
76
315
1525
756
2494
720
2164
822
1790
1269
1391
1814
831
1718
177
1148
507
1839
349
1247
2311
780
2275
1091
2383
1155
2222
232
1022
1483
1778
1008
1007
1913
737
1581
1970
403
666
2476
1210
615
1753
881
1212
1843
427
706
1405
1249
911
1430
1741
906
366
286
1962
646
2266
2443
48
2492
2344
602
277
1680
1256
688
869
1855
662
1360
965
2041
1484
2380
1925
981
785
788
2044
252
1154
995
1512
972
1603
801
982
44
97
2211
2338
605
1333
569
2484
1932
66
771
10
1884
528
2295
1529
1306
2316
1673
1238
561
1220
2433
1491
1036
1352
1672
1978
1149
386
842
1862
54
1634
1735
1844
2384
1197
787
2087
818
323
2260
467
216
816
767
1355
1786
391
370
1403
401
1004
365
488
1466
2277
920
2033
1687
914
1093
923
1273
374
1594
2129
2466
332
1426
330
533
893
1701
1189
544
567
2141
1485
124
1147
43
2342
2203
1450
1966
195
798
709
2328
396
335
909
746
1057
555
408
1775
1432
1289
1532
2261
2430
1469
2235
309
1061
838
1274
1437
1956
1399
1350
1728
1000
793
441
2174
1745
1878
17
199
1987
218
726
1246
1518
98
1770
120
2197
866
2066
983
1615
1558
345
2234
2395
1793
2333
1042
312
950
439
259
133
134
2394
105
781
2230
2189
1644
1665
162
51
1415
399
1294
255
541
1761
486
2475
1885
2182
621
1456
73
125
867
2428
1852
948
812
819
1470
875
556
876
1187
2125
1785
1722
1318
187
2178
175
1707
275
975
1816
473
1143
2463
837
1142
1268
1690
1369
1073
1608
1517
2470
2355
410
1119
1597
1357
421
1278
925
13
2456
1952
947
2233
1337
1290
2414
456
1871
2377
1861
931
1725
417
123
804
2293
749
776
84
993
37
360
1123
244
2088
2115
896
265
2497
169
2444
1618
1207
168
2285
100
1500
2339
2283
183
1769
1954
209
1460
208
1631
637
2101
458
465
352
832
1381
773
1312
1211
2157
1400
988
744
2083
617
1372
635
2082
861
200
1251
1847
2415
835
256
1724
1161
1849
1578
685
2136
647
1344
2350
363
1170
272
1107
1157
1005
2353
626
2387
2298
2448
237
934
2239
316
1368
31
2148
1815
1167
1476
2358
941
1811
2487
378
2026
2398
1359
1398
1865
2086
1227
1353
1245
1397
1531
341
1717
848
888
2162
53
718
1642
854
629
601
2297
1645
466
1346
1535
857
991
1317
1127
1152
2232
1796
1867
2343
154
2284
1063
1117
1520
1613
58
452
2050
1943
1266
139
1130
41
2107
1453
1624
1165
2045
2499
2121
190
1285
248
1890
2055
1552
2110
2438
901
522
2265
468
701
2210
1506
397
430
214
351
508
136
964
1086
656
239
425
2457
1671
1619
1960
440
2138
491
571
1940
1146
297
1750
2163
1010
1343
2023
1095
2147
2212
889
2128
1630
1516
543
919
1193
1097
1032
7
324
1975
445
135
361
826
1980
1766
1281
885
1279
1194
303
226
1729
760
81
56
1309
1820
872
677
460
1252
155
2153
2092
833
2156
111
799
2372
943
15
2177
1922
1620
1023
258
2500
1078
1104
2227
1374
1669
1027
675
752
996
1561
730
865
711
305
2379
721
1046
1569
1052
1601
1327
1969
1083
2426
864
138
89
82
553
858
2419
742
202
148
921
1656
704
11
887
455
1328
1172
1493
645
2202
850
1267
2331
2267
64
2357
1540
1132
2226
1446
2168
381
181
428
1927
1433
584
1730
957
1358
1314
2094
2248
493
1883
1592
1081
2317
535
1198
1114
1756
1200
1911
1310
495
1684
1425
1265
1473
499
1580
2292
2461
220
337
3
692
1329
1587
2166
369
963
318
1562
319
1166
211
45
1423
1983
1002
1305
922
1765
1584
1706
117
481
1800
510
1783
434
1140
1723
333
2278
1302
1131
734
225
2257
1976
851
1011
1488
2081
2307
1236
2420
1661
1544
2471
1928
1712
1872
402
1903
1490
477
165
2348
264
989
159
800
219
933
663
2236
2112
2149
1280
1534
1716
918
194
1879
1100
2215
1646
243
2116
1866
2172
2468
192
987
1185
25
405
1640
537
1930
2262
92
1919
586
2337
728
628
1779
999
1846
2378
2247
2324
1621
976
958
1332
212
69
1909
2413
966
1746
2105
527
521
1122
750
1390
847
230
2196
2404
1031
2154
271
538
2280
2446
2194
2185
1015
1611
1764
807
723
2389
193
740
2098
1065
2127
221
1643
1607
597
1053
372
2137
762
1159
469
1176
2451
2133
1323
1287
2305
228
732
664
307
2435
490
389
143
1600
1649
1411
589
786
859
1375
644
978
1316
1533
1792
2048
1921
1527
280
536
545
2336
1471
2349
1075
2473
1202
2015
612
907
306
2469
2281
949
247
932
459
892
2423
1258
513
1308
2013
1917
2270
1905
1393
310
287
2119
905
1542
1497
758
234
1150
2160
1810
1715
1835
1691
2312
1653
2282
1696
632
1598
1478
2396
2479
2208
2425
667
1967
2474
1224
902
1248
1448
1326
290
147
2016
115
2454
1331
1876
2346
90
1875
2122
891
245
2184
317
620
2314
994
422
1201
1564
206
429
1102
1918
1887
1853
1933
2173
678
783
1231
262
215
34
20
289
2364
1070
2243
436
231
1459
394
855
268
355
2130
266
1392
201
1345
1054
512
904
282
1955
784
1882
1994
840
2059
2490
1264
974
1579
1742
2102
2402
336
1428
2472
1156
121
1557
1749
379
794
1982
240
1889
1593
1435
2161
596
757
2167
1347
1088
1560
1293
606
273
691
1979
956
55
1880
1545
649
504
423
1873
1009
149
2004
1915
2432
1487
2063
292
191
2408
322
1825
179
1509
1840
1848
1655
189
557
454
1385
1029
2223
2452
2255
246
689
1021
849
2256
2054
2144
1773
1651
1394
462
2134
1589
2209
1977
180
276
700
1623
2313
2412
1173
2309
810
1754
1094
339
1024
624
1371
551
227
643
585
1760
1134
745
792
1804
2074
2397
1627
2306
1751
1192
1335
1205
1676
2037
1504
2422
574
2393
609
21
1494
1576
1924
2365
2072
1204
1700
1935
1869
970
763
78
1886
74
126
2193
969
897
1689
463
971
1222
2132
2146
1408
1354
2030
2090
1144
1574
299
1481
926
160
1263
1364
331
1401
1674
132
952
548
821
1692
414
2366
1395
130
14
2332
2290
1986
1096
790
79
2120
2291
2067
426
298
1566
52
1902
935
2206
782
2417
1020
1964
2091
1957
198
1916
1424
1311
829
953
1035
2253
2104
1648
1991
2303
1965
328
2436
1382
2027
88
2304
2486
1295
1812
326
359
710
2320
1416
1407
314
825
2096
1974
806
968
2287
915
1014
1650
1230
658
1101
924
1378
1990
1283
1066
412
217
1888
203
715
1641
1719
9
641
638
980
1441
1762
2176
2142
346
1138
1513
146
1666
547
23
1217
1190
196
766
563
1449
1361
559
1477
2017
1442
2441
928
49
2131
520
682
755
2250
2207
141
2322
1850
1678
450
2330
1468
140
376
519
1
2135
1632
1794
604
1897
407
1113
560
1720
2386
595
1325
1422
1461
1910
1051
152
1652
1099
1244
80
1462
2113
2111
2199
886
2225
327
1511
1169
2263
1968
598
2381
594
1605
613
1044
568
1939
1938
708
1996
608
356
411
2151
1056
1537
1447
2491
2449
895
1757
2007
42
1582
1704
325
2000
2109
1136
525
1338
1946
565
223
2403
2065
1188
362
2053
1951
614
1321
824
1370
1059
1216
2455
882
2152
2198
1133
96
2439
1705
1521
1547
2140
2231
690
542
2069
1163
1857
1856
2390
2229
1626
1523
2038
1806
673
404
2286
2046
1901
39
2010
2318
913
2014
2382
254
1914
1284
1732
1891
769
344
1971
29
1307
679
937
114
1116
630
2279
1175
5
1229
1034
2218
2019
385
1899
712
1826
1184
484
789
16
27
1037
1253
2103
1912
607
302
611
2001
107
1515
1549
153
224
827
1755
1410
358
580
694
1802
2447
562
1776
992
639
2259
654
1196
686
575
1817
817
546
813
1153
1920
1748
1553
357
1206
367
2073
1379
2011
1376
388
482
1858
38
67
2296
449
1389
145
438
747
1900
517
1679
1590
739
796
503
2216
1556
2079
368
164
343
1085
251
1660
99
1006
1743
1799
373
1464
1297
1174
687
2299
2374
2175
1591
797
2108
2376
1141
1438
1115
1659
610
2076
1228
2294
35
579
233
87
12
844
1571
1546
539
1296
1106
279
2139
1936
1386
2369
577
1791
1801
1110
1339
2150
263
1572
2089
775
2375
321
1495
1026
1498
384
1219
1162
524
1763
1041
724
1039
1721
549
640
1049
659
951
1040
1768
674
476
1028
1195
929
128
77
2008
470
122
2478
795
2205
2064
166
1772
1467
2315
2003
1647
413
505
1784
2274
1145
47
205
814
1363
472
2099
2345
1183
170
432
2057
1334
581
1048
1727
2485
954
2020
874
600
1944
284
1731
1243
1254
1809
1972
19
1077
778
1315
1356
1929
296
2095
868
392
1663
1225
1069
1304
1440
1995
743
283
1112
1367
1340
178
2480
2214
431
1275
2276
2467
1714
2126
1158
1958
830
2427
2006
653
2465
1277
1870
2437
2171
500
1089
540
1710
257
2308
1845
1530
738
435
1774
2334
2241
2058
940
1859
119
1834
2155
2062
1121
716
884
657
475
1854
1824
815
1171
1664
151
1586
2489
2084
2351
1191
942
961
1842
1612
2145
1851
1803
295
633
1417
1443
1573
1406
1633
570
197
2249
722
1726
680
1240
2242
93
1260
1959
946
2060
311
294
1013
1380
313
1164
1418
158
106
30
62
1543
1043
1291
1079
406
457
364
377
1567
1218
1683
1636
2188
1670
1616
4
487
1860
765
809
741
1351
823
110
603
2170
1255
2272
104
870
967
526
625
665
1276
1999
1798
2093
2183
176
1047
447
300
334
1510
2301
511
1570
1128
552
699
60
278
492
669
1420
651
1062
1413
751
1330
683
1349
85
1067
188
1662
1833
1559
1771
2052
1675
1699
1125
354
1071
419
2022
1454
261
1303
1180
1366
960
573
2356
2034
68
764
395
1703
1708
485
2373
236
238
703
2363
707
375
588
1019
1923
652
890
288
253
2042
2460
1259
661
1981
2068
2024
631
1682
1973
1214
1541
1667
938
2327
733
2340
2392
1126
2029
2181
2200
1934
717
348
2204
616
142
1365
1985
2319
2195
1463
1942
779
834
998
269
2244
167
1388
2238
437
1209
873
1489
735
2409
836
523
843
1336
1693
22
242
2359
71
1551
1060
1625
1237
1747
1135
157
772
684
1373
1837
127
1575
1396
770
1767
501
1223
2056
489
2047
1898
1583
2192
959
1262
1892
697
2097
2406
340
916
736
1554
2264
2495
1465
2300
1895
2201
1733
1740
1003
2493
1421
112
2481
1215
1877
1098
1610
1522
59
774
910
390
1444
2442
1151
1105
2070
558
86
1409
908
1501
387
443
1160
1638
101
1654
2488
483
2124
1241
18
1342
1137
1455
433
1953
383
293
2228
448
986
1486
1412
2186
1941
1270
1874
2368
1076
623
550
2213
1658
1427
2179
2388
2462
880
2464
1436
1829
2289
1074
531
713
578
1777
853
2117
171
860
1617
474
2246
1602
2237
308
2391
270
2405
1713
281
2410
2220
1322
1681
1524
161
518
471
479
777
1272
65
903
1734
1695
1596
811
856
2418
2445
1507
1045
759
1894
1058
1881
1018
1984
592
1989
2496
2221
420
1937
1429
451
2399
40
1832
2051
1030
353
229
1950
2450
113
2158
1109
185
2169
1168
338
839
2407
2080
634
1387
514
1997
2329
939
1864
1904
516
2458
1300
1565
2302
204
1992
2400
1821
1179
2085
1949
1863
2416
672
1841
213
380
1788
