1298
2093
164
1513
28
1015
1601
820
2140
174
1348
1979
2066
2067
94
625
699
1970
1921
1004
1586
2158
39
1452
1758
839
376
1419
210
2082
551
992
1334
258
151
668
1856
1895
298
1890
835
664
223
2189
1592
96
2406
1579
1524
1488
1387
740
1938
1860
263
2461
261
1164
2380
926
1232
1171
2092
1403
1155
1154
283
1415
205
629
1716
892
1744
554
2184
2035
1572
1948
2019
2428
2194
931
1521
1338
414
186
1525
216
730
2477
2307
2259
1515
131
1894
120
1119
1321
1047
1267
764
353
1583
1123
1373
1665
1284
1764
2014
852
299
1131
967
2098
2271
692
1418
211
846
851
2144
441
2424
669
566
1913
2285
144
594
1350
1048
2193
1431
899
2003
1911
366
1450
1538
1699
1872
469
660
717
2166
2218
2168
670
66
1394
2487
708
167
995
1603
2181
1819
2110
683
1033
2440
1372
1736
682
1367
1624
1737
2084
2061
1672
1683
87
2249
339
13
504
1253
1262
873
1685
166
1909
153
1312
767
1555
1495
745
21
474
678
759
1507
1079
1688
1928
844
1430
1146
1715
1400
1363
1275
2386
1020
2320
1967
1351
1789
2155
940
1671
754
1821
573
548
1590
2434
952
489
182
888
272
1301
508
155
2055
535
1738
2208
1954
320
1480
948
1832
2129
1761
902
1030
1905
527
1353
1654
2448
1505
2298
1255
752
1053
1006
50
766
1021
895
232
1865
1750
1804
1354
1147
587
2348
2015
1651
1615
2162
1398
2130
1503
267
2185
878
635
1971
581
324
1189
27
2318
2412
1924
826
260
1280
568
879
359
513
141
1945
1162
2309
677
2038
1461
2041
1458
238
1014
381
988
2060
700
1691
222
962
2287
2170
1620
49
2032
2001
1009
369
1178
795
2197
57
1110
1258
2033
1534
667
486
1330
1835
772
1922
799
482
1041
768
1407
214
1729
1632
2372
1852
1063
378
1163
510
565
1916
229
1187
2085
2146
2125
1084
492
2180
2431
1409
1527
803
2039
2484
1198
2290
986
511
590
1224
2399
418
68
1733
256
1118
2083
906
1241
733
1883
505
1877
1950
247
2481
1252
1986
702
42
716
1331
1999
173
591
300
1451
1982
1264
2315
306
977
330
1885
723
2384
2172
217
536
424
2012
157
597
2496
1546
48
1824
363
1443
592
416
1904
1179
2071
350
2283
434
1007
1934
856
2220
15
1655
2325
1095
2142
2269
1898
1067
1648
1061
472
1610
1755
1963
146
732
2063
881
1326
2245
1318
2390
24
1535
2322
1939
32
1712
788
2261
158
1867
440
1636
1723
1540
462
450
1343
1104
1469
552
478
443
2052
1577
1019
1192
2251
776
113
933
1491
1607
1477
1413
1388
14
979
1492
1401
2482
2426
132
613
2160
2391
2214
1459
2043
481
593
227
2463
742
36
1705
1964
160
2438
407
825
1411
2292
1231
814
1842
2344
858
1449
727
451
1109
2122
1012
882
2004
737
1657
2215
1880
1307
2361
1087
1269
382
1287
1002
984
1509
1170
957
1567
2430
2410
118
2302
1719
1879
459
1667
1052
2177
5
1949
235
2354
1760
1811
1201
2150
2229
749
226
575
1663
1990
2075
744
1151
2296
1174
1808
192
1771
1233
1820
79
1609
78
253
1813
126
467
7
961
72
139
2
119
1205
161
1889
127
1405
1441
860
89
2340
1978
919
1728
582
1143
1214
1406
1361
1772
2145
1742
812
379
2353
1494
1847
2488
319
2266
2072
1815
1529
480
1248
1165
1888
2219
709
1148
1702
1960
837
356
165
1897
83
241
2011
907
1364
947
1112
196
1861
1496
1644
1044
1465
2295
163
871
2473
865
1652
1380
659
1762
1454
1864
2465
1831
1254
2381
1933
1802
889
466
2303
2163
2086
1235
1217
2018
2204
1132
792
1613
76
1271
2407
1642
355
1308
1845
184
2228
1774
1404
2212
271
2376
916
949
2164
2256
1038
103
1358
1814
274
1558
2500
1069
250
743
2425
2341
648
1000
1137
1677
2238
2211
1767
1366
1965
1247
2333
686
2483
1969
666
1281
225
46
567
1557
559
663
1268
423
2190
491
391
185
2420
1854
1426
1468
509
344
1236
531
2310
289
517
1225
855
388
1082
1837
2119
1245
219
200
1440
1098
662
1997
1536
1239
130
242
2460
731
1222
534
1071
2304
927
611
1177
1145
309
2268
1395
255
2293
473
1153
81
1296
2074
780
1122
1077
1669
1270
1290
1564
610
836
2277
1049
1045
647
2281
1439
849
2370
152
6
2050
1175
1660
685
1589
1306
2458
2234
941
445
640
869
997
1114
793
2252
1561
2408
1117
1076
187
540
2192
313
1779
1027
560
2042
2117
1277
1828
2446
1050
2237
1500
101
1693
292
317
2136
958
1778
228
1249
209
502
338
2449
208
1103
694
1570
1763
1992
2343
924
2221
435
929
614
796
1502
1435
1818
1559
821
240
1759
1127
1727
2335
1684
2321
389
1951
564
2385
246
1489
1925
2005
1105
1438
1937
1355
877
687
2471
2419
920
297
1250
1920
1717
2326
1157
1043
715
1996
2445
2300
465
2282
2141
623
280
1240
950
1622
1383
543
1662
108
2443
1582
921
738
331
1825
2087
2433
1266
1423
911
1650
1485
936
1730
479
1741
2312
29
2191
963
1191
1959
1514
621
960
1444
2347
33
1101
1633
1124
1292
1816
1830
421
586
1090
870
925
1616
891
2230
939
373
1140
711
269
914
1606
1985
194
1794
2068
890
2108
595
601
2327
162
1542
544
1369
753
1907
2432
117
2053
80
2383
521
71
390
485
1740
980
327
2368
1687
468
681
385
579
1393
1203
1349
1259
756
244
688
638
372
1588
1844
2182
2233
2232
1467
1623
571
1908
1097
2328
1464
2366
2235
770
2345
348
425
236
1080
262
787
672
419
817
2196
183
2239
368
329
2000
285
1359
400
1544
2116
1313
1961
526
53
60
1829
1560
1629
426
1647
706
380
2016
1130
1486
1054
483
1180
1238
1901
63
1553
1389
1416
1770
1040
599
529
2478
1134
841
2231
2099
1791
1035
896
1094
789
2270
88
1776
1445
212
1125
1055
2294
109
2062
1001
1568
739
93
2499
316
989
1859
340
102
1955
1478
2495
1941
520
968
1773
798
191
2104
1207
1701
867
965
1550
1111
347
1988
321
1517
2056
1417
1453
1093
755
1995
1987
1510
54
26
937
1032
1681
401
1442
864
790
2485
842
417
1448
1682
1329
2349
1874
1508
203
2263
282
1424
758
718
2103
1471
122
1057
1263
325
2148
2224
1085
95
1336
2350
1289
898
1327
97
129
606
956
404
2493
218
762
1725
974
904
1159
2387
2173
2258
1993
2479
1457
1873
1172
782
195
1962
1947
1576
2313
829
1182
2334
2405
777
530
1612
533
1328
1144
2311
449
765
2466
175
1339
1973
1848
651
2457
1200
2472
2165
1739
1915
1891
310
2260
1618
1474
448
1340
2112
524
107
1980
2447
1345
178
1482
696
584
488
1434
1751
1858
432
1972
34
832
420
596
703
456
2317
637
490
296
883
2416
2200
1775
588
1309
570
2336
2199
1792
2137
75
2246
661
1476
1374
903
2216
1160
971
2468
2342
656
2022
336
783
335
1243
2393
415
371
1735
810
645
2474
1803
422
91
116
729
550
1139
1783
1475
396
615
1512
2462
1805
1822
1068
1562
809
2262
1133
1855
608
1718
1462
1211
1504
2105
2153
2210
1580
603
831
1081
402
1195
747
1600
377
1108
2378
616
230
1757
1102
2121
394
136
1322
2388
464
2028
894
1022
1678
1940
1724
1765
1008
1626
1836
1106
1062
1371
2034
1602
1696
2339
2351
264
1499
561
1429
1384
628
1690
815
452
1433
874
1425
2073
1630
680
1698
710
2486
805
1646
41
689
1703
2132
433
1906
90
778
206
304
1473
128
2423
1120
1556
2161
1059
653
1768
2120
259
578
1679
1237
503
2362
2490
409
2124
1573
2359
364
1584
410
775
2242
1083
2357
179
975
816
1024
1126
125
2008
254
2126
1121
1276
1039
1857
983
1037
1304
1635
1261
1875
644
951
2491
866
1003
917
1028
1721
634
713
2454
18
115
1212
2226
1317
1013
2437
471
276
2187
74
1446
719
604
583
2299
268
1347
679
2186
506
493
804
2413
2201
460
2054
1643
876
92
476
2379
546
1396
447
1946
2497
993
1732
665
398
1709
1914
791
85
1881
2492
1707
2143
912
484
315
2404
2051
2267
654
1046
266
1943
528
2291
1221
65
2402
38
1497
1410
1206
265
698
1713
1795
794
2272
1827
1944
1297
273
763
73
2045
642
1537
86
557
690
1483
1226
1194
1158
1427
972
525
691
201
501
1522
9
786
541
1100
35
430
955
1204
112
2027
2289
845
1142
2305
2178
457
2467
1692
311
30
885
2020
823
1722
1023
1218
1072
2414
1958
1472
20
1747
2475
2025
1202
1675
1460
1246
318
1113
1428
349
40
1977
142
2006
518
1673
1197
323
1686
1386
854
514
994
1569
1659
2451
1484
345
1064
1523
1379
1036
1051
1412
352
757
905
1552
1323
2415
1549
1548
1215
2377
1169
574
1843
1653
1766
1807
2094
2207
1862
1167
59
636
1594
2352
932
1320
1689
808
774
2059
1578
2069
973
312
2106
1156
351
2382
1278
114
539
1490
1196
2365
444
720
1392
2398
1188
2036
288
1466
16
429
2470
602
1788
2159
1868
159
671
728
439
545
1849
2371
202
105
1694
1956
1700
2021
1919
523
249
556
1479
627
834
2422
2358
403
2286
1706
386
1994
2456
99
1333
438
2065
1017
1981
2023
2128
1368
1638
827
1539
2356
2188
1227
1749
69
824
1531
140
2248
861
190
2279
1181
886
1346
1745
1782
1628
2316
1565
2244
1288
2171
2107
193
361
1078
2297
802
1056
857
1031
641
171
1244
399
2337
2030
2167
2101
1456
697
1853
138
760
2355
257
395
693
1016
2096
1299
946
2400
1851
2264
2080
1470
31
1734
1608
1058
1748
769
2147
1543
1073
998
1668
461
1075
1210
813
1533
2236
1731
2123
143
475
123
1596
133
2323
412
221
996
2364
828
850
923
649
2243
822
334
455
781
1422
2421
1337
1208
4
2088
1900
1926
1342
303
1935
580
2078
1800
1785
1176
25
308
1305
1611
2324
2255
19
1563
463
1365
2409
915
237
405
2079
750
800
1799
1115
1128
626
243
1447
2332
1957
239
1952
721
213
2374
1274
2453
231
1641
2090
1375
2444
10
2156
360
137
58
1010
387
2040
2149
1399
2157
1878
918
1991
1812
806
507
1518
1295
1797
2138
277
1088
833
675
1932
180
1571
245
1975
1414
188
1899
1887
1324
563
82
1311
2049
2091
1092
1882
1025
722
170
1190
135
609
2203
2257
1649
655
2139
1598
499
1220
735
1487
1519
1870
1018
270
1530
2373
2217
944
393
522
1070
1223
357
910
1983
496
55
354
771
198
2306
985
281
1150
1605
843
437
1942
2206
2183
1273
1511
1658
620
848
2024
1645
619
37
673
1743
901
1838
572
1099
1310
199
622
712
884
1285
658
1863
707
1402
177
1303
2494
704
2247
234
2363
1344
1621
77
1869
1674
1923
2127
1173
724
2109
1781
807
2154
1352
2133
2439
954
1710
2010
1377
314
2253
2113
1826
1319
2397
2179
657
487
150
290
2007
981
500
1360
45
1005
2225
1029
370
569
1385
1566
1839
1834
2227
1260
1902
1627
2314
1300
1575
868
970
51
2369
1664
446
215
976
512
887
1809
2202
1704
631
2274
307
2301
233
547
453
2037
477
934
863
2174
701
342
2114
519
633
639
367
168
2338
384
2346
220
1362
2329
1817
67
943
2081
1806
938
1528
801
751
1850
1593
2452
408
1752
2265
147
1066
930
1554
1302
2273
2401
652
2464
1408
2441
2135
2403
1769
2275
1341
1793
2254
897
1917
1893
1777
2469
1493
1801
617
1823
1282
830
1166
982
358
498
819
2427
1129
121
695
2480
1436
1381
61
1184
1974
847
1640
2118
1746
1625
406
392
2195
555
1230
383
427
2044
302
341
969
859
2250
1953
47
2367
11
646
346
64
1391
284
1209
1756
1604
1376
684
2418
2013
2476
748
293
589
1966
326
1042
1840
2278
913
2213
853
2375
2175
1382
2308
156
2198
1587
17
558
1585
2026
818
207
294
1152
1193
605
275
411
2169
169
549
577
1498
1060
538
494
618
70
1910
1314
1631
362
900
224
2280
1096
1976
1634
862
2209
1325
2046
134
1199
516
2111
562
1866
1846
624
935
1876
1183
154
305
2360
1597
470
1091
1787
1780
1918
431
2331
2240
987
442
1421
966
1796
2002
1257
181
365
1833
1936
953
2064
1283
761
1912
840
43
2102
1581
1520
106
1892
785
2047
287
2176
632
714
1316
1591
1265
428
1455
1219
110
176
537
650
1989
964
2077
2436
585
1315
148
2070
2288
375
1432
458
600
1680
495
1526
295
2048
1903
1998
1532
2392
52
1251
1541
1463
337
643
515
1026
62
2455
1228
1599
875
2089
2489
532
2095
1753
2284
2429
111
922
1279
1617
84
1516
1378
705
576
1216
1089
1614
1656
1790
1186
2394
1547
1931
1574
278
674
2031
1930
1397
1711
1335
328
2319
2222
928
908
1551
1291
2058
1968
2131
1437
2205
1786
1841
2009
1136
2152
2411
23
2498
959
734
1293
333
2100
2435
612
1
1927
2395
1074
145
1107
286
149
942
1754
1670
2389
1356
100
991
2396
2417
1929
1161
725
1086
1332
197
397
872
909
413
1886
1168
1370
553
784
2029
676
332
999
374
1390
1256
454
436
797
1242
607
542
1234
1884
22
2459
1286
44
343
773
1639
1714
1697
1272
252
1294
1357
598
1545
1695
736
779
945
104
1666
189
1506
124
746
1619
2134
2076
1149
1595
2151
726
880
1034
98
978
3
1984
2450
2330
248
1213
1896
2115
322
2017
990
1141
497
2241
172
1185
2097
1720
1798
12
1784
1116
251
741
893
1661
279
1481
291
1637
1229
1065
1501
1810
56
1420
8
1138
1676
2442
1726
1871
1135
838
811
1011
301
1708
204
2276
2223
630
