706
1166
719
616
727
287
639
671
2170
674
832
1255
2237
2389
2472
1985
191
1572
947
851
2464
2380
439
1125
1371
590
1639
71
583
1673
2296
2124
983
1682
710
284
1042
1030
1923
1645
1646
2167
256
1305
635
2207
1239
147
1367
8
1418
1351
197
454
2210
2327
1173
1234
2372
180
243
854
1694
1599
2153
1893
1284
64
533
2043
348
728
1267
1015
1434
89
1023
461
1054
2352
659
828
1504
211
1175
251
469
1568
918
874
1664
1219
2487
199
923
190
1184
2290
1012
806
2186
1630
416
1027
2213
2206
78
406
116
989
606
371
1247
2319
1708
456
1423
1345
2107
1747
2418
2266
1721
601
1968
561
2151
207
2499
1409
2240
1661
369
1585
125
734
1392
2214
486
1511
523
1540
46
857
303
482
62
193
840
122
90
422
2125
810
1178
185
1195
314
47
1999
618
1429
1557
2086
1210
773
998
2148
1449
529
261
1340
262
110
2198
1547
1874
1364
2245
922
954
1924
292
1925
519
1808
846
611
2046
2025
893
1245
376
87
722
56
887
22
227
18
2052
41
2496
1428
342
1996
1118
1179
2168
2484
1373
1425
1315
2116
449
2022
1512
1067
552
1854
2377
2361
1654
315
946
1137
1250
346
1670
2072
842
697
936
279
542
907
2001
2442
3
855
2367
1856
226
260
2023
2419
1736
2115
305
885
2031
377
2081
466
2393
1091
1811
2117
1957
353
2271
925
1495
1705
1717
1266
1170
787
26
712
271
1301
2469
433
934
1950
2438
630
264
2328
368
831
1063
332
286
1081
610
843
2139
1144
1569
1326
1040
53
2077
1638
1154
953
183
1006
2
1055
2351
1143
12
1400
427
2255
1727
1539
2004
1810
52
1047
549
1431
795
1821
49
2376
275
1313
2181
775
2002
140
2205
1092
913
1722
1433
1467
2391
2280
978
2108
539
656
1868
2448
993
1962
2075
747
1004
2258
759
781
443
34
313
1123
1634
2012
1379
6
2141
849
306
1859
665
382
754
713
867
1256
246
1062
98
2416
695
2068
151
909
1498
1567
2292
2132
1609
1001
579
83
324
48
2332
751
1911
341
1521
889
2385
1438
1807
168
1005
1769
1776
2241
320
166
776
2058
1174
598
165
1002
2242
1233
70
790
1402
914
1478
1775
388
2409
1891
2301
1270
491
1843
1979
331
2260
1186
1142
1363
1365
2053
835
1472
2358
2403
892
1399
1774
1825
714
2232
426
349
2194
186
2462
1704
1613
1503
2356
44
1582
736
1477
1311
2144
2166
2353
689
365
2080
1570
1914
127
1022
2268
560
1833
1032
1766
363
437
1342
1272
301
527
2128
1791
489
1391
2239
1982
1970
2278
259
1065
1525
1608
538
74
1526
2123
1631
669
2312
507
2000
2342
2306
2263
1976
1792
72
441
138
194
2110
366
467
2405
328
1048
1628
2203
1571
825
1850
88
249
700
370
391
162
1730
1308
2196
1468
1460
2434
2396
1600
2456
2313
1353
1443
544
585
2490
698
1831
692
77
1701
1665
546
783
1530
2381
418
844
2315
757
1607
219
1943
267
830
2224
1615
95
1090
2444
465
1024
2234
1439
28
575
1410
394
2459
2061
768
1857
2049
1681
1462
1401
85
1113
1435
293
2404
1280
1293
650
1798
513
2335
702
2018
241
1149
2064
2226
633
1066
1895
1496
543
594
1318
169
2069
2114
1502
2250
1741
1474
588
1852
1587
282
2474
2411
107
906
1218
1692
976
1750
948
2379
102
317
1531
273
1339
525
2486
1809
383
1196
1783
864
1886
2039
808
2089
285
1535
792
526
1928
963
1374
1680
1199
1346
679
2221
210
1251
968
1181
1437
2477
1259
752
2398
381
593
1813
1941
2357
148
189
1994
1464
1160
2293
730
836
2017
1987
777
1322
291
483
1237
1975
1652
1901
636
1890
1993
2423
492
990
1095
398
1800
2230
1604
2079
2024
779
2329
1709
1094
1262
1882
1541
1829
463
2104
396
623
1349
1082
1165
871
297
940
2034
941
458
1052
158
1908
1151
2175
2235
1408
1904
2383
2392
214
1096
1197
453
1739
1020
738
625
99
1384
2428
1287
316
2397
1549
802
1087
1873
985
644
1442
472
637
432
576
42
2494
744
1388
2420
2274
336
1894
1983
113
705
475
2395
395
551
739
883
1916
1413
1500
2333
1362
1104
1276
1102
358
899
1733
532
1545
431
1726
921
1878
668
1084
984
1969
250
150
1636
133
1830
2498
903
1702
1169
1898
1802
961
2208
1355
2111
1072
352
103
457
555
156
154
1715
248
1176
2401
1659
1566
1718
257
2439
51
479
403
1860
1576
1942
975
387
731
1672
528
966
1716
2057
1213
745
880
1790
294
2311
1588
1564
958
1465
2388
502
1723
2453
1427
1307
1243
1835
451
866
109
2369
860
1745
54
1544
756
1772
2473
1778
1510
38
537
2252
973
266
1056
816
2159
2479
568
1122
2491
1115
144
1562
188
2275
1457
1789
128
748
321
86
608
442
1191
1643
2048
2467
604
1754
591
2461
1889
36
811
937
1314
2493
2121
1758
1703
503
2452
1252
2291
153
1302
2282
408
564
1447
1656
1534
81
1450
506
717
1446
967
277
1853
1387
1099
25
1212
547
1693
794
175
1734
1244
1505
63
1372
2339
2247
1153
1440
847
1648
711
2231
2337
1018
709
2458
2006
2299
2161
397
429
1651
566
1686
1596
1377
863
2032
1678
1277
1980
55
1013
471
1713
959
1822
1761
2265
2481
2307
435
1193
1309
225
419
545
1559
1699
930
2270
1375
2354
1625
2095
1455
928
218
1907
992
1295
638
1951
1436
2303
2478
2326
2244
2256
1333
202
1767
1963
2188
1620
1846
987
1804
571
1623
956
2160
1357
614
1946
1795
1720
1354
1538
1877
340
1917
244
1414
2304
735
335
198
43
115
2133
149
2201
295
2431
596
1296
943
2073
897
1080
1100
1771
1818
1995
375
1107
33
586
641
1763
1448
2454
1864
2324
221
942
1764
1537
2330
521
339
330
409
1206
785
2345
230
2406
1017
2273
2071
2387
2158
2164
1892
1743
686
1546
2425
2286
2218
1641
1209
1586
31
2101
965
2471
557
761
1964
850
574
615
2036
1057
955
699
1485
1737
1021
499
1863
2155
1444
1298
1356
2146
1688
970
1162
911
1779
931
1954
2363
1203
541
701
177
1967
68
428
240
354
2212
1712
1640
23
2102
2455
1706
1961
1246
1319
2338
2343
101
1207
640
299
2200
345
228
2030
196
1222
530
206
1897
1905
621
504
2008
570
1198
1756
2054
1489
988
986
1926
1660
1793
1518
1136
767
1768
508
224
1406
104
1563
447
2177
1581
1900
2374
2182
2253
118
2500
355
2355
1488
629
1383
1550
1258
1861
338
464
784
960
1389
1752
1486
1029
1194
94
130
1981
1026
1719
1
898
1989
910
1242
1685
1352
172
1851
2220
2331
666
2492
143
1922
1412
1746
164
969
602
715
920
2449
645
2005
1509
1327
1755
1558
1491
1337
971
2371
96
1147
872
1947
2370
1740
389
2165
1590
1936
2410
1390
32
720
672
252
1093
29
1977
821
648
891
1484
263
1724
137
350
2390
771
359
2408
496
2178
1033
1573
1381
1565
364
2334
760
2087
2187
2288
436
283
2495
1347
1732
327
1422
1637
951
2066
764
1520
1589
1452
1887
1492
2070
312
2463
374
1872
1788
270
1283
1268
1145
2009
1344
581
1089
367
809
459
134
304
582
2368
1799
1192
1735
9
1913
421
1076
822
770
2294
2243
1461
1594
1949
1264
663
2317
1046
2140
1358
1603
407
1844
1524
980
1328
1228
2346
1827
2362
1297
178
1300
1929
1601
1083
1014
253
1275
2113
1696
319
2399
1075
1598
209
1865
1920
2325
1602
2364
1205
2211
1397
2257
919
1959
1906
505
1677
664
1797
1086
448
2228
932
1157
325
553
556
2309
1261
495
2382
1621
1116
235
2204
1073
11
208
79
683
1405
1487
716
60
1316
69
974
411
708
356
2135
1221
2062
634
1885
1226
440
2059
870
323
91
769
1473
1168
2112
490
662
1188
2295
1965
653
721
2249
2183
2344
2422
1201
142
17
2055
772
1945
1611
1738
2305
289
171
1814
97
613
1321
740
1141
2375
592
66
1235
1483
1494
1553
1838
145
1376
1536
718
1130
856
59
414
1480
2222
780
20
789
307
743
2302
2180
254
468
1759
231
793
2149
462
520
2236
1555
977
1841
2085
1129
1858
1028
1114
2314
2451
300
1359
1140
1330
1217
1368
749
92
1103
1432
470
935
1824
473
1729
628
1049
1986
1097
1041
155
2316
2092
798
1038
176
655
607
514
550
1527
908
1578
972
1931
1204
2134
535
1127
1415
1669
61
84
1366
2359
732
1101
2429
1765
1105
1403
548
1866
1254
1466
234
2021
2261
2190
684
584
2251
1044
2480
1470
200
245
820
2011
1069
622
1164
786
2229
763
817
580
1812
424
944
1786
2321
833
1773
2310
589
280
609
572
1071
878
423
2264
945
1286
220
344
1870
1059
1933
222
2360
1098
1940
861
2173
1884
2136
2446
1068
1845
1016
1517
1616
2279
452
827
673
2427
1078
1742
670
238
2340
1155
1370
2373
308
1610
1121
2082
2378
233
1285
2137
882
1112
2300
647
2225
1215
2223
675
493
1992
515
858
1972
1657
2267
1515
1956
1304
2171
1522
386
1361
801
1629
217
1225
474
1915
1007
1034
1479
1689
1938
258
1420
1281
2413
1697
813
1274
167
255
1395
797
2284
1671
1617
2120
1683
100
1253
1119
1323
2197
2259
2067
2215
1990
826
1331
2435
1650
562
651
2227
2497
1944
681
1288
620
1667
1232
82
1780
758
799
1499
498
1801
296
1879
1441
600
329
1876
247
446
2322
1396
1516
123
163
996
343
16
1532
927
1919
841
1009
1930
2468
2131
1045
1591
643
1842
1707
2436
1932
2074
195
1200
997
1306
1939
1834
881
1060
567
1867
1700
1816
1948
2233
434
2157
1647
1644
603
1679
311
938
1124
2440
121
723
119
950
1490
160
1632
873
1139
876
902
45
1459
402
762
1177
2466
1770
487
627
2430
2193
242
161
1135
1292
392
1451
1290
2015
276
124
1605
484
1575
1263
755
1000
2106
1282
2016
2162
2482
1303
2323
444
2150
1803
617
619
2100
384
1513
1190
334
400
1230
1762
1836
2277
322
1551
2269
2209
481
2336
2341
536
1529
378
1378
182
1053
1871
318
1806
1815
1937
2038
534
13
1463
1817
1528
1731
361
131
2195
746
1869
632
933
1910
2366
212
2298
2088
1848
204
1909
201
2219
39
1584
455
35
741
1077
782
5
982
1469
884
729
1787
192
1760
2470
1146
239
510
2407
1385
516
696
1231
1832
1991
93
1074
1224
917
569
1888
126
410
823
1666
2035
2119
326
494
2320
269
2179
223
1556
2094
111
1837
1988
1269
999
2184
1506
501
136
540
1840
50
14
500
2384
765
895
2199
2348
1508
587
1249
159
1757
1781
1008
1289
725
1507
2488
232
559
1561
1338
1952
290
2014
1592
2056
1533
393
2262
157
425
1325
2189
1862
1085
678
626
2050
1674
774
1593
1902
237
2028
2174
1453
869
27
1241
1690
379
877
654
2192
1668
649
1248
791
362
900
2246
1796
1855
804
796
2350
2285
778
524
1336
2076
1973
1543
2169
216
1334
117
803
2098
1653
949
1171
753
2109
1523
2156
2216
480
2248
1070
1324
1695
37
2318
733
916
1748
1971
1921
1051
1187
1182
2254
1064
1552
129
1966
839
281
417
2152
135
1662
265
1675
274
2126
2202
1131
1058
1310
1061
1343
1265
599
445
1614
1883
631
1424
939
2060
288
1828
1454
805
1960
904
1158
146
1257
1360
577
2040
2394
2172
1881
894
351
862
2424
2460
1167
1117
2483
1279
2402
812
807
1597
1108
995
2400
1583
205
1903
2415
430
1823
21
509
511
1133
1618
4
1445
1299
2276
2097
1312
1912
1329
404
1138
215
268
1493
2297
1039
1229
2138
2130
1398
680
742
991
2421
2443
2412
405
380
1626
1134
875
132
460
385
476
2191
1404
112
2091
1348
2105
1481
450
1749
2084
888
1050
1918
1148
1240
981
661
1997
2447
30
438
2122
278
187
1663
420
2007
2020
2118
1320
488
522
478
2065
1159
2037
531
1875
1622
1036
76
497
1896
2127
333
2489
1501
2083
1658
788
2143
2013
563
1805
1934
2465
2349
1335
2476
1161
1278
915
2457
2432
707
2485
1619
1120
1633
2238
1180
687
141
691
10
114
373
357
73
1419
829
573
1421
1554
2029
1216
1416
1880
518
2272
1109
952
1411
1238
170
905
337
2308
272
1172
1612
2093
1079
837
80
1849
642
1025
2426
1635
1839
2033
2414
1394
1317
1031
1676
667
1784
1227
372
1456
1110
901
1260
1953
964
1649
1214
677
58
694
173
558
1782
690
660
1514
859
7
1606
184
1794
1978
1935
152
2147
652
1223
2386
676
57
40
517
412
2441
2003
1580
1577
1698
1574
2437
1132
2287
1542
65
868
1208
1236
1684
1291
75
845
1271
2433
2045
1711
1273
1458
814
1183
360
2047
646
2103
800
962
1294
302
1579
896
912
1847
1220
1430
1471
595
1497
1163
1482
852
236
120
597
2090
399
415
106
1519
310
2283
1475
724
2185
1998
693
1369
1955
1826
1820
1899
229
815
485
924
1202
737
1126
1350
1010
704
1003
554
1714
2051
1380
1725
1691
2365
401
2010
139
1548
1595
685
2026
1655
309
1751
565
1426
853
1128
834
1332
578
1560
1211
657
24
994
2445
1088
1984
929
203
926
979
1642
1035
750
390
1393
1710
1111
1417
1407
1043
2078
2041
1150
1819
1753
1777
179
1687
886
1106
1627
1019
1156
1152
879
1386
477
726
2027
2042
1744
1728
2145
658
2154
2163
1037
67
2142
298
105
2044
347
1382
2475
2417
181
1927
766
2450
865
819
838
512
2063
848
1785
1341
15
2217
682
890
1974
2281
605
688
174
2289
1189
1011
703
2176
612
213
818
19
1185
824
413
2129
624
2096
108
1624
2347
1958
957
1476
2099
