1070
537
1236
183
271
2076
266
868
1291
2489
1248
54
1784
1654
1424
450
1571
1942
46
2302
144
1719
1
2066
166
1223
79
1537
1521
1244
584
2126
699
937
2377
1575
541
1804
278
280
1014
757
1345
1071
185
1916
43
2453
1452
443
1056
1268
2110
1506
2485
603
564
2460
1001
2093
1589
1586
2243
1293
652
646
44
2049
35
1975
545
1857
1453
2414
1888
1279
656
642
968
1175
863
799
8
2152
2376
1881
247
1002
1535
947
416
1049
12
64
1775
1485
1374
2474
122
1672
238
2383
306
672
587
1843
31
2386
1724
261
1407
971
885
1131
1735
790
2037
1786
1883
357
2045
1265
2134
2478
1817
1511
2334
895
1585
1961
1228
410
1912
1350
1475
1650
437
1493
1450
1087
632
2052
1712
1043
2270
2362
2412
2156
2494
976
786
544
2001
1957
579
1476
1190
1928
605
158
565
993
2345
349
2183
1545
1067
527
2380
1241
539
334
1890
896
1438
1303
817
1648
228
1767
1310
1721
767
1615
1866
82
814
1740
391
2440
2276
748
495
1665
907
2375
942
346
1513
1691
1155
985
1054
722
691
2254
954
781
617
2455
2228
2235
2241
2349
538
1270
1856
1066
2261
1099
2099
1392
886
1180
1661
2051
499
1720
793
1923
1308
225
366
2002
2419
436
762
1684
540
1288
1771
69
286
1497
384
1914
798
1089
479
188
1967
2476
1831
1587
1232
34
2438
2482
2046
1597
737
588
1046
1624
1491
1255
887
460
1061
1185
953
1847
906
1339
498
673
1968
1621
56
662
1505
1022
386
1335
2124
2011
1664
409
464
1966
2220
2071
1722
2234
389
270
219
2067
1194
179
2202
2116
1813
1097
2429
1478
275
1081
1170
293
426
1084
214
103
1702
1791
1354
432
905
2133
142
1294
1281
1499
555
1108
2034
1312
2201
1567
2214
687
1101
1075
1115
1390
1507
1666
851
777
242
1590
1189
1471
1900
1258
1360
149
1534
1063
383
1859
739
198
590
1330
1016
2283
935
1323
2337
2433
2080
774
1570
396
934
1274
658
2329
1603
2442
1174
112
325
1569
1144
445
1726
2378
1763
1154
1149
1807
251
2200
1277
84
1561
975
664
2009
1727
845
2040
1632
791
484
347
1611
290
1125
1568
1411
1351
575
1167
1867
2177
992
1445
1518
277
528
2195
666
315
295
843
1501
744
519
1086
2477
1652
611
2024
1780
727
1391
1004
2467
400
931
557
831
972
946
921
1830
294
2298
1605
2207
58
1864
606
90
248
2437
2398
818
2048
1644
551
643
1278
1109
253
458
535
297
1340
1617
2457
1834
2313
1906
2280
1266
563
1238
2079
840
1487
1997
844
70
1581
2057
680
1124
2256
1037
1613
1379
451
1165
192
2100
2418
1250
478
439
1273
1451
269
760
1806
441
651
1837
1762
945
2036
2369
2309
1818
292
1112
897
1602
1202
1462
1183
415
180
2148
1548
256
2197
1781
1098
50
1566
1225
1952
497
743
1217
1773
1334
276
480
494
1338
2108
1920
1526
783
782
1212
30
113
1302
1713
1826
2273
1645
1421
310
154
1188
7
87
1872
1239
36
333
1464
2446
129
725
2092
1242
313
156
2184
425
1595
2111
2250
2190
1234
1240
73
417
444
1193
355
1198
2451
254
754
252
1833
645
1750
2347
836
1383
717
2379
395
2233
392
1517
49
529
2146
867
804
2120
2456
1733
139
397
2182
163
745
2106
788
1129
2318
354
328
1196
1396
1706
1896
1799
1730
194
2016
1399
2180
970
1502
1986
465
536
1011
21
1985
1376
855
569
1463
1885
393
639
167
910
1898
703
894
838
2292
1435
688
1021
2149
1700
1751
2244
2206
1905
1703
2387
647
13
1592
1794
600
1444
1779
1375
1924
1639
1707
1116
1902
1998
257
2193
2019
1105
556
1473
190
560
667
609
1393
2165
1147
903
1439
1219
926
1204
2304
1657
1522
525
577
411
453
518
883
1829
2413
1509
2033
669
92
1100
1020
892
1176
1252
1007
504
2194
1068
989
1224
904
1143
1865
981
2279
689
2360
2287
62
2314
1701
274
407
418
378
815
1739
1369
230
1027
832
1533
255
1449
9
520
1793
2496
314
2391
211
1555
1470
2385
203
2135
368
2303
1940
1694
1547
1987
74
554
1577
40
419
979
1459
1752
1972
1633
1018
521
2479
591
1659
572
1768
408
2229
1305
936
2217
1191
1134
33
1352
941
1481
1409
322
996
1344
1956
1756
2490
763
11
573
784
1337
950
236
837
1431
324
1496
1355
1540
1216
586
874
1003
1226
1869
1247
487
258
1758
1030
1800
341
2316
827
2058
1296
1151
1368
461
356
721
2382
1053
348
10
2468
1582
1953
1220
117
1523
1583
201
2344
2059
679
1045
835
1717
2181
2319
1958
2263
2
1341
2487
1811
1331
367
2341
1604
116
675
2448
1243
246
2239
1320
1580
759
448
994
1591
1938
1653
359
620
105
771
2381
1385
2176
803
1388
2466
1235
1836
279
155
1686
1142
2390
987
394
1608
2113
751
2098
1110
1295
466
853
559
1711
2151
1064
134
496
1629
483
2004
98
1010
2473
707
1026
552
692
459
1079
1658
2500
828
2157
1874
1680
2094
900
2236
1741
548
2325
1315
1398
891
794
1543
1760
1704
607
1596
912
115
1060
1289
1601
2055
1552
2411
1862
114
1563
2144
1372
404
1078
507
2311
801
1574
1789
6
597
1261
1050
746
1446
2348
1875
2257
2372
2007
457
2137
712
2364
1822
382
1349
779
2328
1527
2154
848
956
731
2014
612
1886
973
41
462
2139
51
2315
1259
2365
1283
96
1696
677
482
862
2340
741
1040
449
1382
2483
2143
2350
796
2042
312
1090
250
1828
1205
352
628
1559
2465
1936
1748
599
1976
1483
1564
694
1140
1218
869
1782
1788
1710
902
1835
1181
456
756
1466
758
1823
2396
414
850
1991
1863
301
24
1380
1682
2330
372
773
2299
2008
517
1041
1121
1253
2205
234
1749
319
1820
1412
2175
2161
2082
695
1607
1689
373
1256
1815
2123
1651
330
553
2232
2115
171
249
834
1600
511
2326
2288
1492
978
1359
2078
2401
2237
1949
1895
1329
816
1298
2424
1542
337
406
47
1122
2454
2069
153
281
1402
125
1307
1157
2246
455
2109
1484
2488
1488
1904
2432
2355
2118
1342
2084
674
1427
930
338
2211
1017
107
2085
1384
2499
1009
1770
1827
847
195
365
1503
2351
1465
1387
800
1358
778
1490
1565
1460
861
2281
23
108
613
159
1698
1918
1414
1436
1271
999
1348
174
80
829
690
196
169
752
747
72
681
2104
1405
1839
915
2480
68
1233
719
2087
1520
440
1709
1982
859
2428
1640
1868
2166
272
2405
857
2147
562
210
702
1964
1230
91
2041
965
698
1419
1381
1671
811
1095
805
1055
486
1333
2224
893
580
2339
1812
1667
1614
2284
1594
601
2172
2293
326
917
1128
1816
1500
1787
1808
742
1935
2260
239
2159
1322
635
374
413
1207
200
1215
1619
2305
1432
661
109
824
259
1705
1280
2464
164
1197
1532
2366
2251
2160
1854
1301
2081
1921
1343
1006
1593
1989
1508
806
1983
309
2199
81
206
476
1852
826
1996
1119
2267
524
1744
2266
812
335
2218
1102
2141
2410
421
1285
1638
427
1286
1932
928
657
856
2070
1551
1673
1776
621
1973
1746
1618
2353
583
984
1943
55
424
1282
423
765
670
2173
1364
1208
1541
176
1903
1309
706
1356
561
2370
244
1158
1317
952
138
567
2192
1264
846
1367
1861
1959
927
2083
63
2358
2393
339
1825
693
2018
2088
45
37
1643
1284
2374
380
160
1630
1362
1408
1457
1206
2484
1373
571
614
808
510
221
1550
1743
1725
1082
213
550
2155
1731
1156
977
2053
2170
1971
59
2196
964
1945
2005
807
616
1675
1327
1899
649
802
787
345
1276
566
2434
1361
1093
2462
1732
723
1573
412
714
625
1162
2132
1876
1995
841
2296
911
1660
1222
369
1440
186
685
1328
18
191
1668
986
1880
1531
1210
304
2130
865
1878
2128
2191
2472
353
1106
463
1871
750
177
1114
165
401
1065
1136
474
267
982
570
1127
516
1769
1146
641
959
99
2307
260
1897
1455
22
1468
1209
173
1231
2129
264
2286
2219
124
1699
839
1489
61
1076
181
990
532
974
1237
864
2470
1173
1974
170
772
209
1669
1891
2278
2493
100
2188
1994
2171
2333
1783
1118
2210
1442
2096
1272
1692
665
933
1656
1737
220
980
1715
2384
1346
1038
1059
1832
830
2426
1456
1683
1840
38
375
2249
1870
2021
187
769
1311
700
2291
488
342
1821
920
2495
1642
2025
205
776
2158
2271
1620
1873
1062
14
1778
284
268
2471
1039
923
2268
1042
2216
1917
299
1901
168
576
282
1069
1168
1930
2064
2074
1420
1461
132
1072
1853
2415
1494
1400
245
889
53
594
2259
623
2282
152
2097
1015
1993
2295
2089
1598
2169
916
1028
2209
593
2056
1152
452
1792
1790
2421
1008
1454
1546
775
1889
879
735
2431
1687
329
2086
729
888
849
514
363
873
1757
1557
2388
881
823
435
531
343
2461
2101
1480
1418
2003
1077
2245
2497
1803
1397
1939
1539
1655
2321
2212
596
880
1458
1314
19
470
730
472
2447
871
1802
1051
287
212
2168
1163
1048
705
215
2121
491
1058
398
273
1841
361
320
1057
960
582
377
1386
2394
668
2368
2320
1306
344
25
821
1963
1182
2324
1674
1626
1510
1599
2342
2264
1670
140
618
1512
1434
1761
77
127
1371
1148
1080
733
1528
85
1860
1437
1096
2449
1950
1430
27
2367
1229
2227
1103
28
67
5
2435
768
2105
1662
364
1538
2179
1160
2308
431
2095
732
1910
1262
130
568
1159
1428
2026
2068
1913
1549
305
178
2322
2481
1801
1246
1736
2162
2469
1759
1572
2107
2032
852
1970
858
1887
701
958
2262
110
2044
1765
1366
429
243
1663
822
755
2331
1553
1515
1404
995
1200
224
764
2310
644
223
1838
15
430
1984
318
16
988
2301
957
1177
1126
2073
2285
1203
2164
1443
1297
148
1304
2091
323
792
1257
1988
1423
944
2498
711
967
1922
2275
1141
2221
2423
489
1766
2150
1417
467
1406
2492
1848
1023
438
797
502
2403
2090
1814
2363
615
1708
2402
1164
2359
1139
2015
473
229
506
1677
686
1688
433
637
1044
592
1091
1625
1377
1292
2389
2317
512
143
1742
2417
761
1634
1960
2240
1083
929
2491
704
578
265
766
1714
1882
65
493
1919
1332
477
233
1169
2427
2047
1907
1137
2140
1981
2208
983
1251
1321
678
1849
543
1324
683
2371
629
602
1482
1877
1000
1797
924
1562
1032
2050
655
1211
1579
3
1641
1104
501
2145
1166
1034
918
2352
302
526
1433
360
1410
227
523
226
157
736
1678
1213
2238
262
371
2043
218
296
860
2226
1249
1556
2031
75
2306
1195
1927
32
1805
1120
136
2312
88
1729
1326
2029
2336
2223
2272
1113
1269
608
1893
961
2017
1132
648
76
1525
2230
660
385
370
1911
1474
17
2397
1747
83
1290
336
908
1627
216
951
1636
2000
485
1909
288
2072
1467
610
2445
653
1263
833
172
300
2054
1201
1085
1275
2027
2163
2077
1929
870
1153
469
1472
1171
150
2136
872
2028
2020
1514
2436
1850
118
434
684
1214
631
2125
2255
241
422
1469
509
697
2406
2006
1074
1186
713
1413
285
1403
1019
120
362
2323
1325
1796
102
1033
128
500
1728
135
2416
503
1576
638
207
86
932
581
1879
331
1978
340
558
307
909
1962
240
2138
141
1844
2332
1179
2022
1047
399
938
2122
1357
1738
1685
1716
854
197
716
522
1623
2444
2450
291
2422
20
585
1690
126
1933
1754
1798
1718
785
387
1035
60
1851
696
1133
1931
184
303
1584
161
283
1441
1946
78
222
447
121
546
2012
998
146
2174
718
2459
48
104
182
2248
1447
2294
2030
2274
1934
308
237
379
133
955
123
1926
2335
57
1221
2075
217
1695
1504
1637
1184
1969
1764
1774
1031
1588
193
991
475
1313
1254
1161
1267
1554
1941
2114
29
734
710
2458
627
428
2300
2065
298
1894
471
97
1755
1389
913
358
676
819
1300
1954
2063
663
1429
289
1609
1363
1426
2338
549
2430
922
1558
1013
1425
1524
884
542
1111
1029
1616
589
2204
1172
505
595
708
1628
52
1135
119
738
1316
1980
530
137
1530
671
1415
1809
147
2231
1394
2225
2327
145
93
101
2178
2189
650
966
1944
753
659
813
940
624
2361
770
1824
724
2112
204
1052
2297
71
2038
2117
919
1697
2060
351
490
1319
2222
2247
1578
1622
1858
1199
1024
1955
1979
2131
2103
899
175
1486
1353
949
2258
574
1123
390
2061
321
202
1646
1734
1845
350
740
39
1516
715
1495
1635
231
2153
2475
454
898
2343
2215
1422
914
2407
1610
66
1519
636
598
151
1498
2269
1245
1948
1299
232
2213
901
2062
1479
533
2441
2198
1990
1965
2023
2252
1977
825
780
162
2186
1745
726
2346
1365
1631
1947
795
446
1795
2420
317
1036
1192
2400
1150
1094
1005
1107
877
969
2463
492
878
481
94
316
2399
1092
26
997
1884
820
1693
749
1606
208
876
1772
1785
2443
1073
866
1088
2167
1777
2404
1992
42
2486
1649
388
948
2452
508
1915
2289
1999
1260
1892
1842
709
95
547
640
2373
2010
2119
633
420
1723
402
2035
381
1130
654
263
682
1753
2187
89
1025
2425
1536
943
1347
1227
1336
1401
789
2013
1855
468
403
604
1819
890
1318
1287
2357
1117
842
1647
2439
1138
1937
626
2277
875
111
189
376
728
2395
2356
1846
1378
882
2203
1477
2409
1529
327
2265
2039
630
1145
1679
1416
810
1370
2127
809
131
1951
199
1448
534
963
2408
622
106
1187
2242
962
1395
1560
634
2185
720
1612
1908
515
2392
235
442
405
513
2253
311
939
2290
925
1544
1012
619
1810
2102
332
1178
1676
1681
2142
2354
1925
