1710
2126
2123
735
1487
136
1838
1204
324
110
76
1078
1849
1201
2017
1817
729
2337
1332
2135
1085
1340
842
625
1236
140
1787
802
2011
739
2296
1541
492
431
58
741
1948
1744
907
1210
449
1295
1603
827
761
1235
1094
2075
211
1997
170
1167
1742
1386
758
2103
540
1470
1915
1127
759
969
955
1017
1186
1062
2090
817
1103
288
1590
2480
505
1072
874
2440
1735
513
457
1158
2306
138
1600
326
360
2388
2425
503
1484
673
2139
1338
1515
236
2428
1709
950
2411
309
2294
1665
1412
265
1203
2462
1372
63
2457
2491
2056
592
1839
820
2065
1845
249
1325
516
1215
992
2082
207
305
470
632
743
1970
153
29
903
1350
192
421
2071
634
308
1641
298
725
462
400
1973
572
1451
130
509
2384
54
1606
659
451
541
200
395
1113
671
2438
1065
1764
876
1516
52
755
705
1399
1897
292
2429
205
1450
1882
1937
376
932
1529
2217
481
1931
585
1822
1033
124
107
1048
704
604
1554
1336
1280
800
1088
736
709
2050
2479
2499
499
847
359
1518
1357
1432
677
1076
780
819
234
1468
2345
600
362
594
1075
845
2114
1738
1568
1331
1615
1296
289
630
2156
1919
994
1918
2010
684
2221
1455
139
1161
1117
406
1699
1440
2176
1596
1634
682
433
2402
23
1993
408
1833
1715
2175
1125
1904
2316
1453
491
776
1525
325
1886
1339
2002
948
1220
1746
2391
2154
1535
939
1397
1105
614
1218
7
1741
2219
2199
699
2033
243
316
2210
1289
1597
2398
896
391
246
2303
1559
1995
1813
850
1639
1011
181
1244
2395
787
1095
2308
954
347
668
2207
184
929
1173
1996
2357
2026
1486
1018
2048
2356
1110
1577
1134
1780
1253
906
321
821
1775
943
1876
2329
2404
814
1234
1175
1501
1859
1523
407
2424
902
1546
1354
1508
1223
500
2272
489
2406
228
2088
927
647
1992
371
918
2490
1662
2008
764
562
103
6
1101
2325
459
601
2226
1861
445
1045
539
2185
1867
675
117
1840
938
769
533
905
423
1586
1877
2244
1544
2299
1796
1520
608
1654
2122
2089
190
1936
508
522
1152
951
855
1648
36
149
1770
1974
1659
745
106
542
757
1405
1415
168
694
2257
2472
1776
2194
2084
2042
607
1830
980
844
559
1373
1097
186
581
2352
2132
2206
2118
2376
737
884
1945
683
1384
1032
555
1437
689
2390
517
1242
213
1778
1006
1527
1106
274
967
1843
1263
946
1491
2107
2409
1502
2434
135
1044
1087
1136
718
1002
1314
1536
1445
972
2046
1238
1069
1847
717
2297
1249
960
1197
834
2211
295
259
945
2455
120
1368
865
1599
1800
1029
1922
241
350
2039
90
334
1421
2053
691
1903
1636
2117
312
2358
864
1170
330
1928
358
655
1214
2015
544
687
1441
1092
1759
1319
336
1478
1695
926
32
402
1084
680
908
1655
401
2252
627
1037
1561
968
2180
1457
1465
1194
2447
1514
467
915
657
1881
348
2137
2080
2218
2028
2104
1240
269
404
633
94
1581
1513
238
1683
1616
558
1598
275
2146
1239
1315
1612
329
1553
2229
529
1963
947
747
1906
1754
862
435
293
2366
589
1297
2096
2214
1984
1851
1343
1743
2141
2007
1952
2471
41
1347
1614
419
518
2215
2172
283
859
1730
1823
1057
479
1307
732
1254
235
2364
1899
2268
595
584
396
833
164
297
1932
2192
547
2193
1359
872
512
2153
1148
123
791
2014
1378
2322
1500
1146
1552
1864
1884
95
987
434
411
2482
1911
2128
2359
2340
772
1720
196
1950
252
1806
187
1613
2151
2212
161
917
2183
1227
1034
2350
1326
1394
971
1123
437
2370
1423
162
1526
1534
2254
2164
615
374
1748
1725
37
1803
2054
290
1329
2476
1885
2320
1917
973
1157
1848
1785
690
1608
173
1408
2134
2121
840
2382
1825
863
798
2276
2420
413
2362
2049
724
4
1926
786
310
685
2433
897
314
1130
49
1571
1407
803
1494
824
1619
2317
2001
560
73
1555
165
663
1364
1750
96
378
1632
1664
1379
2423
2415
2451
2043
303
1798
546
1447
2295
444
1618
2435
2261
887
1121
958
2150
2347
588
2220
47
1924
893
1434
1206
2239
2169
591
806
957
831
1679
944
2095
1671
1409
1631
328
561
240
570
475
2119
1643
1976
828
245
909
2484
664
1454
1260
1828
1733
779
1666
1691
564
2133
2179
126
1131
1854
2246
1564
722
2279
1887
1566
1811
1739
1946
635
1601
1942
891
1070
1786
385
2344
795
2108
2116
2300
637
1271
2051
2368
2162
1607
1658
1916
768
1493
322
2437
568
483
1892
2397
1668
579
1361
1713
1086
1819
381
366
198
565
587
89
1416
593
1791
578
1522
64
1144
970
260
1647
254
1779
1312
852
1771
1653
2310
1510
144
1093
284
930
1212
1393
82
1021
1100
1630
2262
1356
271
1865
794
621
191
178
2291
901
2009
1858
9
146
1163
1628
2168
1267
2136
2022
1589
1353
801
1562
651
282
2174
2200
1939
301
879
2396
2037
622
686
2417
575
629
471
781
531
1532
176
816
2349
1921
1473
1978
1949
361
81
993
1004
2381
2190
2459
962
1370
204
1471
1009
183
1593
1177
1549
2486
752
2085
1721
172
1980
977
446
1164
1341
414
216
1781
1958
602
2130
2223
2205
1294
1046
1036
2304
1352
2259
2171
452
648
343
415
1188
1783
93
605
2441
1578
1701
2446
2492
857
1507
666
44
1476
1812
247
754
2500
160
199
1595
1872
2389
528
320
2444
1165
1804
1293
233
1051
911
2250
1472
2401
1894
1083
1287
2339
545
1446
154
2024
2189
5
2163
97
711
460
1669
2458
1592
1016
860
1448
1019
952
1362
2078
552
156
365
2142
323
1059
1014
2036
447
185
1792
583
125
43
535
523
285
281
393
2302
2263
45
209
1231
71
1656
956
1765
397
2167
1537
886
1390
1891
1024
1983
1463
387
1745
256
2489
707
427
925
674
21
1574
1635
646
1960
1708
127
1824
799
2270
267
1183
1089
1320
1874
644
1690
1257
1342
2059
2277
1880
2400
372
1731
1912
880
536
1784
642
487
826
1449
2473
2249
1898
472
2321
2354
2208
1330
829
916
193
2243
613
848
525
39
563
1941
1081
2052
1488
1222
1763
1617
2331
1795
837
490
1190
1043
1414
2407
1560
506
1419
856
74
1927
392
1068
1015
458
1266
1572
2209
2247
2237
429
174
590
1837
961
1285
388
553
2287
2058
658
220
1723
881
1660
335
2086
1717
1987
1591
710
2255
1644
2083
2204
1985
370
1485
2021
1914
805
2456
354
777
1747
760
1509
1400
2034
2127
1074
311
2275
582
913
1154
1585
2394
532
1376
417
2431
1119
2072
2453
653
1495
2091
436
1035
734
519
1689
1846
771
2387
931
1418
1961
145
640
72
1878
1875
1925
1956
1265
33
57
1462
61
574
1809
439
1499
258
2081
1808
596
273
2372
356
804
1870
1727
928
59
733
2319
1108
2385
13
773
1114
1565
1007
662
2430
1584
2466
514
1524
87
1547
2188
2016
1797
379
2377
981
1153
1855
813
807
1180
1067
720
1041
1258
92
2461
1969
48
986
1137
1026
182
251
1678
1262
830
1955
18
815
534
1132
1492
332
617
692
920
344
12
2403
496
1208
30
1548
774
2013
2454
225
1120
1245
1760
1558
141
476
1758
2125
217
1871
1602
1327
2463
2063
129
1027
2426
998
937
1609
1348
1772
159
2045
2485
1435
1663
866
253
497
520
1700
2367
892
2469
75
2213
1276
836
2235
2488
280
1657
898
1042
1540
1166
1550
2076
1862
1115
1237
2097
1705
890
1261
10
1841
163
1149
1538
179
1129
2278
1728
34
1991
2165
858
1217
1259
1722
363
134
440
1299
1674
1232
1474
507
114
696
1827
1155
1047
2006
1498
2341
2115
226
294
1756
875
861
180
339
299
317
2477
2361
15
1579
1543
1905
223
557
2105
598
377
788
1436
1895
466
2493
1411
1539
62
2216
403
1751
2131
1567
1749
2309
2129
1951
194
1844
2038
1458
1064
2290
2178
480
730
132
2474
1831
88
2111
1869
661
1052
1768
1712
2061
693
2181
649
1211
923
2497
1395
1972
53
1442
1277
1003
975
2245
2187
1401
1058
2498
726
2196
116
1192
263
748
1302
1054
416
1156
2418
597
122
1704
2318
1
2380
889
832
2399
914
380
1278
248
166
100
1580
919
78
538
1667
1753
1761
1640
502
2238
1439
1879
1714
738
1404
2436
988
1099
2227
1079
1290
1126
306
567
2003
2094
571
2202
2448
1274
1284
566
2335
1427
701
441
2030
2421
461
11
936
1282
1219
1521
197
854
510
1345
1902
319
2414
456
2330
453
1063
202
619
612
1890
643
746
808
331
1224
1181
1863
65
426
1726
1145
2470
147
1703
98
1351
1480
1506
551
1008
1252
195
2160
133
1056
1317
1696
1422
212
224
716
2260
1794
1185
623
2231
1908
418
2285
964
870
69
744
1820
1694
706
25
272
2281
1360
2
268
2233
438
1269
2158
2274
1464
1489
2035
2062
1102
232
3
822
1111
1396
2109
389
933
105
784
2155
2074
1433
167
1023
636
131
867
1610
2379
1091
1752
1082
1605
1626
2284
1143
1724
1533
1040
1159
1649
991
2265
26
2256
351
823
2149
35
762
1868
1834
941
2124
1292
2452
965
1337
543
2186
2000
1444
1519
1557
549
1633
1857
137
231
2079
504
1611
731
1305
474
1196
1718
386
2422
2449
1650
1594
1677
1195
999
1428
812
610
667
262
1684
703
1477
2494
2184
8
1381
756
2004
2138
1010
2087
1821
1962
2070
2351
778
495
1030
1734
1168
383
983
2258
838
85
1233
67
721
2102
966
1999
2348
1990
1256
953
2307
2027
1366
1517
1799
978
227
2198
357
113
1426
1930
2273
1387
1959
304
1504
101
2098
2333
695
1025
66
1832
1135
1637
1697
976
277
676
1281
276
959
1049
2099
1096
1349
697
515
1417
2110
482
712
1383
102
1066
355
465
785
1452
1171
818
883
2301
1672
150
2148
849
2041
949
537
1128
1209
1221
2496
912
22
68
1467
2225
1686
473
719
210
1005
1966
1020
2346
2487
1873
1286
2266
2283
2044
1098
2018
810
121
1371
609
1162
1275
2483
2271
809
1968
1406
1583
1358
109
2332
1160
1475
1661
16
1729
1150
486
654
995
763
498
1022
442
1198
1109
2067
713
922
1425
494
628
2025
2197
665
1982
1570
1116
478
2269
1790
368
940
2324
14
468
639
2373
1039
20
1929
573
2113
1896
143
2311
775
390
2032
1309
454
2152
1604
384
1497
1179
2408
55
1801
77
1279
580
2353
2161
899
2251
2222
868
270
1213
111
2195
169
2236
740
678
1225
2020
1050
222
660
1769
1323
1104
2468
1627
1402
1012
895
873
1909
1392
825
2313
1773
2201
1228
1202
242
620
1273
1757
1207
2092
554
1174
2253
1687
1380
1698
345
1943
1646
530
1382
1142
1736
1645
1673
1994
142
1935
1481
1893
1420
443
327
2173
346
2481
60
1622
2234
1306
1975
656
464
1883
1200
46
2315
2293
846
1496
1576
1967
1077
1802
1556
1288
2314
963
1334
1953
1322
1901
219
1178
1459
2374
1587
1542
237
296
1940
1965
1573
1053
70
2240
2101
1807
1986
679
1247
1031
1283
878
1248
1910
2077
1933
1398
2450
51
1344
2064
904
641
318
1706
422
208
1716
206
935
1957
2069
1505
1316
2029
708
99
521
2093
1133
455
239
1147
2066
638
1625
2100
650
1623
1856
839
1707
1140
2264
1107
2360
1443
1762
1139
1080
1971
1789
463
2427
1205
910
851
652
626
79
1377
723
934
670
1676
1389
1028
477
714
1866
1346
1503
291
1852
511
430
1621
766
1251
765
1575
221
1430
1122
2230
2386
974
843
188
989
1469
556
1375
152
1805
1988
2371
1460
201
770
1629
1270
1479
2120
1176
749
412
42
1582
279
1755
337
2495
2166
2060
793
645
215
1403
1429
1835
2375
782
1767
493
19
2012
548
2305
2334
599
1461
2369
1511
1979
1814
869
1938
1182
1303
2383
2465
2442
1682
382
753
783
108
315
526
2224
2055
2143
394
1264
425
888
1141
2292
1216
1681
352
2159
1528
672
2040
2365
230
151
841
1055
2412
171
398
2267
624
1355
1318
728
2432
341
603
527
2343
1335
1272
1300
1588
1688
1850
1324
2170
984
2338
333
751
1374
27
375
1013
1818
2031
1964
1243
1737
1311
373
742
1620
214
2460
1308
2289
1774
340
2242
1466
91
364
2393
1545
287
1001
1842
1853
424
1860
40
1000
2405
1438
1250
1090
485
83
1766
2073
550
128
1424
1124
2228
811
286
1944
796
1670
369
2363
2241
524
1900
885
1246
409
189
342
1920
979
448
2378
17
2057
569
1981
877
2312
2298
2336
1829
1482
469
1740
1187
1291
1189
2177
1651
1138
2355
1226
399
1073
2280
1313
203
1512
2419
1693
410
261
900
1923
924
2232
2106
1321
871
84
1719
702
1298
1060
218
307
1391
2467
1815
1388
1777
1711
501
698
2443
112
28
353
576
115
996
264
338
1431
1184
1638
2286
789
942
790
175
158
313
157
2147
1782
2248
1410
229
2112
1788
1888
715
1907
1793
2416
1732
1675
894
1255
835
80
1241
266
1229
1112
1328
1889
1385
349
982
367
1191
990
2191
2282
484
177
1333
750
577
997
2019
1947
1702
2475
148
278
405
432
1304
700
56
1118
1151
1652
2068
1193
1268
2327
420
244
2140
1551
2445
255
1456
1230
797
1169
767
2157
450
1071
688
38
1998
611
302
2047
1530
1816
2478
1310
1367
1483
1413
428
1989
669
155
921
31
1199
2328
1490
2144
853
882
2392
2439
1692
2203
104
1363
1563
2288
631
2023
2464
1977
257
1934
616
1365
2323
1624
1685
2342
1172
119
1954
792
1301
2413
681
1531
618
1836
1038
24
2326
727
2410
1826
1810
1061
300
1642
2005
1913
606
2145
50
488
1680
250
1569
985
86
586
1369
118
