1369
1044
1676
1274
1777
317
1914
1857
1475
241
257
1923
125
2127
895
2297
694
968
768
634
151
467
378
343
2043
403
459
2245
120
1061
2216
1117
1490
975
1058
1268
1835
2448
2421
2430
1517
1001
833
524
1261
2372
643
1667
1858
1679
1920
2258
1410
1315
529
293
443
754
1723
357
1983
2065
891
189
2078
1223
2385
2090
509
385
2112
1766
23
2321
2353
1925
628
2171
1673
382
2115
1425
1967
475
2428
1075
688
158
1046
586
2308
611
523
863
1202
2456
1622
2283
588
2047
1514
1027
537
1956
1729
345
1158
1177
339
1616
1577
2
2265
1711
10
174
352
2136
996
1970
1188
2233
888
2338
362
1049
1076
690
562
1714
400
1979
2454
1241
485
933
379
444
2174
1554
1895
1397
451
2409
1009
1422
759
2217
925
37
1623
2480
2197
142
548
2239
1661
1500
1074
551
140
1862
747
923
109
1805
868
1579
1072
487
1095
216
2219
321
1562
2036
2154
2288
2445
1126
1910
137
2493
1183
2318
557
234
2168
1649
1215
795
982
1289
115
985
2317
2286
150
298
380
796
1795
1931
92
2182
783
1013
1114
2094
816
1833
1580
1822
303
1414
960
809
1918
1465
1611
1650
1626
2091
139
1574
1144
664
515
1540
915
2210
1021
663
1950
838
205
2408
2055
1701
1368
203
40
1505
657
1375
1122
412
1219
2349
1214
2280
1118
955
1964
2003
1116
1105
1496
2247
126
696
1719
107
1165
1595
1359
630
202
2057
2085
377
2466
2453
1792
2403
342
2305
1516
1099
1277
312
1010
2165
1096
981
1287
918
188
2470
1909
199
542
566
415
2488
1521
1755
1240
869
1341
405
655
2190
1272
2364
633
449
1
38
2129
913
2303
494
1432
1171
1447
2356
2314
1546
614
336
1463
1552
344
34
457
825
170
1535
45
603
1367
2138
1082
368
1472
599
631
2476
2273
1765
210
1885
275
460
1178
1301
1529
1379
1131
722
1627
654
1007
2095
42
1362
2441
1776
1280
1388
665
2474
1022
1642
609
1204
2046
1162
1028
544
958
1605
1508
1370
1173
1992
748
1867
716
1467
2301
1843
283
2323
2360
2348
1666
1325
1773
2005
683
1386
370
1336
911
1657
1568
413
1624
712
1051
2191
518
1604
813
162
2061
2416
100
1928
1079
1709
845
602
2369
1207
846
2417
826
182
757
260
363
434
394
1557
1726
1479
1939
81
2320
2063
1036
1330
1124
2306
1299
55
149
1011
1302
1070
2274
1544
2133
1549
297
1696
359
168
1128
1252
331
2374
592
706
1416
250
2439
1333
1520
300
1485
1247
2081
1423
2116
1746
268
1454
1870
1659
223
119
2490
812
853
632
1763
653
1180
1848
85
396
468
83
2029
264
1016
1820
1464
1901
41
2022
432
2472
798
2013
1134
531
1883
2481
686
608
274
1504
1309
238
894
961
945
2368
133
1232
541
517
64
259
1817
1543
1121
2477
2144
1153
2220
1197
1678
110
1334
1418
458
454
1880
1113
390
1253
678
2329
1872
15
1225
1884
1251
1952
47
1940
1725
2483
478
2479
820
2208
261
1139
1692
2443
90
1658
2122
2461
319
1254
804
484
574
1396
1449
1823
582
620
556
1234
2442
1436
2195
1457
1698
1498
779
760
1507
2149
610
702
1737
2465
1355
1937
440
1866
2209
677
2365
1824
233
1706
1601
105
527
395
640
916
66
940
1631
1100
1748
1229
1836
430
1752
2358
962
1788
555
649
1047
1101
1227
1200
824
2044
1259
1160
997
1084
1491
1893
2289
1993
1628
1567
346
11
1745
1907
1443
965
1006
951
1656
1497
2311
2196
1438
2402
1527
1138
2146
21
1316
1955
787
80
157
2145
431
1112
6
428
1327
1968
1768
966
1995
1398
25
2087
2275
1428
1130
1982
817
2431
2120
1226
86
1208
1057
406
1119
540
1518
1916
1168
417
1213
266
650
615
442
1439
265
601
2111
87
2070
1053
141
78
2179
954
1800
949
606
1712
2310
324
1201
272
1921
1583
7
409
573
1539
2173
1382
1934
2326
1607
1509
500
1365
577
1806
843
1861
383
1651
761
539
1480
1328
371
2023
590
546
1329
2131
262
144
1785
932
1191
1859
1288
751
535
2434
956
2259
2322
871
2352
1147
2031
1646
2487
2071
892
1073
1312
908
1730
2076
753
914
2313
143
514
583
1602
829
1383
1743
1424
1892
959
832
1689
1553
2214
2052
1133
924
2315
16
1525
1405
1275
1569
1186
728
2074
2238
1409
1395
1826
436
1357
700
839
1809
2270
874
1419
1248
1551
1589
2207
2213
1209
474
2128
2396
1851
2082
946
1310
936
623
727
978
1998
1938
1519
1804
399
2359
2412
785
1023
1831
1292
1263
1913
1167
2007
671
232
209
1632
320
327
1888
1779
2371
1062
2080
305
736
814
1750
1592
226
1342
600
626
1634
1094
1794
1297
1110
561
2366
1933
666
697
222
766
330
2333
1127
187
255
672
652
567
2218
1262
2075
670
513
660
584
834
2186
1814
1975
2156
1343
1742
1731
789
988
1977
648
1596
1515
729
2020
1670
2266
1882
1980
1390
898
1408
282
1276
1217
2468
2001
391
1954
2411
178
1724
989
1571
476
1648
1951
276
271
835
877
1789
764
200
2059
323
1978
2170
765
887
219
366
1156
1541
719
1720
269
1839
1037
1279
461
715
1945
65
1389
1545
2335
1856
2163
1840
821
973
402
2427
493
1754
1220
899
2414
1834
2215
1353
730
1193
862
1682
741
1558
1308
422
341
477
2342
2119
2268
910
1757
873
1536
70
106
2019
969
2234
280
926
1085
1346
376
943
318
1237
807
984
2410
1524
883
1997
172
2198
48
1493
1404
580
1474
1942
2316
692
2017
1387
1869
134
803
213
1489
689
1442
713
424
1849
1366
2200
2257
1764
367
1018
433
1683
1264
558
1372
2014
1987
1373
2261
1852
2370
1564
800
1868
691
621
1146
767
2381
1671
1356
354
1303
1510
570
810
2225
1120
941
2088
2386
2169
575
563
976
1284
1853
2444
1641
1734
1639
909
2221
2383
96
152
2034
2162
369
53
676
263
358
782
164
13
1522
2330
1258
1427
1137
2206
1802
1780
103
1973
645
2053
136
1054
998
718
1891
2041
2312
897
217
2236
2193
1565
2252
1693
1273
2142
1320
2451
314
1233
1897
756
67
1015
1456
156
1943
181
398
699
836
1035
420
525
1483
2246
392
498
1446
2117
617
295
148
2459
1890
1246
1677
1402
2387
801
480
194
878
1332
2177
854
1609
790
1087
866
240
1708
488
299
1633
1850
2251
890
2021
191
1769
1459
57
76
1000
1244
1055
2157
1688
1958
1606
1922
160
1783
1103
991
613
2067
328
128
618
2097
1816
1791
569
1025
752
1243
44
1707
1603
1278
2176
1206
2495
1681
2089
43
776
1045
2397
1360
993
2175
658
2160
2056
994
2418
1846
1091
2010
849
720
1403
242
532
1578
166
938
1452
1458
1040
504
743
31
594
953
2304
1175
439
1908
1613
2379
1960
2264
492
1865
2037
2230
2166
127
1164
1107
2331
568
1837
929
819
2500
1618
1994
847
1319
1638
2151
1293
1477
329
201
714
1847
1318
1697
1086
2325
154
1526
1212
2407
195
604
1561
2309
2473
1759
411
1572
419
510
1451
112
281
928
2006
842
612
2485
1430
1468
717
91
482
738
2455
1796
1686
1899
1394
848
2130
71
1295
1896
1043
1772
1195
2354
2107
1904
1190
1363
1727
311
2048
512
560
372
737
695
784
885
693
1032
1135
528
340
373
896
1321
881
95
901
1944
2109
453
256
450
1441
597
2237
35
1471
641
138
1350
735
1981
516
270
986
1588
2422
1738
1352
2346
2015
472
1797
1182
2141
1905
32
1111
1345
775
867
1198
2357
1534
2086
1179
2249
711
27
1625
1501
864
1735
1230
519
1218
1906
2192
425
855
2260
279
1654
1924
218
1647
1060
1296
2018
802
1249
2118
963
2183
1286
2486
1260
1157
212
446
2226
1873
536
704
1963
292
1469
389
2231
93
2337
291
462
619
682
2373
1976
799
1216
749
2291
680
1250
267
1034
957
104
1566
927
1265
667
1702
2132
386
315
1586
2137
1235
452
1974
1674
656
1314
1492
526
2277
934
227
1354
2250
1399
1141
902
508
2084
1965
2125
1511
755
549
2054
236
1915
1502
325
858
1503
1530
2101
1052
1736
117
1169
1020
455
230
235
1065
545
2100
1429
2212
578
153
2030
337
1946
1767
1662
2072
2079
1790
1271
2497
1313
1962
794
1064
375
1155
122
675
2415
247
1739
596
2099
1747
1031
360
1257
2181
2400
221
1635
625
520
2375
1385
2155
1270
1972
471
1150
22
1619
773
872
762
2281
228
2002
1799
1412
1470
248
1844
2092
28
745
290
1615
1532
1224
2139
942
725
837
1152
437
111
473
1159
1005
1453
2000
387
1048
82
1573
1984
404
277
2436
1762
2377
177
2272
365
239
2423
2302
146
497
1863
1926
844
1695
1415
155
1176
479
1537
2384
995
2106
224
46
2429
1652
481
1855
1854
903
1161
1136
2222
827
245
1326
1556
2347
530
1560
1377
1283
778
273
1703
393
1864
1716
1999
1358
1285
1039
246
1512
1547
622
176
576
1575
258
2278
302
1306
24
1187
1290
2340
1793
416
1448
244
1081
1531
585
208
465
1538
1533
870
1024
2032
448
1481
2328
17
2164
60
39
410
72
2296
1407
2401
904
950
507
1170
456
1083
739
2499
763
2496
2498
964
788
207
2440
407
661
1608
2336
1210
2276
1077
1593
2203
811
2050
1194
333
1242
990
1990
313
2419
912
2492
1129
2185
684
2394
1004
1669
930
2469
486
14
852
2064
533
2028
101
1645
2040
1871
2184
1690
1228
1813
1026
769
840
1830
1663
1192
572
1221
2150
1691
307
278
1617
1684
2158
579
1653
742
1473
2494
1012
1041
2269
2140
886
97
565
1699
254
731
2204
771
971
939
1887
2011
175
30
884
1460
1744
2068
2345
2093
1700
1774
2327
559
1433
2482
947
308
1426
1106
627
447
289
2189
1482
2424
1495
1331
2123
1741
1874
214
253
1071
2049
1927
851
1417
2464
1068
2351
2159
1819
2058
79
1680
1803
861
1877
353
2295
2390
1030
822
505
538
435
917
94
2241
165
591
922
381
1196
1721
1718
937
1371
1291
2290
1753
2413
2194
466
2437
1093
2172
2332
685
1431
1421
2435
1563
534
521
180
1391
797
698
2293
1344
1889
1728
252
183
18
2334
1598
197
2121
1347
1238
1621
190
1132
1832
859
746
1986
351
2471
1584
130
1236
421
503
1610
673
121
132
724
850
856
637
1818
2205
522
1637
974
581
1585
1245
2108
192
2167
2033
793
1322
1812
1067
441
1189
310
1660
774
2083
1151
1758
361
2229
889
828
2350
1513
1205
489
1886
1581
1281
1845
2484
1267
624
1003
356
123
1555
587
54
1664
1406
1811
906
2420
243
1484
629
1349
1548
198
326
1351
131
2254
1413
2240
1694
1591
1644
338
554
1829
668
948
287
2224
499
229
920
944
285
1461
2188
905
1211
1528
2380
1668
1903
777
638
335
1307
1305
1815
857
2263
1732
1063
26
831
167
1401
1440
2199
1304
979
2161
3
2462
2450
116
750
2178
1761
1989
2228
1782
2425
1594
1339
1089
1966
1317
543
2457
2148
550
709
145
1576
1587
1704
2406
1256
1097
2300
2449
2432
2389
397
1222
1722
2262
1550
1808
1957
19
1807
36
1437
635
2009
2392
1348
2201
84
1770
1929
708
679
99
2134
163
2124
1948
893
907
1902
206
1614
1434
69
334
2012
1499
1771
2438
992
2478
51
733
1364
1142
2282
1266
1630
639
1801
118
196
1947
734
129
1523
593
1715
2244
304
179
348
1181
571
309
1324
1069
1932
921
423
2382
2339
2463
1269
2187
865
2292
1911
1376
2223
1042
642
2104
438
1949
1381
56
2285
1810
1033
770
1996
1838
1917
2069
547
935
1879
2152
384
876
616
808
2098
1685
2227
1971
1542
2367
2298
2433
77
2460
1400
1935
2319
815
2062
68
1612
1878
173
674
1486
875
1798
1841
1620
805
1109
388
1494
1919
1778
2362
1643
296
919
781
251
1090
1828
2395
2232
2393
490
977
1255
1361
2256
1231
726
1655
710
9
2324
1239
2039
63
73
1717
1078
347
1002
2073
184
286
2489
33
161
2045
2027
2399
1710
1825
662
2096
511
8
2253
1787
225
636
62
882
113
408
1450
124
249
1488
1066
2147
983
1487
595
2135
2279
1092
1912
880
1029
1335
1597
426
211
1900
429
1445
89
322
2341
687
2404
220
651
860
1294
1941
1154
1665
2267
721
2026
1148
1991
2102
1392
1599
1163
681
980
1104
185
50
772
506
501
818
553
701
1017
1988
1733
1338
2452
2202
231
1199
147
2378
823
1751
1411
1384
967
306
1455
1108
1959
2004
552
1115
1014
2271
332
1705
952
427
740
169
496
2243
1636
1203
2447
2025
1088
2110
1875
12
792
108
29
464
1374
301
1985
1476
1827
1629
2035
2242
1969
1775
879
2113
2344
758
598
2060
1781
1961
999
374
1559
1953
647
1600
1821
607
49
414
780
215
2376
723
1842
2248
806
1149
2105
2475
2355
1056
1894
1050
2361
1444
186
1740
900
2051
2458
491
2391
2294
470
786
2077
193
1080
75
669
1172
2235
1786
972
349
1282
2042
401
159
316
59
483
646
2343
1687
1506
52
1640
2066
5
364
1881
1125
2299
135
1936
1760
1582
1466
707
1756
2307
970
2038
744
705
931
1019
2491
564
355
1311
2426
605
1008
294
1860
495
288
1145
703
2284
2180
502
1298
350
114
2008
2398
1123
2467
1435
204
2126
1930
1672
1174
1570
987
237
1478
1140
284
469
445
1059
1420
1378
1784
2103
1102
791
1749
732
1185
2211
830
58
1380
1675
2446
1038
1300
1323
88
2405
102
644
1184
1590
2143
659
98
1713
2016
1340
2363
1462
1143
418
2287
2255
4
463
1393
1337
2114
841
2388
61
1166
589
2024
74
2153
20
1098
171
1898
