150
2463
57
992
1288
637
839
1249
440
1797
1492
1377
1178
1505
1250
2265
666
1403
1157
1131
2479
1319
1450
14
1123
1600
1756
1957
2240
412
298
902
253
630
755
357
1325
1628
503
1559
1159
1822
560
2087
1928
1576
267
618
166
2465
1363
1713
1199
2440
109
2066
2116
835
373
1840
1736
549
407
1651
235
513
41
622
1170
251
1935
1701
697
269
897
173
1306
81
1320
2118
459
1208
1459
882
1079
1888
1879
1379
1634
335
1088
1030
1187
1837
1899
40
2433
2242
206
1022
1144
2106
364
1367
699
348
1689
1750
1553
588
817
370
478
1669
37
1439
1035
598
1563
2448
1575
1210
2424
135
2038
1138
180
444
245
1051
2114
2320
108
2163
393
1997
236
543
2148
2127
1773
968
1670
973
2089
1930
2093
517
609
1711
1335
2375
1007
2121
1113
767
1146
1782
1299
1361
1841
367
1772
308
988
181
228
836
943
808
1642
706
1597
360
2319
1082
2309
1753
1342
16
1552
541
1015
792
123
1437
1581
1189
142
2402
2290
1865
579
2495
2179
2227
1766
1632
1432
1236
1454
405
939
2145
1854
1696
156
453
2267
634
2297
942
419
626
2461
754
1225
165
1394
463
1814
910
823
1391
2437
498
2337
1324
1262
1644
938
2124
1354
207
1821
1657
625
496
1304
1950
2088
1421
975
2
1444
648
1255
1992
1989
1429
663
1742
1409
1602
2186
1400
702
2302
798
2411
603
2258
1834
686
867
591
900
2081
145
1626
1153
1813
1376
1096
1926
1156
452
2039
1884
1735
2212
1198
1540
1143
1366
1406
1445
1371
1004
282
1629
2340
632
1068
1960
1264
1850
2112
1781
1218
36
1919
2500
532
488
748
336
1301
2462
780
80
1322
881
124
1547
125
944
2261
1337
926
1483
651
1695
996
1024
2228
256
1267
300
538
977
583
391
779
719
1630
1358
2006
1842
809
1160
2273
404
2236
392
432
1154
470
1135
1757
694
1233
1846
1003
1673
1343
353
2371
2054
1693
1408
730
1519
878
787
2255
445
2264
723
600
380
1913
506
415
2295
1979
1637
589
1683
2146
475
1008
990
1528
1571
1726
593
2131
428
1621
1034
2356
2222
33
863
460
1117
479
216
1587
1719
2230
1018
1801
1166
851
1674
1348
1969
2393
845
951
2385
673
230
1130
1415
744
6
1136
777
2313
1266
178
1085
983
2310
86
1077
1025
1981
966
1595
487
1333
1907
175
1946
2459
2139
1804
1944
1303
2316
309
1985
687
1119
757
960
2418
2138
1241
1284
42
1740
1668
890
2057
1817
2071
2487
537
1414
1770
2207
2113
29
797
2259
928
1285
1226
1148
126
1165
1952
1732
2360
1075
1751
2220
955
131
188
2468
1654
2364
1678
2125
107
1685
500
526
573
2155
374
671
624
2467
628
2422
1447
1069
1150
2082
1289
2208
2455
804
656
149
2491
345
931
381
547
1902
2428
544
2365
2458
1402
1612
164
284
1230
1496
2152
764
505
2423
563
1714
402
53
528
1727
964
1784
1777
2331
1087
1276
1330
539
610
2036
449
490
1171
516
1521
1317
1084
369
1819
2084
382
1904
1805
1137
2378
919
692
2260
680
952
76
2436
2355
1191
1707
1167
2033
1215
406
1457
168
1176
923
559
1193
786
1434
495
248
1345
371
274
3
1933
1794
28
1828
2025
1872
471
112
916
2140
1566
437
607
958
2398
187
1895
2323
409
1550
2328
1048
842
1186
1520
1970
1295
1873
1679
550
552
1967
986
546
1544
940
676
1026
2158
912
1825
2044
865
84
2028
1898
9
1258
1228
2452
814
1538
176
785
1062
1851
1914
2284
403
1785
972
2311
1485
619
2326
747
2097
1959
247
2171
1455
1500
280
1101
612
728
1372
1569
1470
1929
1506
781
2374
2347
1356
2103
1223
2020
1515
1368
2349
1920
2007
1052
1412
1783
1620
2416
2049
2191
596
266
103
1055
2200
2238
70
68
1860
1818
101
1290
427
1725
921
171
365
1827
2399
2361
832
689
439
827
2215
26
408
1610
1471
485
1464
2292
891
1542
769
880
2431
72
2426
1314
2174
1526
1677
1760
1312
995
388
2120
1393
1905
1583
2329
850
1808
683
834
1417
904
1692
965
237
139
1565
1830
338
1826
1089
571
482
1635
950
1044
2248
1497
2063
949
1891
1530
1129
113
311
586
2327
1054
2224
2065
239
1194
179
2086
2318
803
1903
2108
675
1047
2413
1875
2052
1885
1162
2438
1109
1839
2190
2075
1867
917
828
2472
510
2368
2282
934
486
2019
1666
1912
653
2170
1640
709
1549
426
97
2218
2117
551
1672
2246
1237
578
128
257
2254
1443
2013
1211
1328
1078
802
2237
390
1579
1011
1918
2382
1145
1653
2379
2376
1971
155
1955
1111
796
1395
2488
1623
1567
1451
2275
1973
2182
212
1016
1614
540
136
1641
1662
93
375
1932
861
2141
494
848
2496
62
679
2169
2415
1833
2272
761
1511
491
1407
2497
905
674
2406
321
895
189
1718
2042
78
907
1874
502
1094
1965
2194
520
2003
1832
997
946
631
1704
110
1339
2499
2370
1915
172
1029
1988
604
1270
613
1869
2348
1495
410
1351
1975
1790
1103
2346
925
820
1212
261
1435
1645
2276
1639
2205
283
13
1510
1397
1861
1896
2338
271
758
1197
2060
1949
249
1603
930
1092
1477
320
1708
229
773
1824
2023
1717
2225
1118
1831
144
752
1316
46
20
343
1023
2441
581
2270
2400
111
1331
2367
1787
2291
120
889
2147
1263
2109
1049
299
1446
1582
273
1998
2136
194
590
887
1265
224
143
1916
1479
2333
1334
1341
1126
1917
1863
326
2278
1442
1268
1329
104
2483
695
1976
2101
263
1529
1835
650
1180
2430
2325
883
587
1877
154
2366
2357
2058
1744
515
2386
2008
2021
2022
1232
2153
2209
1046
2444
429
1213
941
1858
2460
1631
389
2373
1347
534
2342
913
368
1221
398
1196
2332
204
1466
1655
875
1936
1816
1592
2456
776
800
102
2321
330
1608
2073
118
1755
159
1327
1768
456
2188
17
277
1234
1058
1798
1060
219
1298
2119
2128
2107
1900
635
1056
1441
929
1357
1570
483
341
114
319
1064
1387
1070
493
39
38
2046
438
831
2390
361
306
2477
2030
2299
1541
1260
1243
359
2425
736
2130
1723
1277
1995
1037
250
1681
1778
712
15
2308
818
2032
810
1548
1999
2090
1796
2031
2334
69
99
984
2343
751
649
991
83
720
243
2234
434
2001
1490
197
349
2450
396
852
2178
2241
1294
1646
772
1868
2280
1728
2457
1769
643
268
884
1512
1686
1313
1982
2161
1994
733
10
153
2498
971
74
1486
35
558
545
644
1040
1352
2017
2388
1274
1028
1499
536
1014
1091
1618
467
1422
1065
162
1201
195
2051
1229
87
1649
641
948
1574
1355
732
1002
1598
1983
1410
542
2132
1675
1364
2484
1897
961
1482
735
431
1730
1083
2408
60
1202
1254
794
1292
1938
879
1748
363
1522
2029
327
332
1375
90
1396
1591
24
2409
1349
759
48
2351
49
790
729
45
2192
1762
1203
2447
2232
2111
1043
535
1238
203
1771
1168
2221
1281
652
824
1532
746
1809
1763
1206
34
1302
2429
530
691
1733
953
1390
2387
2079
811
1074
417
1006
2048
2024
2096
1474
1478
1436
1099
1204
350
416
1080
896
718
2244
52
2129
920
647
899
1664
577
301
871
1942
561
281
2442
2312
2061
2016
1248
982
1307
727
962
739
2493
1954
77
95
23
220
548
1019
1121
1523
1359
1947
1378
1120
1697
302
1823
337
2165
2160
2037
1152
1815
1149
667
813
1310
73
2490
843
594
2070
572
1041
2149
2352
2283
1259
970
1848
1866
2341
119
1562
2389
1311
169
372
2397
1890
2410
2210
344
2064
1373
1424
71
376
1561
2263
639
1518
1937
2392
2074
1507
805
646
2068
1802
258
825
1524
2249
1133
1886
1309
1219
700
331
492
1812
1622
1738
1061
711
2306
1381
1911
1720
1887
2035
1475
2012
1758
1557
148
2288
477
1948
1765
645
352
668
1691
262
1558
756
1141
1754
1463
342
885
133
225
152
2199
1585
1568
682
501
1338
234
1698
202
291
1323
1624
1411
2183
1430
141
106
286
1205
63
2195
240
1909
2027
684
1586
933
918
672
1551
2072
1931
574
1978
2304
957
2010
226
1699
898
2094
1038
2196
1715
922
1721
1922
161
870
1671
199
288
1476
2201
1227
255
570
511
1425
1066
575
1452
795
821
741
1164
1282
44
1743
724
1440
1564
147
562
1465
985
1185
1516
1710
1269
473
192
837
584
5
2317
1020
422
1253
2177
2383
1513
121
1878
1383
1703
1601
844
1961
1560
1184
2133
762
2115
2206
2359
116
722
1652
1275
1491
2372
450
967
246
185
2135
1398
351
1636
791
447
285
287
2445
423
2446
2050
989
1680
1386
1852
2277
2173
2471
1097
213
1081
2231
592
401
2412
1963
841
2475
633
378
822
323
1934
395
1945
2434
1682
529
2159
799
1829
1941
140
638
2015
2211
454
1972
1694
325
1107
484
527
292
611
664
915
1974
451
893
1924
1392
2098
200
1741
1488
833
254
1036
1273
1746
58
2256
857
1792
328
2369
1572
1609
1847
2296
304
346
2245
297
1053
1013
1217
2394
1365
1318
100
2243
2059
1300
2305
1344
708
358
115
1615
927
205
1793
1332
1247
316
472
1242
138
853
1279
211
1151
617
1531
740
847
1659
2266
1892
1244
2314
829
911
1142
1923
21
655
2300
743
1413
1428
999
1369
1291
745
2011
1716
749
2257
2489
1745
2181
27
208
2126
64
1966
127
819
462
1993
377
826
489
1283
1346
1893
1105
1158
1545
1573
914
1350
2451
1050
2143
1104
1747
414
67
1864
1650
167
481
2405
2391
1179
1102
217
1504
2404
1033
806
901
1508
936
2353
838
1245
872
2381
1183
688
585
1953
2384
2252
1616
1110
1257
1625
425
2045
1894
2403
480
174
1453
753
1607
731
2449
1072
1271
707
314
1427
945
1287
186
1462
906
608
1182
1195
92
569
157
815
1498
163
1617
888
2294
1577
969
2203
340
43
2018
1648
2184
763
1493
1027
512
1880
129
616
1147
32
399
2344
88
2453
289
2055
1849
201
1384
1161
2176
508
1739
85
514
433
1509
705
2187
924
2362
2464
2193
2144
1039
1280
1293
1731
1658
2396
1855
1853
696
1667
597
1844
2485
89
2229
771
1005
2102
1556
418
75
2466
994
742
170
1389
1786
1419
1433
862
310
1925
130
576
50
2421
1086
710
1297
474
1968
1494
1128
1388
2026
793
670
1296
421
1469
333
79
1502
2427
693
2014
1791
734
564
51
1749
117
420
2040
1859
296
1676
1690
554
1536
1503
1305
2414
778
231
1984
362
1535
1112
59
582
1729
191
840
1580
400
436
1613
765
1021
177
864
313
2271
2095
2080
774
1663
1001
324
2156
782
557
2474
2122
1461
91
660
210
566
1554
303
1883
726
1031
1222
531
2380
690
31
623
657
932
2481
849
94
329
1764
1927
1661
685
2092
1404
214
305
2363
976
1456
1546
1688
244
1140
1190
1116
2002
413
430
2251
294
2151
2000
466
2435
2274
1709
1906
1845
1484
12
717
2322
1627
1588
461
1416
1838
1722
322
1059
1200
504
1032
65
1240
1889
1418
2168
387
2189
521
1619
661
1811
1127
1724
1605
160
2202
1543
397
260
1385
1871
507
1115
716
1399
356
196
1449
2345
476
411
1326
221
1467
1095
1665
1901
1163
2154
766
2478
1788
2354
1132
1173
1125
788
874
1996
1943
183
347
1473
1527
2469
1340
669
2172
2041
384
2157
469
519
2062
293
1489
1525
1684
276
998
1737
2175
860
1098
1216
768
1353
2180
2134
137
122
1431
1256
134
1460
698
2226
1063
866
2262
1940
2286
602
2105
446
2281
2330
737
1807
775
947
1706
1687
1321
193
233
1045
11
19
1188
703
1108
816
1382
533
1862
522
1656
443
56
1423
105
1405
1010
1705
1638
1172
855
1272
509
553
1517
1578
315
2395
1501
963
1599
2443
2085
621
1175
2269
2167
2083
424
1261
877
1752
2213
979
1124
383
981
978
714
959
1017
858
2034
2099
1876
2339
98
270
2401
66
2268
2004
524
252
2285
1776
1537
1
1380
789
2123
606
2047
1870
497
2293
2150
275
1487
464
2287
2473
627
2301
620
556
2420
2247
2162
1990
1308
1593
465
1590
518
2067
1139
892
1224
956
615
770
2377
2056
1759
555
2486
2492
1780
4
1090
54
1604
1584
2198
2053
1800
909
1810
760
1042
1991
1836
1951
318
2476
2336
8
1660
2482
614
2142
2077
812
1774
1843
2091
1169
601
681
1779
605
1336
1611
1012
886
30
1767
198
1057
355
1468
1374
290
784
1000
1214
1480
1401
1106
1789
223
640
2009
859
1209
1734
2110
678
1093
278
132
2166
2454
295
82
182
2289
1820
1420
642
908
455
1239
2235
1533
1235
1702
2480
750
215
677
1956
366
523
1958
1700
1795
2335
317
568
1799
1514
379
457
1647
1589
448
2239
334
2219
2417
1643
525
1458
279
658
47
2470
1362
2069
2100
435
876
2419
721
1122
869
704
1155
232
807
846
146
1181
238
1980
713
499
1633
2358
394
22
1921
2214
1803
2494
1315
61
659
1207
662
2298
725
96
2005
184
935
1231
830
1881
1882
1252
1278
565
636
209
2204
2250
1067
1114
2307
1977
2439
1594
1539
894
354
1908
937
2432
55
442
2078
2185
595
1438
2253
1076
974
2407
1534
227
2104
1712
599
339
241
854
1220
567
1806
1606
1448
2303
1472
1073
2043
2217
2350
312
264
7
458
1009
954
222
386
993
2164
2233
1761
2197
265
18
218
856
1246
272
580
980
385
1775
654
2137
307
1426
903
1481
1987
1857
1986
158
1962
1596
468
259
2279
1856
1939
441
1286
2315
701
1174
1360
1555
1251
1370
868
2324
151
1192
1071
801
1177
1134
629
2076
987
1964
1910
1100
190
242
738
25
783
2223
665
2216
715
