1088
43
2433
999
1137
1183
357
2259
2425
1940
1709
1133
1134
397
1668
331
860
272
297
1064
139
1159
286
1269
2428
621
2063
2134
1762
1121
431
1262
362
1321
385
236
937
739
1945
2405
2182
1039
623
1047
2100
1537
699
1335
1259
2243
744
245
1915
1453
1118
400
225
201
1513
1889
1869
340
255
56
766
607
69
1024
1543
1486
1292
867
296
1839
370
1713
2072
1309
1204
88
1567
560
1409
525
53
180
1952
1119
1496
590
177
281
1881
1837
1228
368
1027
243
2159
1601
1107
325
2268
1900
1754
753
1172
1081
81
840
1831
922
552
1761
1028
1422
1534
1613
459
176
760
930
1043
610
1410
1947
416
1554
2471
1386
1194
125
2416
120
2130
856
569
2176
557
1609
2053
1170
936
521
347
2107
2047
2190
611
1166
1008
648
1998
2429
2306
1729
378
2111
545
1373
37
1686
704
12
1261
2372
1341
2443
77
1751
483
2216
848
1323
748
993
327
654
1662
508
221
1448
2325
1520
2102
865
929
2009
1454
458
298
1126
417
1748
1654
213
1792
2496
2232
283
413
2490
1328
598
1155
472
1474
2020
976
100
517
1167
1844
617
1169
1286
1883
2484
918
506
322
1874
1922
2200
1144
137
432
1578
1653
1063
804
2155
971
1953
1251
478
2467
1875
2295
574
579
191
907
500
1280
2075
1051
2186
441
2222
2081
754
2188
1232
562
439
2360
1296
58
2240
344
1069
1688
652
614
467
38
877
1135
1405
904
2261
209
995
1661
2079
90
2197
1219
1029
262
2369
726
613
1764
1389
1555
528
395
2226
2407
1916
1928
788
275
1659
1522
1476
1974
1794
411
1604
978
326
895
1312
374
567
2006
1862
312
1988
616
1593
1441
1013
214
1101
99
701
95
377
1497
280
1347
1127
1421
1861
2129
1222
2172
101
1533
894
2434
2262
2296
842
970
1511
1380
292
1164
742
2184
160
1042
364
2148
1898
2285
857
1973
2485
2362
2389
1902
1018
1584
1978
2086
1073
1730
232
2173
2377
901
1580
2367
1157
988
1298
2054
454
669
2497
2420
733
1473
719
627
1615
1213
135
2041
390
1630
2017
2070
2342
933
1927
1001
1865
1075
2279
1723
186
828
1918
1944
1867
1475
2061
1832
1225
1677
2128
915
345
266
734
2455
2225
2025
1401
2410
589
1807
1201
54
1871
533
2248
1547
2448
1515
1428
1340
2015
663
128
673
353
1139
855
759
2495
247
577
132
2260
2397
1893
2500
1083
308
2
1275
1082
484
161
1306
384
140
258
107
1273
1620
2489
582
883
2118
1595
163
1147
2082
2169
1033
2478
73
852
2349
172
1981
33
1735
75
47
1257
228
199
2365
1168
25
935
1352
1229
735
1423
746
480
1572
963
1125
1040
597
608
2470
1174
2290
2052
694
541
1429
1246
2022
568
691
830
834
1738
2153
1099
1446
237
305
2460
1658
1016
1181
2282
2157
1199
1090
1182
437
2431
336
1627
1097
1038
2482
1614
1634
1070
747
2291
1071
1674
1094
1248
1879
2073
1623
2180
945
776
802
1006
1023
2339
468
717
1996
2068
1085
771
1986
1672
2094
2498
1721
2031
1468
1362
1966
892
890
1597
165
2320
593
986
244
2322
98
2338
1349
453
1146
572
667
509
606
1962
1655
1876
2125
380
2330
885
870
2239
196
1348
277
421
1245
138
1383
1931
1021
529
1368
1617
1392
1357
553
1303
686
450
235
1854
1816
1961
547
656
1226
871
493
1203
1964
571
2302
2351
126
671
1059
1582
1100
532
2304
1640
987
427
1648
882
61
1026
1294
2323
1737
434
743
208
2093
2114
2334
1301
1742
2233
1808
2396
537
2336
714
1123
183
410
16
2436
1109
1104
334
2462
1822
1815
1329
2311
1481
2049
386
2065
1552
646
144
2074
515
787
2395
162
807
1740
996
1297
2287
1826
519
358
2275
34
2345
805
750
1096
1756
1857
224
2023
14
1469
2335
1833
1458
1192
2386
770
1318
492
974
2018
625
674
1266
1184
424
838
1400
1411
192
1177
1014
299
1853
1255
1302
152
2464
1233
321
1811
447
394
1712
2450
369
2071
72
873
989
809
1673
1268
1670
1267
653
2394
1492
1536
2439
839
2113
949
1652
466
1461
2480
109
175
1256
1759
2194
822
1131
1612
124
151
1295
79
2472
188
1985
2417
1664
1460
122
1414
756
2170
2032
692
84
518
1642
1158
335
2062
170
1216
816
1703
461
696
1948
737
1108
412
2163
2294
1061
1287
642
1320
2021
1288
212
30
1350
1747
2024
1272
1675
2393
1384
1716
2300
720
1894
1236
1641
879
2392
1741
2297
1412
1153
1911
329
1160
853
1404
564
1817
1165
114
2317
1586
869
796
2043
289
2162
1431
2080
1886
1757
460
1935
1391
430
1440
1031
2165
3
200
1793
2112
837
683
864
1188
1045
91
2132
1086
854
912
926
1631
566
1585
2204
1456
1508
2252
1877
1253
360
1695
2034
536
1771
2228
1343
695
1406
1467
1540
794
1025
2196
142
111
36
1571
1576
193
1407
636
5
2106
715
1324
932
2404
1910
2119
2097
2224
1535
2326
2050
1726
1760
45
2096
1022
551
1718
2357
1207
2400
429
979
660
2040
481
1951
924
850
445
2422
2375
520
2029
217
1636
123
2185
1516
343
238
950
1824
249
406
2350
371
984
2056
827
1724
2083
1842
1048
917
2092
446
2178
342
2319
967
2499
2235
2095
896
2461
1965
763
880
1074
1506
1732
2346
1866
143
2158
171
2354
959
1669
1041
501
278
563
503
1895
489
295
1252
2238
404
392
586
1490
330
1680
2055
2328
2116
713
55
310
1289
741
700
732
969
1263
1447
2385
888
86
1784
393
2008
1484
1972
2378
2391
2167
1880
426
60
2060
556
789
1103
1375
2427
1878
97
285
402
2412
2035
1885
2019
1205
960
150
961
1588
1185
477
383
1449
745
1991
2321
2205
2161
2476
1247
1778
82
1707
1864
1551
1065
1946
263
1873
718
1626
602
1197
2152
2430
565
2058
2007
1531
1372
252
884
1180
2316
938
2203
2245
1605
751
2390
2085
203
2147
1095
1425
2446
1725
910
2138
947
1224
1034
256
2479
2266
2150
121
1175
1111
1265
1736
1959
323
872
1408
818
2337
2309
1049
2348
1046
2209
420
513
210
1838
419
1689
304
1603
1450
1087
881
2379
356
1438
231
349
1912
908
1957
1060
18
414
338
968
2327
858
731
680
2231
1319
50
2318
167
59
279
1975
2227
1112
725
1230
1643
2030
1921
946
1089
1733
1846
1019
1746
588
250
1858
46
1785
645
665
1503
2264
307
2447
1334
723
423
687
886
2382
63
2441
596
1976
1346
1790
991
1920
42
220
522
2003
1767
204
1619
1244
475
658
2126
1701
2487
319
490
105
925
1930
366
1731
1190
20
1196
632
1781
1819
1077
1704
1691
2255
730
2399
790
1293
2247
878
76
2089
558
973
1926
1338
777
19
1058
951
301
1863
469
688
810
351
1592
1176
2332
767
408
644
844
1768
675
1684
2305
927
1776
666
859
1080
1908
631
1398
127
2473
721
543
1919
158
1600
2149
2109
398
2219
251
1681
1397
1546
774
1763
1834
376
1591
928
1692
1720
1000
618
1787
526
133
1906
2424
2120
457
1581
433
2418
1396
1495
2099
813
2469
2193
2355
1385
2387
2401
2254
1271
479
1637
1092
187
1772
1220
1968
2000
689
795
1656
348
1124
1699
2265
847
2435
2409
1478
1369
104
1937
354
1805
2466
2380
962
57
1569
516
2283
215
502
775
1607
570
899
2373
2016
1647
182
1825
1608
1650
581
316
649
711
4
1189
1332
403
1836
1342
1241
1217
260
448
2289
716
708
452
1791
1903
1360
940
498
587
1645
1849
943
1367
1851
1901
64
2221
1929
1235
1562
1264
1977
1091
1339
1057
906
1602
1258
2253
1739
2051
875
921
78
373
1570
2230
554
17
189
2459
1010
1706
2091
149
1812
2236
39
1173
66
2210
1813
657
387
1145
887
89
1117
1804
1336
2175
1489
2374
920
2256
1141
248
889
1509
1995
51
1466
1494
2359
2208
2249
1394
811
1353
1004
1198
27
784
2258
1525
1480
311
641
407
2314
1193
218
523
1990
1231
1212
2307
113
535
605
499
2366
2151
1512
1102
2218
1053
903
628
1556
634
1913
1960
1439
1076
1463
497
1402
1433
1171
1667
752
1694
1563
1925
643
1550
271
1734
1285
710
821
1413
2284
2270
639
496
2038
685
1240
2028
801
1300
846
624
328
1938
1079
179
1178
1154
1683
2333
313
966
131
2293
136
923
270
1685
841
824
2001
1487
620
1841
2048
599
1814
1507
2344
1982
119
2251
1802
233
2229
291
2192
1355
494
712
510
1379
1316
1809
1852
1526
1210
975
957
1143
1788
2004
736
1007
288
116
799
1907
866
845
2110
1377
575
1610
913
629
103
678
2037
823
1278
462
817
548
44
1465
1795
916
269
531
1606
253
1798
584
1638
185
1238
814
80
693
1979
1829
2141
130
2066
318
1587
958
1621
1789
115
2488
682
1417
2408
93
1625
1622
638
355
2269
964
1558
1359
2299
1999
835
1828
1444
1632
1589
2277
174
1665
49
981
2486
942
1850
1888
1426
1845
485
1693
28
1624
2368
1333
793
812
619
198
1
1050
194
2415
1528
1530
2117
655
106
1310
1106
1012
240
1202
580
2144
659
178
141
1187
2303
1548
740
62
891
1575
216
2124
154
2347
273
1152
1553
1532
1818
792
2064
2215
2406
1690
1561
1105
1093
435
1848
2356
267
2199
1549
729
1055
239
2014
157
1678
1459
2206
1072
1891
1679
1284
738
773
1806
706
2449
2281
697
992
1374
2217
670
898
486
6
2098
2272
2468
1559
1745
1002
1452
339
29
134
274
2076
507
868
1330
324
1967
2250
2276
681
94
1381
2123
153
1799
1989
241
2493
21
573
1115
1923
1477
1283
67
333
337
223
2402
1067
1545
902
2195
2136
1843
1311
1282
1130
2353
781
1899
164
1890
361
48
2084
2033
626
769
544
633
1498
2474
2442
1969
1835
455
1234
1140
2352
2263
1698
953
2067
2310
512
791
85
1749
2458
2358
1015
1984
764
1068
651
2267
1122
2444
1766
800
206
2090
2174
836
1744
290
1752
487
1590
1821
1949
990
1892
293
1482
1696
1775
948
1387
1872
1378
2027
1671
803
300
464
2145
1527
1657
798
129
635
1424
540
2438
900
2191
2211
1719
1195
1098
1129
1687
1191
524
2324
1242
1291
1036
2361
2477
862
983
1128
1371
68
998
488
527
672
1859
282
1445
934
284
609
2244
2301
504
1434
1933
1529
1524
2207
1364
2398
1939
2454
550
2045
2077
474
1847
2403
1020
2475
1542
755
1568
874
1914
1523
399
1904
604
911
440
8
985
2036
585
2087
456
2131
1237
2445
1337
762
52
1365
647
1950
615
1538
444
2274
1345
782
2312
396
1132
1714
391
1882
829
768
1956
306
2202
173
117
438
1327
230
1270
242
1583
1502
2069
317
2376
1249
1163
749
350
2288
595
1390
1315
1455
2005
1223
2039
1035
367
1715
559
1980
145
1209
1909
359
23
1156
576
2371
449
849
2059
1573
259
118
1032
2179
1215
1797
1418
1457
549
1113
1646
190
207
470
1971
229
1676
2002
2411
1211
1483
601
32
415
1044
2298
1260
1415
679
1149
1773
1801
2273
1599
2160
2143
1376
2440
1078
1810
1786
2057
727
2121
2213
705
1884
690
1510
1594
1208
418
388
2137
1983
1700
2341
2242
1186
1997
202
622
1521
2168
2271
863
1611
1987
980
2012
2363
409
1544
505
211
1633
722
1758
2280
1666
724
640
1120
1281
539
514
778
1727
1488
147
2278
1992
471
2456
1823
156
2481
74
1151
1635
1299
1505
1955
1660
1314
2166
952
820
389
13
511
102
546
442
265
1150
2026
246
1399
1705
1437
1943
1722
1934
1598
982
436
2171
2465
780
2331
1500
578
555
2383
1009
309
1356
583
2308
2104
861
1277
2241
2414
2187
1539
428
1954
1779
1565
650
1084
443
166
662
1472
9
2384
2010
876
31
797
219
2201
197
1393
707
372
1243
1702
1616
954
341
1052
184
1142
1519
612
1470
92
2133
1717
303
909
1432
1924
1993
1451
1499
1860
1932
765
2457
2426
302
1780
1566
473
381
1420
668
1443
1827
1388
664
476
676
1577
1639
365
2189
826
1435
463
1887
1136
41
2286
600
758
530
703
314
1200
1994
2115
87
40
1430
1942
702
698
1644
1803
757
1501
684
851
1110
1868
1479
1114
148
491
956
997
382
815
1221
1276
1743
1250
965
2181
955
1958
2103
2453
294
1896
832
159
1354
1728
1564
534
1708
1710
1753
1541
843
2246
287
1239
1800
146
1711
2013
1905
806
1279
825
1214
1777
2135
783
931
1917
1227
2198
1148
2101
1557
1628
24
677
1179
2046
1651
96
1290
1820
2139
2483
1574
1897
1331
363
375
977
346
893
226
833
939
1308
1326
1936
1436
1416
1062
1697
1003
1855
2451
26
637
1017
2212
1649
1304
2044
1856
70
1493
1206
1596
1395
1485
2432
786
155
1629
2105
205
2140
561
1579
819
83
1427
1358
2177
1370
1403
268
2340
905
2419
1363
227
1504
2088
1970
451
495
261
222
2437
2364
1307
1840
2011
254
2491
630
10
1464
2142
538
1796
2042
11
1274
1054
2146
2234
257
1750
661
914
7
1755
1770
542
2214
919
2492
1471
2343
276
2423
1351
1116
15
1325
2164
2156
2413
1774
234
772
108
1066
728
594
1218
1963
112
2237
603
1769
1254
994
2463
1305
941
1138
1518
422
1830
1011
264
2127
465
352
1317
169
181
944
591
2183
972
1765
2381
22
1366
1491
2313
1361
779
2370
195
35
1870
1618
1663
1344
2108
1782
332
2388
761
320
1037
2257
709
1162
65
1783
168
1322
1514
1442
2494
2329
831
1419
808
2078
785
1682
1517
1030
592
1161
405
1941
2122
2292
2421
315
1560
1462
379
71
482
1382
2223
2220
401
1313
1056
2315
2452
897
1005
2154
425
