322
1325
1114
1547
2262
126
736
1440
1772
1730
2295
1342
414
1124
1680
2288
2355
2025
2251
661
564
826
2161
437
1820
1366
2024
358
2372
1912
2003
700
1144
369
432
183
1103
1039
2448
1792
242
1013
562
2133
991
1395
1093
2116
1919
106
2443
2010
1466
2155
709
724
1713
1221
531
500
799
211
1087
486
87
2069
2103
2265
919
1414
916
1329
59
1125
549
1689
2266
1463
836
1015
2013
1640
594
1725
529
1266
580
533
619
716
1803
1947
1353
605
1757
378
1210
1806
1533
2249
1964
963
1847
61
698
2364
1862
1230
822
2430
310
190
1175
508
1631
1151
274
589
793
1543
104
2294
819
576
407
2296
2115
2292
446
187
493
1970
824
311
2007
639
119
1277
750
1154
264
918
2349
2411
1132
1111
678
1048
763
46
1264
1471
1561
1263
1406
1262
866
2062
1710
1447
1821
473
1451
2432
62
1292
1794
2405
110
314
706
1025
871
2416
1274
255
1092
2286
584
879
115
1762
179
821
1317
1308
779
888
1367
133
1832
492
2468
438
360
1855
1951
2462
1572
1285
1055
1341
1835
758
2424
217
1846
1226
2418
2239
1874
783
1768
1223
1108
1220
1933
755
1663
316
1469
1300
259
303
1074
1582
1405
534
1920
1750
176
723
1360
536
166
680
2326
1362
235
2258
383
1006
1987
38
1215
568
154
988
795
484
593
1844
2491
1701
768
1000
1822
221
2227
689
1769
1881
809
1869
962
94
944
696
2077
1965
354
756
939
1897
423
597
387
2104
463
1199
612
1186
2263
856
399
1397
2350
1930
1433
415
60
490
738
290
2293
1580
1259
668
1648
868
566
1204
1786
317
55
85
1500
84
2171
112
800
1645
301
121
1053
521
2490
2160
1441
1825
1429
1446
586
2040
697
4
1724
506
2396
282
2199
2477
22
1110
1357
1775
607
922
2186
1717
632
1069
1840
2383
2497
2091
2387
7
1169
1727
45
544
702
424
2095
1021
940
1676
1765
130
2029
2276
1612
2023
2019
1522
973
56
1851
2143
831
1011
862
1294
26
2070
859
2097
411
1940
1296
1217
1165
2149
1860
1529
1808
657
1845
2165
390
1419
673
2183
2420
224
309
2154
1736
611
1298
385
1696
2493
1062
1481
353
1960
1232
1955
1995
965
829
956
1591
1393
1348
1843
1632
1619
1188
10
2236
204
384
942
47
1799
1584
1546
2291
813
1356
1409
976
1823
1688
1936
901
265
1722
1980
1759
949
17
881
2066
2050
910
2394
1959
682
1007
1784
1554
293
945
29
1086
837
745
2319
337
395
8
1652
833
1261
1354
266
1460
1026
728
1916
1181
2207
113
627
1058
23
333
338
917
1659
1901
1856
440
662
451
2228
2361
651
1101
260
2414
2106
1271
249
2212
1295
1743
419
1967
276
1838
2306
65
1877
1288
328
2488
710
2045
560
1922
2479
596
346
1910
1767
498
1138
769
1692
1275
392
742
151
551
1339
751
1626
2334
1171
292
348
339
256
1646
1996
69
1172
2166
715
2322
1490
1258
206
2157
855
300
1313
2478
528
1265
203
319
773
969
1735
2377
565
1260
2438
1028
1002
559
1477
1577
297
1032
903
1497
726
1938
210
1412
1320
1061
1166
941
509
1666
1063
2084
754
1327
1549
134
2117
1596
298
1902
1944
1047
556
2466
721
1983
1519
514
1854
882
635
776
848
323
2110
1200
759
2093
2423
444
557
481
2172
234
616
42
1180
1415
2028
617
1966
202
1931
194
2446
2337
1240
245
774
9
1693
114
427
139
343
2253
1605
137
381
1962
2014
2022
505
295
1744
614
2352
2277
1763
914
1620
1444
1668
667
929
391
1208
2257
1514
1319
1795
2381
591
992
1531
2261
1482
1379
2201
2279
2415
1036
32
1900
2347
2230
468
532
1779
359
475
1496
1871
920
141
1389
2035
1219
2345
389
2152
1711
1798
823
1009
1146
1748
1548
1662
990
2248
1438
76
1345
212
2254
1853
1276
180
601
2244
1381
1293
1340
1257
516
1033
2176
1407
75
876
540
1322
1472
2193
1464
98
1479
2018
771
1120
623
1946
2033
625
1884
747
2159
1538
787
1216
2384
482
1147
1073
1929
118
158
644
164
830
2042
177
2082
740
526
1312
569
1613
1417
201
541
436
279
1123
573
483
1653
2325
1137
985
1051
452
406
1783
1536
1641
14
812
1225
2297
425
1805
1436
163
66
844
188
1311
1331
834
2122
849
131
1014
2072
1020
1891
261
558
1236
1836
892
717
1250
2301
2457
659
1950
2290
321
2004
930
2338
1321
2243
1698
1625
515
73
666
1993
466
2481
125
1695
1555
1222
1106
2365
1252
1478
1984
981
820
434
431
1976
1903
628
2348
44
1350
964
19
970
1633
1681
1314
6
2145
16
1309
854
590
1001
409
2205
1740
2190
1616
474
393
1246
2373
435
2034
2274
1273
1801
1094
757
1485
2195
1971
2174
547
552
1143
2208
1129
1050
1535
1800
2039
268
1928
1017
838
2417
485
951
1126
1024
2380
2250
1168
1392
786
1601
2179
719
1972
2071
396
2231
535
1380
1080
2144
2282
1117
1925
2467
1982
152
251
287
890
1622
947
1755
2269
1773
1839
874
1647
320
2455
324
2437
218
1697
2182
705
825
362
1603
2379
2162
839
31
1525
1506
1999
1193
1195
238
304
1043
72
215
1985
1790
58
1437
184
2
2109
1638
196
2382
1746
2158
214
335
275
416
20
2271
128
401
2329
1559
1977
846
43
1707
1694
602
1992
1416
160
1068
971
2065
1425
1669
448
2206
953
1921
1872
1979
1885
1733
367
1986
120
219
186
869
280
2427
1461
610
2267
2410
1122
1774
643
1458
1606
380
1699
371
2320
2128
950
1034
2008
518
222
363
2198
1057
1532
2386
129
2086
1358
908
694
1231
2005
1269
2032
2335
1809
581
1499
1758
1673
2067
270
349
789
366
873
488
893
2324
543
645
364
1513
143
1474
2339
469
1973
1961
1563
2486
74
21
1526
1324
2358
2245
227
2011
1593
1045
1410
2441
1493
2131
1224
491
231
1142
408
599
1427
2215
1343
192
459
955
2187
1558
2317
972
1541
676
172
1850
1242
1368
64
1253
243
2442
1556
1991
647
1082
1975
1842
2428
843
345
1501
1998
1330
683
1904
762
1237
208
2114
127
1156
1650
1583
2284
1796
1338
609
342
1553
2118
501
2460
1749
1421
2046
2169
1270
885
161
2127
1098
2058
1078
1952
2064
2164
538
1913
1411
630
960
804
90
341
2401
1637
1196
1747
524
2150
631
1802
1615
2119
502
1751
1777
1545
2180
400
95
1651
1005
1520
884
1376
2500
1682
542
2342
1374
1753
770
27
1988
1534
511
2167
5
1618
228
253
2129
1272
1830
1046
2389
2368
656
1515
1630
216
775
2211
1184
2196
966
2170
1649
1386
711
430
1789
2219
817
1018
1781
1364
296
725
123
1804
1118
1418
370
470
1462
1738
147
814
418
1402
18
1268
326
1866
480
441
2395
1083
2328
1281
2088
1551
12
2260
356
621
2223
460
733
1528
445
2125
1318
2340
174
2038
315
1848
28
805
1332
2063
1718
1882
1690
2052
1609
1527
1177
449
1218
299
1486
2094
1227
2255
1989
197
2273
1203
1585
1316
2445
2409
1182
2456
618
1369
2318
912
889
1745
664
2232
81
1291
2242
1864
1578
2126
2074
2192
2240
2134
995
2313
1880
554
671
665
108
974
2425
909
1207
291
140
1937
1815
1030
595
2107
592
875
2137
1448
34
402
1303
97
1465
707
30
1041
237
980
1509
365
1475
513
122
1452
2487
806
2458
626
1505
223
1934
932
2408
244
1782
781
681
272
1157
1131
2136
1178
1770
2041
2489
1213
729
497
1459
864
1635
1229
801
433
1158
442
1841
1831
2474
313
1378
1010
1639
1234
545
1301
978
263
1814
1837
258
149
92
257
2356
1715
148
1190
900
550
952
89
1148
1915
1089
896
189
1408
479
1185
2191
634
1581
746
2287
1198
2302
2139
2431
1445
1029
429
1284
1038
1611
926
2346
2098
984
1567
410
1019
2175
1917
1239
77
2439
1728
587
1654
1504
457
1574
1540
2009
1130
351
1719
2360
2151
2272
1542
453
1924
712
467
772
582
604
13
1432
2305
2270
2449
2238
103
1133
170
1898
1403
1214
289
1488
462
220
842
1004
185
1189
1899
477
2200
1956
2280
2213
1060
1655
1211
1349
1602
2185
957
1797
935
1323
1661
2308
1816
1467
2283
2452
1791
3
33
1304
886
2353
1731
283
2138
229
1827
1516
476
2044
1070
2113
284
193
2473
2454
968
1248
796
403
2168
2037
376
810
2021
880
911
860
1517
494
461
1145
100
778
2090
2057
1371
1604
2303
1255
567
887
2331
852
1027
2000
1149
1084
226
2220
2281
1336
1212
1969
669
1307
510
25
1173
78
1449
2020
2357
2177
574
372
1428
883
267
1793
1489
138
1088
701
1621
1067
1352
1287
2081
2108
983
748
2465
1423
2049
1909
1812
2235
1863
2141
246
489
2247
519
1569
1932
1113
615
1810
2096
1480
653
1642
840
1396
1116
499
1072
652
450
1302
691
832
563
2083
426
2178
2197
2327
1594
1565
753
281
318
2173
841
2218
2378
1896
548
205
897
677
660
96
2422
1634
850
271
334
2429
200
1243
1908
943
1557
2264
1957
1958
1044
993
1457
1473
928
685
561
420
857
1953
2092
2323
1729
2285
1911
2472
2351
927
670
2153
633
54
2056
49
1107
708
165
1247
150
798
996
749
2241
1385
1861
1394
1424
2047
2385
1167
572
1756
1895
2390
807
153
1382
1476
2146
1012
1289
1183
537
1085
2121
2436
585
2102
1161
1523
209
2413
1187
157
646
146
2362
994
2392
1890
2289
2214
539
1788
2080
1205
553
412
1807
2275
2440
352
1597
1575
327
1927
1776
851
2259
998
404
2237
936
780
765
1761
2017
1355
2426
2494
790
1194
811
891
2132
1337
421
1191
1059
2148
2471
2499
2484
1201
2363
1442
1104
722
818
2374
1099
273
1141
2246
1607
464
355
1310
308
1031
2463
487
1686
1778
1678
1923
2485
375
2055
1968
1388
361
2226
2402
784
2300
899
2078
397
1643
2447
695
1674
2204
1875
2310
777
1708
1095
699
1656
1608
2135
1518
853
1943
865
684
894
1592
286
1610
1687
1297
1714
530
182
169
1560
1286
2298
1811
686
655
1614
1709
2496
905
1672
2130
1102
2330
67
2482
739
997
1766
1720
107
40
1732
1566
2388
111
1443
132
1170
2224
1568
507
1491
1511
1539
2027
2309
1941
1573
527
785
730
606
1945
2068
638
925
907
2030
1677
2015
241
1892
1502
2147
350
704
1599
2142
2406
1658
761
37
405
1238
2453
1824
398
80
2476
1096
336
895
1077
2184
1335
1016
374
1076
2492
1197
1510
967
2061
1344
828
2043
236
1828
1764
1734
1741
766
2156
1665
1939
306
1315
305
1507
692
1254
478
650
2268
88
1306
1128
743
2344
1136
240
999
1163
2316
105
737
116
1079
181
878
1023
741
1829
672
1537
1590
35
1037
2435
906
1818
2341
2480
732
1628
63
1390
2006
1780
1279
388
1278
792
1752
2222
1997
1703
379
1498
1683
1052
1667
357
254
904
1064
1152
1282
330
1434
2209
2054
1065
1400
1420
1042
913
70
1267
1492
575
782
1660
455
2233
1918
987
1162
2189
1071
1981
458
1359
1926
2002
1241
931
2123
815
2111
731
1249
1721
1857
915
663
2332
1562
2451
1906
816
2060
2469
439
167
504
1893
803
50
1202
760
329
2304
82
465
1035
1771
503
1245
1942
495
877
2124
277
1150
1712
1384
577
1595
2036
1391
713
1990
2105
239
845
1361
642
1894
1954
1684
288
373
588
2315
1401
1826
39
1370
1978
83
1375
2140
2101
417
413
867
1675
15
1876
767
2221
752
2216
2359
579
674
1629
598
68
1373
1056
230
1328
1377
2498
1588
382
2217
937
2369
1552
744
693
1867
1587
135
250
2450
1387
608
52
2252
1398
1192
1706
1742
654
1363
1365
1453
727
675
872
269
2026
583
1439
252
1726
788
1700
1351
1737
1579
2112
986
1105
454
2354
262
1431
368
1022
1251
1865
649
1426
1858
1139
629
156
1873
2459
808
1589
1483
142
648
1914
2016
1155
1305
41
2100
1468
898
1119
2375
1228
858
496
1852
331
1484
1280
1159
2343
1624
2278
1813
791
145
2073
447
48
1
1346
225
522
472
975
600
1623
2398
1399
1164
2366
1679
977
2163
101
1456
1636
1760
1754
1134
1372
948
2399
1334
456
578
2412
1512
802
1140
57
1886
870
1657
332
1091
71
124
312
294
302
198
517
861
1299
938
1097
102
954
1564
714
1153
199
959
1090
620
1949
1905
2031
51
982
1705
835
86
471
523
2314
2311
570
1049
2419
1233
1586
546
1470
2461
1723
827
2370
443
1617
2053
688
2059
1670
2400
11
2075
1576
1135
718
1404
512
734
173
2048
2464
2397
640
99
1571
1290
2403
1524
1283
285
2434
1347
863
2120
1115
1627
2079
79
1948
1054
989
624
91
1174
2229
1739
2407
136
2203
720
162
924
1870
622
394
1008
36
1127
232
2393
386
2495
902
1704
178
155
2012
1716
117
1209
1495
2321
923
1887
207
1430
1907
934
2299
109
340
2089
1235
2051
1849
1550
2444
1176
1326
1494
1383
946
2307
1455
2202
344
1888
2085
2391
1544
1994
1179
2181
1121
636
24
175
1691
847
1600
307
248
958
2333
1889
979
1883
278
1570
2225
53
520
1333
1503
2076
735
247
1787
797
687
168
1256
1066
2470
1702
794
961
764
1081
2433
1435
2099
2256
2367
159
1671
1530
2194
233
1819
658
1664
933
641
2483
1834
1935
1422
571
2001
2188
2312
1868
377
679
1109
1974
613
2210
1450
428
1685
144
2087
1785
195
2336
2234
1040
2376
1244
1879
191
1206
1075
555
1487
1644
525
1817
1112
422
1521
1833
1859
93
703
2371
1100
1878
1598
1413
1454
213
921
603
2404
690
1963
637
1160
325
1508
171
1003
2421
2475
