804
2127
1062
1030
2110
52
646
1515
2298
1133
2017
2009
1903
1005
120
272
676
833
2477
1513
1873
1704
2252
34
747
1483
1418
1358
2089
1989
111
992
75
1463
67
1556
36
1179
2018
1214
1925
1044
1667
947
1038
2010
2144
725
2265
1500
544
70
510
1156
1762
830
743
583
1566
250
1367
1968
760
2174
587
1278
2065
1149
1790
205
1164
314
860
695
537
1703
1940
2425
988
2355
2361
251
1293
1887
1580
2189
1697
333
28
2173
2455
617
330
2461
317
2175
60
632
688
1244
1086
516
46
1083
1578
2086
1745
1596
320
1547
864
969
2345
963
976
1183
148
2023
1170
292
693
1997
879
1468
1108
1535
701
486
723
446
1562
1071
1288
1040
973
2079
2347
447
791
2041
839
1931
1464
1992
1443
2309
170
1769
818
2423
788
1017
2226
1124
710
1487
2049
38
1817
2433
2066
2108
866
1254
915
2379
300
984
379
441
188
97
739
229
1936
2271
2035
1660
31
2039
341
1895
2206
1430
119
1291
508
934
782
1878
1074
51
819
429
1258
895
1281
536
2436
383
271
1767
828
1316
2072
1975
773
186
674
1656
2246
2192
1438
1018
1982
278
185
943
368
2496
593
1334
648
713
1680
1526
1666
1774
2013
1455
1153
750
2387
2416
1929
1256
1275
131
125
1372
2491
2117
532
1896
684
1354
2302
1374
1768
2190
1707
1785
29
1980
1477
1148
2139
892
1471
1517
37
6
665
1722
917
2442
1640
247
2028
581
1486
246
1033
1242
1138
4
1233
1809
1447
1658
858
1649
1295
1627
1735
76
487
859
1848
702
527
2194
2202
2287
2222
1892
284
1363
2151
807
1449
1459
2375
2264
264
1092
2084
1756
1973
1860
2417
897
796
2411
2487
889
166
703
351
531
2313
283
2239
1718
1782
615
1700
1195
1382
1450
1849
2076
1259
1730
1573
433
909
1508
1344
2428
1624
614
1532
1297
742
165
1220
1641
1935
2103
385
437
2197
923
2363
2373
88
1620
678
778
1419
337
1045
1951
837
1512
962
2022
1064
2402
1234
1104
2170
1844
2141
1068
1826
204
589
2152
1926
1094
1014
566
1350
1836
1916
1944
1921
2393
611
365
1048
1143
1280
2171
1910
1235
1362
376
84
2367
936
942
1587
1709
2358
1955
584
585
361
2241
798
1006
1472
2101
2008
1965
1983
2348
1081
2273
2432
603
1431
2056
1022
1898
408
2500
150
1527
1934
2481
1380
792
560
1752
465
1877
1346
2280
896
2404
427
1726
955
2256
225
453
1077
366
1324
1721
1996
387
1967
2350
15
2120
309
1918
340
2364
485
198
2460
2295
1806
2337
1723
280
1098
1639
884
1558
428
2480
1481
1505
2275
622
1345
2452
731
1178
2341
1613
2451
494
845
1122
62
1778
1490
400
1236
1695
1674
2078
1375
1698
600
873
1276
966
1661
1219
149
266
641
202
2292
1528
2401
1518
794
1784
1772
1885
950
660
667
672
1186
1702
1986
244
431
1371
138
1004
1779
393
1606
40
1811
881
518
1845
2308
1496
2312
375
143
1191
1678
1775
1593
1059
920
922
236
1539
592
1036
1643
972
1701
829
439
2260
1395
843
348
2245
847
1676
996
937
2332
806
1731
1864
1962
2291
2099
1340
2331
319
1289
2205
1469
800
1137
79
1146
1777
1977
1163
1751
1420
924
1920
1237
1095
18
1738
2201
491
1154
552
342
35
155
1498
2064
1000
2409
109
2484
1830
386
939
1886
1329
2178
262
869
1852
2243
1239
1803
56
2365
1063
1654
490
1953
1966
1690
2446
420
1544
169
1035
1838
1252
1112
217
1855
2157
933
726
2067
2279
1473
1107
1634
1227
133
455
1712
763
239
2257
415
1543
2182
1106
1152
1168
1445
1623
1182
576
1147
716
151
238
1814
1579
2165
2142
182
1771
257
122
1013
783
1686
249
1303
2187
1207
2468
338
2317
959
1060
541
2476
1130
1812
1232
974
218
572
650
2413
1589
629
797
2053
1981
805
107
720
588
1422
1210
694
610
470
2161
395
1529
1675
1230
616
1869
2095
2479
2230
2148
640
1337
1222
799
762
1213
2242
2429
668
2274
2163
620
573
468
2390
671
998
2005
2070
901
1995
104
2244
1588
935
2090
1557
190
2122
1874
1425
981
1813
405
2004
635
96
628
2247
1629
2499
1615
1404
2276
2235
2326
1923
1050
534
318
2456
2356
1212
364
1783
631
1804
2179
2290
1403
115
451
1343
1290
136
542
1988
2359
2104
1248
1126
1
1041
1961
161
2410
1066
2092
1657
1572
54
1135
546
653
1426
2301
172
2323
1194
2441
647
1781
426
681
2305
2045
1160
2338
519
1594
945
1780
1313
1807
530
1867
2046
666
310
2128
766
1555
2485
590
144
248
65
2391
1999
396
17
2449
2073
1758
124
1815
1437
2439
2438
402
540
1897
918
1835
344
1766
1510
1338
727
1971
358
1474
825
221
1818
1542
422
2493
562
597
11
1753
1373
235
346
979
1914
2437
127
1489
2261
1205
2213
1963
47
1933
565
1605
1228
568
1827
564
1110
2467
2200
1096
619
1446
430
2472
1398
697
1747
2077
505
343
840
2204
767
174
92
1055
23
2130
2212
1952
623
2316
999
301
1172
1976
1139
1389
705
1067
1287
921
1162
886
226
785
2228
207
1211
596
1323
956
613
2033
696
1225
404
1533
1029
2097
1024
413
1715
1872
1987
139
1969
1484
1198
1031
1798
2374
525
297
2224
1993
2458
1610
448
1621
1947
2380
243
1829
1129
1101
630
2177
595
1088
126
872
1523
1410
932
282
1688
1638
1760
2307
1891
1021
2444
73
1250
298
2392
1511
181
2196
1037
438
389
1583
2109
733
722
2296
781
183
349
145
55
1189
1854
212
1964
2098
460
1911
322
2321
1843
2369
1644
867
949
1283
1221
1684
1746
708
1165
423
768
1776
7
2238
707
157
803
2318
1796
2051
391
457
1554
906
946
1026
2162
554
2497
1520
1263
2269
538
2126
2158
462
2003
838
1759
948
570
1728
134
63
189
817
862
142
609
1592
265
2036
680
784
162
1424
1052
579
2408
1682
499
345
2289
1668
483
983
1604
2470
1480
1889
1871
876
1635
1386
1584
1630
1696
1819
664
412
256
2454
728
2050
424
1618
1901
586
1393
206
274
2383
1028
1970
1265
1494
302
2398
223
2288
994
1159
2063
193
178
529
1454
765
2111
1352
2494
1509
2121
736
2424
809
2406
2445
1432
1673
1057
1841
567
1570
545
857
1546
304
1245
550
1742
1622
958
1202
669
1452
1116
307
474
1284
41
1184
960
2043
1342
991
1716
551
194
2250
2263
930
689
571
1224
1832
450
1856
556
1625
1642
2195
1132
425
952
548
1097
1831
418
1868
752
91
1070
329
2180
849
1377
105
2310
905
1299
1231
2188
2419
607
1010
1370
1602
1825
436
2057
757
1347
1714
1824
2124
199
1503
1218
2427
2058
2133
520
2198
2384
357
2159
232
258
2149
1115
1286
1599
2475
558
108
32
1011
899
1379
160
2093
682
1058
336
764
1525
1268
2395
1541
1894
1400
1614
1909
1251
410
1957
1053
1243
89
1209
332
2147
2418
2346
2207
1651
995
1671
1306
2216
522
1646
910
2473
1672
2186
2330
1142
639
820
21
1166
2052
911
1241
2457
1296
2342
463
1840
1978
110
1958
1359
2214
1549
929
2014
290
466
25
1694
1576
758
1193
2184
2489
882
112
167
1942
801
2193
259
814
141
1561
42
891
2466
443
1206
2031
299
2328
180
997
94
1015
656
1564
321
477
975
1415
1504
500
1457
989
1568
659
1632
735
1076
1140
200
1270
2336
1551
1765
231
74
2405
1079
2026
2304
2125
970
1609
416
1530
1685
1314
2091
2030
1816
1305
1330
561
1548
2138
855
823
1839
582
1691
276
2062
9
2434
1134
291
2123
1755
93
154
1388
888
101
679
1607
118
2270
2012
1307
957
2322
553
213
730
334
1405
663
13
2164
2297
821
1442
2054
1109
228
865
1155
57
2191
1692
1100
1959
1603
1757
1416
2284
547
48
1998
1319
517
1637
687
2486
19
227
2464
2154
1851
812
159
2259
444
1007
1177
1582
2225
382
1320
1946
2435
1240
1407
1049
2352
1488
1647
1298
1563
887
2443
885
2394
64
2400
810
1821
1339
2463
373
277
2220
2327
926
987
712
1866
503
1534
1837
612
2353
1478
1216
1538
1466
289
790
473
2248
1310
2048
394
871
1664
237
657
1336
1467
2227
1190
2240
1905
1857
2011
419
495
2114
894
749
1932
1175
1051
601
1085
965
296
1595
575
1822
270
1408
836
2143
1710
1899
421
2029
1272
1246
1553
2007
1733
1331
1103
362
1859
1928
1482
187
315
216
780
1188
1601
1180
403
2146
371
1574
2381
2334
1009
1325
2492
1985
2081
717
2488
2483
377
171
2210
1441
982
1571
850
1974
1439
832
1863
746
2160
1559
683
741
2415
129
2116
2300
128
69
331
147
164
853
1748
2069
2371
208
1187
1653
2168
940
1145
513
1056
253
1927
1741
303
98
1247
1119
2209
1105
100
2471
1884
61
2277
2107
1417
2019
1805
1531
2038
883
2233
2150
471
846
1167
1719
2075
1705
2267
834
1223
1617
1801
82
86
81
1693
1870
1847
1725
2042
2333
27
121
549
1750
1460
512
326
1238
907
1524
1039
1458
1181
401
636
502
1663
2278
2234
1249
2281
751
990
634
968
509
2199
1789
1890
1810
555
835
1799
2462
1763
831
844
1893
196
1353
1611
1440
993
698
2100
1262
267
951
524
1795
754
1383
1016
1590
367
1662
313
1321
1356
1027
2266
192
980
1461
1506
440
281
1462
3
1788
1689
789
381
543
802
222
374
1034
1208
1717
2096
2388
177
808
1311
1357
732
1904
1828
2339
724
1047
1020
2490
1434
478
261
1937
2002
252
399
591
913
661
353
1802
1875
2453
414
16
2236
1335
454
1737
484
822
1412
1665
627
1120
1761
870
2386
953
2440
2255
1612
938
944
645
690
753
8
1333
618
1192
230
1349
811
1279
1253
2389
714
598
1364
621
772
893
2136
662
1655
2172
563
2324
769
1941
1979
1355
269
1497
706
1493
356
1922
916
14
1456
2377
1514
449
461
580
114
2015
2118
493
1161
1200
633
2006
2059
964
961
506
116
1724
2351
1427
1479
1823
459
925
1764
2034
488
771
1361
1397
224
1956
398
1197
234
458
435
521
1217
2469
1631
774
2495
734
967
1369
103
709
2044
770
255
1376
1421
985
1273
919
464
350
1954
1078
305
2340
2378
152
2385
498
2430
2131
1858
1226
2140
685
1392
1786
2478
434
2465
1413
2080
1984
1054
481
1736
533
826
1881
1061
1906
1348
841
740
1994
1754
1499
49
1274
2208
649
978
2113
211
158
388
24
467
1991
2166
1945
1521
2203
203
852
2020
2217
2068
652
557
99
644
77
2426
66
2037
1201
240
1575
2040
1448
325
673
2344
868
1792
2102
755
287
2221
2156
295
78
1729
1626
1949
472
1117
1861
2376
912
535
1099
456
1174
1435
2105
156
369
352
26
1679
1633
1990
2
2218
1917
2431
856
2000
813
1879
514
1924
677
1880
1322
492
173
971
775
1390
1485
604
1089
489
1032
347
1080
1507
1002
1118
475
335
779
699
1628
928
1948
130
2372
1406
1304
2399
1131
1082
1073
1939
409
1519
354
643
2335
1111
390
2135
308
2362
1042
795
1465
80
1394
539
744
1902
1046
1294
759
2047
877
1023
861
20
977
1540
1619
58
215
1072
85
2251
33
1495
1123
1429
1882
316
1930
2215
1385
2024
941
1196
1102
1271
1734
1318
904
1043
1919
2354
175
2129
260
1368
293
1378
45
1381
2055
195
1652
1846
2447
146
670
1585
95
210
1787
355
1301
1257
1401
1850
577
12
903
2032
397
30
2087
1591
1151
1501
378
1199
721
1820
2414
1727
1351
2319
2088
68
658
2094
1833
476
2155
1451
273
2262
263
1516
482
132
106
2074
1114
50
254
1075
569
651
1169
692
1567
691
197
1797
1087
1428
1444
1876
2450
1171
2370
2396
117
2027
2176
2106
1912
787
2219
1341
1269
153
777
1577
1491
83
2119
1264
113
1158
1883
1597
2229
191
380
1545
219
135
1938
168
201
729
2268
268
279
878
2185
480
2082
179
384
1687
1586
1743
1907
242
1773
874
43
816
675
1732
2060
1260
123
2169
1436
1670
2315
2231
1842
1001
1317
2357
1888
2498
526
1113
1277
2134
407
2183
931
2181
1598
578
1157
793
1645
1616
140
445
1150
1019
233
1537
2366
1267
496
71
606
2115
827
1853
452
2407
738
761
87
1315
1550
176
1834
2420
184
1282
718
1144
1569
1365
711
312
594
501
1552
1204
275
2320
642
2083
90
786
2306
2422
1744
2474
756
285
1800
2211
626
294
638
1093
890
1091
359
327
1409
1900
1399
700
1475
851
286
776
1476
1360
1261
1387
1791
1012
360
1312
2237
442
2329
1327
1770
625
1402
1908
2412
2253
5
1229
842
559
1681
2282
1003
163
1173
22
209
602
1141
2112
102
1683
1636
363
654
2311
1300
1913
137
824
370
1121
1669
2349
2071
737
339
1713
1136
523
504
1396
1025
815
574
1565
927
1749
1972
902
954
1215
848
1865
220
2132
2325
854
1659
1255
715
2249
306
655
599
2299
2459
900
2145
1711
411
2223
2285
1411
1423
1720
288
863
1125
719
2272
898
1128
2286
637
1950
214
479
10
2448
2137
1648
2021
1706
406
507
39
1677
1203
1366
1650
1008
1808
497
1560
1708
880
323
2258
1326
2167
1960
2482
53
245
2085
1793
986
1943
2360
908
1090
1492
1581
432
1308
2293
2294
2232
1522
1608
1185
511
686
1433
1285
704
1740
72
1069
1470
1332
1309
1266
1084
2061
372
1453
1915
2303
417
1414
1699
44
324
2254
241
328
2382
608
2001
2016
2368
2153
1384
1794
914
624
2421
745
1739
748
1600
2314
1127
2283
605
59
2397
1502
1176
528
875
2403
2343
1862
1391
469
392
2025
1328
1292
515
1302
1536
1065
