1851
1111
549
2173
1008
1622
1809
2078
2210
1085
904
745
942
597
1883
1494
211
2318
1337
2478
1517
1693
2198
2422
1999
638
432
1091
1969
1784
2455
1275
1727
427
2428
2382
1001
564
2238
2085
402
1877
1198
2264
94
14
799
618
89
438
1117
1373
975
991
2208
449
1713
450
357
1987
884
2209
1651
1526
1858
419
2101
2144
422
279
2460
158
87
1562
152
2341
67
824
2116
1143
2199
362
2471
2398
480
2068
580
1393
349
1570
1911
1906
550
2480
1476
1991
374
1200
2404
718
697
1944
1028
924
1982
1083
1174
1726
140
2280
330
1063
2339
1715
1359
1803
1612
2390
63
915
1956
711
527
835
1780
1240
2380
190
840
978
760
2265
1724
1708
1263
360
741
192
1183
556
2276
106
1687
988
1686
796
2483
822
80
1009
2211
1946
473
1210
778
326
1560
329
664
568
1717
1593
636
783
215
1290
2014
2154
1899
312
2020
319
1134
717
1331
1005
448
1489
1720
440
363
2081
2372
1181
1587
1047
2165
1608
1067
951
23
513
1315
1748
721
2275
747
58
2181
1413
2458
736
1638
2082
161
2374
808
1633
332
1561
1773
1350
242
1702
2340
981
2288
39
1256
1789
2426
1433
1304
3
1429
1466
2387
1089
288
124
1496
2253
1842
411
229
2072
210
2239
102
698
257
194
64
144
1222
1092
283
1847
643
611
1816
1309
831
208
1800
1964
154
2178
944
1610
713
1213
642
2140
639
1857
1072
1
2326
1475
84
1508
2386
652
1230
1380
1196
2454
1188
269
1422
1299
60
489
2146
239
2125
726
908
2378
1302
1418
832
323
2015
610
65
2100
1172
2215
969
1668
1094
1854
1042
25
966
1010
598
1519
309
2495
1391
1274
584
2187
1097
1762
536
1749
2442
1833
1293
1402
1421
1030
1966
1554
1385
1040
2159
1237
1927
16
2133
2289
1379
408
2443
451
613
2071
1763
2226
940
1967
1078
492
1813
2405
627
1127
992
2029
509
2283
1778
98
1225
1820
2136
1835
2126
2408
935
1941
1488
2312
1963
1002
460
551
2038
928
1891
2205
694
2435
709
593
2423
1699
1124
2115
653
2469
453
367
537
1011
1897
1071
2292
2002
1960
1106
1860
1310
1916
1531
18
972
1229
1161
531
1838
1811
1541
1767
75
774
1814
1231
912
1740
1201
997
657
1107
1678
219
541
1894
1420
201
1295
2064
463
2026
1970
1580
243
581
197
1909
1912
1118
1448
472
2438
635
1084
1804
1788
1378
1403
1798
236
1271
2272
1478
403
2363
1882
2088
2401
1962
702
1591
2106
723
336
1980
673
1245
1500
2076
1404
1197
265
811
911
8
2003
1535
854
1975
1696
644
1390
496
601
758
1260
1472
759
28
1339
2356
819
1599
1334
1677
633
418
1755
1759
1447
377
1088
2012
1569
2337
1786
814
518
2487
464
103
1062
1566
938
1836
298
547
2475
1468
1243
1658
437
2362
722
875
1795
2031
1768
126
923
1973
205
454
1904
820
2299
246
93
1153
599
677
2217
1645
828
1228
1834
2402
167
2361
186
2186
1236
2164
539
1636
1903
29
2119
193
2306
488
742
459
899
1267
272
290
2267
803
2418
504
34
429
499
798
1261
744
871
1735
572
558
185
2311
1464
2056
2270
1446
2379
2271
503
2493
195
1182
1914
486
117
2473
1167
692
2042
1614
1722
1214
1029
605
1348
6
1808
1425
1594
180
353
1459
2333
1998
2011
843
1701
1017
1041
792
379
1819
1320
1455
683
589
2451
704
100
838
2415
671
2244
1103
1311
545
297
1544
2468
1805
805
2093
1572
2331
715
2300
1191
1875
83
1729
932
894
1439
128
1955
1015
1479
919
2476
1363
1985
2022
1971
175
1799
1540
457
1947
206
2500
1318
806
791
1093
1736
846
2496
874
36
959
1856
2075
2229
369
2315
30
927
2192
2200
1006
1278
97
101
1449
2118
787
2129
1876
313
1907
2184
1269
1077
95
2479
2063
895
582
214
1817
883
1292
1144
372
1878
1101
1354
1863
1165
2290
1527
296
943
1595
1384
490
233
1516
2135
620
703
2273
946
1120
352
1057
1924
2294
487
475
2079
1657
420
2403
2446
1349
358
354
444
707
524
2069
1493
1199
510
317
77
2149
2249
134
59
2166
833
817
931
2437
1020
447
2330
56
2449
505
1510
695
27
802
521
508
430
1661
2482
234
746
1679
2073
511
984
2051
2191
720
131
1512
1460
2018
1019
1247
2353
393
43
146
870
1752
555
2392
264
2204
2494
2214
658
853
2354
2255
2327
2440
232
705
1925
1848
1513
395
471
388
107
1518
909
1787
1895
1495
1957
1328
1168
955
238
24
1754
971
2231
1086
738
2444
1367
2219
1387
852
1423
2043
421
565
2113
1381
1546
780
1112
1289
1528
2084
466
314
898
2450
1994
566
334
342
17
1184
2104
1248
333
1232
2343
574
2006
1288
1036
1162
1565
2323
189
1733
841
21
2161
1192
1189
1415
1193
2281
1617
1031
793
993
1034
386
2050
2110
1285
1774
2321
32
479
485
1579
2452
1409
1775
474
182
830
2013
435
2250
327
1244
11
693
2309
1407
1766
1338
2431
2257
1918
406
2427
585
1758
731
462
153
2351
813
1618
936
1631
1358
522
1760
1533
1841
1930
860
544
728
38
563
2447
1770
1241
2061
680
1649
373
891
2285
240
1033
1764
1082
2481
1936
1000
1297
1791
1864
957
976
761
111
1087
142
1021
980
1426
1829
2216
619
2221
1900
139
1886
960
316
876
629
1110
1859
371
305
1224
478
1273
724
253
1539
1671
1145
1294
2278
1943
603
1757
346
1177
1424
1364
1416
42
1329
785
1646
1603
1823
138
1543
2153
827
1465
1953
256
1983
2021
1536
983
1268
1170
985
2310
2196
1312
1666
773
171
2182
141
661
1389
2218
1675
2160
200
1509
495
1511
1640
2417
949
2027
1670
183
2410
2091
2097
1342
2291
2305
409
847
202
1812
2128
70
2098
604
1362
1558
2067
2498
1779
281
2388
382
1158
1155
947
1628
737
1504
889
482
1667
648
1142
455
1821
941
2492
1737
2459
35
1524
1810
2086
169
1932
1559
2274
1138
701
954
2308
2394
2025
2406
1888
1874
1490
706
2342
1122
2054
525
587
829
905
2391
2060
340
1695
626
918
922
1317
49
71
2364
910
108
1032
782
1503
2396
2328
1234
1347
1069
517
9
2357
2282
714
851
1396
1576
2485
196
708
2172
678
1121
1014
2047
1430
318
1013
956
1824
801
1322
2411
1993
1474
1131
2254
99
1718
2134
461
2376
716
1731
2286
217
1375
273
2142
1045
839
1783
637
37
650
270
570
33
258
1502
1680
1159
1059
1796
921
425
512
1940
631
1890
2472
109
784
491
1616
542
1571
1376
2180
20
1133
470
1769
1383
965
221
1506
12
1333
607
1187
207
1481
1550
1898
445
1022
2433
1369
1345
1300
757
2213
2080
913
1046
90
1989
1601
1314
1286
399
2322
916
896
1397
1336
670
1630
1081
1703
1283
1173
410
616
2258
2314
945
2260
1037
113
1270
1319
2259
1473
1129
1458
1521
347
2419
2065
1114
1945
443
1044
1772
498
123
2127
1272
1581
999
1035
1477
199
602
674
170
878
198
1802
2176
1434
2462
2397
679
303
920
1620
2232
1910
1901
1386
1353
1080
1611
1705
575
1933
1545
1125
1301
397
1719
807
1873
2009
2109
96
903
1427
1179
578
1794
2412
384
2207
294
2263
2256
862
1830
1765
2179
47
5
2087
1849
1480
376
2409
2223
2183
869
1003
271
2034
1557
2488
143
2130
1160
1840
1469
1547
1948
241
1291
979
415
66
1920
1853
1462
532
1054
1597
1216
1529
1954
562
2461
2193
1206
1298
227
2320
311
1691
712
1647
559
350
612
1990
1776
659
2155
1497
2083
1869
1307
535
1896
656
2195
939
308
431
914
282
795
2033
2421
2055
666
625
26
529
934
1043
1505
404
958
1147
1180
390
1356
315
1445
212
1266
1024
79
1663
594
974
343
1102
497
1942
1018
1690
1171
762
1639
61
166
953
740
850
1185
275
2102
2347
732
2350
681
2313
552
1981
2202
1371
2393
2035
1154
1096
1790
465
1634
961
502
414
1055
1116
864
540
1828
2425
1324
573
91
1525
624
1109
184
136
1606
1280
1563
1548
1872
1881
655
596
1099
213
2261
632
1683
526
248
735
790
1068
2107
285
1865
538
125
675
645
1626
1098
2074
1654
1598
1038
1169
1186
255
351
1332
622
1412
413
446
1650
1697
634
1893
145
1905
261
2303
699
2168
2000
1870
1308
1681
2240
663
1257
1564
1100
1104
888
226
781
1279
2400
150
2089
1313
595
1949
7
223
1777
1844
1815
2040
2335
1530
1694
1023
2490
1996
1366
1866
1499
982
2474
1885
2252
2220
2177
280
868
1978
383
225
391
1845
2233
1744
1026
348
1139
172
1250
676
1340
1662
1498
2246
181
114
137
1399
1781
2162
516
1968
1674
842
2298
887
766
1075
967
1194
216
1586
405
122
130
1584
2430
995
1394
767
764
1211
1751
1972
1756
1437
776
2224
1321
950
1574
370
1534
523
1079
2206
548
963
2225
468
1486
2369
1220
2269
1742
2499
2486
1398
1218
2230
2049
50
987
10
163
1238
2467
2377
630
1176
2329
2349
628
1884
156
1226
1217
1355
426
1262
617
160
1575
1648
651
1951
484
2090
863
1974
53
2222
1965
1613
412
173
533
879
244
1352
2325
1892
2248
543
1377
1959
2344
1889
1281
751
304
2448
2150
1520
2143
752
1265
85
900
750
1542
977
609
1316
768
416
1532
2334
2383
1453
2017
204
1793
45
1846
359
2008
129
1457
2295
4
973
2041
519
897
458
1254
1203
324
700
970
786
2053
2389
1950
2413
1673
1782
1706
218
506
2324
1643
1287
1723
1621
55
2465
366
1223
743
375
2099
301
2463
1482
1007
881
1939
456
157
428
1655
1016
1141
1442
1443
424
614
1368
2185
1435
1004
295
1590
441
1602
1255
710
1242
284
1166
689
989
2059
1676
1305
2241
654
2358
1732
1456
105
1685
121
249
1095
2
483
816
1431
1710
2360
2243
837
2122
770
2111
320
1915
1832
1252
1065
433
1711
1831
1637
906
690
1582
1064
13
1934
74
2484
1470
2297
1938
68
52
57
994
356
368
754
1306
493
1066
1712
1976
855
2095
1190
2066
1411
1401
1025
880
396
1721
2457
292
2131
964
2062
1716
1653
719
1058
1372
1276
1827
2235
2123
1855
1741
1917
228
588
1743
1822
1130
155
1128
251
2023
2005
583
2381
1935
300
1730
986
1577
1660
1852
2174
2453
1553
858
2316
15
2169
1692
1867
2432
231
2470
1105
591
1277
1417
1908
1672
2345
730
177
2489
606
1392
1642
968
118
872
2304
1202
1738
818
1249
127
1258
849
133
339
753
2156
821
769
1725
1325
2057
328
2070
1656
1961
1837
407
62
2227
1027
188
2007
1491
481
1361
1514
1357
147
385
389
571
1698
948
1627
1555
1958
1492
882
667
2105
1549
507
267
1871
892
514
1178
2368
777
2284
1501
1615
1264
1984
2416
452
1659
2497
886
2346
672
2262
1689
2194
1440
467
2491
2145
1952
378
890
1750
1556
310
2044
1132
1039
592
1669
861
771
1370
682
1209
274
763
40
1151
1771
230
245
775
772
322
2030
2121
278
78
2367
2138
1739
1761
1343
235
476
2212
1419
1825
2434
1463
2296
73
392
299
1704
1707
2032
2157
2429
307
646
41
54
1589
1926
579
436
823
252
81
2436
1205
1070
224
2058
2036
1921
209
834
1454
345
86
2441
1632
76
590
1997
1175
2190
2407
1992
276
2167
885
2158
2352
1246
1406
1239
779
500
1801
1797
608
2092
149
1625
1056
553
380
844
804
1136
1567
2293
1487
262
1221
1341
165
291
164
1879
72
1405
1212
1051
2039
1585
423
1351
120
1365
439
2245
1215
1700
1929
1913
586
1862
2147
364
1979
2247
344
442
179
338
1644
1931
727
92
2163
398
554
1164
2175
1753
1485
1432
337
2439
1140
259
2319
434
254
1728
1537
1061
341
1850
2170
1568
865
2336
2188
749
1150
1714
836
494
268
1604
2399
577
534
1152
88
501
477
1360
794
952
600
401
1624
2266
669
176
1623
857
1444
1414
1522
2268
132
2148
2201
1060
1050
287
2456
2046
1090
1818
1868
1195
2094
662
1438
2355
1327
1507
2077
1157
48
2124
877
1483
2348
2137
688
355
929
990
867
2338
856
2236
1922
1303
926
996
46
1344
810
665
1538
925
1746
998
789
1076
2203
2004
1253
845
1156
739
2373
1467
174
178
2120
1641
2395
1119
1259
19
2301
2141
1115
917
417
1682
112
1552
902
2424
848
1149
2114
151
2307
1839
1461
1382
567
930
1452
729
2370
135
2332
1843
2019
159
733
691
576
394
82
365
277
1410
1053
1326
859
1600
734
2228
2112
2366
31
1629
2277
1919
2302
2445
873
1207
557
321
2096
2108
907
866
893
685
1988
725
2464
1635
561
668
2242
1073
1523
1785
44
2420
1887
1977
1652
815
1471
1428
756
266
237
2151
1123
2365
1664
649
250
1296
1923
1346
289
546
203
1441
1049
1137
469
569
528
387
1330
515
2371
1052
2028
2466
641
1048
302
1451
1388
1374
2103
809
615
1734
2251
1148
962
755
1747
2414
825
1450
2359
2317
222
22
684
1408
560
2287
2045
191
640
2117
623
1619
361
2152
1108
1578
247
1592
1012
797
69
765
1235
2171
168
110
1573
621
1163
2024
2052
2385
800
812
400
1806
1745
1436
2197
1665
1880
1995
937
1826
1074
187
1484
1208
687
1551
2037
686
335
901
530
1126
696
381
306
1284
2279
748
2384
1135
2139
116
2234
260
1902
2375
2010
1335
51
1986
2237
1792
933
1204
148
1807
2477
2001
1607
2016
220
115
331
1861
647
293
1609
1227
1233
1928
1323
1937
2048
263
1684
1709
1219
520
119
1395
1251
1400
104
1146
1588
325
826
660
2189
1605
1113
788
1282
1515
286
162
1583
1596
1688
