1409
1337
1074
1648
881
2054
847
801
1463
383
2239
1998
1762
1898
1150
1746
2127
675
1486
1417
522
6
1755
1345
701
960
1562
1768
2158
510
1814
91
142
2078
2449
2105
757
232
1587
971
811
1088
1832
1944
443
399
1115
733
1036
687
789
541
923
449
87
205
1566
2463
654
1491
1206
1332
278
688
720
417
98
392
2397
358
1777
866
1502
1496
943
573
155
1689
2250
445
999
842
194
1999
1261
509
123
121
622
2051
1626
2274
1016
1084
962
792
2163
2241
2084
2484
1605
156
1588
1139
937
610
1506
956
463
1785
263
472
565
1564
570
1179
846
640
725
589
2104
1581
1821
1993
2266
1834
1498
2190
1161
813
185
16
1659
359
2090
1713
2491
2374
1976
1639
2303
1372
867
793
1724
1592
1412
176
515
2026
191
1585
1633
2357
683
1310
1917
398
1240
1356
2392
2407
1515
236
646
1927
2171
591
495
1527
2009
1034
2275
649
124
50
1470
1391
284
1021
2435
1939
2080
1787
1314
440
1107
1568
2432
1850
731
1981
1211
942
500
451
2473
1098
2215
2348
1390
1237
516
402
1818
1483
569
431
1686
1801
1685
130
442
542
1105
321
1969
1010
267
1190
1872
1750
114
239
338
1236
1492
778
1711
1932
2037
1116
208
1841
906
1362
2388
1419
348
1340
658
1360
2141
1151
106
988
1934
1239
1093
1138
2130
2211
49
485
2488
1596
200
1643
1254
186
1729
1114
193
820
107
1064
1197
349
1018
1410
1030
368
2169
1979
2313
1889
1925
1871
2142
1258
535
1636
816
1606
2044
1908
1438
1579
1467
784
99
136
374
2257
753
2312
2427
476
323
40
1265
2328
1641
735
81
1980
1272
788
127
612
287
890
2194
1041
2461
982
2115
2197
583
305
850
1311
1723
1893
1287
149
1429
145
2485
1043
1912
984
1110
991
740
1072
1378
1298
1065
1716
204
428
1816
2227
613
1725
104
1414
528
1576
2020
1597
1745
309
795
1381
286
412
858
699
478
684
280
567
1371
1664
79
21
162
483
1182
411
329
968
1943
1728
723
1111
588
2116
1394
1011
279
1336
2245
1416
1774
187
319
1233
214
686
324
1122
585
1784
2005
1710
964
14
1279
594
2093
265
1608
2403
752
1543
1941
2196
1230
1735
615
666
527
1793
587
2258
1537
1326
1698
206
2468
1118
691
712
1178
978
140
1720
2347
1019
225
2117
115
2128
848
1846
3
1263
1037
736
241
361
2199
520
2205
2349
1283
1057
30
875
1408
2490
1113
432
1764
2157
2248
2191
1008
873
184
1044
1002
1619
1039
1693
822
1343
1530
2343
1328
1920
1700
2255
2262
84
1759
2327
34
711
734
1972
603
1192
1321
1584
1120
815
575
885
1926
1572
248
525
1224
43
1051
1666
2267
1669
807
2337
2071
1368
864
2149
889
729
1982
582
391
1025
1649
1086
1055
393
886
1817
1286
1894
197
2019
1164
490
298
259
2381
2120
1843
345
1009
1802
2238
1878
1186
297
1264
210
2028
109
390
1361
1682
1604
2213
2061
2319
1389
36
25
785
981
1155
1505
2086
659
2082
1117
2249
468
2292
1451
1448
876
2024
1956
1404
2368
1545
195
2010
369
2125
12
1133
1338
1377
1873
128
209
1734
330
1365
1589
450
682
1059
1213
694
2098
742
698
2282
1807
1663
2160
641
296
1673
1177
168
2476
346
513
1403
702
2394
1050
2295
126
1029
678
2317
290
2460
1704
67
275
1574
888
1906
1218
1366
1227
474
506
930
501
1215
1399
82
751
53
1280
347
42
1032
1267
1992
821
901
983
1863
1003
1446
223
693
170
685
597
1655
1123
1327
1257
965
2366
175
1697
618
1978
835
1473
2280
1251
31
1851
1015
1073
213
518
932
371
1886
559
111
2271
2324
537
1555
1884
1022
250
217
1457
2229
1986
72
166
1808
2322
1965
596
969
240
2065
1346
2338
1554
233
1918
61
2415
427
1523
2438
283
707
2134
1736
1974
271
444
1148
174
1653
2445
1931
2416
929
13
1149
467
244
1512
1087
1392
1462
546
2299
1068
1852
882
1883
1842
1960
2192
192
1219
47
1047
102
2386
511
2118
216
1076
1853
1570
144
1142
2326
1276
2202
1645
2209
41
2138
1137
2268
2156
1480
2455
1613
865
2410
315
1665
786
1551
1575
1539
1229
274
1091
435
2021
1776
255
2287
1226
285
1296
1637
1966
504
990
2132
2404
2480
405
441
730
732
2252
924
2154
270
833
1822
826
146
1259
514
764
2384
355
1415
796
2429
2053
2314
196
367
1854
899
2031
2106
2383
1386
676
2153
1771
20
619
1904
1903
1335
973
935
829
101
1827
1591
799
1293
77
1209
1730
1304
254
771
1379
335
1895
2039
2059
652
78
1421
887
2121
2406
639
2145
780
66
2218
2110
2066
750
2083
1571
253
1052
86
1475
2109
2085
1431
625
436
322
419
262
2081
521
465
1281
1255
2200
2124
804
1205
1849
2393
1204
266
2206
948
55
2331
922
1306
697
728
1838
1316
95
2288
1703
705
844
2089
1790
2405
135
1325
756
765
1104
471
1432
2088
2290
2033
710
502
2013
1061
2144
934
633
177
1027
222
1144
1602
1921
51
2063
69
1658
1319
1426
1990
434
1907
1160
508
64
48
339
2260
2237
1525
1401
1260
1749
2221
1398
125
429
2363
1225
2376
1929
1388
779
738
2411
2074
1544
1485
2284
2296
426
744
1740
117
769
985
1384
477
1997
74
2421
806
776
592
590
657
526
630
2176
2373
531
755
1823
2420
1131
119
269
1840
1996
952
1860
553
2140
1367
2133
22
803
558
1353
954
2062
2129
992
1418
1309
150
1988
1355
2091
414
627
647
1557
105
227
544
1459
1063
171
1347
868
2304
1478
5
1269
2251
1048
2232
957
1004
1277
406
1216
306
961
246
2332
201
1060
845
1435
7
1612
1789
2102
1331
1094
972
97
1453
609
2058
727
2143
1964
2253
1617
2306
718
2223
1184
301
802
9
2166
1156
1962
388
2179
1694
1278
743
157
737
911
2092
318
2330
2203
1866
838
1266
1799
1630
608
809
302
1503
1035
32
1782
611
2339
2030
824
1199
1183
1631
907
23
2122
536
2027
2500
1896
695
1249
386
1696
578
1174
2036
325
320
2067
1134
4
396
721
1971
963
342
1757
2464
689
568
154
332
761
947
817
1026
1452
1447
1712
636
2038
116
766
555
900
1198
1243
488
2323
1830
2094
1796
1285
1440
2414
424
54
580
852
1092
2385
1561
1300
1779
260
10
148
1196
1582
2103
2447
2454
2056
2400
2285
2187
1646
2399
1719
38
1012
1246
631
1765
1531
2146
2072
1102
1495
1913
1
293
164
2048
1627
1405
938
1062
1640
1705
438
1425
1763
452
1359
93
1916
1867
1245
745
1053
1624
1514
299
643
1975
1469
841
2273
724
1811
1126
1973
667
2364
19
2025
2168
370
1741
1119
2494
24
1201
133
404
926
1919
879
1781
2222
1170
897
1891
1936
1132
1375
2069
1614
1791
331
1203
1173
2294
748
574
637
832
385
966
1839
455
2493
1848
1957
1676
486
2214
545
1820
894
2006
655
1066
1829
823
1352
1456
2441
1772
566
512
2470
782
1773
2180
1312
2297
334
759
993
1930
2173
1329
2226
1535
1546
2189
2210
1890
281
1897
17
2448
1001
2246
1552
713
790
2198
1513
80
562
507
1882
446
2047
247
2469
1364
1825
1914
378
1837
316
2402
949
958
1165
1185
2451
2430
2342
202
1308
2340
2486
252
207
680
108
869
2283
798
997
62
1905
2100
94
595
1520
2150
1810
2497
1441
1271
843
645
670
352
564
656
1702
904
919
980
1501
1078
2008
1256
2336
211
1274
1273
908
1674
2390
2029
1547
2487
1162
1805
387
1586
1963
967
672
825
1747
59
1376
1835
291
1548
1354
484
92
739
669
2377
228
2489
103
614
1208
1766
1877
2240
1454
648
1844
2177
1865
2188
169
617
2270
180
189
362
498
576
1450
1671
39
308
2300
1679
1097
1695
2277
1380
2355
1754
2000
257
460
626
2315
1868
229
1385
44
1935
418
2370
2114
173
215
1069
27
1189
620
548
1085
1212
860
1108
916
532
2135
1953
1305
1601
1005
1739
951
1526
496
1080
2265
2101
1181
1458
1583
327
1095
333
354
547
2457
430
1180
1946
469
235
2095
1529
1511
662
203
45
523
690
1411
317
1573
139
2032
1423
2219
2225
1357
775
1430
2075
1488
754
830
1968
2354
1915
1864
1169
1888
1733
242
2369
83
2372
1188
1742
1699
2079
453
602
224
517
1247
1940
2289
2423
2182
1642
1424
1859
1800
2281
2242
2139
8
2395
1938
1096
944
1887
950
459
1163
1100
1221
2344
328
986
2096
2052
2379
1320
1143
925
1600
147
1611
884
1464
1858
2482
2479
664
726
1828
2073
2001
834
770
494
1471
1722
1195
2442
448
70
2017
2259
439
1783
2325
1874
1479
389
1481
1540
2126
2291
2456
1847
218
2452
762
854
401
853
2042
2269
1079
1222
1341
46
1516
671
1687
256
2233
1731
2201
1528
1106
1324
1635
1500
313
394
2433
466
2174
2413
2278
1738
357
1751
2367
2483
1668
1732
1193
1006
182
2477
464
2301
1302
2055
1675
1780
883
909
475
416
1167
1522
2152
1054
2346
458
364
550
839
704
2035
1268
1692
2261
376
1342
1638
63
2034
818
1317
2050
493
665
624
1049
292
2077
1127
1109
2298
237
2409
2458
819
1706
1033
749
1857
2279
2015
1580
1951
2228
403
760
1303
651
1214
343
1991
1146
600
1628
2425
2439
258
2356
556
2043
2011
2231
421
1952
872
100
2465
1556
118
2204
2492
2112
1262
955
741
243
481
134
2159
311
1767
1949
373
1876
2378
1187
1081
1497
1688
1715
857
1928
1836
1200
310
505
1709
605
384
1880
400
1395
2224
996
708
1334
1422
462
1129
456
1315
425
35
1318
1175
1892
2398
1071
917
994
794
1103
282
2443
1721
351
1228
1775
2467
1382
540
2375
998
1508
898
1718
2496
15
1678
26
1681
120
2302
1194
2418
2111
56
1654
2498
1714
1786
1112
519
1661
75
692
381
2234
1292
1147
2099
856
234
1879
1778
1607
783
1089
976
482
2424
1616
1235
1987
2183
1443
1223
1855
933
635
2475
1815
1171
1291
409
2422
1413
2293
2256
1442
1922
2230
1444
415
372
1549
1578
1553
1856
1297
2358
2474
2217
716
312
551
2472
289
1461
1358
2286
437
871
599
571
1136
797
1350
1153
1593
1484
836
28
457
1045
607
2023
1954
1244
143
1020
1493
941
141
1038
58
1282
2244
538
1494
974
2389
661
543
896
2186
554
827
891
423
2136
1538
159
912
1651
849
747
772
212
621
1220
2243
2137
1166
1752
529
2453
1099
300
598
165
1238
1577
758
277
2345
1509
593
945
353
2185
674
1809
2247
584
700
1634
1333
2162
1670
1056
840
1813
552
220
2164
1603
2064
261
1449
1455
1344
1644
2175
1299
2318
2263
1370
1831
1861
131
1983
1623
808
1241
1125
1819
1560
1794
1521
1330
2333
492
2481
696
977
975
1288
940
1349
497
1363
480
1599
179
1684
874
1660
1313
1958
1748
902
1466
2462
1945
1290
152
1075
677
1252
1947
2212
1995
219
1322
2004
1518
479
1474
2419
2412
1565
1191
1232
1482
1024
2147
781
893
1870
1743
1950
1295
1824
2057
1176
719
1595
1558
1234
1154
288
2428
1806
2170
1756
2391
1294
1680
791
920
601
397
1569
1758
660
1145
530
188
2007
2305
1727
1677
1662
2352
11
1909
1647
586
2040
714
1460
2350
113
2446
503
1845
2311
863
2022
1172
2119
2216
1826
198
1476
1961
787
1472
1101
326
1803
831
408
1567
717
1519
1504
1077
245
1550
870
1400
2235
1445
1690
1373
1910
1937
2003
1082
715
1563
1532
161
1058
1737
642
1083
76
1207
623
681
151
774
1013
1761
2321
276
2018
855
1533
1270
1788
129
2360
2459
1383
995
915
73
89
1090
2499
1289
918
928
1812
2359
1708
2387
1284
2320
2195
2178
1348
382
1301
295
2272
861
1691
1615
2049
663
1933
407
2041
2236
2361
1955
1769
249
616
1000
1128
628
231
2309
2016
859
2382
1396
653
1795
365
1707
377
1168
606
1618
1534
1374
122
1135
709
303
979
60
307
851
1017
1437
1436
1141
632
1594
1130
1899
96
2097
112
2
2151
903
1490
57
1760
379
706
2046
2123
1901
2401
33
581
936
2002
1393
1994
1875
470
71
1656
1158
1948
722
910
1959
344
862
572
2310
2108
2207
1397
138
878
1970
90
2276
137
1046
226
487
2172
473
1407
395
230
1923
2351
85
877
1067
2329
1744
1507
1031
1610
163
1667
2466
314
447
1967
927
913
273
37
158
1833
1797
2113
167
1885
29
2431
1985
1717
1159
1632
360
1070
1517
1210
1439
773
1984
1124
1792
350
1672
2165
970
1536
410
2365
160
1598
2254
1275
1007
1652
422
1477
2307
1152
363
2316
767
2012
1487
892
953
1351
1387
1369
1657
828
1625
679
604
2131
340
560
199
65
2264
172
2478
1726
251
1621
2181
563
1489
132
1433
534
491
905
2371
1402
2417
1629
2471
2440
153
264
1023
1248
557
1028
2193
489
304
668
579
272
921
52
1989
549
18
1427
1900
1510
638
2161
336
2450
2087
356
1609
800
1499
1542
178
2148
959
880
577
375
812
2155
366
337
1753
1942
2107
1217
768
1804
380
814
1770
1524
1140
1202
88
1541
2334
1622
183
1701
989
650
2380
268
1911
499
939
181
2426
1650
2076
1465
2060
1590
805
931
341
1434
2068
110
461
413
294
433
1683
2341
2335
1121
2184
673
1924
2353
561
1468
1339
1253
1042
914
987
1040
1902
1157
2220
2437
2444
190
1014
1242
634
1869
221
2045
2495
1323
703
238
524
1620
2167
2408
420
746
837
1250
2308
2396
1428
2434
810
2208
1559
1798
946
533
1977
2014
895
629
454
68
644
2070
1881
777
2436
1420
1231
1406
539
763
1862
1307
