2160
707
1064
251
567
1746
2346
2408
1086
831
1168
1730
2159
1072
199
1836
446
1416
815
134
1535
704
375
950
2386
2035
1845
643
249
673
2227
1075
2446
1235
1895
1053
803
1600
2230
1115
1000
2315
1810
1999
2310
532
1387
91
1724
1554
722
1367
531
2106
1251
885
362
83
2137
1293
342
1316
162
426
2152
308
1832
1109
1808
1397
447
1656
2472
1912
279
1039
541
2141
231
640
515
980
1716
754
1728
16
1100
1811
771
635
1815
1647
1692
1377
2378
1579
674
1019
2268
1577
1483
731
986
726
1751
2011
1047
2316
406
1825
1250
672
2053
1164
4
2404
1549
2364
7
1315
1846
1436
658
186
484
407
41
364
271
468
1127
29
2243
36
2209
243
1003
1111
1789
35
1834
1138
563
923
2327
951
234
1962
1573
138
2059
79
1707
204
1525
600
2482
1950
1502
1675
1345
2431
2427
202
151
1351
656
1301
633
1018
1437
499
2158
727
69
1507
2087
2443
359
928
751
896
265
1407
11
2292
1036
136
86
2061
706
343
42
217
1136
2100
145
2207
1662
946
258
845
2138
945
479
1565
223
842
211
937
733
93
2178
668
1177
431
2090
1903
1595
169
1993
564
2004
1966
1409
246
929
2239
657
2092
2375
1814
1717
2153
2307
1402
2168
104
578
409
770
2202
1166
781
1500
628
653
402
2102
277
590
348
469
2246
1963
1851
1928
331
1569
948
1207
645
1469
1256
269
1433
2247
846
634
325
1482
576
458
113
662
2177
1567
219
2167
2183
418
1756
784
921
189
1094
2333
2128
979
2076
995
863
1533
1005
1157
604
886
1448
993
767
2302
335
1594
597
1126
972
1748
2319
2430
1486
1916
1969
835
1566
791
2125
1523
1210
2357
1997
167
1143
570
1007
2323
22
1795
50
1516
17
315
2324
1564
1833
924
2235
1710
641
2477
703
242
2435
429
2025
877
94
60
2077
1687
1282
2253
256
1759
333
1042
1816
2074
1048
2471
1967
398
2000
1953
1994
2084
818
397
23
1356
1605
1761
203
2261
1990
1470
101
330
30
1037
2355
555
1706
701
2245
238
942
802
513
2233
1135
224
2281
1646
2393
830
1410
2095
1346
1558
1296
1868
1216
1744
1552
1976
1702
1952
1674
1534
1820
690
1395
1108
1118
1805
691
386
1286
693
1312
481
1411
1237
1954
1288
1343
533
1074
1014
1917
895
450
1913
1719
527
1198
1200
1936
908
486
1215
1726
970
1592
2340
823
2434
268
1529
537
762
1385
1372
1352
501
2478
1147
1537
119
2048
875
1682
1933
940
2493
1505
547
1425
1038
760
2437
811
869
660
1083
1091
1093
1340
1796
629
1664
1419
2425
565
2049
2473
410
116
2107
1818
2223
1349
1462
2308
1876
1562
176
2199
973
2329
757
879
149
736
807
1561
1699
2195
2433
686
715
123
1386
2293
444
909
1513
1542
1413
1357
1178
1451
814
139
1029
965
553
1842
1783
1423
646
1786
2381
1889
2415
1684
461
1338
669
939
1528
298
2264
618
1438
912
1067
384
163
1188
1804
245
2353
2419
193
838
78
880
2397
734
388
960
2257
1856
864
613
380
1650
1584
2311
1867
1753
1263
741
100
2358
689
147
2134
2328
19
1782
966
2064
1457
272
1221
1873
1189
1368
352
56
1590
2351
1170
2284
53
141
266
2047
997
110
2079
1727
1520
1431
1809
1955
2244
1131
1757
1328
369
1922
500
213
421
859
1530
201
1635
1142
1812
1625
902
1563
824
1869
742
367
1294
2301
624
338
779
111
1720
2458
382
1096
70
1918
2462
502
2242
385
1394
1539
5
1268
1701
1943
2336
1010
528
351
512
1152
1055
956
107
1888
179
2467
1949
1547
482
572
738
2436
1323
396
1587
2013
1509
2180
1434
1880
1982
467
871
944
834
917
363
1765
2306
1801
1473
1971
2225
2492
2282
2083
2147
440
2363
637
639
1919
525
510
1878
1550
1927
2116
1844
1317
720
536
1097
1652
427
1095
1670
2349
2496
968
1762
1266
1920
1209
2439
1960
1455
164
1267
812
1456
873
1931
870
2347
1212
185
667
192
530
2366
914
892
638
401
1614
560
99
361
2389
365
1310
961
81
1132
1790
244
1163
77
828
696
15
862
2460
2325
463
713
1654
1121
2376
1155
1597
1422
1390
1921
2144
735
171
1631
294
1461
575
2359
614
1015
1236
1140
723
2222
1985
957
857
899
2228
1179
514
8
1946
996
1645
1044
1379
2023
953
1714
1603
173
542
543
2169
1405
1099
261
721
983
54
2296
2009
2080
1634
26
1546
490
2391
200
981
602
1156
326
1901
982
1747
663
304
306
747
829
2201
520
619
2124
2151
2007
1606
1948
2075
1298
135
257
259
1399
74
1474
434
1459
1872
1881
2499
1850
867
1610
393
1938
1430
1398
390
283
2031
2320
521
557
2026
1576
182
765
636
610
1489
2278
1241
826
1479
2390
1412
652
360
2330
216
1977
1892
12
222
2188
2454
428
854
371
887
1937
1908
2197
327
963
761
1961
2461
1124
241
2181
372
1973
1139
457
905
1219
122
485
2360
2231
270
2275
508
574
381
1088
1897
2455
2085
264
2109
888
1713
1389
1057
2154
1226
324
858
1771
1186
1304
474
1336
840
378
2203
976
1718
1793
1472
599
1193
2345
1197
1862
1755
358
210
1150
161
2123
1642
682
2420
649
1559
1341
1799
1902
2263
1204
1420
782
284
150
2338
2073
157
1743
2335
413
1318
236
262
1683
989
1629
595
394
1261
84
675
901
1686
2165
2276
1333
2005
809
1996
1465
64
1471
2215
1883
1365
1089
773
1295
1378
860
1609
1970
2118
848
1376
852
1205
1679
1680
1768
1128
1689
2193
783
117
87
2132
571
954
943
2060
573
305
2266
992
254
1190
2428
1183
872
1363
1665
1102
1008
1291
230
1532
1848
2040
544
1062
2120
2481
1581
2179
562
487
2290
1359
911
832
1185
1026
841
2142
1149
1858
1688
737
987
496
14
941
2374
45
1319
187
750
952
764
1468
2194
483
2448
2089
1129
273
1524
1695
2170
1223
609
282
755
2094
1322
964
2326
648
2421
1016
746
438
769
498
526
2444
1864
1871
2494
775
1478
1518
1828
2057
843
318
1749
1659
319
1593
1050
92
1934
1046
165
861
1113
9
415
61
2139
1233
2262
1106
650
516
984
1289
1992
665
291
1972
1447
190
1309
460
897
586
98
1382
1956
1785
1905
1206
1320
2166
1874
1354
719
311
80
684
233
1781
403
1103
903
1641
1080
503
344
1677
2218
1347
753
1601
622
1496
368
2305
40
1624
546
1182
2099
2270
1308
229
1914
2382
334
1384
417
1660
581
1066
1270
2
1485
1049
1627
1225
346
1618
1729
320
1078
2229
1313
1171
1463
2403
2189
2036
1375
1051
2219
1006
631
1571
1415
1589
694
2019
2304
52
2267
793
1989
2148
1224
1339
1611
743
2097
2413
2322
1802
556
1248
2043
766
2401
1667
1823
156
1651
2484
1817
248
1392
459
1281
1240
1360
2380
1521
883
1981
285
611
88
49
1694
1852
505
2213
293
714
1491
1599
2027
2343
1890
470
354
772
2348
1583
919
1403
3
1002
194
1300
1165
1797
1493
1655
209
2110
1947
2176
2174
1090
1545
681
129
789
1649
708
1283
745
2046
1585
356
1849
146
1731
938
1870
1052
1506
962
1572
322
813
2105
2190
28
1
1541
2350
1708
2339
558
2332
2383
1331
2067
1208
2361
455
2232
796
1626
933
1369
97
1998
287
2269
1444
2453
799
620
1586
1460
1362
2490
2017
1929
780
21
118
1807
2198
405
740
1886
1860
833
1777
220
274
716
1991
1543
181
2024
577
559
678
509
2103
1271
642
1024
255
448
1130
1738
2071
1231
2016
24
2020
926
1414
142
1942
1043
587
1732
290
2258
1988
916
683
144
1381
2487
1079
1429
214
1568
2500
971
729
853
1180
2398
749
732
692
492
1551
196
154
1672
1604
1151
1117
260
1824
1760
504
607
237
808
1891
370
1510
819
2163
1770
1454
687
2022
676
1025
2091
2254
302
2045
1092
1247
1342
1061
227
2476
1085
1265
1855
1904
1334
456
1798
907
2155
1923
792
1307
1495
10
226
2288
1806
1607
280
1517
1899
317
1697
1105
2498
1648
72
898
2392
1975
1169
932
1745
1228
949
763
836
2489
1232
177
725
1453
1637
1030
235
2410
1040
1243
2208
1441
1504
423
998
2062
758
2130
2108
2211
1269
95
1254
1230
593
166
1752
1424
1669
774
1951
208
441
155
2255
1741
584
868
281
2068
1435
2402
2274
2260
2441
1885
1621
148
1383
473
2133
2470
1481
2334
1709
615
1476
1734
2370
1841
115
1835
1388
109
27
1705
2488
2495
655
797
2212
1187
476
2279
466
1146
140
847
1299
538
1490
1104
1440
700
1406
1258
309
416
1794
38
1939
121
1087
1442
1932
2299
2221
1704
2318
2033
1877
1750
1712
999
1508
389
1013
1673
632
1081
1978
2140
1536
2088
2373
925
106
25
2121
601
1249
2210
1616
2337
1827
988
612
1203
2321
801
493
1145
2196
1866
1464
1484
153
1432
2289
1831
2098
889
228
1119
788
1408
1819
804
606
2483
884
1602
120
2384
1821
534
1596
839
350
2006
2127
341
1879
1964
2369
278
75
2362
2096
1492
1556
82
1238
1161
184
785
1373
566
1671
2175
2297
549
2034
48
1511
1071
1591
2250
96
1865
102
1632
2145
159
1499
1512
1788
2385
2295
422
524
1986
1907
2021
1196
1110
292
1924
1031
1725
1028
1531
1773
1733
617
1218
1417
414
112
2117
1658
2356
2286
1653
900
1488
1754
212
1195
76
2003
1893
1220
1063
339
477
582
506
910
730
2238
47
2041
1160
518
437
1787
1494
336
478
2252
51
1144
697
1273
1162
2113
424
1167
1767
699
865
1335
2237
1540
357
300
1467
654
2368
820
1027
1974
1501
1843
1297
661
1941
373
2438
1450
994
1983
598
744
2341
1098
1279
1370
183
522
1035
1987
1582
1303
2149
170
2480
1276
1612
1401
2214
2331
253
2119
1965
2283
1175
63
608
443
1426
2256
1826
922
2236
488
1302
312
377
2157
127
1068
1125
579
1830
776
1058
1020
795
644
1696
967
2377
794
717
2200
303
2205
90
89
1875
1691
551
1284
507
1644
1277
387
2272
46
1023
1780
2115
1391
1693
374
1361
630
855
589
1194
1742
591
1636
1711
2112
1290
1944
927
419
2086
2114
548
666
247
175
778
882
2271
1272
1396
143
295
698
1498
2365
1446
2143
623
314
1116
1202
1337
411
1570
1260
1690
594
2259
1114
2451
452
58
2469
580
1840
2417
1926
1380
1077
2015
1980
20
395
1227
1959
1350
1685
1330
1082
1676
71
2072
2082
1882
353
1894
297
1449
2069
2457
2001
1292
2028
191
105
1639
1329
2486
554
2146
1813
800
2298
1364
2456
1428
1332
2184
1557
1134
1968
2372
1740
1678
2287
1229
435
959
1608
955
2002
805
1698
1123
2388
1192
1995
849
349
978
494
975
2066
825
890
1211
2216
2424
1774
2440
1772
777
1154
535
2150
756
2248
1715
1580
1439
2291
2280
1560
1133
1957
1153
2406
583
125
906
1930
1622
1847
2012
18
1259
1829
2399
891
1242
540
2055
131
2394
935
1887
197
2226
728
286
680
1487
688
489
1311
1445
2265
1184
2111
1861
1633
1477
621
1070
2185
1199
62
451
1045
1544
1137
73
2317
1906
206
1663
1480
2240
1735
817
1011
65
1107
934
133
1264
263
2405
1069
920
827
2081
974
677
519
2135
1857
1358
1838
2039
822
752
2449
1084
1122
1578
408
1172
1458
1321
1640
550
495
1213
850
616
391
2162
2249
1285
2395
2191
6
1666
218
299
2416
2450
2234
1884
180
958
1101
472
1739
1553
436
1522
1174
1059
894
462
1519
685
1141
1054
2418
1076
592
67
647
430
931
32
1404
1791
1148
2251
588
1158
2452
1021
844
712
1262
904
404
2432
445
1598
168
1758
2065
2010
664
2414
1909
103
2423
174
1984
2204
1588
915
1344
1325
893
1853
1012
34
1514
475
160
59
337
275
307
2122
465
659
2442
1628
1515
1033
1935
2018
2032
1643
759
2354
340
2303
1314
1681
1032
33
1721
1244
569
1736
724
1278
1004
2314
991
1925
1613
379
1854
1723
821
936
1763
31
37
198
301
517
2371
2129
1863
1700
2352
2078
539
710
178
1910
454
1703
947
1661
2014
130
1538
439
2056
2093
1173
2051
195
1022
1574
561
13
2058
787
1617
2474
1859
985
432
1176
2220
1275
2063
1776
2396
1034
288
1555
605
1958
2192
310
1041
152
1234
2491
2485
1280
332
2126
705
321
240
2367
1623
2241
1800
1619
1245
250
1257
221
1348
1911
1940
2407
2468
866
1657
399
137
2054
596
323
1246
786
798
1305
2171
225
1214
1274
2038
1898
651
2217
252
2400
1112
2037
711
128
1427
2312
2479
969
1159
1900
276
188
1526
267
1353
2466
43
2309
1060
2156
1803
1548
1306
529
625
1009
1784
44
2052
837
2497
2426
1326
874
2101
2187
172
739
425
471
2344
2300
392
400
1466
2459
1945
1503
1837
2387
1191
2186
1253
85
1443
132
497
2411
702
2342
1374
376
2030
1065
816
2050
1056
2445
2429
1452
2008
1287
1779
453
913
1630
2463
2447
2465
1839
918
603
39
2409
1324
790
355
695
232
810
420
1366
1620
1017
480
1497
1778
433
57
329
2104
1217
1371
1527
449
1255
2042
1001
2464
1120
124
851
2164
239
2131
2044
748
1775
1393
442
2273
768
1355
345
2475
1475
670
207
545
114
2029
328
552
878
289
347
585
1822
2161
2224
296
383
1327
709
2172
215
313
1421
1400
1638
1896
1668
2379
671
2412
1575
977
806
679
2313
2206
126
2285
412
158
2294
1073
718
1769
2182
1722
626
2136
1764
68
464
990
491
568
1766
1222
881
316
856
2173
1792
1181
2277
627
523
511
1915
876
55
366
108
1737
1252
66
930
1615
1418
205
2422
1239
1979
2070
