38
1353
945
2033
1704
395
1628
2490
1186
111
2250
1728
1619
150
1962
1616
1137
556
2092
296
520
1012
1882
422
1391
2112
1927
1360
2292
2077
2152
86
706
779
616
1891
1490
2256
2141
381
411
2312
609
1905
359
996
573
244
1774
563
954
580
1875
2046
357
1241
449
1175
813
1651
1077
226
397
2399
1284
1393
383
1943
695
1503
2268
699
2100
1493
329
716
333
510
2235
81
1383
1893
1596
461
619
1766
1826
1447
608
1422
1945
2214
2192
1303
1723
1229
2357
583
273
1531
1202
305
2314
855
1710
705
141
392
1399
2067
1329
303
2003
283
2026
2089
2465
1591
1289
923
1332
784
144
1784
763
2415
2034
904
2232
666
788
1145
1471
2315
2457
1759
2381
164
1733
537
434
197
1191
53
370
435
2289
972
361
2389
1407
1054
2029
418
910
377
1373
1127
260
1818
1722
1199
230
2321
1272
331
955
1544
290
868
989
2466
759
2048
1673
1822
1734
892
384
2213
1496
1052
1750
1194
576
42
1589
2039
376
677
2489
1230
2257
1064
41
713
613
662
1148
1033
618
1804
182
214
1237
1156
2267
1607
1575
1512
2286
2432
2483
1264
1087
711
554
1494
51
1021
2458
374
843
770
2158
2476
1570
934
1516
1449
1371
275
1929
709
1465
380
192
1795
765
720
1975
1158
1405
1928
748
851
574
1849
2467
2137
1781
1825
1832
2032
1995
832
140
1843
623
1026
1472
621
2149
2362
2252
2122
652
89
1196
227
1068
44
341
149
1780
1370
2041
578
356
919
2084
575
1375
178
1725
2139
1846
1484
533
658
1295
2063
596
2155
2055
617
1324
1536
1395
1376
63
125
1587
327
1314
1731
451
513
268
2460
30
368
1592
2225
1632
11
2455
1215
190
1173
2450
160
1268
1080
1757
2364
516
901
1910
363
1513
1955
403
293
566
1890
1809
819
1960
1244
1136
2367
684
1000
344
93
2202
2264
142
262
287
1292
1625
298
1798
582
1008
1067
606
437
987
1018
1715
2140
177
949
846
433
2062
1604
2248
1641
778
161
349
172
263
1574
1266
799
1997
200
1461
2419
953
371
2070
2168
1071
1855
655
2223
1968
494
186
43
1755
874
1739
965
2199
320
2254
2231
2297
483
1821
1676
914
1823
1396
1668
1740
615
908
634
781
18
2472
942
1530
553
1201
204
62
1321
1343
8
1287
358
427
233
2143
1745
2411
147
2278
1543
898
999
668
96
1151
749
766
1782
636
253
2350
1381
992
1446
940
2181
2402
171
2160
1344
114
2447
1507
1984
1648
2215
1525
1453
1195
785
1947
180
1981
2380
352
2377
2336
1563
930
1091
834
2047
1372
1047
2027
346
577
627
151
1117
1537
157
564
897
2238
911
196
1867
1060
2083
39
1357
620
2444
2081
104
1218
2498
2121
1232
1599
1719
1339
1506
174
1100
947
245
1752
2417
2395
646
2
129
1057
1207
431
1051
1935
2358
1522
1644
212
194
1743
1919
2390
669
1912
1934
1125
974
102
707
306
2103
605
1024
416
201
2129
1548
2107
2340
1326
136
1869
1104
312
726
2300
1672
2052
121
2391
875
640
241
899
1982
2486
597
1096
1276
1419
1707
2130
1501
1231
767
1634
1904
1932
931
213
1101
743
302
1038
91
727
2198
2440
372
1242
47
2427
687
2085
604
2276
120
1392
1312
2462
985
2491
379
2283
448
547
355
1282
22
1267
776
793
2076
1820
750
1500
1340
2102
469
1810
1209
1382
508
292
2128
2016
1965
2421
1320
1429
1257
2494
1865
1629
33
487
493
365
1990
1688
693
2226
1851
158
539
1288
2451
651
1763
1020
236
1280
2208
2471
1434
1167
132
2117
1401
1508
2339
1302
938
555
2331
1964
1562
34
1397
2028
2087
1013
528
2031
2023
827
1966
362
1470
324
1526
887
1980
1481
1
1389
1696
806
1099
2049
1062
2133
219
1652
1243
122
1556
2404
1006
1036
1262
406
1751
2306
335
1520
369
1221
689
2060
1973
1211
560
1971
1085
1210
2425
1089
255
2209
1595
688
1181
976
835
1176
1697
1459
1581
2320
2366
1585
1921
1756
2237
590
1579
2428
2163
829
1938
4
2013
1853
1860
543
2008
1323
1114
1511
1950
734
1915
1857
812
715
413
2393
844
45
2392
475
859
16
1630
1786
367
2295
1161
1388
1643
276
1072
2005
675
1650
1225
84
656
424
1184
1554
1270
1369
1612
1130
1063
1813
1297
2042
208
814
1521
1432
1116
1606
1417
1873
2383
1922
70
2469
2338
170
175
754
2147
1138
857
1261
1444
2347
154
1561
2043
184
1552
239
1413
2053
820
223
2482
1224
337
2316
1180
1460
360
2418
1987
209
159
482
2095
1988
503
1408
1998
1445
1132
2388
653
2335
1578
704
347
1534
2269
1345
571
822
1918
1425
2190
188
1464
1627
1348
500
1204
869
1946
1495
879
1681
548
2288
2374
598
1898
1699
1830
1577
332
1583
1835
2058
1778
1884
396
1911
1390
2240
138
642
1661
522
1454
315
2446
638
326
600
2475
1732
1311
1083
2308
933
2287
2305
300
1654
1416
809
445
221
351
1234
800
134
88
797
523
1475
294
588
2078
1712
678
811
1539
937
2108
2332
1923
1540
105
348
480
2426
1773
2170
389
1744
815
841
398
1716
1070
1613
447
2124
2068
631
240
1214
499
932
481
2236
1684
1010
1433
2072
1785
1290
1649
1621
1572
2480
853
313
1442
145
847
2030
2473
1564
1291
2261
1953
643
883
849
680
803
191
2273
2051
2154
735
1111
772
1143
1545
536
1014
1631
2459
1239
641
2135
1841
2355
1032
592
714
2040
1420
1569
1660
1768
586
345
946
1638
1597
1690
1271
1886
1622
2345
2330
2110
956
737
21
1477
521
700
1154
2151
1338
2329
267
1942
1142
845
1664
281
557
625
1048
64
454
474
1735
740
2488
2216
1509
382
323
234
1799
1384
2106
794
457
2397
1169
1639
1306
1004
2360
1365
2245
83
2334
856
1931
1764
542
2228
2298
1331
419
1019
489
1678
343
858
860
2430
193
478
1985
1317
265
1598
977
2115
1940
807
816
217
137
2354
350
26
1976
2492
307
205
2424
702
2015
485
753
2382
23
1930
155
1703
1850
2279
1576
1319
1667
1729
1086
1524
2290
1663
2285
1615
2375
471
440
1456
916
2224
1748
1216
565
2180
2407
238
1367
1455
1351
1892
166
405
235
1428
971
1671
2011
975
1517
1662
909
1796
1602
725
1805
979
2435
2422
2479
98
970
1249
1179
2153
1059
410
1182
1299
1749
1949
1741
1349
664
1635
679
1017
768
505
1157
751
798
1342
1657
635
983
632
1082
1961
823
1001
49
1385
514
1354
1814
674
2493
1322
1441
1666
1011
830
1035
2343
1845
2218
1920
1350
468
1807
2263
181
215
390
353
1636
1410
1009
1398
1819
452
2175
890
1050
2104
2205
941
60
455
1478
1134
925
1028
75
2351
2012
1925
2189
2409
2406
1916
1029
183
1969
2301
284
1192
2291
2373
777
109
1937
135
1203
274
2477
1039
443
458
1863
173
490
558
243
2313
1620
1159
2196
1972
912
76
1899
1220
402
1909
729
1793
511
1005
1939
1108
2363
1443
1170
336
738
2348
1251
110
85
2201
1023
1043
2353
2438
2056
2266
645
409
1698
1482
338
1252
1479
1160
1692
624
1436
1584
1842
982
544
1368
1377
538
339
2387
902
1896
1590
1560
927
2188
626
256
48
1212
893
317
15
1555
960
2405
1833
1093
1958
77
2182
593
1037
852
1030
1714
1992
2296
1926
61
1977
1680
2413
1358
2088
2057
865
1044
980
2036
484
2064
1166
1724
1812
769
1816
817
2352
1711
864
2500
163
1705
833
269
1366
1879
1034
1944
237
1567
1806
549
1146
1198
717
112
1829
873
2239
202
1079
393
599
2368
1834
1363
614
872
1172
1330
915
567
2111
311
2000
1702
659
12
839
453
2302
1488
1185
1559
831
441
1504
1903
1746
741
757
1283
722
1897
1219
314
1623
79
1183
1924
1300
1474
2333
342
430
681
1737
697
1336
148
1908
876
1222
179
1007
1523
2385
870
2145
791
591
2344
87
2086
1645
2474
929
2207
408
2496
2403
2156
1042
189
456
2454
708
1797
780
242
1951
496
2463
1887
2307
1278
1514
168
1259
1586
497
721
747
1165
1683
903
59
1226
1720
752
2093
1359
1877
966
1983
1473
1979
981
2400
123
2159
1040
2094
1653
1566
1730
1298
2066
2443
1439
1403
185
1162
546
1045
1594
100
224
517
2449
939
108
1236
1593
885
1486
660
1147
2167
948
1152
459
964
271
2220
891
524
535
878
2114
882
1761
2280
211
1411
1223
602
905
701
399
963
1802
837
1694
466
2230
1669
773
928
682
1412
1738
2337
587
1758
1535
2080
2270
2185
610
755
1258
1304
35
906
1187
877
401
1994
771
2253
601
935
2376
545
1788
463
789
2193
272
1121
280
1356
628
1498
2359
254
1467
216
2132
387
2164
1022
1150
1227
840
926
1073
2014
1772
1213
1736
1794
1762
46
2002
1906
1838
633
1140
1256
1424
1970
2299
507
1327
1409
1190
310
1378
220
746
2098
1861
1967
1518
400
488
1907
291
2162
442
1533
2136
71
1519
1206
103
603
2233
1713
1076
730
1049
92
258
124
117
2116
301
322
607
126
94
95
1765
373
2324
667
1917
2255
1296
969
1824
1933
2171
895
1837
951
2384
340
736
119
1771
1061
2206
1105
90
2487
266
696
1084
297
1053
1485
423
385
2138
519
1866
2022
2165
116
2184
2186
1550
559
426
1742
1279
2461
1609
1163
2210
1374
2439
1827
686
529
1103
1318
2495
581
2304
429
67
425
2183
1448
1254
2258
2356
2173
665
318
2386
1839
595
944
818
2294
612
1055
1451
2045
2074
584
2018
691
2101
889
2452
1133
2408
295
988
99
1776
139
1164
1675
962
1337
250
991
1177
1603
1406
943
2272
850
630
1656
2161
1387
491
2134
2169
32
540
1959
918
2436
1235
1700
2125
2195
836
585
957
1189
733
9
2019
1674
1430
1993
1800
40
165
2448
2061
541
2394
1031
527
1119
1058
2179
1380
321
2142
106
270
13
1352
1301
2177
2249
1208
107
446
1263
1421
199
719
2065
509
698
1803
1541
5
1003
922
1285
1246
486
718
764
2309
65
198
2244
1316
2361
672
467
58
1693
2227
552
1691
2262
1435
787
1260
1489
1118
2176
50
1557
259
961
2401
29
744
286
888
967
1025
1281
880
1948
1874
2441
745
2211
2120
866
1273
2097
1889
1476
2431
2437
1480
1515
436
1777
1701
2037
1538
2123
2082
1313
1248
2275
1069
795
206
1888
1954
861
2412
1277
637
782
2234
1872
512
1144
690
415
1783
264
1618
2322
685
2243
762
1141
1601
984
1914
648
997
671
2246
228
998
728
1308
210
824
74
1847
417
1415
783
568
2369
1402
2481
2433
288
1155
2091
986
644
1665
407
1831
1859
1362
692
1095
2219
1941
936
1685
1462
1902
1695
167
2127
761
786
1112
2017
1078
569
2131
1081
774
2024
1293
2410
1487
1427
386
1174
1558
756
328
1088
1098
289
871
278
1109
2174
1815
657
218
994
2221
2187
2178
1286
1066
683
2020
162
231
2265
1894
1624
428
127
1325
896
2341
1437
247
2277
479
710
867
3
2204
2021
1123
2241
742
501
1394
1901
388
2414
2191
176
252
1529
421
1880
36
2284
1386
14
1115
1647
130
222
1767
1131
673
775
282
790
1253
1551
2423
1642
907
2365
1848
54
561
464
1568
1753
1876
316
1862
796
1709
802
1608
2126
1027
1193
1347
534
579
1633
1582
1015
2325
25
1245
2442
1135
676
19
2484
739
1978
2349
2468
917
1952
1682
825
1310
319
1900
1247
2006
2050
2096
1718
7
72
900
2485
1528
862
1468
1483
1200
366
1309
973
1617
1102
978
1440
1171
1727
1423
1458
1611
24
1502
1149
2434
308
1852
1828
1836
101
1016
232
1856
2069
1305
1346
1687
261
2194
629
229
1333
2119
650
1094
990
848
531
1717
1808
2229
2310
1341
1547
1573
1240
1275
52
2200
1056
68
27
808
2075
20
952
1107
1986
1238
391
670
2073
1600
2001
1379
2203
128
2079
611
1129
2499
73
1532
550
473
760
1854
724
1122
378
444
1957
1811
394
2217
801
622
731
1637
1178
2326
1754
1646
1974
1549
504
968
2470
2038
1092
2497
97
1335
2429
1626
1188
958
838
2317
1065
1571
2342
2090
1497
279
476
2396
439
1658
2247
1640
1787
1307
1400
299
502
1801
572
498
1355
115
1457
1418
530
2059
1789
589
1655
1706
1679
309
1542
1168
2172
1913
1546
913
1565
6
810
1002
1404
2222
334
1721
2010
2445
1250
525
1775
420
1840
1610
804
1255
1499
1670
661
654
1770
1881
2420
854
1677
1588
2311
1265
364
1790
57
959
412
1689
995
2370
532
1956
2148
470
1217
325
1871
207
152
1963
842
2372
2282
1580
2105
2109
2456
2281
1361
703
1895
886
694
2371
1792
526
663
1885
1492
2054
924
1999
1870
2346
1760
66
1844
113
187
1553
1989
82
17
495
2398
146
2464
1074
1868
2197
80
1466
881
1686
1106
28
1510
1139
1527
37
2274
404
1491
1334
518
758
2212
246
2319
993
330
203
2035
1090
1205
2251
195
1328
462
920
863
506
1452
1097
1858
1124
2328
477
69
2150
921
1364
249
2260
2044
2259
1126
354
1779
1269
1113
2242
1315
2009
438
118
153
2004
1110
248
133
1414
1864
723
156
1075
1747
828
1991
1431
551
78
647
1041
277
1294
2157
1463
304
465
1791
31
169
2007
732
1120
826
414
2323
1708
1936
2113
2025
2318
450
472
1817
1726
2327
1274
1469
2071
225
1878
1659
2293
56
884
1883
1605
2118
570
131
285
805
894
460
2144
143
257
432
821
2453
10
1450
1233
1505
55
712
2099
1438
639
2379
2146
649
792
515
594
375
950
1197
1996
2166
1426
1614
1769
251
492
2416
1153
2271
2303
1046
2478
1128
562
1228
