1564
2493
1584
991
1196
1764
1766
1881
72
1886
40
9
67
1496
2124
1358
1961
1267
860
1371
1610
1310
1796
990
1126
240
1211
1946
2161
1646
2291
734
11
811
2264
2417
1588
412
2071
691
1130
2237
329
2461
1028
414
960
945
2384
1726
1180
1478
464
426
2487
1978
1102
327
93
1079
1101
1581
1387
717
2087
1178
2252
55
1924
2361
2098
2234
1059
1288
839
1294
1390
1875
1417
937
2437
2484
1976
647
1335
186
1072
265
611
2084
1038
268
746
1553
2119
1568
1189
1618
853
1231
1826
2420
1897
227
532
448
1327
1655
2408
280
597
183
2397
932
1326
892
200
1136
242
2082
1343
2304
477
344
370
1807
1529
1545
2194
2338
598
562
1383
585
978
899
925
206
1613
2486
999
887
1672
1328
2083
466
1938
2393
1393
2190
248
2111
844
606
1256
1851
938
1923
1650
1843
397
1384
2327
1309
2375
1108
721
2104
1662
1232
270
1912
2217
2075
1428
869
749
1
1445
2000
1270
1862
2451
345
882
710
1395
301
744
224
1474
868
1840
798
1883
1227
1419
320
2048
2425
87
189
1719
2247
1121
1272
1669
1955
2307
1842
1400
335
388
2080
463
1095
1443
922
1319
1727
2404
316
1740
1053
636
1128
2467
135
2300
1657
613
1470
1440
2354
1508
812
2235
2173
2454
403
683
29
2394
1878
715
1506
1658
1537
1048
2078
2196
208
2429
590
2377
1685
841
1082
1927
1745
784
2014
1898
423
418
447
238
907
1698
2457
1281
884
909
1827
492
1500
1821
1616
2465
1547
2177
366
1638
218
1054
1901
108
1977
1587
2409
885
513
2410
2209
2164
2130
2336
126
174
667
2063
1293
1350
408
2002
2258
1432
586
1456
471
155
962
589
1916
443
1515
1034
526
924
1921
234
469
1544
438
431
1217
1407
1943
2018
79
1004
552
1612
1504
1110
4
760
623
516
127
144
2122
1863
1963
2005
1242
1629
2477
709
1216
23
2272
22
708
1957
2474
780
1450
2280
1290
452
1991
541
193
256
1329
312
2011
1373
2021
1930
1531
1376
1119
1245
1111
125
2195
1988
177
2049
660
2097
1845
298
1849
967
1012
119
644
1067
2263
695
634
1159
2081
768
520
2079
855
1841
1076
923
1918
829
568
1779
2464
1942
1094
2022
1154
2105
787
1785
1705
82
1372
468
1605
210
479
480
204
306
1047
2029
1536
554
116
1951
2296
2352
891
870
1864
163
2283
1144
1521
1872
2085
1782
1540
1233
2051
934
310
2149
834
795
1486
182
1404
577
912
1900
1024
1158
2435
730
1179
225
2191
2067
1562
1313
943
889
430
325
2317
1280
202
718
1338
1816
847
815
865
52
2141
106
2007
472
247
928
63
1791
1289
2003
318
1214
2012
1360
195
1797
2412
1424
157
1036
654
439
797
1247
669
339
1365
1989
2183
1071
593
1096
2383
396
678
1322
389
1133
600
2379
896
1075
2249
2187
737
697
1956
1517
961
253
1436
2167
1649
1009
2035
1679
680
1122
1163
39
2200
475
115
2072
2017
86
854
2392
1690
703
773
2053
1824
2337
1469
547
1592
2107
1701
1848
1057
1167
2199
1583
1909
1709
56
1707
2267
1642
757
901
898
2175
983
1677
2099
939
1250
2019
2118
1127
2476
2140
976
2256
1155
136
904
1822
1829
1333
1856
1234
496
490
530
2172
1220
169
880
913
1589
948
1601
442
2170
640
776
1187
2226
2138
595
756
2171
2355
1112
105
215
1055
328
1261
2289
918
1011
175
674
1300
2427
300
1579
481
1511
2279
1285
121
377
1406
1433
1810
754
2480
1263
17
1027
732
233
1074
1321
2228
1992
761
273
874
1704
769
467
259
350
551
1084
1751
1056
1847
2347
1421
258
637
676
2463
2367
42
908
1834
221
16
2348
713
1861
32
1308
1891
1934
184
1523
146
1892
46
862
1896
1463
1070
668
998
1274
1062
1149
1342
1375
1742
1538
1434
2114
2400
1485
1871
2314
1151
2254
974
130
145
80
1058
2076
1625
2269
626
2488
733
1104
1296
398
2360
845
2406
1936
917
2001
1630
2102
288
2240
1006
2178
1453
118
766
1602
2062
1020
1750
326
1228
886
861
1761
493
407
1379
331
1632
140
2298
2403
433
1351
1312
987
979
1915
1738
659
1139
321
2251
149
1401
2405
665
2407
915
2287
1722
1525
1065
2497
410
1546
409
1286
1931
534
1769
621
509
705
2225
1080
1600
1975
2158
2244
575
1303
2189
2374
1481
2273
1702
1499
2091
2
574
2092
27
276
102
304
785
2106
1210
921
963
284
1624
1636
627
1994
1090
2207
2441
2324
1477
657
2345
1081
1887
687
559
1505
1596
2146
400
1032
2357
1008
2110
1982
805
357
893
1209
2318
34
824
1307
1648
728
1595
2351
1253
178
522
1746
959
347
1258
203
1173
385
449
903
348
465
1437
1670
1607
2331
808
770
141
2333
1132
694
92
1271
243
353
1542
368
1757
992
1442
750
2101
1259
1389
1660
1183
723
2499
2372
802
736
383
1441
1665
1005
1522
1603
2282
1291
790
2434
1162
803
1447
1801
1922
537
679
1186
2276
2013
2210
1022
2447
911
1586
1805
99
1157
262
2184
2168
1691
2284
1302
1664
591
2381
820
246
2323
2066
1364
1354
1999
1467
1860
1798
446
652
293
324
632
578
333
1394
2031
828
1484
633
1571
1645
1129
2006
117
2015
822
1246
1051
216
529
289
192
1783
944
2265
1498
1518
38
1152
2473
239
1017
2424
1241
1489
313
1147
988
1414
1000
1458
832
1164
616
404
2415
1775
1069
666
2052
1889
1100
2112
539
1402
1712
212
546
1820
1949
190
494
2346
1431
1714
747
2054
549
2358
965
692
2093
920
1025
2321
1143
1621
1237
2399
605
1378
794
2468
2411
1566
143
1042
1819
1753
1945
1770
2113
1495
806
1169
363
1229
1494
995
211
428
235
128
1275
2176
486
707
755
580
399
33
2010
1986
2239
739
1413
2325
2241
402
583
2339
1203
572
2242
367
2500
2131
1049
569
704
2344
180
455
1637
2496
1397
1767
1876
1131
2495
2243
954
1066
2061
2266
1370
681
1336
1298
2396
307
1353
2073
775
2033
673
543
905
929
319
1175
2414
1668
1870
1317
196
170
1509
524
2419
906
2260
482
2430
682
649
2359
371
1176
1240
1226
858
1953
83
807
1430
942
1716
369
941
1903
1299
435
2432
1857
1652
1576
161
2203
1788
980
444
411
171
1219
2188
1475
951
878
1888
78
1479
374
608
1493
2446
474
2313
866
274
1593
1208
1361
1252
1120
1223
19
420
384
1314
764
365
451
706
491
2369
1780
2259
110
949
1965
1765
434
758
91
2216
1482
1197
831
684
290
1363
354
1823
1737
1703
2128
2236
1619
830
588
1981
2233
1747
1866
1472
1877
51
2453
973
1776
1078
1315
564
405
1345
198
1893
2094
2008
254
1171
351
1030
1774
1091
1611
2103
735
1295
1301
1092
49
1940
360
1830
2328
1539
1926
1380
1597
2421
2448
394
1077
1687
1459
57
2426
2038
825
1221
1809
725
173
835
1117
1516
1778
643
2154
620
1466
1758
814
2016
977
2108
2232
1806
1639
1867
2469
1239
846
762
101
228
2311
1902
1146
302
1543
1890
2270
618
1653
2185
406
565
1972
1868
1710
217
1311
255
2220
1908
1614
76
222
1254
1185
1661
2365
1318
1145
2481
132
60
1628
2312
1031
459
1962
497
84
1502
14
1532
1064
21
66
436
2160
2320
612
602
567
521
2309
36
505
2142
98
1412
2299
1415
1374
1341
1911
1859
1381
2462
2366
483
2295
642
501
1014
2472
2478
1265
2450
2343
910
1895
1418
556
2229
120
429
2224
2275
1654
1150
956
833
100
1386
1728
1411
74
123
272
2401
1939
2030
95
1269
1323
966
380
2197
2144
1224
2206
2485
1734
416
31
1422
840
1391
2443
535
159
1802
424
1622
1416
317
1182
138
753
1276
1928
131
645
1039
89
2390
153
107
2182
1086
1533
900
1925
2294
1367
1225
670
663
1181
1382
2387
1501
2088
563
1184
1623
2433
2028
783
2456
557
1396
1582
2439
1967
1284
2192
336
512
470
1202
1858
1557
1666
1813
2150
985
2159
282
1045
1627
1569
2045
964
1706
957
1324
1001
799
219
1736
2136
2058
763
62
2077
1099
111
2238
2253
2109
1814
1606
1964
2482
1854
2212
1041
1304
919
2388
1552
2215
1192
813
2065
2068
2423
1093
245
1692
1213
458
1969
220
1754
2166
1204
1633
1732
2198
2268
2316
871
1352
1591
241
2064
1060
664
2350
538
1483
1952
2202
1561
1420
295
614
940
936
275
630
2498
2391
500
2132
2069
1990
1330
604
1882
1717
1731
863
1264
628
1465
287
1759
25
1002
2214
1560
1970
724
1558
58
251
185
1711
113
2222
1609
252
2398
2376
1839
2057
303
2303
2070
2151
1052
528
561
849
1954
772
837
1491
278
1347
2349
1050
156
417
510
1725
1987
2025
793
914
1894
1773
2230
1021
1748
197
264
771
244
2042
1148
778
382
379
1815
982
425
759
1448
1720
1088
1907
2395
461
1236
2034
2261
1113
1771
2385
1292
536
1818
291
232
1190
53
103
109
1277
1980
308
651
26
1659
314
1513
441
1937
378
391
566
1919
1222
507
2356
1663
61
1023
1555
2153
689
672
207
2129
322
1556
2139
968
1873
1983
340
1118
1958
1262
1617
1772
646
165
2162
1160
1932
1125
1656
2127
2040
77
260
415
1510
984
267
726
1153
59
1156
1741
1207
804
958
2116
742
2009
129
1644
714
1097
582
1599
859
1684
2255
540
361
13
1534
1549
2466
609
2292
294
2330
1786
857
2378
702
283
168
850
2205
818
1696
1134
24
1273
997
296
47
1410
502
1279
952
2120
1519
393
1449
1914
478
311
1604
2334
1880
1238
1287
994
864
2489
2326
2156
1835
1388
1899
1996
68
544
1837
1398
1575
1115
947
1068
2494
1044
1790
527
1808
194
542
1454
1037
2452
1137
65
1507
1917
162
2492
560
1700
656
701
1035
1170
765
1488
413
2039
2353
550
1811
1527
2293
476
462
2362
271
1007
1676
2134
1098
1355
658
2047
2020
989
1452
523
2169
1349
836
236
1468
996
648
1195
619
1884
373
299
427
1682
1089
30
359
873
751
1524
823
1492
191
150
2117
1161
792
1230
2285
1828
508
1103
54
2135
1580
1194
292
2278
1083
930
558
624
457
675
821
1631
638
1760
499
587
263
902
752
158
2455
740
743
1188
1138
2115
686
856
971
635
1408
261
671
1626
810
362
1201
1574
826
1869
876
1667
390
349
1018
2147
50
342
1366
386
875
1435
337
2086
817
332
1974
895
2157
777
1998
1723
1541
1427
690
782
1405
94
2060
1674
85
1777
2180
1087
2074
1781
950
2004
2329
720
1620
1832
1941
1715
1409
2402
1554
1334
201
700
599
1359
1997
1344
1425
315
573
142
1368
1959
2148
1116
1346
226
953
2302
152
553
1174
2121
1520
1123
2174
729
454
2382
1332
2368
1673
722
2137
1503
2277
2179
1200
1947
1675
421
2459
1141
699
1168
456
816
2032
698
445
1817
453
1577
1550
981
1306
1567
625
1019
1971
213
1061
1530
1688
1013
1787
2471
1015
392
2250
927
897
2133
946
1029
2371
1865
2044
1794
1429
1251
767
1385
1647
1461
1451
2056
2445
738
1852
748
1551
894
48
124
1297
1337
2310
1793
1615
1497
852
1950
1795
484
10
1735
12
1678
2245
1249
139
279
819
372
1695
2341
285
2123
1142
1763
2274
395
615
37
1046
1693
731
1040
166
1460
2024
341
2223
364
1003
2363
2181
518
176
1743
570
1172
1984
1572
498
81
576
2458
114
888
1514
257
1191
1948
297
525
1993
460
993
1699
2418
2490
1166
1255
250
1831
2126
719
1140
1357
877
2036
1590
75
786
2231
848
2436
230
1789
741
1905
137
827
1438
355
1215
330
249
1548
935
696
2364
581
1855
688
1462
450
148
2315
1960
1804
1339
1106
1455
571
596
2221
231
35
975
2043
2290
789
872
641
1792
2023
69
1243
1608
64
2389
1838
1933
160
1906
1114
45
2213
2193
1423
843
1268
277
1490
592
1910
601
1124
1578
1563
916
1904
883
745
199
2218
1913
2096
584
1634
419
890
2431
2305
2479
1755
343
1985
1885
2380
555
1803
2332
1392
531
8
972
1471
1594
1535
281
1457
504
1010
1833
2301
1853
1444
43
801
266
1739
488
515
223
1073
2211
1598
685
506
617
517
579
151
931
346
1260
1995
375
147
639
1026
2373
2257
1107
1768
1033
2026
1640
1316
711
70
167
2027
1585
2059
2186
2460
1697
955
661
286
519
15
2288
533
1973
1979
1784
2165
334
1844
2055
1340
2248
594
791
603
788
323
881
1177
1362
44
2440
1850
933
655
1426
1278
1403
1016
2281
1212
1218
631
122
1935
503
2037
2201
5
809
440
485
1565
677
838
1799
1476
179
2246
1283
2306
693
1399
842
133
2422
1968
1377
2483
1680
1635
1812
73
926
986
2335
1473
237
1369
650
2208
662
489
2470
1708
1681
800
2100
309
18
1305
781
387
381
629
154
2155
1879
1480
2286
1325
1244
2308
104
1043
2449
134
2297
2090
2152
2163
437
774
1282
1749
172
1573
879
712
1694
2227
1570
1744
548
376
2041
1718
2428
1836
1165
229
164
1331
1721
2204
2095
1762
1193
867
2386
112
305
28
2050
2438
511
2046
2089
1756
2143
2145
187
1528
1920
610
1729
2262
1846
970
96
1526
1109
1266
1724
545
1559
181
401
1641
1966
2370
2125
2322
1643
1487
1205
90
1439
358
352
796
1944
607
1713
1135
727
269
2340
1105
1320
1198
338
432
1752
1235
1199
2342
2444
1248
1446
779
1730
188
88
716
1825
2442
1356
2271
422
1671
205
20
1206
1874
495
1689
1683
2491
622
1733
1063
1800
969
1464
356
41
1085
1348
473
1651
2475
514
487
1257
6
1686
2416
851
97
3
2413
71
7
209
2319
1512
1929
214
653
