1684
2115
1976
498
83
834
913
489
1920
331
1734
1172
433
1724
1428
1957
1286
2465
298
907
1504
941
1005
1712
2452
1846
1719
914
2305
765
1032
2397
1908
1977
460
1981
2243
986
1960
2173
1578
1364
2219
176
1413
1830
1476
1858
666
85
2481
2193
1332
854
1627
1897
1857
185
1163
57
1869
1877
235
1670
751
2147
247
1729
1714
1720
590
152
570
112
929
2018
677
2225
1295
693
2285
2253
192
1176
839
1369
1622
592
92
1431
1281
1301
309
1159
1950
728
119
763
1219
258
20
1277
2019
675
527
1894
1478
1655
1546
1276
1389
2171
335
322
1090
1086
179
1453
2417
1768
739
2107
2181
1363
1645
1702
1701
1208
2246
33
1388
1343
205
2396
1947
2402
810
1217
737
1632
1507
712
164
139
887
1831
655
582
54
2379
1751
241
1657
2016
1626
2062
1597
1353
587
725
851
1498
70
1918
579
1401
1481
1250
2000
239
1602
2387
1236
138
1473
2172
191
990
1996
1887
864
208
526
1781
556
2326
1658
2470
1754
2276
1710
275
1183
1376
181
667
1591
266
1914
701
1609
686
2239
2236
1304
2488
194
873
166
1766
2299
416
1385
350
178
422
1293
1721
398
255
1733
1613
80
825
271
1757
153
1221
944
2493
2295
1669
1168
1538
847
1259
1867
1361
661
432
1244
126
544
303
1047
790
1400
1018
1959
1625
1098
2169
1707
1117
1299
424
190
767
1288
1093
1123
371
747
905
1840
2129
2263
1174
1331
262
1489
1429
1251
1505
1744
63
2355
2141
142
2011
1306
791
776
94
56
188
401
782
619
414
860
523
1589
2487
521
1523
79
1899
1340
1463
1314
1552
11
1693
658
1651
603
1526
819
1319
1611
518
308
1784
2106
2065
837
423
363
1357
2228
2144
1114
1075
691
1352
915
1230
980
2430
358
2114
535
265
2262
1919
2292
1668
347
438
1267
511
2380
1099
967
342
1329
2137
1516
1124
1289
272
528
878
1016
1451
325
2336
1111
1520
2078
223
1928
1421
1843
314
348
61
458
1058
1084
2247
2445
278
2108
2050
387
2460
1242
642
114
5
1787
195
109
640
1911
50
1550
695
168
1136
354
2118
1094
1264
900
330
2323
213
2117
597
899
1845
1258
2061
1752
753
1870
902
1955
809
1410
2421
402
689
1102
1785
784
441
2345
428
656
2269
2391
1457
404
724
1150
1106
533
673
229
2429
160
741
1821
1988
2455
2255
2411
1256
1177
2159
663
391
2180
1508
1770
517
242
785
1000
1049
394
226
1540
289
2394
1533
792
2234
90
1496
2030
961
68
243
857
2375
2432
1859
219
1767
1993
130
1423
1233
296
1771
1153
1823
173
99
1652
1531
2468
1705
542
304
974
539
2319
327
1805
1906
895
841
1071
254
743
1527
1274
718
1497
1942
184
1335
256
1644
1949
1211
2494
479
865
44
814
2121
1266
1743
313
2365
1036
909
1404
1500
2035
2335
2006
1122
1923
613
136
2366
844
568
746
604
186
2464
1989
2157
799
1808
122
1832
1502
2279
1582
1164
1637
1607
2151
1205
989
1004
609
2168
434
2047
2316
2294
892
47
2439
1063
2360
383
151
210
665
903
911
486
828
2155
816
2281
336
1844
1586
2444
1797
1459
364
1116
867
638
2342
877
52
1782
220
719
1238
924
1002
966
843
742
1270
1320
389
1118
385
2146
1688
457
2231
200
1414
650
538
630
1406
2241
2116
1203
1347
1207
249
1380
369
144
8
2064
982
770
2338
362
1769
1980
1157
2007
1938
505
431
2463
2332
1355
732
35
2358
1003
237
643
2209
1212
633
1562
72
2459
2324
1020
1826
9
1760
1126
1600
1879
1555
464
1452
1026
248
1316
2174
757
468
2390
1048
2156
1337
2296
664
397
1387
1987
1246
2215
2284
601
2406
1447
714
522
822
2224
1594
1860
426
1082
2207
1027
403
1779
312
2447
618
2071
1372
292
1196
882
463
1017
1745
1192
985
922
584
883
836
1424
1443
1776
598
158
2410
1470
1120
891
726
1666
251
2230
133
563
443
89
1101
932
2438
2388
1675
703
2329
591
918
1239
341
890
227
437
2427
2067
1804
285
1043
652
519
2400
1551
721
1522
1975
2122
931
636
1631
1564
1518
1880
1854
311
339
2386
524
674
648
1941
1237
333
1375
904
2051
1951
36
232
738
2352
1012
1166
1786
183
1434
310
10
45
2275
805
1180
1186
1811
780
1868
366
2317
659
1061
1862
326
1990
1560
605
1165
1916
796
768
2320
1587
1982
610
1336
1818
492
1654
1967
2377
1194
1215
2257
1265
2393
1477
357
453
632
1849
193
2264
552
2500
585
2041
1187
1408
2002
2473
1130
1638
950
2086
748
1537
602
2403
1716
1618
1342
1679
128
1013
1059
2075
2431
134
1344
541
281
374
660
2313
1371
2001
766
1132
1847
2301
1464
1198
821
879
1650
1708
2210
1933
1485
1458
2251
861
921
1391
545
641
2039
456
1825
1689
1529
268
1134
1493
1034
1053
252
1392
1245
1350
349
207
2222
32
1010
946
1917
26
2052
477
1064
1282
2229
937
550
1610
1812
720
124
2280
216
288
2384
2204
1066
898
1197
1291
1054
1663
202
880
1964
1021
1798
413
635
2097
396
1285
2491
1588
583
2367
529
1437
2034
2278
688
1521
1450
148
436
211
1891
1775
1007
1514
2009
1348
1321
1325
644
274
145
1384
2363
928
1872
1528
530
222
1
774
1718
2496
939
616
2
2328
2020
1547
1855
1944
2258
1418
1467
926
626
532
537
1541
1690
1235
395
1023
1711
2259
1326
1287
2186
1345
2308
1305
1735
343
1736
108
504
17
694
409
1730
1083
1788
182
245
2072
1271
1119
1924
1296
1127
1694
803
629
372
1824
77
2124
198
993
600
157
177
1222
1365
963
680
59
450
381
15
987
1792
149
2245
1482
2480
734
1216
1137
789
1621
487
586
1227
1290
2310
1475
1334
829
1810
2413
1585
2179
1886
471
1038
1096
827
668
943
155
717
147
1732
1599
2448
2081
1248
1640
482
771
1828
1386
670
2344
850
18
392
171
1040
1323
729
7
448
1678
1173
2003
2045
2036
2321
1461
117
1377
1974
2499
971
88
228
1479
580
1893
1992
1673
1647
2120
1549
224
2149
981
1909
1228
794
419
365
2131
34
1435
1080
676
101
102
1783
1312
995
1864
1885
2265
1934
1302
2478
503
1773
1465
1755
823
513
1556
875
815
2216
608
1455
999
2132
1109
2311
2237
2331
514
2178
1945
2339
2479
1200
352
170
896
1067
577
62
1469
67
2372
1399
1943
2029
1723
476
1110
1155
1506
480
1936
953
1495
722
1653
560
1474
1144
1925
1382
2084
2458
473
373
1865
1224
2049
1280
2056
2223
2059
2054
1778
1231
161
2190
1253
1970
2185
69
2027
2249
2282
1156
1648
380
964
889
1889
1397
356
1926
78
1900
1796
1193
858
1692
291
49
293
2472
282
2048
713
520
410
1842
2021
2148
2220
111
1629
1660
1726
2227
996
581
1028
1713
2322
231
596
100
2389
1921
1737
750
947
1764
1041
40
2044
359
572
1255
1015
735
2376
1152
952
1601
1973
2277
2152
1184
1519
1598
444
1765
1279
547
578
1349
2068
159
1491
1167
2441
755
238
131
58
81
846
1448
1462
888
795
1570
886
1182
1272
1580
1881
2134
2213
1029
2426
1426
2046
1892
2142
1841
716
2092
493
1572
1081
123
1912
705
2492
983
654
2274
1671
115
1204
212
2270
2260
543
1749
2024
624
1748
2135
218
1907
612
461
1223
1512
382
870
469
1202
1946
1046
1998
973
2315
427
1278
759
1633
1140
571
1161
639
2032
817
1368
1961
286
1074
2428
2423
1895
687
337
1902
573
1565
494
1780
1948
567
1606
2252
31
1069
682
2467
2154
445
351
1409
1603
621
855
994
273
1901
379
1089
1746
276
1509
2256
106
1567
23
1022
1763
2437
849
589
731
324
968
1646
1273
806
1642
154
2374
2218
1558
934
1699
2354
1503
1511
818
1395
2373
1439
496
60
2340
2318
925
338
1681
1595
1664
1837
2267
2163
2471
1440
2130
917
657
1927
1008
2196
1179
2303
2325
1039
1517
76
1060
1539
1966
1986
75
2370
204
1056
459
1393
16
2226
2483
1758
764
651
104
1583
1313
620
707
299
553
1257
481
1741
2346
1896
2462
113
531
594
2025
2167
169
2268
1686
881
1772
1294
2351
209
267
305
435
399
1709
1717
1866
2416
2096
1979
1884
1310
253
679
64
2343
1576
246
19
1307
1158
2419
906
940
2272
2440
87
1697
1874
1983
1499
355
959
2066
2238
361
1573
1025
1436
510
1269
2014
1630
1685
280
1999
1890
449
1619
2291
1001
564
702
1667
2191
1480
562
1373
30
1915
2103
2182
2385
1605
1483
1593
440
508
1488
1643
2206
1753
2176
96
2435
1809
1359
534
1346
2214
1575
1169
690
2133
831
876
2102
853
998
2094
2248
2199
1534
1112
2422
820
2424
55
1139
536
1490
2382
1965
1696
2112
2456
2069
323
475
1398
2392
1068
484
201
1330
919
1703
1077
1819
1704
1574
1984
2298
2433
863
2446
1243
340
221
2233
1035
462
781
2160
2498
259
1030
129
2083
872
2485
2356
1411
2347
696
512
711
1801
709
948
91
29
2033
2037
1006
561
558
1834
2212
1263
370
649
156
367
1241
1444
455
617
984
749
21
2289
2158
84
2261
2060
2008
1577
42
1317
1888
1715
1813
1535
1524
2005
2022
779
1700
2098
490
1240
2080
2461
1802
1958
1774
1680
2161
1441
37
2418
1930
2127
2063
2028
871
1940
1088
1249
1148
2250
706
25
1554
196
1794
969
1379
852
454
1939
74
1438
1530
1789
1057
2197
1739
2138
1674
488
1268
1260
2450
869
43
733
672
2111
1963
1104
761
1742
1557
1234
1044
1634
1033
1298
172
24
1795
897
1129
1218
1328
2195
960
1876
483
1929
866
1201
1097
548
1354
1011
762
1141
1492
162
936
1416
1544
1024
2101
1532
46
1339
1162
744
2043
2484
2082
318
1232
2401
2420
2449
2381
1402
645
2362
1351
1419
1142
647
2194
6
2349
1838
540
874
710
1882
1756
1617
1072
824
163
137
420
294
13
48
1803
772
1910
1147
1009
978
2307
1972
1417
2200
501
1220
2038
1656
1284
233
1160
1252
2177
1584
868
1247
2175
118
1727
2091
1322
1761
375
1362
1833
1806
71
103
1639
1747
2490
1105
1315
1318
916
167
2205
1863
1327
1189
260
976
297
1513
574
1433
723
2244
2350
549
859
2201
345
1460
1791
611
1807
107
546
199
497
1905
1190
637
1405
2408
2312
2286
2254
1543
1620
1292
98
1146
599
2357
2202
1191
1814
206
808
954
1628
2404
295
628
798
1472
2235
1381
334
1432
1085
2309
2088
1019
1725
1087
1822
393
956
1978
2042
1422
1199
559
1871
1566
2017
1750
234
1898
1065
353
2443
135
1590
788
1420
700
2109
407
2398
317
760
2330
2232
225
923
920
2184
1309
607
1151
775
2314
1962
41
22
2454
653
2070
901
988
1623
2208
1790
261
1903
1378
14
2405
945
1456
555
1762
2453
1820
1829
970
2153
1138
1904
1662
1969
1561
1454
2474
451
244
2287
1839
893
1143
1953
1676
671
507
1396
2026
566
306
495
938
1297
1445
1070
301
1777
1596
1706
329
1128
977
935
1037
1636
2412
1759
778
565
1135
470
2040
949
51
386
1073
300
214
1042
2266
516
2368
95
646
840
1624
2341
82
958
727
264
1103
662
2090
2087
1229
2364
121
606
962
2475
730
1209
2211
708
1206
2293
2425
1303
965
319
634
429
2334
1407
856
263
279
1817
2166
1835
1661
2031
2369
2150
1659
2348
1883
405
2409
1045
2198
2113
1731
1635
125
787
2187
813
2089
277
627
1612
2271
1014
2300
1366
575
400
2126
1403
1931
1536
1425
2013
1799
1836
110
1913
1225
1875
328
769
1078
1394
1615
411
478
615
1568
622
912
1446
2434
955
2145
845
378
1175
1254
2105
466
1665
588
1968
143
1427
2125
269
1108
430
2004
804
1553
86
848
105
1370
1338
412
2139
2306
2451
2110
408
942
2136
165
287
2085
692
1324
1559
554
1367
1672
1581
812
927
1614
1412
832
1604
174
1170
979
1442
1062
593
1851
499
116
1095
2104
1952
4
614
307
631
2079
1579
1592
2015
2240
699
756
1283
1494
2290
862
406
217
1333
376
1125
972
797
1471
1641
215
2497
991
1195
1815
1695
2217
230
2288
1358
525
1861
73
910
65
465
120
1100
1722
1816
2297
447
2057
502
835
1569
1728
1971
740
1683
2482
758
2414
2170
704
783
1415
283
786
346
127
1468
800
1430
2383
421
773
1390
2283
467
474
1649
623
793
838
203
1341
684
2023
1510
2123
2074
472
1076
390
1226
1052
557
2140
53
39
1050
2093
2076
2466
316
2100
777
1856
569
97
681
1031
189
1178
290
284
885
38
2486
1188
1181
2361
830
368
2327
1214
2399
332
2407
485
2495
377
1383
2095
1055
1092
1149
842
1848
2415
1878
2469
1995
1262
2457
2371
754
1486
1545
2099
1115
1991
236
807
446
2242
1873
698
1261
1922
1793
180
811
2378
752
140
2128
270
187
1698
551
442
1800
1827
1850
2119
801
1542
425
1374
715
576
2337
302
2333
491
745
1113
1932
150
28
2188
2477
2476
12
997
1548
257
2359
175
2053
884
930
685
240
975
1994
2077
1677
1091
1107
515
315
894
2055
1608
320
908
417
506
2192
992
1956
418
1210
1356
1571
1449
2273
1145
2162
2353
250
2442
933
683
415
1954
678
1154
1051
2012
93
141
833
1616
2302
697
1687
1525
595
1935
1275
1300
509
321
1740
1501
3
1213
2164
1515
2143
66
1311
802
957
1985
452
826
2165
2436
2489
2073
625
132
1133
736
1937
27
146
2183
1079
2395
951
1484
439
1691
2203
2304
1563
669
384
1466
1121
1738
1852
2189
1131
2058
1853
2221
1360
197
1487
2010
1682
1997
360
500
344
1185
388
1308
