2218
2422
2024
1953
1406
1581
703
1998
2474
853
2389
2487
1703
1664
122
1939
1146
751
2456
1567
620
121
7
996
2274
1434
2023
886
1980
1320
1382
1617
2406
1851
218
2325
901
2298
705
1269
2005
344
169
1067
941
1316
2203
758
1997
737
475
2331
1552
1750
663
1578
452
1719
792
1091
2439
744
165
980
624
2087
1103
852
558
1894
2338
790
678
2079
1682
991
2383
468
261
1183
1337
1651
794
1686
1820
2384
326
929
2182
1307
1004
1296
1836
2127
1812
1079
801
1979
1524
1613
1449
578
2115
1574
1028
1701
1518
1533
979
1556
951
876
864
1471
974
1956
422
2164
1519
216
60
423
2170
499
221
404
1461
1075
42
1111
368
1875
1899
2200
2365
1544
1881
424
994
482
1852
2208
362
899
1260
1663
1460
963
2327
2097
2085
426
2153
2025
1254
1194
913
173
2276
350
2132
1704
86
1290
2052
340
2199
2412
1104
79
2076
335
1708
1898
1678
1297
2330
300
129
1536
518
965
1896
527
1841
1056
1273
136
1156
2367
2073
1955
1270
2260
1655
1709
1425
2072
2268
745
382
1710
631
606
2093
904
1796
1795
1078
561
161
392
1220
836
2077
1314
2244
1435
1054
525
1430
2040
783
577
762
1374
266
137
2428
619
988
2490
1315
1364
1654
884
1041
984
1017
893
1760
303
1723
1744
2485
2451
1393
92
1492
1516
2128
1718
1477
1047
2355
2192
779
1901
2341
2080
370
587
1778
1447
695
1821
914
2193
1476
2145
1394
731
2030
766
117
1959
1262
2299
2359
970
999
1175
2315
1973
2404
1214
14
641
882
1984
2447
2150
290
2172
1793
387
418
885
2494
2060
1659
947
2139
2050
1722
1180
2301
1405
1986
296
2138
666
2141
604
523
52
1861
219
1548
1809
1439
384
1554
1052
491
2002
1591
1877
2288
983
2103
942
1263
1236
1402
2283
1639
1564
2146
1308
1160
1231
785
842
140
709
1379
492
844
115
181
1348
1505
1871
2220
684
242
125
1859
1672
1974
105
1801
1675
559
1203
585
1389
2045
675
1498
894
890
1399
1440
630
855
968
1631
701
2257
2204
131
1311
245
1788
677
938
1271
2065
725
2102
538
1233
574
1540
1090
871
2123
1232
2352
75
2184
2233
59
502
1520
1095
1869
114
2086
1452
2186
2161
127
932
1480
2319
729
1343
556
2320
2063
1001
238
2281
1210
1395
883
397
1173
1301
806
1858
2438
6
1972
2247
390
2144
158
1597
1490
203
1791
576
1069
480
1802
869
530
1833
1895
1050
749
2427
2360
110
1239
866
1181
1834
1122
179
1169
1560
889
2346
285
2214
544
1525
152
1727
1487
315
2332
10
2048
260
608
2318
1066
1543
233
139
854
2410
825
2158
2372
2249
1369
1191
679
1134
1941
1989
1458
2377
286
1838
2156
1786
440
1227
112
231
2238
77
318
1459
2068
995
668
1866
987
2415
2202
2273
1016
1502
162
2043
1241
2457
1417
487
488
601
1171
1515
1546
1216
1677
1371
1010
188
2452
2322
2049
33
70
2395
1072
1042
2357
2349
754
1845
2469
910
1909
1243
2472
73
1167
1611
1731
1093
1504
2100
311
205
2031
1737
2149
226
1363
1702
1048
1436
1403
905
2206
1729
2458
638
124
509
1853
1547
652
1569
2312
279
1347
1208
166
2293
224
1384
1324
2304
2401
506
1486
2306
1495
2178
714
1464
1107
797
2118
1102
343
1888
1212
1039
259
1353
1089
1918
2436
2058
687
1539
1044
1671
353
337
1975
1391
1249
333
1650
53
399
1412
334
197
1634
2431
504
465
879
2054
611
130
704
549
1094
1407
1847
255
1580
2373
976
349
596
1110
944
437
486
102
1372
2499
1055
1806
1653
603
5
342
2231
1905
667
288
1174
1965
283
1823
1375
2489
1256
693
2328
2463
2216
851
839
443
309
718
215
1117
2302
943
1453
1503
1130
402
726
1668
1756
1730
1454
484
58
514
812
948
1903
1209
1753
622
292
2105
632
82
2134
2353
1676
936
1162
2159
1143
1494
1386
685
1874
1009
2262
302
649
1590
798
406
2467
647
43
455
2009
2385
661
1835
2121
2350
782
1161
1947
857
1733
1687
2056
1885
722
1763
957
2051
39
3
789
1535
723
120
357
366
196
1698
2375
2476
1799
388
325
1917
1170
2046
2066
2173
1429
1218
1153
658
1291
978
2237
496
1310
1988
176
359
1026
312
565
1065
2000
1012
1720
1272
808
2028
1255
873
599
940
1234
1620
775
2305
450
1443
2001
539
815
1244
1930
85
2466
1649
1551
377
1380
1120
1193
818
2416
1465
1526
1691
89
707
770
27
1408
19
143
1043
483
204
126
1825
1949
1831
1623
2014
769
1661
2215
2034
1139
921
1277
1478
860
234
621
1940
144
189
516
623
360
2088
626
1951
1448
1199
1658
2062
1999
895
1354
1716
2179
636
1489
1954
395
1595
1957
1857
915
1985
262
2020
389
1878
1593
316
391
1303
2484
220
128
1456
628
1599
841
767
2038
900
1437
1914
373
1832
1724
2426
2125
2189
1421
1000
768
1751
1583
281
81
827
1365
637
1904
1140
244
170
1187
811
2210
1608
814
1411
1179
1334
1274
493
1706
185
1029
2434
385
694
2376
1830
1087
2003
2324
2183
1083
278
180
1582
352
2270
1514
1226
1418
365
444
1198
735
2122
1485
1420
270
2026
2059
44
2290
803
1923
887
1625
753
1854
229
2310
1292
2133
1657
2211
1401
2177
1887
1538
1943
1142
1922
1761
1455
2393
593
563
1621
960
2239
305
458
2229
1680
1245
2286
2289
2094
1935
436
341
2090
1446
764
1609
537
1070
1121
645
1419
356
142
655
568
2201
132
317
1937
415
715
1696
1064
1925
896
2258
2021
612
1646
97
670
1159
580
1014
986
462
613
150
862
708
1049
55
409
1644
2356
495
809
2221
446
1467
396
850
1656
153
1163
1124
990
1945
909
1891
177
453
665
1230
1074
1267
198
1086
2492
2417
354
1606
547
2480
178
1349
507
1025
610
54
1890
1638
101
386
786
602
72
2479
1182
579
1413
1968
820
1807
1155
653
84
157
2119
1950
2061
1705
1636
383
1757
2112
2468
2185
1005
380
2423
432
2016
1335
2335
1662
1207
2151
1958
1642
1553
640
2187
1936
28
116
2323
435
1427
371
2459
1195
61
40
1021
780
1919
2082
151
680
2171
1305
37
902
68
277
2147
821
64
299
171
1288
1619
2074
372
1850
1312
1344
660
472
329
1534
2013
1983
2101
236
345
1136
2429
1961
1176
1990
47
1327
1265
2261
184
1451
2366
1493
338
1995
416
398
1570
2464
1115
1400
449
1390
1426
2470
1259
2180
1046
2430
18
258
554
1679
100
1754
1166
2124
891
2334
228
1377
1238
1948
644
1728
582
686
1577
908
964
1589
1501
1368
1285
376
2035
2070
1759
1645
748
1602
1346
616
566
922
720
526
2130
1561
830
1450
1856
2316
1306
347
1586
2363
2212
378
222
2493
1779
17
2471
1474
1740
2308
681
954
1128
2228
2075
688
2391
1929
2174
1040
1839
1165
1781
2444
945
428
1063
297
2142
550
1135
2232
2433
1798
1084
1080
597
1770
1844
546
1361
420
1864
1829
1096
1616
1398
2036
9
308
1843
80
1370
1669
2236
2242
1229
2055
1219
2019
414
272
924
1499
2245
2371
2497
1530
1018
1329
657
512
1071
1942
31
441
734
1332
1441
2419
1993
417
431
2022
2106
1099
1814
1811
1129
2326
1148
379
2135
1469
1528
2241
2
713
1033
952
107
2039
1088
2196
90
1294
1545
1615
182
199
1309
513
195
2351
1034
1612
2175
34
1126
1910
1527
2442
1298
2018
1248
1572
1660
2190
2378
2267
2314
1257
2465
2277
756
434
1482
457
1317
981
598
1224
510
742
1886
35
2460
569
1062
2358
200
730
2402
1150
635
327
570
1123
2411
1693
1794
1964
1635
469
174
846
164
253
717
776
2477
739
2368
25
1785
494
1100
2154
931
1479
212
1789
190
835
254
118
1790
1976
183
410
1927
147
1388
2223
519
202
1605
1797
560
813
634
214
1192
273
849
699
2251
1924
477
973
524
263
304
1157
1674
287
614
2108
1782
1302
2227
1868
106
2317
823
160
1184
2225
250
888
591
2454
186
412
2176
1690
868
381
393
1321
1900
248
295
1550
1601
1921
2120
875
247
858
1152
1097
919
49
2116
463
548
1865
1325
656
314
1926
562
752
2143
232
1826
1684
1201
2162
1585
1893
1268
757
861
662
1313
1496
1235
1571
154
1108
907
1396
1338
728
2081
1473
1119
1416
2425
168
1592
1648
517
407
1007
1168
2446
759
2488
2027
1695
1944
946
1295
2092
1598
419
1991
2295
1497
659
2234
22
8
2166
2098
928
1748
2213
355
1237
1916
1892
627
1618
589
2292
1792
609
2222
2015
1765
1113
367
1915
321
1992
2333
1151
2420
1359
241
87
104
192
2311
2188
564
692
1422
336
2369
1787
689
1352
1736
1594
1483
581
2408
1815
607
1205
454
405
193
724
298
1810
1732
2449
1488
2240
425
438
1481
822
807
30
2354
249
2107
83
310
1053
810
837
2445
2126
831
1144
2181
2263
1092
1351
1133
211
1424
541
833
67
874
1118
489
2155
2083
930
746
840
702
1339
146
1673
799
123
2329
740
1610
1189
2381
1745
1132
2053
1967
1913
1283
912
1521
540
743
1522
1627
2219
62
1149
1513
1912
1542
1681
1366
1345
445
989
2435
1946
230
223
1579
711
1715
1837
939
618
394
575
2140
2259
451
2297
1051
920
1141
268
2387
141
1640
69
361
1652
421
1911
838
710
13
511
172
1240
1510
1286
471
2339
1098
1774
1036
2496
1742
778
1125
50
433
2388
1725
1855
669
2448
2148
543
213
1873
109
959
1061
1015
2486
1647
108
805
2096
78
716
187
2361
1755
1468
1523
962
2418
2379
881
2254
828
1484
217
252
1252
1323
1275
12
682
163
322
1196
46
1928
208
1907
2037
2217
403
2265
2064
21
2191
1713
149
2450
557
1204
1862
280
99
1432
1247
307
1037
1373
1643
2071
1628
1330
1879
545
1112
629
1328
1889
923
1177
691
993
2405
771
1500
1057
1767
1253
1013
503
225
289
1994
572
1603
2491
1020
535
829
515
1138
791
819
1555
2413
1137
1147
48
1362
346
2500
1784
1213
1326
567
239
529
2198
1692
476
1376
1423
925
1289
2067
1185
2160
1409
1027
2246
2163
1752
765
674
712
2205
1775
1206
1805
1717
1872
2407
2285
71
1641
1977
793
1202
2194
56
1
1559
552
1607
1022
1081
1575
319
1116
1860
29
284
2483
673
447
2340
1529
1771
331
982
664
706
1563
1154
971
1846
796
625
615
2084
2390
1221
74
1938
1596
2394
1261
1279
20
265
497
2313
1367
859
358
76
863
918
269
1333
2409
351
1509
2414
826
2278
532
251
1880
1746
1828
2461
1414
2266
2347
1780
1714
804
133
2309
1442
2337
1264
520
2152
1819
1355
1215
1614
508
156
442
408
498
927
787
328
36
1800
2291
206
467
301
848
2382
2252
795
1506
998
23
1883
847
1105
916
1507
1962
2195
474
955
950
832
1987
935
741
2008
65
1300
1963
1276
2168
2113
375
676
282
926
96
1228
2462
1428
2209
696
210
2397
1178
1558
816
648
800
2345
2400
1804
2069
1383
2057
1433
1225
1884
933
1870
732
1085
1445
505
600
1566
1827
66
588
2165
2432
521
1600
94
553
2006
291
2287
257
573
1336
330
1824
975
1842
134
2275
1186
2392
1697
755
892
113
2157
38
2475
306
1541
2269
1517
1258
490
2033
2017
1822
448
985
1876
750
1342
103
727
671
1667
834
1006
1109
194
531
155
63
2129
2362
700
2109
1127
1319
1378
1694
1996
911
870
824
1908
605
917
1981
817
1223
1952
2284
400
1783
2041
1287
1776
2226
430
460
138
1190
1766
332
1463
650
1350
1385
1304
643
1008
1685
1666
1867
2111
240
1707
1773
111
774
2443
2137
2235
167
1278
466
145
2282
2481
119
485
1512
1721
1032
1562
2264
95
1632
2104
898
1250
533
845
323
243
1897
1749
542
1630
802
1011
88
348
584
1711
2224
2279
1158
1816
275
363
719
2114
1633
747
1438
24
937
683
191
1840
1019
1246
2455
2441
2348
1700
1431
1340
1197
500
2169
880
320
429
339
1531
1747
2303
2007
2167
966
1743
654
1565
148
867
571
2453
2110
2478
41
738
1360
1978
324
2364
267
586
1397
1712
2136
411
595
958
2321
1322
1573
1281
478
698
1584
256
1284
897
1738
781
690
1969
464
534
135
2396
1689
967
2440
2280
642
1331
1188
2437
639
456
1511
977
536
209
2482
555
972
271
1849
246
369
1508
1131
583
865
1404
1222
1030
2012
1808
592
872
2207
2370
1741
461
956
1629
2248
1699
470
201
1381
878
2010
1920
1211
877
1101
1818
934
51
2253
1588
1164
2197
1882
1549
969
2032
2344
594
1683
949
784
736
2117
2250
481
1444
1114
721
2374
4
992
1280
1293
274
264
479
1068
2131
2399
15
1410
2386
2004
1045
961
1076
93
1058
953
293
459
1082
2230
2403
1266
1960
1462
777
1282
1491
1318
1023
1470
1557
997
91
1060
2011
501
2271
294
1217
57
1059
473
1622
522
159
733
1970
856
16
1762
32
1734
903
1637
313
651
1415
1966
2307
1932
1172
237
1906
1145
646
2421
227
1457
413
2042
45
551
2398
1764
1251
788
1848
175
1982
276
1665
1358
633
1769
1024
1035
906
1106
207
2243
1466
1537
1735
2380
2300
1299
2078
1341
2294
2256
617
763
2095
1777
1031
697
2336
2044
1475
773
401
1758
1587
1472
98
1624
1739
2089
590
1768
1688
843
1356
1038
760
1077
1817
427
772
2029
364
528
26
1200
2047
1670
1576
235
2296
1568
2255
2342
761
2272
2498
439
1726
1357
1073
1604
1392
1931
1242
2424
672
1902
1532
1863
2495
374
1933
2099
1934
11
1003
1387
1803
2091
1772
1626
1971
1813
1002
2473
