109
2290
367
819
1661
1913
2402
2088
2469
1711
1385
834
1574
2487
523
583
1974
4
1993
107
479
1101
2356
1764
644
2126
421
595
2363
2209
1851
181
1972
1861
2215
779
1016
1996
1306
1066
1911
1170
1884
136
592
187
1242
2294
1589
192
713
2191
179
240
1508
799
805
1380
1673
327
1877
912
2028
634
843
225
2050
24
338
802
1275
1381
2413
2162
2291
1041
1414
1223
793
1722
319
2054
1270
2450
155
512
209
1531
2368
1192
1777
998
745
767
1231
702
286
71
134
1541
1866
2242
2389
1639
541
1282
1312
1785
1688
320
997
1979
1849
1583
2015
2494
1151
303
491
1043
1464
371
2347
1507
246
582
773
2239
2155
1237
2125
1482
276
1547
1844
2196
695
1948
2198
1351
2300
934
1491
1594
924
2158
762
388
1056
178
906
719
35
106
562
999
1973
1448
433
1895
1670
1959
20
2475
1386
2483
1660
851
1929
1408
824
970
1085
207
93
831
2113
551
722
1944
715
1246
1643
1753
1985
652
2163
1685
1848
2058
1440
87
895
1687
2349
2
1104
1689
992
1165
1443
682
1831
1010
1089
836
1135
290
1325
955
194
2328
1150
1221
1928
665
2258
2438
557
1732
2036
2409
250
1640
469
2436
1548
1338
1502
985
84
2354
114
699
2171
351
1387
1860
957
2247
1303
2112
1147
2303
1534
1389
941
700
1278
1202
1650
1965
2306
2083
142
679
1421
1504
1456
940
1215
265
2032
830
474
140
531
76
1742
1458
1577
1503
866
2223
2115
101
1784
2046
1839
271
1598
26
221
94
450
120
869
2260
1134
25
1189
635
1569
1909
1580
878
948
391
1424
724
758
2331
1891
1697
2468
1490
2433
68
1958
2192
1792
1321
235
576
1207
23
292
806
1902
2361
1120
1579
1328
533
1862
97
2145
2282
492
980
2250
545
167
1177
1506
14
986
1990
626
1031
1176
1473
2473
2045
224
2034
917
798
838
298
738
348
191
1726
614
887
2479
894
467
1920
1625
2062
632
712
92
1042
2174
1532
317
69
1538
539
2108
1318
1065
1191
1156
285
1676
1180
1467
216
1955
1751
1847
507
873
1294
150
1390
2345
329
503
1055
2105
890
1124
64
2263
1787
2059
918
278
18
2316
593
1239
2093
537
281
815
1986
1336
1707
504
182
1427
813
2066
814
825
1666
1406
1209
1677
2493
1614
2255
1519
365
2333
1201
860
2074
2168
1829
1758
2404
848
1592
1893
409
1713
2488
581
2410
2440
760
743
1243
41
737
226
440
1977
1483
2401
1916
15
291
1290
2180
1876
1557
1142
1537
1418
797
2161
658
2397
1730
1680
650
376
339
1950
904
326
1245
845
2156
916
483
2246
1570
1358
974
540
256
1345
2119
416
335
1468
2134
55
1397
1772
1337
1703
791
1342
570
591
1937
2470
910
1462
2359
1852
484
2264
100
2390
801
1723
1760
193
1694
1969
1137
2110
1946
943
161
2238
318
1182
2254
1353
2228
1790
511
777
1728
2092
1622
1186
896
32
5
2124
1962
375
104
1329
2278
627
1709
1939
2253
1967
1917
509
2231
1808
667
111
1659
1116
117
28
1975
696
638
1623
299
809
1859
355
1211
398
2157
1435
1023
1190
1951
837
766
883
36
1604
710
1160
2462
1637
2019
1888
1072
853
2017
655
171
1454
38
671
1106
1122
1018
1450
621
486
1048
625
2482
60
668
2245
56
2137
1827
1356
1932
514
1825
1956
1094
1736
211
1918
741
684
2010
1105
496
215
459
300
1003
1704
1323
749
473
1793
1149
542
1047
1049
1140
812
1535
705
863
397
1384
1368
1284
937
1152
1773
2071
775
1234
599
2005
354
1330
1125
2265
2366
2481
2170
1274
1912
1746
2026
2419
1271
1115
1601
262
1362
1392
1710
751
2148
681
1901
232
52
1771
1552
2073
1675
586
1719
642
188
908
1855
284
1833
1258
833
818
1289
362
2472
891
1496
1663
543
517
2477
1683
1051
661
2199
573
2497
1823
850
1997
842
2065
1326
1593
1315
2309
2111
672
785
130
1828
656
430
2315
1669
942
1256
828
1674
239
2272
2049
2418
139
1011
2164
147
701
654
2445
1493
2423
2149
1096
707
606
1060
516
1821
1079
1980
2270
782
210
1411
118
694
487
59
967
2023
1774
260
1842
535
787
565
1185
1510
1376
588
156
1682
1277
1320
2474
1942
1971
1864
1268
1907
72
2179
1906
349
2353
988
1930
2130
2020
1092
1212
2302
544
1404
1721
784
449
352
1641
2458
1273
2464
1382
2052
169
341
861
1563
2004
1656
628
1970
532
865
461
1377
2299
575
763
1525
2434
746
2308
841
1981
832
387
500
81
765
1766
1129
1394
1126
1783
75
1292
2177
954
1174
1121
1715
451
1477
330
538
994
2153
2326
2365
1052
1603
1571
855
1544
1573
1110
1050
2203
645
2400
122
687
932
490
222
868
597
275
1780
1655
2325
201
1856
70
648
611
2425
2070
1964
530
453
1453
810
761
1961
325
989
960
677
547
1801
589
829
1410
482
1472
2172
610
1034
744
2350
282
1832
1379
1441
594
1489
1444
501
596
2267
2109
294
990
554
1401
1840
1567
935
2266
1399
2029
257
1466
1499
678
2064
2249
334
1681
796
513
1166
1524
2437
1526
1485
105
1714
238
880
119
2188
304
2044
612
1238
217
396
1267
783
2355
1206
657
2337
1428
2311
1216
854
1629
2091
2167
1843
618
1804
2261
1100
1187
1845
392
1403
2378
2269
1071
1417
1819
688
110
846
2043
1413
1232
1102
1735
1610
437
579
1634
2014
442
2362
952
146
1159
1628
2212
141
2374
138
1938
1602
1008
1748
1621
1119
2079
200
1554
1813
1731
922
19
214
2085
729
1587
1266
1438
629
1036
1167
1963
1400
356
549
1999
1487
270
615
1716
331
2218
1786
2317
1522
2024
2041
2031
446
1638
229
1469
2279
1811
956
1046
2392
1841
1442
602
2053
305
342
1445
2084
822
2060
273
1449
121
83
1222
1224
1470
811
1509
1437
1430
1568
418
2080
309
2090
630
653
1762
920
2323
2213
1162
1132
1809
404
62
2358
332
1451
2287
1407
165
1378
2256
1521
149
2207
1188
1501
2431
7
1426
1915
923
168
358
2424
2379
1001
1038
373
1025
212
1
649
389
1695
1806
1854
666
2364
1782
91
1702
977
1747
900
324
1283
403
1846
2408
927
756
1807
2420
1486
1652
1516
2120
693
1545
945
1880
2417
357
1684
1992
603
1073
2457
287
1649
1837
800
515
158
2452
2388
2284
2025
2061
199
1009
166
1087
1024
995
128
2195
929
1316
620
295
390
1759
1708
481
133
1461
966
1136
2016
427
2500
1090
377
1699
78
2373
1302
2466
1157
2221
740
408
1070
1479
2463
1183
1235
2428
1084
1853
1343
527
519
2480
1616
909
379
577
464
2324
1241
1369
1059
274
1075
126
1123
2123
173
1741
452
1226
1940
1523
1802
752
915
441
857
1349
534
478
360
468
1497
585
1371
241
1672
1729
2460
405
2403
1797
1161
979
835
1308
560
1630
333
1632
1646
2233
723
1148
1040
1989
2138
1091
1253
1527
1665
1373
2194
444
919
872
1172
1203
2304
2334
233
463
1141
847
2439
1705
926
520
2193
1998
1240
22
426
2283
1074
2178
2465
1693
2360
852
508
1978
2274
1836
1872
1103
2219
1664
1795
499
2371
1478
219
1690
870
1348
1314
2076
1181
1867
266
328
1581
1612
1415
1869
2346
1744
795
2143
218
2348
674
1029
2313
424
2268
882
2009
1019
1595
2094
2102
1078
415
402
1439
436
1452
1163
112
344
2492
247
1934
268
1013
2375
1184
2000
1894
1310
2022
1194
2204
613
2154
175
2175
1252
2318
727
151
1391
759
251
808
1812
2305
47
1317
2459
1706
308
1288
1653
1712
987
1896
382
820
220
2150
1476
950
2451
77
1936
772
2340
1572
302
1000
1022
1063
901
1966
63
2411
370
429
2380
975
472
1800
877
21
1645
2189
1897
1817
600
16
1720
856
29
1347
973
98
137
1559
1130
2078
2338
2030
54
675
263
2082
116
471
1763
1803
1983
2099
2144
981
1834
1095
1789
578
1931
1667
2448
1539
1555
353
447
2369
907
750
310
1026
913
2063
438
33
1305
1957
177
1088
1881
2187
1259
1033
465
584
525
993
2039
1287
2336
176
1213
1280
1826
488
1750
1113
154
174
2107
2499
1752
731
1830
412
1422
510
2394
550
733
89
1017
1883
1814
1301
1600
1631
604
1281
1898
374
839
1597
345
2319
1494
368
1434
1953
1265
163
394
2236
914
826
2407
30
1562
2385
1077
1327
1372
1229
1585
2296
1367
186
2007
1276
2077
526
2190
1882
1635
518
321
1030
346
1613
361
2412
428
131
529
563
734
1480
2202
2002
1919
162
862
1463
148
2467
1117
623
1511
1032
145
2490
1642
754
2075
456
1892
2339
663
2128
2430
466
2140
1857
1878
1481
1743
2210
1021
383
1340
1615
73
2307
720
2396
185
1474
359
2165
753
1776
982
978
1446
2310
1425
1692
1671
1717
1460
2277
1791
921
1662
1914
1145
489
2068
2429
1465
1097
1359
237
102
228
730
2230
1679
2211
651
1529
1565
807
1820
307
780
65
1360
1620
502
323
521
1903
2183
1398
574
2386
1500
2139
2415
1584
2330
1164
1520
827
1875
2205
264
1624
1935
202
1436
1755
2248
1850
951
1805
958
2152
1255
1495
2251
548
718
267
2295
1960
337
95
48
413
1505
306
2496
2234
1947
1698
1686
2133
1254
2289
2384
2146
1020
742
1039
1515
497
892
1285
569
113
1905
897
944
1263
768
2069
698
647
1037
1375
2329
1927
1816
124
1871
132
279
1004
58
1617
1307
2182
536
2449
1045
231
1364
781
380
2288
1550
2252
708
2275
1648
1153
936
254
2012
288
411
1654
2393
637
2485
886
495
477
953
423
259
277
1553
2224
236
2047
1608
1943
1107
245
590
159
1765
454
1108
662
1062
2081
249
716
435
561
2227
580
470
1214
1599
1769
2129
1279
2491
2405
190
196
1346
2033
1778
1354
2241
39
2067
1591
971
1082
6
844
2489
386
296
480
1210
108
494
925
2312
2443
223
1236
2104
1355
2122
439
8
2101
2293
143
1737
786
905
243
144
172
1208
961
197
1941
1923
493
889
2132
881
969
1885
778
704
1339
475
2343
879
253
764
400
90
1788
1798
2100
448
823
2344
717
1921
315
1293
272
1899
1395
42
414
794
183
1810
991
1099
636
911
1868
2184
1596
53
928
1873
676
1633
770
1007
67
1114
1749
930
1155
984
2441
963
619
248
1991
2399
2298
2240
1609
2456
206
568
1295
1332
2370
939
697
86
1433
2471
788
1296
1344
258
322
849
1733
1244
195
79
875
1357
2217
125
385
2176
1251
1984
366
673
2276
2342
1566
1727
1484
2173
43
1365
336
1012
1618
968
2121
605
1926
2426
2377
2027
2135
1576
1517
198
381
205
443
27
2442
476
2048
1528
1607
422
2051
680
641
792
45
1933
2376
965
1227
2096
711
2332
2087
1076
1718
885
1058
771
458
1028
558
1098
902
2216
1419
2114
1431
1498
1543
399
289
2455
1086
1219
2037
1976
888
1904
874
1492
1838
947
2159
1083
2495
2106
736
88
1093
347
1230
2321
2151
395
2422
204
1350
2257
769
153
2286
12
1756
1311
2383
2271
1870
821
2208
1002
1111
2444
170
1627
1988
445
1262
1578
1409
425
690
1668
269
1081
1606
1835
61
976
726
1734
2072
49
2098
1133
2421
1044
1173
1335
608
2454
899
34
180
420
757
949
2416
1014
1363
2327
669
505
189
311
1171
622
203
790
1582
1257
184
2222
2357
1061
1724
419
1513
643
213
903
1233
1247
1298
1198
1286
1779
2237
931
2351
1225
609
2225
82
1879
1057
1412
721
816
1064
2206
598
556
2042
867
660
552
1322
728
1754
1987
460
1432
3
85
858
1228
2086
2414
817
1250
616
1824
972
1178
774
1858
1168
1118
96
1352
46
1067
572
840
1865
1131
406
607
2372
2367
2097
2244
1922
1542
10
1658
1402
1925
1799
2013
2273
1636
964
1396
946
567
1361
1175
50
2447
1138
1154
1304
1564
227
1423
1696
2006
314
1952
1248
1560
2181
1069
2197
2262
1313
1647
1383
255
664
1146
434
2185
996
1590
2117
2147
1745
1027
1561
686
369
1822
1644
123
417
2478
546
1139
1657
1261
164
157
2427
127
17
1701
2381
2021
2498
755
1530
2382
2301
559
1994
1006
748
1815
393
2281
1551
747
1945
689
1080
350
1908
1924
2011
691
1264
1540
524
506
692
80
1514
1217
1195
152
898
51
1370
1558
1068
2057
2229
1910
1205
2341
1886
160
1300
135
283
983
1536
129
1546
2116
2118
732
1889
9
372
364
1200
1447
1796
1949
706
1249
1015
803
2406
933
230
1179
2226
2131
2186
2259
1196
1900
1457
244
1995
293
1890
864
571
1109
2398
378
709
2335
1767
1127
1366
1887
859
2285
37
1605
624
2141
208
2486
959
1035
1954
1549
555
2008
1388
884
1128
1416
66
631
2395
74
1488
1586
410
1626
280
103
1874
1319
1512
384
340
301
1324
1818
363
1738
1678
316
31
522
553
1144
99
739
587
1588
1475
2391
685
566
431
1968
1459
2160
2435
1651
1533
1455
1757
1193
2461
498
432
401
1054
1143
2003
2446
57
1393
962
13
2169
1169
1199
725
646
11
1768
2352
1297
1220
1471
312
1725
2040
297
633
2200
703
462
2432
640
1611
1333
1619
2322
44
2297
1405
455
1556
1700
1429
242
234
2484
789
776
1334
1291
670
2166
457
2103
2001
2453
252
1299
2476
714
2136
2056
2035
1331
1770
938
617
1272
2320
2243
2038
1053
1518
804
1781
1197
407
876
2292
1112
261
40
2018
1218
1739
2127
1005
1691
1740
1863
735
1982
2314
1775
564
893
871
485
1761
1204
1374
1420
2387
2055
1341
2232
1309
2235
683
2214
2220
1575
2142
639
2089
2201
1794
528
659
1158
2095
115
1260
601
2280
313
1269
