791
687
957
958
1355
2176
1368
1087
2187
1986
1026
1195
1654
538
2123
1579
175
907
756
2389
2314
91
2310
306
1787
228
1056
590
739
2344
1811
737
2413
1605
303
776
798
990
2235
401
2088
1763
1277
966
2139
2320
101
1369
2215
2122
1249
1546
2261
1594
978
781
568
1577
1970
305
52
2233
1616
546
515
1086
1298
1043
592
1393
199
979
2058
2427
166
22
2383
357
1305
1487
296
1825
1950
1177
1364
1366
1100
2292
1917
367
354
2102
1784
66
1572
1293
444
620
414
873
1108
2324
114
1014
1250
2408
190
1806
40
1331
1253
53
855
1015
1591
1399
76
505
494
1645
1844
2456
1072
1222
124
1085
2210
2071
1244
1372
1590
198
1508
1840
938
1874
666
675
2041
89
2435
840
1020
1562
994
1619
1624
1392
789
2142
2369
1925
37
1237
310
1776
1845
1879
683
1001
865
368
1046
1509
1362
1421
706
1040
554
2070
915
1725
977
1634
151
1301
2001
1480
2064
370
1047
455
680
1123
1456
899
1759
1550
1468
1497
761
1482
1758
252
1066
254
1463
846
402
1540
1327
1371
2027
738
1875
1788
836
2002
488
2378
133
1401
1349
2308
1571
2299
672
1501
1780
418
2490
200
668
765
93
226
329
74
128
558
778
1089
555
1530
83
2264
2052
1278
227
667
601
980
1942
1031
923
611
1481
1306
1443
394
2042
500
2150
1937
970
2120
529
565
596
2414
238
1379
1338
1214
446
964
805
1991
1491
2026
229
2476
1850
2351
1395
782
1657
245
1892
1667
2146
1687
1893
219
1737
1384
240
140
2208
1987
2173
179
1008
1442
1680
1251
2362
828
649
1075
1235
90
1459
1232
2011
1910
2094
1097
2079
214
2101
2370
1734
311
693
58
1093
854
999
1876
1855
1070
703
475
493
1460
1269
1219
118
888
2283
587
837
2464
1930
1510
2303
1968
169
559
141
835
1094
2087
117
1833
608
1575
1167
2171
1868
513
1926
1954
1727
2234
1834
2426
677
445
660
144
1585
1588
1391
1485
2007
1326
1939
690
1517
1898
962
95
259
744
2250
1603
1583
1318
729
2099
1911
1864
951
1383
1664
2138
561
497
1376
390
1309
1534
1962
869
1731
430
161
762
906
1653
1612
400
465
2021
2212
1789
1192
264
2152
1484
1354
545
2391
364
2337
922
279
1189
919
2495
2032
33
1782
1609
1884
2051
1171
1919
916
1051
2014
1993
1706
1617
2188
250
2194
1945
2477
928
1716
1347
2239
2359
1696
2393
967
2322
2481
2107
2394
2500
512
2085
1142
2185
1953
45
1904
1220
336
480
2164
631
1631
1037
1754
14
376
410
2313
1958
2258
1746
207
651
1994
466
1567
309
775
1974
1839
2462
2423
1648
1918
2260
210
790
1513
2044
1202
1505
2184
2246
1096
656
1291
1144
748
940
1188
2271
808
1412
184
16
4
421
722
1768
1295
2382
1665
884
2126
1669
1944
1606
1703
1885
932
1923
548
1262
1976
1280
174
2127
125
1382
2338
377
1724
1570
355
64
1207
844
2330
1081
1761
1196
1290
1677
2112
1863
1317
1017
366
2151
1128
2354
2035
276
2287
1660
1801
1005
1175
77
832
409
1866
1826
1080
73
313
78
1615
861
995
1217
1488
2034
63
1151
1932
416
1984
48
1979
918
1980
189
1458
56
2065
178
2158
1909
2317
42
1422
812
50
1915
181
41
1225
1554
1576
307
1946
1381
1639
1133
2422
1933
2402
2327
9
1025
1061
731
236
801
1055
2290
411
535
1180
365
612
586
1739
619
297
1351
1365
1257
2298
908
616
1871
2491
1216
1642
2037
282
448
942
2220
1328
349
312
525
1169
375
1924
57
2412
771
2482
644
1511
71
2373
783
793
258
2256
1095
2183
162
1960
1644
1474
1122
628
392
1996
2315
2306
1678
1623
1841
691
625
148
393
2280
933
2109
1971
2343
1013
1359
43
1853
2318
1073
1248
598
2238
2240
1596
961
35
358
824
450
69
549
1618
1181
981
1691
2098
950
811
1700
1018
1774
605
2020
2244
1779
856
34
1113
1241
1377
2486
1182
2204
1201
787
1112
2003
2489
1818
1360
774
185
2199
882
770
1208
1728
1106
10
1858
326
1928
138
841
1187
2297
1819
1152
1537
547
2251
2
257
1259
1586
1469
1153
139
451
1325
360
1626
613
2348
99
2115
362
1212
575
900
1882
1346
1981
2178
2198
1835
1375
717
1118
1949
511
1436
102
1854
1651
1319
2130
30
745
361
1398
468
501
1117
588
585
1446
2028
2276
955
2411
266
725
1977
457
1103
1057
1719
556
167
974
1082
1931
2205
848
883
1
1902
541
1494
2387
172
1815
763
2092
539
885
897
1449
5
2167
2496
344
960
2460
1726
1356
796
496
108
1817
1742
1887
1790
331
1245
2259
1059
1705
2291
523
338
1125
502
1341
829
1799
1479
618
293
1455
1450
2036
1370
747
492
733
1173
115
1227
876
516
412
441
1310
2279
1832
423
1129
1777
1242
433
2227
1333
1589
2113
327
2211
275
1656
2307
2090
134
415
2401
1146
2103
849
1161
1476
591
289
1477
2023
2196
640
1512
291
1662
1063
13
2262
295
2180
572
1870
2237
1709
1907
1794
926
2093
2170
1896
1041
1420
1231
2267
894
1557
521
1744
2030
2203
1559
278
2341
1963
1722
838
617
652
19
88
1200
1629
2284
2179
1587
992
1851
2060
204
2277
542
1717
698
1748
1141
777
1671
2375
809
1908
224
891
642
1285
1542
584
2440
2125
1062
2225
2216
1652
1052
183
716
1433
2358
323
318
1203
1569
2388
1869
1470
1914
901
1197
2074
55
1566
130
2434
1330
290
1831
1143
67
1120
822
1190
1028
1646
1475
316
945
126
335
867
136
1555
925
2409
332
889
1848
1988
2332
1704
1515
2056
2293
2072
1453
1050
2236
2228
75
82
462
150
1324
820
1428
1076
734
1708
1417
1339
947
1350
2400
352
1846
2485
79
1522
2043
403
754
1374
1936
2294
912
1335
2206
531
2097
486
490
965
2451
1111
902
221
2446
2498
283
985
1860
1109
2145
1516
192
983
1983
343
232
2346
380
1702
742
1321
982
766
1397
2161
208
1445
1964
1263
1466
499
2182
1300
1452
892
1852
755
571
676
2149
2270
177
425
481
1027
821
2116
2068
107
1861
581
1054
1786
794
2437
1078
2429
1899
929
893
1006
2459
1769
1720
1451
2487
1502
1718
2452
2463
1934
1471
870
721
1775
1185
1912
2166
557
2488
1316
1781
935
1016
36
2050
1294
231
422
1074
251
2309
280
2494
246
1723
1174
941
1004
1800
31
827
1593
536
1539
530
1873
1114
397
1689
2329
1713
2441
1607
2265
1002
1243
1389
1461
1215
1431
1681
895
345
1943
597
65
1378
1526
606
1658
2031
2189
1760
1036
341
2009
743
2024
1897
1204
2195
2274
270
1009
495
1271
1692
632
1411
2448
212
2063
857
1238
2419
1809
711
2214
2272
569
2147
1058
146
242
301
1311
2016
1683
1773
1415
2469
825
626
522
1661
943
2172
792
1636
472
413
1538
1740
1279
452
593
688
2200
1849
248
2224
2193
1390
12
968
2377
356
524
7
249
2008
576
1348
1767
243
1628
817
399
81
622
330
1543
241
1183
1312
1191
286
1544
726
991
398
435
44
1698
1674
299
1273
384
1556
469
551
872
1531
752
2201
646
759
1843
503
2010
2438
2192
1045
2347
519
1042
2257
1053
1948
921
1140
267
1997
1951
537
51
1194
543
1995
2091
2141
1627
247
1772
109
708
374
624
2019
417
1435
103
604
2082
614
1170
1104
1601
659
2420
637
504
2470
2335
2466
437
1730
1084
2059
206
1166
2048
1565
1211
700
285
634
589
807
317
372
2186
439
1276
1558
351
1553
1901
1498
2450
886
1363
2221
1323
1148
2047
149
2436
2232
1685
1320
1186
946
2131
1150
2209
353
1264
728
724
2083
510
180
260
997
1424
629
1611
1380
1000
337
567
1503
1296
689
1836
60
1206
1426
20
1010
269
952
333
1236
1581
1145
863
1272
830
2336
1032
1486
2124
1842
2453
814
839
1891
879
560
1814
1813
106
2175
1778
1675
1137
424
1352
46
2273
456
2499
712
120
2428
2078
235
15
702
2132
684
735
1178
156
132
878
1147
2148
862
1947
483
1797
553
1796
92
1771
2162
119
1649
913
2399
1408
1905
948
1019
1688
843
2089
998
21
1163
84
719
8
164
2081
1268
460
2066
194
1812
2349
2133
1119
2424
2033
1504
205
1747
2321
137
319
1521
1255
2136
2405
2480
2181
225
2157
875
877
1353
1367
831
615
1506
153
1770
1715
294
385
2425
526
2301
1270
1545
1922
2163
1252
1387
704
2015
431
386
2248
2117
2432
1803
845
564
28
890
1743
26
544
265
218
2219
98
127
1213
670
1344
168
2443
2340
2398
1602
868
1154
2418
202
920
1490
239
987
746
764
2403
1676
1223
1156
2222
1462
574
1793
936
2241
443
1990
1345
976
1578
1444
1473
406
182
463
2415
1536
391
2288
1614
325
507
284
2484
2473
49
237
300
1847
1690
1820
517
1955
1568
315
2062
2457
2226
47
1297
520
1549
320
474
1048
2410
1686
834
662
1131
1733
1258
2286
1532
1592
196
1254
1697
1160
2379
1342
2416
1967
818
1524
378
1560
1830
11
1158
253
2025
650
785
449
1229
171
2156
1672
1035
1563
2121
429
2049
973
255
86
1172
2086
2342
1314
658
871
645
1284
506
201
2242
1959
988
2140
122
2029
1600
2077
2365
2371
159
1256
610
924
874
2433
176
287
1493
1573
1668
1124
686
1407
369
68
2247
1286
1632
2475
489
939
1999
2461
1343
2380
1406
653
1289
741
195
532
2483
25
1396
1659
2110
1127
273
2444
1065
679
38
268
623
1500
804
2153
471
1940
579
152
1635
773
1022
2075
1792
1110
2053
163
62
2217
1520
2311
23
904
1828
1529
1496
1880
1221
2231
389
639
234
1765
2038
508
1105
1434
2281
2243
714
458
2474
1938
461
1551
880
2357
1921
2289
1400
2263
1224
2366
304
749
953
1638
263
1437
1732
1039
842
350
847
1807
1308
2345
27
1413
1274
186
514
1785
262
1894
602
1267
1410
705
1961
340
1622
2118
1439
382
2253
1633
2374
582
1610
1007
2245
216
1701
2407
760
464
213
732
1288
1753
1088
903
272
165
1597
96
552
1275
2385
1756
788
143
1881
2363
718
1441
1877
2254
440
110
707
2295
1071
2174
1679
1069
1752
2039
1357
2368
203
1992
1883
1519
321
379
2468
59
1385
2396
1599
750
654
2478
917
2266
1404
1077
1580
751
1808
583
2372
595
447
1640
1414
898
1230
786
2471
1023
550
217
2229
1888
2352
39
220
996
1266
467
927
657
419
833
1523
1193
850
271
1168
1764
720
2302
1889
1099
1620
627
1518
2455
129
1409
1641
2018
1712
577
2328
1457
1157
2406
2134
852
806
2054
2467
1729
1083
1068
826
607
2095
1714
1613
769
1329
1757
1472
2144
563
1906
1336
647
2458
1920
2069
1021
699
1805
2323
223
215
324
956
371
2300
1598
2202
594
1044
665
2169
2045
193
1574
2022
2339
2252
426
2304
1405
1867
1929
1198
1416
1822
322
1694
1795
1281
815
1164
673
2061
155
1804
1067
407
1199
2492
2005
1138
188
2285
87
2084
342
1205
2325
1684
2108
1798
100
1226
2430
244
292
566
959
359
600
1621
730
2111
6
17
989
2114
1816
438
2392
636
1499
1438
2073
2040
1738
664
2129
2223
633
603
1956
2350
2268
1735
1492
2197
1527
2445
1952
2360
2249
1608
1049
135
937
1927
534
1827
1149
2275
94
2104
18
1507
211
784
2017
1663
1533
473
1419
1361
1107
70
1228
1024
233
1872
1210
1584
1394
2230
1299
173
61
1838
1292
1643
2381
2135
121
1136
1957
1998
1935
1358
1595
2333
3
1332
298
713
509
453
1064
810
813
1637
2305
772
1561
1982
1741
1030
518
1630
1132
2404
905
2057
1856
1552
1969
261
2449
2013
1467
2278
1079
1465
479
154
2055
1878
1240
638
157
2421
1432
2356
2479
799
1978
191
72
2191
24
779
2160
1548
1003
328
823
487
1322
2316
621
909
911
1647
1162
2386
914
655
1418
256
302
339
954
1965
1184
404
678
641
209
975
1464
1265
346
1176
1604
993
1334
2207
2326
29
1699
147
2096
112
860
1721
1666
578
1535
1430
1655
1165
2190
727
2497
2355
1824
1126
113
1755
1823
2395
1011
1791
1155
723
2353
1745
1495
816
2012
2154
2367
1303
1973
85
1440
2442
1246
795
2334
768
800
2331
2067
910
696
1429
1682
1261
104
1260
802
363
428
1179
111
1034
1837
1234
934
1116
387
1402
1865
1038
454
2143
986
1403
685
701
1313
170
334
396
2076
896
1975
635
277
859
1304
1564
1810
1711
347
408
1478
1159
858
671
105
476
1762
1060
1233
1386
1766
695
1514
1528
2165
2390
663
230
1525
383
1989
1427
1541
984
694
1625
2319
498
803
484
1857
80
54
709
2168
1012
2218
2454
949
758
2046
2439
1900
1886
388
2255
630
459
1130
470
2000
851
643
971
797
1829
485
32
2213
131
123
1029
434
2361
2177
1751
2384
2004
373
1239
648
1447
533
715
527
2128
2080
2106
1101
478
1693
442
609
1209
969
1283
1890
1913
692
1749
1425
1134
491
2472
1916
753
2376
160
1895
187
1483
599
274
963
2100
436
866
420
853
1218
2493
1941
145
661
580
1750
308
736
427
2312
1090
1802
710
528
2364
1707
432
1650
1337
142
97
757
1454
2417
972
381
1783
1307
405
1302
573
2269
1139
1448
1373
697
674
540
1287
2397
348
1247
562
1092
2465
682
1695
1547
288
887
780
2119
2447
740
1423
116
314
2282
767
1135
2296
1985
477
1388
944
1098
931
1862
881
1859
1710
570
1736
1121
864
1315
482
1972
669
1966
1673
197
1340
1821
222
395
1903
1033
281
1102
2431
1582
930
2137
1282
2006
1115
1670
681
2105
2155
1489
819
1091
2159
