530
1682
933
2327
1370
2039
974
1147
496
228
1131
1932
385
1141
680
1830
874
1071
2458
952
687
2107
1594
866
2250
580
2135
536
587
1815
755
2159
1607
432
1546
1312
2402
1550
1513
1775
22
1570
790
788
2184
1541
1526
1055
669
2325
948
1124
1869
1375
44
609
549
2478
142
2024
1695
1014
1925
1885
1304
2337
783
425
572
1236
335
1136
1726
488
2304
921
211
2105
2009
1508
1732
1438
1435
1079
1599
1729
468
156
128
639
668
17
2089
1377
68
2309
1763
182
442
2058
325
1783
1983
98
610
2096
845
1819
857
81
912
2468
918
855
439
2071
127
82
1902
2279
2293
527
2436
2335
1909
1283
532
1504
266
1791
2172
802
111
42
1544
1408
746
1551
1238
167
257
1657
1588
1897
76
117
865
1629
446
2171
1003
1319
599
1295
1301
131
434
951
200
544
2365
792
513
1861
1937
543
341
190
1032
623
1185
1818
1784
2477
1764
809
1019
1872
338
330
2277
115
466
2244
2343
1814
2167
2383
742
1314
14
157
894
2310
2464
1993
2076
945
1731
1040
2297
1797
737
529
1645
1313
1517
1740
1332
493
1157
1138
2358
280
2486
897
1592
290
301
847
891
946
2437
765
1967
903
800
909
646
339
1400
1501
2141
365
1778
2021
733
147
1309
2230
2232
1279
2494
1345
926
426
1155
2094
2273
79
1566
1285
40
1766
2465
1988
2246
1914
1619
947
2472
908
1894
617
990
1596
310
1879
1480
2170
539
557
1789
1429
1192
763
1801
132
1738
1151
29
286
48
2116
889
4
944
936
2417
327
2488
1947
1999
495
1624
2495
1094
2350
277
1674
2
275
1625
1297
812
721
1727
1308
430
503
1490
691
1424
1406
1542
803
2196
1659
555
1439
820
1454
60
1364
1626
2469
1287
2334
1773
1627
208
1748
994
461
271
2038
1072
718
883
603
861
161
336
656
1981
804
870
436
1247
1548
1137
2255
1418
1149
1448
801
1371
1665
943
1666
1676
988
761
1420
2369
1326
2452
2449
1183
2305
1493
830
159
777
1866
1725
242
347
1752
2165
2413
2359
407
1597
1812
694
1258
149
2013
501
2207
1839
54
1990
1569
2381
1563
576
1970
1404
1177
871
2131
1663
1595
2368
2042
444
703
399
2028
1497
579
1533
676
2014
1675
591
2151
329
483
941
2329
2453
1613
2011
2115
1944
2272
1382
636
2189
730
766
340
1466
45
1205
1933
2471
1864
2348
1809
649
16
1369
796
2286
470
302
1938
2214
2156
2195
2474
2051
429
138
263
1631
1943
388
2291
2247
1460
121
1045
1130
173
144
1792
2357
2288
862
833
326
2004
969
455
129
201
581
1024
1787
1390
2070
163
1018
2290
362
1794
2485
2363
421
1749
1628
2048
212
1444
248
1360
1111
1646
1412
2353
2103
1639
1134
53
913
1518
1066
657
396
1770
177
447
1467
171
150
1851
1658
2187
2090
1112
204
553
662
1458
849
427
1417
1953
80
1736
332
654
2132
1811
2440
1547
1062
1478
1411
422
175
2218
939
443
2296
584
1539
476
2276
1324
1899
1637
1968
2393
971
1757
207
1328
349
176
1039
843
55
2484
1782
1224
1565
1906
354
404
2245
533
1954
1927
13
1611
1268
291
2136
315
215
1734
438
980
785
1492
1889
1176
1113
1425
708
1965
1470
2438
1028
35
1284
2044
1031
1835
158
2091
2178
2237
1318
1536
125
968
1081
1409
773
1926
1735
2480
1289
1384
2168
597
2005
2113
2498
1105
6
2302
366
592
726
1049
1096
1554
1123
2015
1350
724
237
1064
236
1027
1553
243
387
1263
49
462
1194
2188
2111
880
1115
2079
1683
831
1509
677
1329
877
376
59
744
915
1720
2315
683
2473
1573
223
1591
1621
2248
534
1762
2426
213
1482
1286
1380
92
1017
383
1701
1780
345
2121
1796
2399
1755
2225
712
556
1168
2410
1868
1858
1302
27
1892
478
1552
2027
38
2313
276
927
960
2064
1222
1365
602
1202
1669
34
1984
1598
64
1951
1510
1777
1915
622
1191
983
1388
2223
807
454
505
2068
1528
1507
328
1441
1317
1022
1054
1998
2321
88
350
1278
1568
2463
768
85
298
1689
2390
1586
749
112
353
1405
1307
987
1961
1820
1605
1479
312
1255
307
172
1939
722
1795
1530
1035
725
1505
1437
2139
872
1827
671
2160
265
1475
1120
2100
1459
2475
1992
1590
1572
2200
825
1768
3
2306
1233
477
1002
1697
482
269
612
1761
2035
2086
2307
259
143
360
1722
922
1831
2020
1941
966
2388
1016
2177
2069
2364
600
331
1321
559
2084
1240
465
611
887
2097
1230
593
917
2423
321
224
1587
2418
720
2134
1774
892
1262
1107
1500
570
9
1691
1758
1810
1976
86
69
916
1076
1577
2261
1581
1578
1991
1203
400
1574
2375
2083
2191
1013
2352
2222
1037
120
1718
2095
2047
2060
977
2263
1106
643
1099
1608
1253
658
1502
1086
463
791
1635
1540
2130
2346
1924
583
487
1767
481
391
506
414
1352
1832
2226
133
538
629
1219
2030
565
2262
2443
136
997
1117
1483
2066
558
2203
258
256
2481
2173
2281
1531
2487
1059
2362
979
1346
526
1989
1359
323
1383
762
1904
2267
1245
227
303
1823
2345
564
2462
1841
1281
2379
2243
382
91
1023
1436
905
107
2355
230
714
2080
1969
1862
1234
1391
1901
2394
65
537
2234
1244
1231
395
578
2470
798
278
25
1651
84
1532
1146
512
1672
1296
1733
1046
1127
1684
193
552
935
1216
1468
789
841
1242
240
958
929
229
741
343
2093
984
1431
2211
1890
684
667
1853
2210
902
1450
1164
771
548
1144
1498
1630
15
2454
2119
2221
1940
699
1723
2320
760
2251
283
920
2110
1246
367
1067
2053
2361
2258
1702
2054
890
2074
965
805
808
901
198
2269
2029
41
174
745
374
1806
1713
1860
702
2314
2456
2155
1362
753
1494
72
93
545
1225
1075
1374
1486
651
1650
1589
1952
2140
83
759
2476
401
2220
1661
1529
394
318
589
274
2366
1344
1423
2259
1601
1336
1463
1987
1180
1560
625
1300
2012
116
923
1118
1857
554
2391
679
1715
2197
52
162
1538
1496
2326
337
214
1503
1520
246
976
2023
1854
2490
510
1349
2198
1900
151
1606
957
1051
2073
2138
1453
2266
1793
264
1660
751
1379
839
1641
1644
1958
2406
859
542
1227
397
2482
2075
202
876
1686
1973
437
1223
1338
262
8
989
1221
1562
2275
1604
1836
950
2219
199
601
561
1389
467
428
2174
2031
2000
210
2298
124
2367
1931
386
209
1884
681
846
1212
528
571
2078
179
1465
2143
642
2403
479
154
2176
632
1662
1048
30
1724
1348
70
361
727
1181
168
1178
1905
2041
1455
1337
516
1616
1457
118
1760
74
460
1690
1142
782
355
2499
1485
96
696
2081
1108
1895
346
1355
1803
2319
1986
574
1363
2339
1948
1440
672
906
2408
1218
37
1033
188
1750
297
2253
216
1325
1535
1824
817
418
2025
285
51
1522
1434
937
344
1006
881
71
20
1769
492
689
1393
2256
2295
986
1790
431
1557
1291
235
1020
1327
914
1159
1128
1957
185
978
1963
114
547
893
1204
2425
904
521
925
1145
701
2098
1209
2112
1956
514
95
644
1680
2164
2072
2092
2161
412
2330
1681
2108
282
389
2284
226
835
24
1859
1679
614
289
546
1186
1058
595
459
1381
828
1714
1200
2150
1445
1648
619
1747
1083
607
1743
1643
517
598
1936
868
2241
973
1975
2065
1010
750
2109
32
1833
1964
1132
322
2285
373
1415
1357
1692
1746
1698
352
375
1248
1354
406
409
2372
1361
2433
900
2405
864
2128
1008
2040
1009
295
33
2104
878
1095
441
1632
1152
1098
251
814
1506
2389
1515
2377
2186
423
2331
2446
169
1922
2429
1512
1034
316
1232
2300
1955
1119
2045
1207
2228
2409
1920
2052
249
498
1850
1452
1339
1481
2055
273
2282
2043
1487
842
650
1310
1311
196
628
621
2493
2270
879
1097
652
1264
7
1476
1110
826
697
260
2378
562
1042
504
2401
747
569
1908
2386
836
1427
1534
764
2416
1228
1516
1322
63
1800
1189
1982
2491
748
1728
2062
181
2404
627
515
1844
2349
1739
1514
23
2059
928
2268
453
2102
961
1799
1847
2428
1394
885
1923
645
2461
2317
1220
122
491
1140
2145
711
1367
568
381
1584
2146
666
2016
1910
706
707
1303
398
502
1710
62
1834
359
1688
1403
1499
1012
787
1167
1617
1867
220
613
225
797
605
1798
858
1104
972
1808
448
393
1074
1929
1580
1175
2283
1001
1211
1428
435
1160
698
390
2396
2206
2424
1449
938
364
87
949
813
2301
296
308
660
634
1043
518
140
1567
1523
304
2328
1061
1091
2382
2122
1693
1195
43
1959
1609
222
1971
1156
524
433
1813
1712
1622
705
1005
1638
1166
137
1213
995
368
113
2018
1633
1073
2312
1053
1447
638
2450
1873
2252
2398
531
452
767
46
100
2032
1614
1934
1029
886
1706
1840
1271
844
2180
166
776
241
456
2445
1036
1673
1930
1088
954
2153
420
2147
604
1928
313
2392
848
57
1315
357
2303
2257
419
2163
1618
1057
2137
2046
180
1401
1845
709
1462
626
818
1575
1469
573
1671
2254
1103
606
2181
996
700
1426
2341
135
311
2333
2459
31
232
449
2082
1419
740
255
1056
653
1378
1602
637
1838
97
58
1583
2338
1846
2022
164
480
795
991
1556
1100
1667
408
1776
103
1353
832
2002
379
2380
101
1272
1280
1044
1038
490
620
940
284
1015
1647
2376
1226
2431
2008
1979
2158
962
1564
1962
1826
342
2017
1753
1265
1656
685
1623
2238
713
682
1188
1805
123
1687
2447
197
1707
1828
1848
1893
1472
690
309
1719
1843
287
469
1217
1921
78
2179
985
2212
1802
424
1026
473
2050
2227
692
732
1320
2414
934
1193
2133
267
1358
1772
1101
1489
815
1169
981
416
1060
1668
1559
187
1052
1871
2496
1786
896
522
186
2129
1122
458
2342
1341
1995
955
320
1351
2185
1716
975
234
370
1741
1865
11
148
757
457
1004
780
719
779
245
1521
155
1292
189
1887
2208
305
2231
253
1942
494
854
152
710
1571
856
319
19
2190
924
867
1030
2421
731
1210
641
2351
90
1347
489
1402
899
333
942
1525
1537
1153
1421
1488
1237
998
507
1709
970
1913
2192
250
964
1888
2194
2010
1089
413
1495
999
2385
1260
1880
2061
1491
1896
781
2407
1298
206
139
2067
89
1407
1527
1150
2292
119
1886
2152
1708
2324
1705
2087
735
907
1634
648
1610
1653
2154
195
734
799
486
2435
2037
2500
2193
351
334
2422
1252
1261
1158
2205
272
1443
2271
566
2316
1807
104
2479
2099
1464
1342
102
1555
1543
2439
678
1270
1612
898
590
2311
631
1084
1870
1849
2149
932
231
2344
1241
1911
770
2106
1239
834
474
1135
217
314
464
884
130
793
525
1165
1416
1432
2049
18
823
450
1788
541
1007
247
956
806
1484
203
863
665
475
2467
1704
756
1779
261
2117
693
838
292
664
1206
1949
2124
1721
2088
717
853
415
1945
511
1069
630
2332
1021
993
358
1745
378
840
640
324
882
563
2142
134
1654
2057
1856
736
1878
959
126
218
56
2455
1978
673
1855
1433
816
12
497
1754
2289
786
1290
1837
109
1649
1511
1373
1694
2157
963
1549
1414
1974
2242
819
2427
403
2356
73
520
1070
1299
108
1524
1047
2213
2034
1473
2183
1703
178
794
2007
2318
1917
754
1875
775
221
1751
758
508
471
270
1387
2497
1274
1582
2322
1678
1199
1652
2373
1172
1257
2239
1822
655
2415
1579
704
2033
1090
1386
369
1874
380
239
2274
77
1376
2249
219
2347
1197
1109
2444
2457
586
252
2175
1011
2354
288
810
551
659
384
1
967
2395
160
540
1670
61
1229
837
1765
1114
1603
1785
1881
372
300
953
317
2240
1323
1471
1395
2166
1275
821
1442
1392
1825
1256
2217
1903
2101
615
2336
567
2299
1251
2118
888
2125
824
268
66
2126
2432
616
686
2229
2466
1372
1025
519
769
822
191
1545
1399
2127
293
254
594
895
1985
869
1078
1451
1249
1267
1080
2056
2169
146
1196
244
75
585
1293
348
28
1273
829
2400
1133
1561
588
472
1121
1126
772
577
1065
1863
2204
2026
738
1162
356
1446
575
1082
875
1620
2419
1615
608
1068
1214
2148
165
499
1154
1343
2492
377
170
1829
1918
294
560
1700
1163
663
392
1093
1966
1996
2308
1771
36
1430
774
1804
1171
2430
1087
2412
982
192
1997
281
184
440
1916
860
39
306
1696
2077
445
919
1198
1316
1980
1677
417
739
1116
635
1190
1288
1385
2460
1960
1294
2323
2006
1148
2235
1161
2202
1235
1201
2370
2209
1085
2162
1125
2001
1266
523
1215
811
1558
1821
153
110
1129
873
1396
1410
1092
723
2483
2397
1907
2036
729
99
141
1173
1640
931
930
50
2387
2448
2360
670
695
1102
1877
1063
1398
105
1600
1636
1935
1305
1585
1456
1182
2199
1898
1041
2384
1422
371
410
1912
1187
1759
1250
784
1050
299
1208
624
1277
716
238
2411
1972
1306
1664
451
1413
2216
2264
1331
1330
661
2451
1139
2340
1655
1397
1756
752
2489
1519
2265
2019
1891
2278
1685
1852
2063
279
688
1077
2215
1335
2287
10
2123
535
1576
21
2236
194
2224
1919
2233
1000
2434
1593
1254
2442
2085
633
405
1179
1333
1282
778
715
1461
911
402
1356
1699
5
205
1816
509
1717
1742
1994
618
1946
1730
26
1842
852
233
850
1368
1744
2114
1366
1170
1477
1184
1474
647
106
67
674
1817
94
2294
743
484
675
2420
2374
1276
183
2003
728
2280
851
992
1977
363
2260
485
910
1642
596
1882
145
2201
1876
1711
1269
500
1259
2182
1143
411
827
1340
2144
2441
550
1883
1781
1737
1243
2120
47
2371
1950
1334
582
