792
2496
795
1326
1986
480
128
1481
1456
1963
897
582
1654
1031
809
1710
120
971
1752
1362
1002
1632
935
898
1191
192
1299
438
1277
101
374
2417
1237
236
1980
719
1449
409
79
789
105
976
2301
1564
1145
2071
411
788
877
1988
597
233
422
491
1651
1731
147
357
1175
2361
1767
814
1285
972
1470
104
188
766
1001
1679
699
20
33
425
2070
955
190
1427
121
1736
2347
2334
215
2180
2313
1514
2144
169
883
1572
54
2466
1092
1758
921
2433
510
110
619
2084
751
1567
423
862
122
220
1430
957
1129
334
1981
1036
1775
1165
1492
2478
782
136
1949
1604
2351
2292
868
720
1764
1528
1396
2065
1641
2380
1825
2471
2480
1348
426
1368
987
1303
1814
346
1681
2132
1864
167
2388
950
1598
2484
1643
1247
184
1170
2474
177
1258
646
595
1309
2357
2085
2412
2311
314
764
247
119
326
1448
2154
1900
1468
2385
2242
2498
2258
618
1626
142
318
1546
1454
1181
1999
605
1289
1716
1474
1121
1178
557
629
1809
1369
2370
2437
356
1569
1852
1953
1600
2211
1341
1074
2261
1947
1119
1222
1907
312
2493
1789
2327
2473
1390
1123
2423
1823
333
399
2094
89
211
918
635
1083
1612
455
498
754
454
1950
1586
1971
707
943
341
991
367
1768
287
1968
640
760
1887
807
2395
37
1542
362
29
919
155
1010
1108
1875
1689
2407
698
970
617
1393
1613
152
1615
499
761
1960
1283
1721
2282
885
2251
1778
2271
1246
345
82
1748
728
2308
1521
2335
12
982
2383
1316
655
2184
2029
1975
2429
1954
2148
2195
2406
1172
1118
583
371
2118
2097
1935
118
652
1800
2137
709
1741
758
1482
1592
724
1153
2066
2032
280
1842
1694
606
87
736
523
1429
1957
1294
106
1280
1057
252
1048
217
2373
436
1926
610
1562
1319
459
5
330
1943
1955
994
1353
269
1380
305
170
1232
1332
822
570
2287
2181
19
647
607
1444
270
977
9
408
1137
1257
435
2378
1288
329
434
2392
1275
244
493
149
1801
827
1526
1272
637
1147
180
1359
2280
340
833
242
1652
386
916
413
1647
781
1719
2164
1030
768
2188
2307
1611
624
1715
2375
546
1445
785
46
730
1576
1324
983
1682
140
1306
375
1027
2157
515
1593
360
353
644
1451
2402
843
1207
355
2156
1206
1101
1760
1959
131
1432
2185
1695
412
1933
2353
25
516
150
172
799
1915
133
1103
2272
159
1174
2254
72
458
1751
2340
1450
2141
1762
710
2170
1230
50
447
342
871
451
2354
1629
1866
2338
1236
1364
2033
1370
2222
1485
2123
1591
2173
1211
1296
1956
102
2226
2218
519
1770
2021
1452
2399
1352
2134
2487
376
2293
1597
1861
2088
52
2420
1488
1570
1555
1646
859
134
2339
1754
1440
1786
1371
1249
1062
1231
2199
1180
1539
787
596
2401
111
1990
1255
777
2068
2140
1995
18
512
2483
1070
1543
63
953
2447
1286
2122
221
61
1330
663
2229
1540
427
2174
1203
2055
1140
1544
416
2456
668
627
1821
844
931
1941
1325
1833
549
1782
1791
2317
1799
2470
632
924
2045
463
1060
856
765
2295
28
160
189
2323
1834
468
1446
2145
846
917
2150
1395
469
1242
1039
1406
804
1722
1149
263
1478
899
1164
819
1808
1686
1595
1323
1810
1179
430
612
1815
1840
1173
296
696
1664
2303
83
1535
1533
2015
1523
229
297
44
2149
558
2269
986
1822
94
993
154
2349
443
164
684
2190
1620
1435
1479
204
1461
2497
317
124
1139
2268
1318
1527
2013
1337
683
676
2276
284
59
1066
2368
693
865
339
704
1942
1015
1034
527
1921
524
1156
381
405
178
1420
990
2479
2438
948
2424
1516
2081
962
1510
1386
2108
2014
1560
903
703
1116
1281
817
1205
2012
2219
2126
1519
1506
739
75
1571
1504
2321
1589
2403
926
576
460
2273
2114
1061
1876
1552
2009
1872
148
1013
222
1334
520
2306
784
1241
1421
643
127
1839
1575
1358
531
267
1826
2206
372
1517
964
981
514
1305
561
347
1293
1705
363
1193
378
1503
1254
257
1895
1965
57
946
2237
1624
729
289
564
500
733
1992
2093
1107
2028
143
2142
1434
1774
2120
2371
453
1273
1168
636
471
2089
550
1069
645
1109
1848
387
1407
1639
1945
648
2200
187
1243
891
2062
406
1728
348
1287
954
1148
2223
1501
2003
250
1065
2037
2049
1860
530
671
932
586
2167
2064
1623
1835
1038
414
1827
873
1743
1127
461
1661
790
1338
398
488
2151
1747
1619
1537
1220
283
559
1120
1836
53
1617
1260
1095
1536
1518
385
592
678
2396
864
1885
847
1961
1347
303
2270
681
1807
1718
1709
2077
2056
1081
747
2384
850
253
1209
1662
2448
1003
2241
1212
884
682
456
1384
615
820
1676
2281
2100
1763
8
2390
1603
100
331
1067
1438
1668
2036
1465
2318
1794
1017
508
1056
1649
673
1361
2246
2376
2314
2421
1578
292
2485
1177
288
1863
1360
2024
1520
78
429
3
588
670
1769
960
2342
887
984
573
1656
2208
441
214
1566
949
2205
397
694
278
506
2435
168
494
2341
1549
603
1012
714
934
2477
1073
325
1871
1343
852
1979
1512
1513
584
1043
513
702
1389
351
2309
259
1734
42
1274
1579
1453
937
23
1753
193
874
1428
1635
1913
2136
2257
2026
2095
786
1235
2194
1331
1219
1920
2051
818
798
540
2489
551
2262
1977
442
1152
205
1006
2186
913
2440
400
1136
2152
2315
1433
1685
1023
1229
2352
2139
181
1055
2492
1054
529
1530
1040
2086
98
923
591
71
1582
763
2201
2495
1307
823
1442
1497
2348
1346
547
563
578
223
2274
16
553
379
1008
1090
502
243
2161
70
1004
1878
1599
893
1890
1271
1196
649
1929
2109
504
146
1856
737
1857
1431
725
1869
13
1375
656
1216
882
542
2452
2397
407
439
47
1005
490
1989
156
517
802
1765
2432
958
1735
1993
2182
1415
2299
1308
731
2264
10
11
732
1382
598
1746
1788
1607
141
1469
1855
2300
1160
365
489
1858
1443
1713
626
2486
7
2356
942
1688
1880
2193
1099
1838
876
1828
2482
271
866
1187
1315
2235
742
1659
815
2168
1706
726
123
545
1146
1314
803
945
1268
1202
2038
2465
1094
1690
1184
1021
1761
713
1684
2227
674
905
2060
2494
1363
1158
2372
1252
1522
1622
616
1830
484
853
352
849
179
2075
2101
1509
209
1693
1940
1397
1931
1529
867
590
1757
1111
196
1772
185
1605
109
99
622
755
230
2468
1301
117
1176
2224
2006
2
6
2445
806
1725
998
1313
801
300
706
2047
705
1551
175
1505
1425
246
2116
2169
851
1884
686
145
870
2326
2196
268
1845
24
1584
1278
1740
600
1221
440
1167
675
1466
1233
80
1898
1683
749
1987
1078
2278
65
2217
163
1033
2398
1079
1854
1082
477
2027
389
757
1507
772
286
1418
1812
1865
231
1724
2090
306
1671
1355
1201
770
2296
1983
241
1558
2304
509
1829
1106
989
93
2083
132
886
135
1292
1385
1367
1909
2249
2459
752
88
1976
2443
1190
1962
320
1463
1781
1169
281
1151
240
294
1024
1075
402
1925
2248
1796
2250
1366
775
745
1276
1888
1259
1870
285
43
2310
722
556
1422
665
1124
1044
4
472
2046
2018
566
689
1795
418
1889
973
552
1756
1098
620
1574
86
396
544
157
48
382
130
1554
837
1085
653
2253
2387
176
2332
2117
1538
198
700
2427
2247
1730
969
1862
2288
161
328
1105
651
894
173
2358
2428
2058
2481
1930
521
1459
1035
2415
718
614
1405
17
32
208
1327
2069
599
319
91
1058
2025
1847
467
2365
2179
1215
2210
165
1403
1886
2490
1803
364
2256
611
401
1802
2286
350
914
944
554
1916
112
2040
526
2475
2260
1701
2426
1300
291
2266
621
810
449
1071
335
2034
1932
808
21
589
1750
947
579
1112
2041
2191
139
282
1354
354
22
2153
1939
338
2457
756
1256
1893
1373
2363
1486
2359
1905
2113
577
940
1349
1311
1927
1063
2130
1657
1550
1978
2369
878
2238
66
1487
1019
2030
162
830
838
639
1495
1126
186
276
40
1093
548
1924
1547
1500
585
1356
313
1912
628
2389
538
1208
202
2231
2209
1602
1498
1226
2410
144
900
1059
359
532
290
956
92
609
1798
1952
2393
1928
888
951
38
1204
805
1561
858
2277
1227
999
1262
2284
1691
2111
497
985
1244
1253
261
307
1263
2298
541
2409
227
1744
2119
1072
1378
249
1483
2078
232
1568
938
1335
1041
1631
1559
2220
126
1703
753
1958
2436
1745
260
1820
368
1675
1859
1696
1409
677
2172
562
1250
794
2197
404
1245
1084
1918
1714
1640
2127
218
1670
839
388
2138
2031
2252
308
712
1439
974
2048
1028
1
565
1320
793
834
431
904
1732
1022
604
344
337
1128
1729
1171
1228
1805
1938
641
2146
445
487
1874
1583
1154
1609
486
2128
36
301
633
1064
1018
2022
685
2240
1841
2404
210
1291
1304
322
1110
129
735
679
437
2067
239
2333
2345
1455
1197
1480
1531
1077
791
650
2035
64
1248
225
1594
880
1414
1853
2364
2431
1658
1096
2005
2061
1394
1214
2243
366
528
390
1310
1655
1125
560
930
2105
1548
395
1269
203
773
428
2007
1345
245
1097
1113
2228
623
2366
2454
1692
62
45
1000
1458
58
1610
845
2039
432
1213
1157
60
1776
2362
1723
336
2259
1707
748
2441
2294
1666
1376
1239
2346
857
304
572
662
2413
1984
1135
1532
1133
1011
1053
495
1131
567
1997
854
2001
1738
1261
863
821
575
1192
1344
1295
1590
2416
1780
2112
2230
2464
2312
2291
125
182
2017
213
1508
1964
1188
1998
1806
302
433
1091
446
872
475
2099
996
444
275
450
2155
1419
2133
1410
1557
1851
630
2052
1637
1374
708
74
507
1946
1563
1392
315
1218
1087
1614
967
1142
750
2044
1080
1115
825
1904
1553
842
1437
2355
1185
717
1644
298
979
1413
1144
1224
2446
2491
2322
2207
1627
2158
321
1819
1687
975
1472
2103
1638
1270
2102
1426
778
1967
741
295
1088
1674
293
535
2234
158
2239
380
769
1402
912
311
137
1502
968
466
39
995
1441
933
1161
55
1447
2244
1534
1194
1630
73
84
1625
525
2189
2263
812
692
1881
1200
1793
997
1049
831
890
1322
1541
2106
49
2255
1265
153
537
1966
1284
2096
1991
1877
797
1381
383
237
701
1134
2087
1086
323
1525
1279
533
1496
1618
483
980
879
206
2265
1186
199
2192
1669
922
779
2418
361
1837
2302
503
855
1948
1804
226
881
2439
2004
2377
587
2337
138
2131
669
1882
95
2233
711
224
2329
1117
1678
2289
377
1282
349
391
642
108
76
1849
928
415
2063
966
1412
910
961
1677
358
1628
875
1155
896
811
2442
902
1908
1914
1792
2320
744
941
2115
2344
1499
1138
2011
1372
369
279
759
929
594
664
892
1457
2178
1699
1923
2124
1653
680
568
174
1404
861
492
1411
212
1251
2411
697
1739
658
2275
1009
2461
1423
2381
826
2330
2042
1755
1290
2000
816
727
796
2002
2050
1580
581
2455
1922
1100
195
67
77
762
1911
836
580
2453
1051
1665
1994
248
410
393
978
2462
1302
2135
207
746
2245
41
2023
1342
657
15
1493
2236
2476
1787
738
895
2016
1076
2297
31
1919
1973
1868
1052
723
869
1132
574
776
1379
667
1832
1102
1491
1843
1162
1850
1585
277
522
1648
2444
2073
1785
1417
1634
2400
69
2430
2386
1636
774
1408
1238
68
476
1937
911
1104
1365
299
2020
2394
1936
992
740
848
97
1317
543
1972
116
571
310
457
832
1902
1712
1903
51
251
593
1266
1336
1159
1494
420
85
258
1141
2187
1471
1490
1182
272
952
1901
2350
915
1398
828
1339
1436
34
1240
2319
1879
963
936
370
2450
1089
660
1424
1771
200
373
1970
201
1581
2143
1633
1596
1702
2010
2082
1577
1621
343
479
925
539
1114
1166
462
151
1601
2125
1737
716
2057
2360
107
734
496
841
518
634
1944
1726
254
2129
666
908
1357
2076
2414
421
394
485
324
2316
2408
1816
829
166
1698
2449
1742
1784
2198
909
1727
840
2147
274
1462
661
2110
417
1733
1759
194
1556
767
264
687
659
2080
2451
35
1985
1377
464
114
1014
505
2279
1645
1045
2183
384
216
465
2305
1934
113
2267
2382
1401
1704
1234
2458
1883
2331
419
672
2053
1717
1797
1189
309
1388
2092
1047
2405
901
1910
90
1046
2162
448
2343
265
1477
1824
1896
780
2054
691
1297
534
889
1032
695
1899
1143
988
907
1817
316
824
1264
1267
1484
631
1697
1312
638
1467
2177
783
1897
191
1846
1511
2488
392
2212
2467
2325
2460
2059
197
1700
601
2472
2072
1130
1328
1400
1844
452
1476
1029
2232
800
2367
1773
690
1608
1813
1818
332
906
262
1524
255
238
1867
1720
608
30
1199
1969
1350
2166
1974
1007
2374
1642
2425
920
1195
115
1489
2336
625
1749
1588
1996
959
1020
927
511
1790
2469
1340
2419
1894
183
2391
939
1391
2019
2328
1515
1891
1779
2221
26
219
2176
1587
2422
1565
81
2290
1217
2283
2121
2163
721
1660
1183
14
1892
96
2215
715
2203
835
1399
2324
1606
1783
743
1050
1917
2160
2107
2104
2214
1383
56
555
481
1321
2098
860
228
688
1416
1042
1163
1068
327
1982
1198
965
1680
474
1210
2008
1650
2165
1025
2159
2499
1037
424
1667
256
234
478
1663
2216
1811
403
1766
1460
569
654
2285
1387
1016
613
235
482
2202
1951
1464
1473
2379
470
27
1616
1329
1777
536
2171
1711
2434
1545
2463
2079
2500
1351
1672
273
1122
103
171
2074
1673
1708
1475
1150
266
1906
1223
1298
473
1333
2091
501
1026
1831
2043
1573
813
2225
771
2213
602
1225
1873
2204
