734
1294
1764
1549
138
2071
770
1946
603
2262
796
264
330
153
185
1431
2194
261
1020
892
1254
574
483
2439
535
993
69
1563
2482
205
2318
1965
266
131
1803
46
1106
1233
707
1281
1457
420
1715
725
581
2264
523
271
2120
884
757
2046
1328
767
106
2332
1858
2190
2118
59
2426
2191
2075
1683
699
2013
2463
972
1536
589
154
169
140
2147
2449
1470
47
251
161
743
1895
2115
898
1472
1609
430
2179
1629
2043
2475
1047
1568
1598
243
135
1546
1057
184
1676
210
1616
2038
550
1023
573
1116
996
1095
1777
686
896
1800
1553
272
2104
675
391
2030
1613
234
1315
1430
1588
1014
2442
2459
2414
1278
908
1128
145
2108
2358
2252
1921
407
418
2067
1018
1625
2239
498
1527
1622
1795
1812
925
821
1938
1039
641
1995
531
167
274
2047
1232
1158
265
2018
1152
1679
2196
1657
2346
2077
213
2177
426
1316
1652
1566
2422
539
463
2263
446
2334
823
1182
128
1621
1024
569
911
175
1589
1808
1267
666
1868
1489
664
977
1063
1509
220
1119
1377
2123
1883
2082
1124
1640
409
1661
1786
1935
2099
1677
1394
2448
2173
2220
1426
1526
1154
1799
214
406
456
329
2139
1243
428
224
1781
2453
81
1087
1177
2219
705
2281
2163
2443
1413
163
35
367
1599
2037
1651
1190
889
721
1202
2492
1690
1628
600
1333
661
568
1393
845
1110
750
1668
2395
1212
1962
1814
1819
1815
284
2051
1306
1514
2029
1581
863
2185
2169
2486
653
887
1485
962
2034
7
1432
901
1595
805
1127
2059
1015
2168
2184
532
612
422
114
380
257
643
1298
2069
622
73
1223
1297
1322
212
2378
1183
219
1380
1227
1925
645
365
1811
1101
1053
592
436
1145
852
2480
454
136
1768
1837
2338
779
336
244
1720
560
1240
1319
1545
444
24
546
1882
504
125
2242
2328
1193
2348
1157
1726
543
2363
1590
505
1923
1454
2001
1615
225
1626
1775
1028
31
2277
1499
1869
2078
794
384
103
182
1744
49
2084
1507
2266
918
544
1688
2391
2175
2470
2355
1355
1242
1402
156
2128
1674
2255
1491
346
512
211
1438
1309
1988
2017
465
1149
1760
2217
97
1245
2027
481
490
870
1205
1475
2379
1122
1942
364
846
776
1225
2445
2124
302
77
326
978
1105
1555
202
1483
1113
2410
606
327
829
1093
2416
110
68
2000
1886
413
924
1217
1050
984
1123
888
1248
2199
861
894
1173
250
552
2165
1346
461
2079
1773
2464
2197
2404
1951
20
982
1373
2419
1197
1539
158
78
1433
1889
1121
2209
321
1066
1840
783
1296
1347
760
1854
189
116
785
2325
613
1283
1642
1968
542
1659
530
1899
2394
702
1603
1667
2227
1950
1447
392
451
749
100
1664
342
791
11
1043
878
1274
608
758
273
1653
1488
209
1782
1236
1495
1537
596
102
2210
1894
834
565
836
1890
1348
1964
2300
855
859
1114
1279
1010
1265
437
38
2212
671
2136
1721
1658
187
1437
2301
2226
1517
964
1038
1001
2113
2228
540
1533
142
2092
2019
949
1335
511
459
247
1400
2360
1870
2094
331
2418
761
1401
2032
1186
1463
2347
2321
1148
630
1268
837
1612
1140
797
50
1757
1493
414
763
1686
844
681
2275
1761
1137
334
1460
201
66
233
360
1602
269
310
1405
386
590
2375
862
1855
956
1424
229
354
10
2070
381
1557
306
403
2012
1981
814
423
1918
958
63
1928
556
1252
2278
640
1755
1583
2028
2287
626
1600
2049
300
1163
521
2481
1261
764
1218
2053
1046
1662
2352
440
1326
1174
2174
1999
362
2400
638
368
1522
1442
1694
2415
510
828
1453
2180
1060
2073
1673
1403
236
1738
1617
1208
1704
1824
742
1783
2035
314
507
390
586
2241
893
875
5
424
994
1592
920
1550
378
1632
48
26
1391
1467
1051
979
771
177
2368
895
838
113
1284
2026
484
579
1552
1108
1872
2240
1130
731
1597
232
1643
775
793
190
591
735
2374
2234
1342
818
1187
2316
1830
246
551
715
2284
536
1324
2371
1073
2399
625
822
1727
493
2011
595
263
1842
604
180
1693
119
262
1291
1576
533
195
668
509
2231
2425
255
431
1191
1103
72
1893
1937
293
1567
1698
1681
374
2269
673
445
1195
104
277
352
1909
1097
1633
88
1040
1404
503
416
558
1037
1993
468
1215
2014
1655
693
30
2144
2066
2342
178
443
728
1169
1031
304
123
1971
2152
1973
1901
65
1030
305
2390
1707
2052
1751
2091
231
1805
1860
835
788
515
2366
230
92
1892
594
1357
1974
2138
1665
1945
1079
914
1562
947
2256
642
2413
1846
2389
1083
2456
563
998
132
1794
1532
2333
811
370
33
636
2005
450
482
1594
923
1682
1474
2471
2474
1378
1350
1740
545
223
1216
946
939
933
1135
1724
1415
1058
1188
1305
1871
1221
957
1510
1980
582
1986
658
1004
703
2299
1696
1059
752
1912
789
694
1585
2484
632
2102
991
971
782
1247
2469
999
207
1702
1194
1289
1620
286
363
242
1428
2384
2267
2245
2181
853
2121
408
23
2100
276
338
1320
1875
1542
1088
267
191
221
1388
1025
17
1614
2229
2215
335
2498
2424
2388
587
1013
599
695
62
460
316
1796
2488
629
1983
297
2493
495
2312
13
876
1271
689
1231
479
1943
508
1560
401
196
2369
1016
57
1905
2423
611
1506
682
1915
1411
831
14
1354
1672
2359
404
773
1723
2372
1734
12
371
1008
2129
53
506
2148
2025
1722
491
1630
254
1138
148
2086
1884
854
527
1099
2095
2090
1843
1790
1849
1167
1299
1112
476
968
111
2431
2322
1733
1151
107
366
1948
651
1844
1396
973
285
2291
2021
2058
1710
1184
1170
1847
1196
2114
2412
2253
1646
650
1929
2103
969
1312
1417
652
1027
1756
1774
2200
2337
2225
1845
2107
2409
27
963
452
2009
67
2490
2230
2276
1486
2158
1752
1926
906
2289
312
1209
15
2176
1311
1977
1329
1961
2450
1731
186
455
635
1389
1798
2364
850
2141
1975
851
1330
298
1496
974
1987
934
1770
76
1034
2072
781
755
1825
2064
2044
1055
1523
1179
537
349
1671
572
621
1452
708
567
134
955
2221
1266
1675
825
421
1353
1201
1835
1395
1019
1558
121
129
2421
1375
1543
1129
2063
1931
159
2296
2111
1649
1292
891
447
2430
520
2004
1277
45
1913
927
792
144
405
1192
1041
2187
827
2101
2408
2288
249
1477
449
1362
83
1967
1068
42
1153
931
874
1072
526
2376
1605
538
926
1645
2465
1604
501
740
385
2407
2461
2324
2150
492
904
2485
165
2280
1874
1778
2083
1695
1959
2088
173
2237
1850
2387
1636
1801
323
2182
395
1982
1032
2020
647
1044
96
332
1423
2309
2195
704
1160
1637
2233
655
2074
1631
115
1435
400
1976
812
610
226
2143
89
2125
439
1456
716
2178
52
470
1416
1641
1691
174
584
2383
1834
1618
1077
2214
1132
1524
253
2454
1551
868
162
644
2207
2057
2308
36
2319
2313
1270
2188
1064
325
525
1026
419
2211
350
1235
1907
1570
1853
820
1936
157
359
706
930
1891
2198
1407
1547
809
2477
1363
16
2473
2087
2496
646
648
1381
388
2249
1809
2126
280
2270
787
1997
2435
294
1817
1419
2232
101
1390
2208
18
1250
3
672
1836
1009
1414
1301
2380
1445
1392
1118
2235
1831
616
915
1165
1823
339
2223
425
881
2467
720
345
1852
2354
1260
522
995
1220
1515
1228
109
1934
953
2201
1742
1839
1804
639
662
2427
2166
618
1161
1080
1904
1042
1136
1035
1273
1561
921
1304
1991
952
303
1349
25
462
2110
576
399
344
1275
928
659
1480
687
1859
1954
997
1397
2433
1877
2420
2320
183
51
356
745
2016
1647
1288
1469
1468
784
2428
2497
1439
1175
2294
295
1767
170
2304
1680
2365
1684
393
1300
561
801
1481
1822
1011
819
709
2327
710
259
118
1406
727
1716
2272
502
1730
929
813
1736
372
2153
2345
1360
2045
1908
919
1340
127
279
1972
171
1290
433
2282
258
464
756
453
830
1708
8
795
2156
1229
1323
549
1076
2323
1213
120
732
1802
1606
93
1276
564
922
1180
32
375
1033
873
1384
1198
1466
2161
237
1257
1701
133
1451
912
986
487
155
2377
865
2033
1914
701
2483
1750
313
2279
1293
1575
909
1769
2381
1714
685
2499
1003
1244
358
1048
1762
2438
166
634
1900
2039
1458
2246
2274
1944
1409
967
200
2336
759
519
1325
583
2351
235
1793
60
2444
1729
1070
729
29
1635
9
1885
2157
2205
1071
94
1709
152
1210
1521
105
317
1863
555
2222
753
960
1006
1052
2023
382
1425
1441
754
435
1861
733
1538
902
21
2250
620
2167
1117
628
2137
1619
1382
1343
1285
1318
992
1963
856
1368
1851
730
677
2007
1022
824
1084
1104
989
848
826
1262
2050
1902
1940
2251
1776
2402
288
70
1379
2356
80
337
217
1204
1941
458
1573
2401
1089
1074
2060
1386
296
1082
857
480
2343
691
1789
842
886
1246
1638
1841
1199
1911
1308
2302
1352
883
1484
858
1969
1214
1743
2192
1678
1303
28
2382
333
1263
61
2042
2162
1898
2106
841
315
1075
2373
1098
1096
833
1829
1582
1531
593
2361
1534
1878
1957
1656
1086
1718
467
1876
1654
2224
1448
2468
1337
168
1772
206
194
44
513
379
434
2353
885
98
2306
2370
1623
2495
56
181
951
1554
1990
1939
1917
2089
688
1002
2244
2261
1478
1461
1351
726
614
1960
2254
2097
2109
1888
660
2386
1930
619
2405
1513
1685
245
1408
1586
411
1601
227
1385
2164
1711
774
847
2259
1062
744
2491
1920
151
806
260
1502
2003
2315
500
1692
935
1176
1766
1669
802
278
2159
478
429
637
1571
486
683
2340
899
768
2186
1012
2036
2151
790
2441
1344
204
292
1238
1159
1056
943
1634
1865
1120
2056
95
308
291
1367
139
2283
1880
79
981
1497
283
1143
75
2268
2451
1150
1094
1365
2015
1139
2500
86
1258
1147
432
1548
2429
2403
2171
807
2154
1370
84
2119
1449
1234
2258
1732
1810
1310
557
766
1624
2411
1459
4
270
1512
1286
2344
474
772
548
1838
2357
2479
2133
1887
1331
179
396
1687
529
1735
1728
1763
575
1747
839
90
1237
872
1412
1670
1358
1144
1029
1703
765
954
940
1785
1465
1203
2489
554
1364
1398
287
1146
1345
1705
1792
769
1818
832
2257
2478
601
1627
2204
1487
1156
1069
1021
1873
122
40
1579
1102
945
1224
1580
976
1111
1556
800
2085
1713
562
1753
389
1455
1505
54
528
570
1332
2273
679
1544
2238
1239
1500
950
1206
198
239
2105
1490
1259
1092
1338
1610
810
2396
240
553
1953
2392
1295
347
1958
485
700
199
2452
983
1525
1867
124
361
987
598
656
680
739
580
1806
1754
2076
1745
1529
496
1903
1748
903
1611
256
85
34
959
91
867
215
499
488
900
2041
780
1697
469
64
965
2130
2002
738
1989
2132
2216
1739
990
907
2335
475
849
1511
2271
1429
617
1504
1508
2307
2466
2295
696
2062
1827
684
723
1280
1492
1007
1947
944
311
1045
866
597
1226
2142
2010
307
340
942
882
1494
817
2054
1339
216
2290
1327
1078
289
1725
2080
1133
441
41
1933
494
417
1036
2218
1422
2385
1482
2145
1178
518
1535
1450
2172
1141
1067
1061
698
2055
55
762
1000
58
722
1848
2022
1241
252
869
71
241
897
1107
442
1741
624
1272
746
1189
1832
1287
2122
1932
1719
1334
410
1663
2098
778
1700
1091
985
1421
1085
804
1916
1906
2330
1820
1574
164
2031
1166
2024
2350
1966
477
669
2310
1660
871
1584
343
816
318
130
466
676
383
320
916
690
2331
1185
351
1142
1541
605
1313
1164
2406
1596
402
1862
2248
1833
905
1446
2329
290
1759
1081
1591
1065
1518
1992
665
1219
941
631
2236
1771
2457
2135
387
2202
2006
1706
1418
108
2285
1737
654
1359
1758
547
966
1503
2112
197
1826
1821
1572
1307
799
2494
843
815
1131
2213
2462
840
268
1317
649
1864
2398
674
2131
670
1639
2247
585
1155
1376
74
980
938
2458
203
1528
1648
1321
1374
571
1444
741
87
1264
1780
1797
1666
2417
1109
1049
724
472
146
1577
319
1970
803
2472
2397
1896
1336
2455
415
657
193
1168
1356
1387
126
22
43
712
534
1211
1578
1462
1427
2440
376
37
2432
1746
299
864
6
713
19
1699
1255
147
150
2160
2096
1249
2437
961
2447
917
2134
880
2393
541
1464
1520
1479
2048
348
514
2434
1779
747
1
2189
932
377
559
172
328
719
1978
2183
112
1866
275
137
208
678
697
1530
609
1017
2293
1200
1881
1314
1341
1361
2068
1828
627
369
566
1269
970
1919
228
2349
711
1984
615
1927
1181
2367
737
798
394
1559
143
281
748
717
1372
1856
1383
497
188
623
1172
2
218
473
1134
1162
1765
1054
1565
1207
1440
471
341
324
663
412
438
2127
1251
1897
357
736
1302
1516
141
777
718
2362
1857
1650
2460
1791
1749
2061
524
2193
489
607
1471
1230
1979
2317
397
913
1816
808
398
2116
1952
1420
176
667
936
1587
860
2149
1436
2305
1569
1282
322
1985
910
1171
2170
2292
1434
248
877
1519
588
457
1910
2436
149
1366
2303
516
2155
448
1399
1222
1090
2476
309
1949
2140
222
2326
1369
2286
602
2339
1501
1956
1788
2243
577
2298
1998
1955
117
2040
2311
1564
2065
1125
1476
2081
1593
2203
1498
99
633
192
1410
1253
301
937
373
2260
1922
39
1473
890
1994
692
2297
1996
1608
2008
786
1807
1115
1689
1371
1126
1644
82
1712
1100
2487
988
238
2093
1540
948
1784
517
2146
353
2265
1717
1924
714
2117
751
2206
427
2341
282
879
1787
1607
1813
1879
1005
160
975
2446
1256
355
1443
2314
