627
1304
488
2182
1207
730
252
2152
1008
474
815
2247
77
769
2140
694
459
1433
2292
276
282
1208
2324
2402
2306
594
1260
32
302
846
408
2209
2171
1785
506
20
1309
1119
624
2352
2328
1046
722
1546
2060
1693
1606
2276
2130
1379
2132
1354
2404
1388
110
358
1006
1269
2032
2497
1291
501
2110
421
1898
708
2415
1256
858
672
890
16
1466
1333
1141
423
684
1672
146
2211
2279
2237
1999
720
1191
437
932
1728
2091
164
42
1838
726
381
2115
2122
1740
176
2348
2079
1913
1937
2471
2116
229
1854
1327
236
1879
2257
1582
486
1481
2339
1115
1526
902
1763
249
2500
2385
502
228
1527
159
2094
1473
1942
590
494
1687
15
618
1350
253
1373
1147
346
1808
2023
2246
388
898
2314
1005
1029
291
376
344
1659
1189
1578
831
811
145
72
1556
1824
1593
2268
2105
809
550
371
1398
1830
2167
1973
2249
429
2442
341
996
380
271
473
615
616
716
1480
1037
919
794
856
163
2436
2381
2047
2305
670
520
786
200
2212
1602
202
740
1769
13
2429
10
2005
1448
1340
939
855
2349
292
96
1568
2260
851
2285
1753
2188
2266
303
2313
1240
2227
441
192
1249
1467
1505
637
2485
2177
2255
517
830
2207
1599
522
1161
2321
2384
614
589
1850
379
1957
264
675
2136
1187
1932
1242
585
1251
572
1403
2082
1799
1007
82
1312
578
1899
723
2137
2232
1077
199
955
1669
2037
1545
1406
1725
2059
1318
325
1992
243
2466
690
1292
1892
2044
2443
882
762
1468
600
735
984
1023
1632
357
733
1706
756
693
28
953
2196
2453
2224
1504
440
526
337
2427
1814
2277
1910
2250
1701
1317
2191
697
662
1323
2101
1858
635
2144
424
1967
2299
1950
2416
1518
2053
652
1935
2367
321
606
1743
1953
2365
1424
2133
481
1339
1358
194
528
853
960
208
2366
2147
1315
1841
7
2020
1265
1834
389
233
1859
227
1164
714
299
2373
179
320
1280
2077
2487
390
843
59
546
1083
248
47
2287
2477
663
1625
1646
140
2002
1882
1789
1357
2340
1075
1090
2316
911
1954
1148
1662
489
665
903
447
1325
1261
157
1306
491
375
2458
1341
109
586
1129
86
1722
1337
576
1943
1061
1865
656
1966
1262
1004
2473
1938
1770
141
1902
1974
2200
2236
754
125
2489
479
161
1456
639
1585
156
565
1026
2498
738
934
448
2488
1460
378
428
33
530
2309
1405
1088
922
1768
1000
2308
12
1984
1880
90
679
539
2252
312
819
2311
1786
1440
409
2004
1065
1414
1095
1284
1014
2263
1243
985
891
554
1178
782
1822
1215
1844
1380
880
1742
1997
487
1451
1548
384
1620
1314
188
46
2156
1720
2363
1012
134
49
2432
1149
2117
284
1022
1024
1949
588
1463
315
150
1784
484
2074
1640
2016
434
2214
981
1635
209
1649
2400
1906
2397
1688
640
1053
1156
2006
2178
2112
1588
273
845
1694
1993
386
2254
727
937
64
270
2317
2307
155
2003
2322
773
1575
2013
1194
2139
205
2286
1676
1839
871
2174
1549
2347
2007
757
410
928
361
1043
274
1521
737
1696
359
2452
841
360
1731
1797
1272
2159
425
329
2329
581
213
1658
571
1870
1492
797
1385
334
1079
1200
1853
314
653
2186
1123
1137
1124
1313
1812
2121
1564
669
1434
1636
100
2289
599
1209
283
1230
1472
259
406
826
1823
1248
1267
104
2469
68
1036
1536
1121
412
70
2491
988
1437
116
2067
1413
1855
822
402
1500
1921
772
1028
1457
130
2019
2492
2358
661
2280
26
1508
1415
976
8
1804
2107
1493
1968
354
1021
2258
112
1290
39
2161
894
2151
1709
107
442
373
970
1179
9
2335
711
75
2087
731
1979
1193
2479
2240
1369
30
965
625
261
222
1382
750
463
288
426
593
2360
1017
456
2217
219
268
1050
676
933
289
2162
658
812
119
2064
1831
1845
372
1596
215
338
1732
879
2470
2245
2024
2228
1054
1554
450
342
1909
2461
185
255
650
1462
1436
313
1134
1893
1250
1990
333
1107
1675
866
1135
799
620
237
1391
2297
897
2271
1781
1409
2269
1685
796
326
1715
2081
2205
1994
499
2476
1205
97
864
2173
1346
1356
2379
1182
1577
1411
2281
1296
1111
1228
126
444
305
1376
2068
2157
29
916
1009
427
1915
1532
458
1510
1064
297
2124
739
2235
2409
304
24
323
331
1035
946
433
368
2253
2398
242
1878
1755
1977
2440
461
961
2135
840
805
1347
177
1278
343
455
1868
121
207
260
1807
1310
1931
1544
1098
2043
1366
2403
569
1151
1108
910
577
2128
2486
1941
913
540
952
1176
52
1995
2040
1571
717
962
2169
1724
2199
78
1084
1097
328
2229
1319
1738
2143
31
1112
592
2168
1058
475
2383
182
1607
878
2465
1896
806
893
673
470
1171
483
1483
415
1498
537
1985
761
2078
634
2233
991
1514
630
944
648
1699
2036
888
583
2197
1027
646
1650
1872
2041
1614
798
917
2030
1461
56
81
108
835
45
41
566
1227
1458
1301
2054
175
1991
2464
2414
1025
137
1534
2113
400
801
1741
2055
747
198
225
607
1371
2093
2045
1673
300
907
21
1232
1782
2193
2066
1881
547
1100
1971
123
1066
1335
217
1305
2114
1702
521
2451
744
497
1236
695
2125
1537
1800
445
1397
295
2028
1226
1691
1417
509
348
2295
14
40
362
983
1567
1643
2206
1109
468
1130
1764
975
842
681
927
2272
1874
2401
1726
1513
422
621
413
2332
139
1126
1361
685
2386
2395
1039
1470
1698
1204
1390
2129
847
1048
269
60
1060
1167
1218
1263
1678
2158
1940
1519
1439
2126
833
827
1956
23
1253
335
1482
1338
883
1018
543
411
1491
1889
1401
1298
1359
2450
899
2430
1945
2204
212
1888
719
1394
1996
281
862
865
1246
1891
813
365
1778
758
1329
2356
310
542
1311
849
34
1139
37
1349
1072
523
262
2275
1441
1522
485
336
691
1381
1082
214
789
1739
2273
2468
1714
309
1252
446
1211
1627
1285
476
1695
1622
1600
949
1085
1798
1113
715
2399
1002
103
2361
57
1961
2231
2435
2304
1628
1173
2375
1465
515
2244
1787
170
65
2482
1795
1216
3
1803
1042
920
493
1494
2065
364
1934
2380
395
1983
2033
1802
560
454
544
1663
1428
2326
1806
1642
591
839
921
1793
191
2085
114
683
791
2423
2493
374
1516
945
1128
1430
1905
1586
1326
698
1471
1287
859
1297
172
1281
1078
397
1104
1140
1447
713
2176
1396
1486
230
1496
1651
863
167
1241
347
1978
1657
2377
1476
2090
2303
931
2408
2131
1479
180
1019
567
2388
651
770
1445
644
431
755
682
1170
263
603
1745
355
2166
1087
2039
785
1247
1857
98
2015
1419
1450
1829
1276
1716
2421
1744
2106
84
626
235
680
948
598
551
2225
844
293
1245
875
99
2108
1975
787
2069
2481
1524
1331
1775
168
1876
807
1790
552
580
792
1947
1908
1213
977
2407
1818
1438
1015
2392
277
655
2084
1459
969
1630
401
257
1533
1432
613
1475
2075
1652
2293
1846
1565
1903
1895
197
2310
2325
760
1374
1517
562
636
892
1047
628
1684
901
106
2301
332
1302
2364
881
1392
2057
2192
1671
196
258
1509
732
178
1907
1922
2444
186
241
382
978
1177
1618
1998
1866
2049
1862
1059
1611
349
1402
595
986
1188
102
2155
1604
968
1674
1145
1641
1623
896
947
759
1384
1761
1988
1427
1749
828
1202
2418
1367
466
2422
101
895
1530
1033
525
1852
505
1238
2142
518
1474
2454
1884
930
2238
2433
280
1270
1598
1294
2170
6
1791
1223
1682
2010
753
1348
1080
67
2483
2472
1168
53
471
677
667
190
80
184
2370
453
1572
113
1817
1976
2387
629
1431
1668
1605
2180
1416
2163
633
987
2445
345
1169
1644
645
1944
1044
2396
1334
778
1736
1591
2213
535
1794
1952
2150
1484
2439
2344
2393
1264
1735
1680
1914
2198
768
193
89
1919
1982
642
1495
923
148
250
1442
1117
1772
885
2012
477
1718
1490
1051
2134
165
1163
2405
938
2104
992
143
2455
1114
612
435
1198
5
2017
1727
370
1809
54
391
2088
151
2394
1576
1131
2319
1511
657
2259
1488
1155
538
568
231
128
1503
210
1308
1506
173
1289
465
1365
1557
1237
1478
2160
647
1660
2119
94
1122
1203
279
1426
886
956
1563
795
1031
1637
980
166
1235
832
2216
686
464
76
2496
1540
1631
1911
838
1710
1322
1886
1734
704
1827
2208
2282
912
366
1729
1547
2123
1225
1840
1103
430
2270
1552
1229
1958
1970
1477
1885
631
1707
1655
174
1502
2425
1597
1013
405
553
664
2296
2411
556
1093
507
204
1677
1360
2202
549
1096
516
2153
247
1330
238
2278
1183
1259
171
1848
940
2355
403
1422
416
2298
1489
1420
1353
1574
418
147
162
133
1091
1030
88
2410
876
1271
702
2374
2391
2283
622
564
1387
2274
2478
149
611
1805
91
559
2034
803
2371
1584
2008
1626
2242
1067
745
555
597
1266
1345
11
1032
2239
1184
1645
1771
1485
1320
2437
834
131
1258
2096
1052
1639
2353
718
1275
837
742
160
2035
2376
1621
2448
2438
1633
1038
905
129
1523
1719
2343
2061
2362
2331
668
1102
1127
848
1713
1370
763
906
55
223
316
605
1589
2058
609
1045
602
503
1796
432
290
1146
220
256
2256
1594
340
1765
561
2357
1916
1712
452
417
2046
587
2194
221
2302
2226
181
2038
532
1690
2318
1981
404
943
1217
1946
385
1756
2097
2201
234
1959
294
1172
2463
1813
867
1158
687
2009
781
1860
1118
1863
823
266
2062
1638
1612
724
387
1904
2424
1686
1136
1073
1300
2195
765
558
1192
2315
1201
278
1234
1948
836
534
1833
396
1843
1656
35
1185
2333
363
2018
1362
339
83
982
1717
127
966
2141
399
1856
511
1849
2390
267
2154
2103
1351
1363
604
2327
619
152
1435
925
548
1617
169
964
513
1383
1160
575
1375
824
436
66
124
301
974
725
1705
1497
1277
1190
1220
2323
351
482
771
1704
1418
1555
317
2334
2241
1842
1820
2092
1133
767
2001
2183
1760
510
2490
994
1666
1559
2389
1923
1773
1344
120
1867
998
1255
2086
1352
1837
1826
2185
1619
2095
272
1040
734
392
638
1336
1162
524
1293
1670
1634
674
1912
1811
1110
689
245
2025
251
1566
1774
2219
1766
1986
712
671
929
105
1579
58
1152
703
244
2056
92
1561
492
2165
2243
995
307
451
239
142
1601
2267
1828
1219
2070
1166
705
2300
706
784
557
721
764
2265
2234
993
825
1969
1590
1746
1747
2284
2118
27
73
1386
2378
2052
1980
2417
419
1539
601
1525
1748
286
1395
868
1332
154
1877
63
512
1283
659
2495
2338
1777
2474
2449
816
439
1003
1274
2351
918
1244
330
1608
1425
1196
860
1144
666
700
1535
1558
818
1613
874
1723
1412
701
1697
350
1711
1936
61
1515
989
941
1056
398
1960
324
649
2
2072
1273
443
967
573
420
2457
254
62
1667
748
935
793
1449
2120
211
1752
1094
2029
1389
1873
783
2294
1453
1221
2026
2011
1689
729
780
1020
2099
904
1962
1730
959
1154
1894
1928
95
1303
710
1214
2251
1681
817
1125
1159
1195
1295
144
2222
788
1068
490
1180
1624
852
1254
1452
1920
1282
1393
36
2080
287
699
1423
2475
1132
1224
183
132
2179
2359
224
2462
1410
1801
1708
821
17
226
2146
2000
1507
1174
414
2063
275
1573
820
469
1901
1927
1120
519
1917
1499
1531
2181
1550
206
1821
319
285
2459
1887
51
1542
810
2382
2109
1783
2042
632
1610
2220
1324
861
2342
541
1930
709
1368
1581
545
195
2426
2320
909
2484
1231
1400
1939
87
908
118
688
1343
2499
111
2420
1900
1929
2346
2434
1143
1721
115
958
1142
746
777
971
1758
1869
2494
1776
318
79
610
574
2372
1551
1378
696
1924
1788
2291
1070
1446
584
394
2441
1206
741
1933
1062
1106
2354
1399
854
2447
608
1105
1603
136
1034
1751
2210
18
2413
1883
393
2014
2189
1455
438
449
1011
2022
936
1679
1861
1186
1288
1875
2406
1592
957
2428
872
1444
790
2456
954
1653
776
1595
1086
814
2218
1569
2203
951
2175
508
617
2076
1101
1847
2290
678
1138
751
1543
2369
135
218
2190
973
1538
2431
38
972
1987
1815
1692
498
707
1010
1
749
1408
187
2230
496
1421
2341
2071
563
1181
122
495
1918
1759
1750
1487
2337
536
914
85
25
43
216
2412
265
1081
1964
369
457
1629
2345
1560
1570
1057
1816
808
1897
1520
1239
1377
2048
240
1071
1832
48
2148
2172
69
1965
533
1616
1150
950
1871
377
1792
1286
692
1063
298
1529
915
1553
2467
19
1175
74
2051
1810
1661
743
306
1233
582
1001
246
50
1754
480
1299
2031
1757
1454
2336
1364
1342
4
1665
1197
1092
232
93
1541
1609
2480
641
1583
531
900
367
1835
2149
527
383
2102
2264
660
460
800
857
1819
728
2098
1429
1587
1407
623
2145
1055
352
873
407
2138
869
779
1664
2187
1890
997
203
870
1099
158
2215
1733
884
189
44
1089
2127
22
1762
1779
1963
1512
1316
1972
117
1372
500
1469
1153
1069
322
1443
889
775
1212
153
1864
2100
2460
1328
1279
1257
804
327
504
2089
1016
654
308
2050
1825
2261
2223
1989
1700
2073
1836
2111
296
2027
1737
2288
311
1049
887
1951
71
2350
138
1199
462
752
963
979
1615
942
467
2221
1210
1580
1647
877
353
1851
1404
356
2262
2312
2368
924
579
829
1562
478
1683
2164
514
2184
1925
1780
1703
1074
2419
2446
1116
529
1926
1767
1307
999
1654
1222
1955
766
1076
1464
201
643
1157
1321
2021
2330
570
596
850
802
774
1041
990
1648
1165
1268
472
1528
736
2248
1355
2083
926
