463
2275
1900
1678
795
575
1696
2293
80
870
1653
1749
2497
1916
2305
745
39
339
347
979
173
2212
1090
1339
23
766
288
1079
959
1
391
1976
890
2437
2136
2189
2214
1727
1003
684
28
2078
340
102
142
2066
2238
2345
1228
1212
1406
1785
838
2498
1483
2447
322
1176
37
1568
878
1682
1110
243
696
1789
658
316
807
837
246
1440
1164
2125
1759
2171
236
1709
739
1026
1197
528
1999
1314
2429
1587
189
82
146
2298
829
2445
1637
611
992
1923
902
287
2492
850
2039
462
472
1828
231
1214
88
1963
445
2339
2371
1507
860
567
2095
163
899
1449
78
1052
1203
465
1488
1703
2138
1876
997
1395
2029
167
626
1422
530
1469
1014
2465
1117
1462
2398
512
257
136
1017
612
258
660
1960
1156
294
816
1390
980
2409
1877
2009
2425
377
746
2230
116
1958
673
3
1838
1906
2300
421
606
1466
64
1233
158
751
2191
1902
491
1521
2227
944
1606
2439
171
896
2097
2334
2490
1477
1645
943
539
1411
1896
566
1464
1973
1168
1474
723
315
942
1715
1448
2378
510
1858
1089
20
201
147
596
811
1970
2280
390
1674
127
2111
630
1621
1084
1154
1544
641
1369
1235
1351
159
747
1281
7
1289
416
1328
2377
323
954
1517
96
469
1576
2000
676
1120
1623
2362
1361
520
1001
170
1672
2209
2094
1927
285
2483
81
2108
1932
1302
1323
334
214
2476
1871
974
1455
70
1502
692
1752
1299
1660
1928
1599
1736
2286
2109
40
1317
2379
1515
411
1075
1389
1496
335
1053
1748
2126
2195
888
1096
1965
1684
354
1949
1161
2274
2323
2099
1398
2364
2344
1957
478
553
1254
1217
412
2166
2235
271
744
1681
240
401
2151
2310
735
1408
11
1651
2270
410
905
2170
1311
687
1183
2190
675
2174
1588
2067
604
2044
1348
789
1004
2454
337
441
2042
1903
1145
707
1304
2444
1215
1746
1849
755
950
2188
895
1691
636
2470
110
1122
1886
2117
1153
121
2133
233
1926
1107
1022
2036
2342
2115
1726
2221
56
2239
1612
1002
813
836
1766
970
1057
1863
561
130
1857
2471
574
185
801
1990
2427
2376
812
1977
2205
407
2313
1719
2318
269
853
1015
508
1895
2197
2124
1032
51
1547
740
614
1118
717
981
679
993
1804
383
1234
1028
868
138
1762
2273
302
1830
2311
290
2375
910
1132
2202
2187
1837
2143
149
1330
583
1607
2349
256
2407
994
1967
71
2464
709
2216
2284
2178
1105
590
1261
1845
1013
624
1027
2331
2459
2007
216
6
759
2324
1218
223
225
1578
505
814
1378
1747
1805
2086
2252
52
627
637
881
1866
2199
2020
1786
1616
15
94
1080
2229
2257
720
327
2139
697
683
2489
515
29
389
1404
1861
298
406
325
1274
21
395
2418
123
1983
1008
1824
1523
1729
273
1489
1499
1692
534
544
1494
2413
196
2231
2225
1539
998
153
1140
177
2329
1386
1007
1833
1713
1504
727
483
518
608
242
1810
1658
1921
2461
1484
69
928
1881
1357
12
1165
2290
1803
514
1620
598
1334
2245
133
1636
1659
996
718
1581
1818
477
1807
1225
2358
1555
2320
2160
1344
1085
1706
2433
1554
2093
1779
725
927
750
89
344
694
2127
1091
594
2259
897
61
2198
162
2185
222
2266
2154
124
506
796
2340
1159
2369
2018
1882
326
835
930
191
1622
2462
2085
2203
1649
195
913
2366
399
1943
1604
1432
1036
1170
2477
2265
2087
585
2206
1784
884
2388
1368
787
871
1974
264
680
387
1250
113
1772
1526
115
1493
986
704
2145
1549
140
2466
38
938
9
1413
2410
396
448
1699
1355
68
1237
2392
295
255
1133
1308
2141
1689
682
780
1753
1570
2321
1505
63
117
1101
2113
437
1605
2062
1905
1946
794
2385
31
579
615
536
1460
2041
1679
1529
2149
1782
1187
1913
1175
572
1157
312
1533
1947
711
304
810
1919
259
1931
1745
2167
267
573
212
2019
186
854
1510
2137
348
645
562
329
1074
1540
1103
1734
618
1227
2264
1991
239
1425
610
2357
2419
2222
2046
935
1324
434
226
367
345
368
296
840
1591
1077
2164
44
1260
822
1625
2405
1912
1220
1728
501
2352
277
75
409
1971
41
1933
1953
192
2082
2032
1538
2064
1138
1894
1205
698
1667
2276
842
457
1431
914
1055
174
1363
858
1541
386
1343
2232
1400
1887
820
1760
2218
2453
301
926
1535
1044
365
781
2182
2110
2322
1333
769
1839
1252
446
1065
616
230
1209
458
92
1450
2233
1924
128
2436
592
1144
2253
1023
2428
369
1467
2302
872
734
1230
392
2484
2204
292
1213
678
1340
2024
45
599
1825
17
2415
847
663
526
1207
941
1275
2395
487
2176
862
2068
1855
1356
918
1910
1035
863
2474
2027
2309
1365
1981
1615
1397
668
741
2179
150
1097
26
385
232
1498
2052
1506
261
2043
1158
394
1282
882
1952
1360
2033
2181
643
1072
547
1428
1393
1366
111
1704
119
2360
1793
1609
699
2396
973
482
331
1868
1435
629
293
1268
1481
846
278
877
1326
1112
1262
2361
1045
2073
2175
674
1402
1670
915
1847
2487
2034
2070
1850
86
625
1662
1485
1601
415
523
279
869
1482
2006
372
1642
808
2177
488
1823
2314
263
2037
1468
1811
2103
1372
1685
798
357
774
1287
772
1534
1935
1453
557
333
98
823
657
586
1174
444
1537
555
2399
460
648
2120
1472
885
2457
1666
1531
776
2467
792
382
685
1242
1590
873
1051
2161
2165
1763
1553
2316
2014
2186
2142
1524
671
1656
826
1247
916
1618
429
952
738
228
1135
466
2089
435
307
13
2130
565
633
1012
1248
440
1617
175
90
1548
1720
2282
1888
2237
543
1951
1341
2240
1992
1167
33
1009
693
934
1410
2193
2192
2500
479
917
2157
2341
920
721
2122
1383
1301
1113
1878
2281
2347
1350
1864
352
156
1321
439
1688
1257
736
1908
1416
1968
423
2098
2219
883
200
2051
1111
1966
556
983
591
2
1610
1841
1940
5
815
1098
1922
1102
640
250
260
378
1238
1486
1436
1987
1892
1701
1776
1655
2303
705
595
1258
1325
1119
1312
1403
2132
2090
511
1624
408
1204
2350
1208
1104
1519
2411
221
2112
361
2277
492
1781
1470
730
2074
786
1718
1054
1633
220
1501
270
2330
1628
1388
305
1773
1461
569
891
1146
2213
1717
681
1527
1956
59
471
324
1125
985
651
473
2441
229
1799
763
143
2485
806
1327
1471
84
1586
976
1018
527
1619
1265
1826
1822
1166
1193
601
202
1593
577
894
1860
2023
925
504
841
1418
1859
498
1852
187
53
1552
538
893
584
42
2486
1491
975
1384
701
1169
1232
2261
793
833
2251
362
621
1695
551
949
213
1292
1988
2065
1042
1121
1196
1420
1982
2283
2343
397
1959
923
1565
76
1272
502
1668
198
129
2173
1614
516
1543
1150
449
1690
951
1172
1739
1737
580
139
32
529
666
2451
1979
103
1750
1155
622
1528
1716
1426
706
2463
1412
2381
106
936
1889
1629
1714
545
1266
1263
1846
254
2380
2420
1575
182
1707
2200
779
388
114
1288
2055
844
464
1446
995
452
1955
244
1011
2432
500
1116
1764
540
1944
2269
1137
1478
631
716
289
1142
2077
1434
1872
1049
1589
291
2448
2455
947
749
758
1700
2397
1342
2105
1438
1109
1754
1277
2297
2092
1439
2365
1081
1643
2159
1056
667
859
957
603
1331
1870
689
770
2473
649
1725
653
503
1595
1399
1419
2494
1306
2260
1783
459
2071
765
919
804
1181
1162
589
1180
1937
1495
2472
864
785
533
455
2058
911
1307
1640
1349
669
1151
1851
1385
1884
442
2088
1641
2022
2268
1936
824
1819
1267
517
234
2150
2015
963
433
760
272
1337
1994
2256
25
19
1724
1076
2468
1283
1171
662
1186
856
66
2080
900
85
1698
1777
374
1100
587
1654
2292
602
320
2180
525
613
1920
937
1364
1354
1556
2148
922
1948
489
276
2333
1115
1693
2255
617
303
1353
2391
664
1705
2373
1382
251
2332
1479
1010
1335
2226
1407
194
353
1634
350
563
2008
467
193
1559
1487
2267
313
2241
262
1016
1229
1396
209
817
549
2101
405
375
1442
1043
1756
1336
1198
311
2393
968
211
1516
1712
1433
1542
1835
1563
1834
519
1639
945
1792
929
2075
1809
1320
719
1558
1911
2456
1843
1721
2076
743
1840
1802
2049
732
2131
425
1067
655
953
1244
356
799
14
328
2469
2271
432
1259
1371
1652
50
1039
1309
1722
848
605
109
564
207
30
912
1980
962
1456
188
559
1950
309
470
235
921
908
1310
2224
695
2030
1572
1856
2249
1401
1608
1661
2061
310
461
55
125
1139
726
2262
535
2312
419
443
1041
1143
2168
249
2354
2258
1930
647
1901
1511
2414
771
1829
1152
1476
1270
284
151
1149
1189
43
1332
2482
168
1497
1525
2220
450
1200
2481
1532
939
204
79
581
1627
2054
1099
1034
1500
34
1068
1066
715
351
1732
2247
400
1875
892
217
431
2053
1567
1236
1173
2172
122
1791
1954
1874
120
321
1827
670
767
1126
2246
880
791
360
1738
778
73
87
2338
1352
2003
1566
2412
1676
2056
1646
1577
1986
2059
342
855
2306
1473
1814
481
1697
2196
2012
2152
541
2363
1584
558
97
521
91
1221
219
418
1522
1377
1596
1997
1037
903
700
2416
476
2327
1744
2272
1806
2228
420
1108
2367
341
2460
1579
2430
2402
2423
1938
160
1279
1603
2146
635
1005
982
522
359
867
1061
47
2060
1702
1794
436
468
1638
1249
1160
2104
1508
2279
8
2421
1673
1740
1817
1480
118
1984
984
1459
737
1106
24
554
2351
1832
2295
1195
1873
2153
1199
898
1885
2403
1513
317
2288
634
1394
1362
570
1241
2326
1347
965
1269
560
2057
1444
1557
548
370
2404
1798
2317
757
2244
1683
2390
1573
703
1373
773
165
1231
818
1128
2236
1751
286
1879
887
1276
404
999
1518
2417
1816
2223
74
338
1687
1177
802
1064
169
1755
2096
494
1574
1891
1284
2248
690
1865
790
2383
1000
100
768
1298
2285
886
1381
728
2446
1560
2438
1942
568
451
1191
428
2356
1293
398
2084
2242
1630
1562
205
967
1021
2134
1094
1582
724
208
224
1141
1391
1251
2449
1597
380
1278
702
940
215
180
2011
1346
280
27
1463
1451
422
197
1869
1415
72
1787
384
2183
137
268
809
36
1206
1995
1790
597
1551
628
1073
2217
731
1082
924
1190
164
1124
708
1038
948
588
1087
154
54
2001
480
1844
456
2493
299
1972
2208
2353
105
2243
2479
1583
1318
1457
513
825
2114
93
22
1797
958
1664
1710
964
282
241
1631
1613
1898
1239
1580
1765
2254
2184
2002
475
1907
393
349
507
373
1303
112
49
2435
2394
742
620
237
1514
1743
1788
1179
1730
363
1454
1993
1367
1047
1245
532
308
654
2296
281
172
1761
762
1123
971
803
2442
609
426
1778
537
2144
1512
909
1812
729
1600
1031
238
2346
1447
1962
414
1669
2452
184
2040
2147
1294
1680
1194
831
830
417
642
1862
800
1223
2005
1240
67
524
761
2106
1376
424
1735
1711
1255
210
2028
2100
152
1883
1322
1445
1414
1742
866
60
2047
753
65
1771
1708
2480
1820
1492
851
1319
756
1253
2370
2355
2010
931
987
857
946
1795
1842
2450
722
1129
639
2035
713
1775
2045
2387
600
960
619
1530
1093
1264
1050
178
2337
1058
677
1757
933
2163
691
2304
542
2021
2278
1338
57
190
1890
203
1914
1060
2431
1033
314
1370
379
10
2386
2158
1801
2287
366
1295
2294
879
1374
1780
376
1069
403
218
1768
1188
659
253
2401
2210
2128
1767
77
161
972
644
714
1070
650
1475
777
346
638
108
2063
906
1430
1632
1202
782
1536
1969
849
107
1917
499
1836
805
134
157
819
358
1918
1731
1083
2263
1594
546
988
1867
1978
2319
1088
300
1375
2325
486
839
2400
48
144
453
454
1671
576
733
652
834
1800
2123
1405
1741
2389
990
1880
1226
1184
2440
83
46
661
1602
2368
977
1733
1831
1271
447
343
1975
1650
2488
876
2038
1297
1821
874
1427
2215
2328
1305
2475
1985
1329
1006
1285
1925
1040
1182
1929
2102
131
1345
969
2156
183
1686
99
961
1315
2307
1029
2426
1945
247
2250
875
1437
2081
788
2359
1095
2424
1458
989
2335
1592
1509
364
1934
1465
1796
1675
1127
1280
2434
1904
319
2135
2079
2121
1598
1359
1273
1148
1443
104
821
1421
2017
1665
764
101
932
2207
1222
1030
1130
318
966
35
607
955
371
2116
1392
2496
2308
1211
2443
656
901
1286
176
490
2495
148
1086
126
1899
166
2372
1657
1452
1243
141
1571
1131
1893
754
62
2155
438
95
2478
1998
248
1423
509
1185
274
1019
1520
1648
1989
1758
1915
1387
1635
571
710
865
1313
1147
2026
1585
1569
2382
2406
2091
2315
4
497
2013
1961
2422
1808
2169
1358
1078
832
582
1316
355
2336
1219
297
623
1409
1663
646
1163
1178
1063
485
1769
2118
402
1897
1296
593
2291
1815
1020
484
1136
578
1092
227
861
1071
1909
1046
1770
1379
181
18
2129
2301
265
1647
748
1429
2348
1192
852
843
2140
1813
827
332
1854
413
179
2499
1441
991
688
2374
1114
1380
2083
336
665
550
1490
2069
1853
2201
1417
2048
1677
1723
2211
16
784
775
907
1290
1996
58
2107
2162
2119
381
132
1564
783
1134
1561
1611
552
2234
2408
474
252
155
889
1964
1550
493
1025
531
1256
1048
1224
266
632
495
2458
1210
330
245
797
712
1939
427
2194
1694
135
686
199
1848
206
1774
2289
2031
1300
956
1545
828
1644
2025
752
430
2299
1059
306
496
145
904
1546
1216
275
1201
845
1024
1626
1246
978
1291
1941
2491
283
2050
1503
2384
1062
2016
2072
1424
672
