482
60
1534
1166
965
634
746
744
2318
1036
1826
1126
296
1630
491
1691
2497
934
1834
116
534
2405
567
1582
1382
386
2486
876
1672
2035
1494
1046
144
796
561
1408
548
2132
912
1243
408
673
1535
2410
1259
1187
1389
402
2198
1418
361
895
2163
717
1213
2434
1917
157
1064
1907
1193
1125
754
445
2241
738
143
2470
132
1220
1626
1345
1179
1560
185
159
544
460
1005
924
2002
330
1096
203
382
2024
2200
1680
2341
433
1294
397
2005
2149
962
1158
1670
1489
747
2124
1222
2493
2273
1455
1655
1543
936
1512
2148
2084
2404
2164
163
486
1234
292
682
1509
1462
1539
2210
1598
841
959
1134
639
431
748
902
1350
2207
1466
1544
2321
1156
63
1821
2485
464
2245
272
1571
2237
1785
2308
1433
1066
2348
187
2244
369
1667
2258
13
735
917
2492
1178
696
2104
1008
1077
1505
2236
3
294
1264
2033
510
1467
927
1726
1794
1473
377
695
249
1800
362
1463
1805
2015
832
2078
1839
2238
1791
2068
1043
929
1770
715
834
1184
1921
2246
2384
1137
1447
1017
2117
250
1668
2256
1200
444
1041
711
304
2174
984
568
1370
827
1919
398
1117
525
488
2394
77
923
2293
1786
450
309
1312
951
1355
2156
1745
125
287
1563
2022
2213
429
1395
354
2065
1449
845
498
1585
59
1722
1190
265
149
156
1713
477
2282
316
18
1499
1440
1391
2048
219
556
395
1895
2073
1930
422
2426
218
1642
2007
2122
1806
442
2450
78
2175
19
1255
2054
37
297
1164
130
2444
2338
1025
266
2004
602
467
1866
1703
2452
2010
302
1409
659
280
255
1033
2025
420
1360
2031
1247
392
625
384
2199
1147
407
1321
655
1503
475
1784
1210
852
1658
1896
1302
88
1683
545
1311
2425
2263
1152
2327
1120
410
1733
1314
1191
2219
1101
2253
813
1808
1436
1827
188
1835
709
791
1131
85
2499
71
607
232
2285
884
2377
1010
792
1170
1648
765
1492
62
1150
166
516
1649
1226
1214
1760
1471
492
428
2224
2
2302
1695
1452
2050
1244
2239
1561
1634
32
1514
2081
446
2181
1890
629
774
730
426
1689
571
1707
370
1157
2229
701
127
2421
1576
2332
605
1632
2140
2047
2179
511
1318
2066
1929
694
112
146
2062
1062
471
1420
905
2457
681
2165
2142
610
2317
1719
253
1906
974
1423
1068
2491
1368
2356
1180
613
2286
14
1061
1002
1230
1329
317
2090
1999
291
468
17
1403
1119
1227
1526
909
2020
2351
1291
1521
1478
507
1151
1782
336
2249
1613
966
2407
1465
785
91
1074
1183
1491
2307
1121
1053
2472
1422
173
1662
1604
1647
1242
987
142
1277
2437
133
770
585
1524
25
981
881
2299
1390
1816
2447
2498
1823
819
1022
2077
2144
1292
366
1181
1575
1859
1724
963
2353
27
1274
1483
1732
1644
452
122
814
2295
847
1577
2395
154
414
2014
2075
2147
138
729
2041
478
1171
720
1633
1402
1293
1944
526
1453
1182
2274
1185
896
176
815
522
2118
169
839
608
1148
416
1795
1974
268
2111
2289
907
1344
2296
2363
1620
726
368
1177
2278
1460
688
404
2277
21
1159
644
700
1566
2334
1950
575
1424
276
1793
1953
119
2476
134
1656
1824
1004
57
780
2430
375
24
2439
1202
1933
1750
1636
2370
714
862
1487
1016
1765
305
783
2072
7
1830
1836
171
131
1546
565
2201
1442
669
2412
1414
12
1437
1141
123
2458
1201
972
1378
1347
353
196
2153
725
1947
1554
411
1199
93
1899
1444
1558
1854
260
1855
2281
1219
713
953
2192
1570
1600
1228
1225
1675
1497
2169
1990
231
817
1588
2326
1168
2325
43
1792
2218
1113
1616
2076
28
697
1091
1169
2109
73
2403
396
2477
976
1095
1612
1235
1865
352
1595
2231
2260
221
867
279
1918
532
1547
1831
1992
1645
237
334
234
235
933
1313
167
1229
1798
437
1084
2146
1343
863
1536
1783
101
1961
627
761
1928
1254
216
903
1822
1224
820
628
423
2301
795
1146
1833
1916
1942
194
2310
240
1055
347
1400
2290
29
2085
1080
807
597
1021
318
521
425
217
650
633
490
1352
1581
174
1019
1354
1994
1591
1879
2313
562
788
147
469
626
529
523
1540
2399
2471
341
786
662
1136
150
2445
81
374
1614
2016
95
1574
1755
343
118
329
2297
1058
1886
1165
869
1773
882
1052
900
2373
590
2390
1780
1914
922
140
901
2204
1991
2264
2324
2167
1530
1413
65
1381
2080
1107
172
1301
1532
980
245
2060
44
1262
10
1956
727
2086
1296
1476
1913
385
1205
540
1799
708
1870
1098
2141
811
1331
1454
1024
2036
1480
564
570
46
2423
2028
1969
1757
1484
1699
1519
1549
1810
1923
1475
637
745
2063
1968
580
566
2254
1186
1237
1367
1618
2049
2044
2361
1353
1105
803
2408
2372
1927
36
1841
2335
798
295
1728
105
1411
1727
1882
2397
56
1685
441
1398
191
269
2038
560
151
1643
448
2184
1622
1362
683
315
1396
1871
1513
267
1889
2328
1878
313
161
1498
739
889
826
581
598
2150
920
760
2266
1075
2009
982
1955
2034
2250
1110
1133
331
1693
1768
1365
505
1903
1679
670
1850
2095
1849
894
2420
1730
419
1026
1660
2115
1410
1814
1
1985
2449
128
2110
854
1701
1583
100
653
1631
1587
1263
2268
233
2320
2402
2267
1070
1510
227
1031
360
999
1781
718
2042
1056
48
2316
278
390
209
1485
531
200
947
107
1231
1162
601
308
553
756
271
2069
1138
503
942
906
949
584
850
451
810
988
2287
2158
690
458
432
537
677
1874
284
495
135
771
2227
1221
2045
1624
1682
1249
1959
691
1144
327
1602
2350
1853
1189
676
2411
1387
877
842
459
61
299
833
1236
2232
964
1446
1330
256
632
2208
1801
1295
1586
1590
2419
698
652
1627
648
1218
2178
1319
463
1945
1007
293
1149
2143
1592
1869
1012
664
67
1527
612
2462
379
593
2400
1102
1681
51
484
389
1392
1818
1051
672
380
257
680
264
1394
1508
1432
1238
513
2428
2262
141
1573
179
1754
1723
349
1316
406
2182
915
1192
1935
1161
603
619
968
1049
1371
1759
678
1163
2440
2209
716
1661
574
970
1248
890
16
824
1596
1469
1196
1073
502
2221
76
1416
1688
860
2355
2333
2323
640
1065
259
388
1758
1438
874
1601
2211
1788
1239
1982
1379
1556
822
1338
1986
1339
2383
2161
2052
623
1862
1511
641
620
1286
1317
1639
1099
321
519
931
1851
367
136
1288
861
2422
2500
1790
2339
1904
880
2188
80
950
2001
2098
1279
893
35
2414
992
1753
2494
198
1936
319
1142
614
886
2114
2314
1388
703
835
1071
1979
2203
843
572
1885
2315
1439
656
1825
2160
1763
470
724
967
775
2019
1528
283
1306
1198
899
2364
1047
2418
594
1030
541
1404
2382
476
2415
651
1139
898
916
290
1975
764
1605
828
2083
1500
712
1898
925
582
399
2087
1771
430
1496
1482
1964
1246
1299
779
954
1421
1086
312
2217
559
789
1548
1267
2311
2133
2137
1327
1037
301
1063
1740
229
2094
2288
1910
621
706
1857
58
1011
685
303
940
2013
1663
773
2088
1597
1993
732
2467
1676
1997
376
2180
1100
866
2225
2101
2185
222
2138
851
722
1067
26
2061
20
985
1076
864
273
1671
897
96
702
86
1252
1980
1335
576
1358
74
1912
2385
1957
1594
152
1941
1431
2465
1034
555
2046
129
831
705
663
868
989
427
1428
1569
2453
624
763
1258
1104
2464
1868
1832
270
660
2089
1909
2463
885
1742
1320
258
734
1351
474
1281
1735
2030
1892
1346
973
2461
2017
1349
1477
277
2190
403
2482
1741
1176
1931
252
1715
1858
1651
997
383
591
1621
55
1900
928
1092
443
646
1072
1700
1103
275
2121
2135
797
918
1949
1035
517
2067
215
2442
2223
1872
439
2386
1589
1962
223
391
587
1641
102
1920
1377
1153
1206
1840
750
2242
782
2469
246
2374
856
1545
1924
1998
1772
1705
1829
1383
595
1541
479
946
1160
220
518
1013
325
1709
2128
2251
2131
1769
1172
2344
1716
1608
1877
298
2157
1804
496
1504
1341
1079
1233
1828
2058
500
699
1464
137
418
2292
2381
2230
538
932
49
1603
489
766
435
1739
2070
54
1538
689
1938
1261
971
1984
1638
1269
405
1114
1448
2329
50
412
1337
809
2401
1704
858
155
772
2280
1174
2202
684
145
956
1844
2195
239
1325
2460
1287
749
1427
1334
887
2134
1965
6
2171
787
364
1880
661
1044
1290
710
2433
1372
1817
485
345
2376
849
870
1922
1746
2248
1518
344
165
957
449
2358
2130
2459
1747
99
170
333
158
1223
1129
994
153
586
859
346
238
888
2451
2429
337
2487
1322
759
2391
2427
649
1937
1399
2456
1702
1089
857
1090
2340
1369
323
224
1714
1078
1654
504
1533
1901
1809
606
192
549
236
466
1048
1495
2336
92
497
2322
1268
609
1875
952
1014
1653
855
990
546
2337
1966
1124
1155
9
79
742
98
1397
1606
514
948
2194
34
1970
2303
1619
818
801
1459
2193
409
2398
2454
728
348
1461
2490
1271
1864
836
30
1364
226
39
2125
979
447
707
2424
996
1284
2051
645
1796
533
1305
1761
1115
790
228
1307
615
1216
2380
182
1143
1894
1333
1939
2064
483
2300
1963
563
935
1972
307
919
943
1981
2126
1441
2099
111
1867
873
4
1813
1995
1298
1883
2055
1697
206
52
1204
802
372
1256
638
2362
2183
630
2481
878
1154
356
2466
1584
285
1407
846
557
1731
2342
558
2071
2043
2298
1887
1374
31
2448
251
453
2371
1361
804
281
2360
2008
2468
1640
616
1884
2359
1989
2127
512
114
1717
1609
1445
90
1265
2306
1888
357
2406
178
2102
1059
1140
1673
1278
2257
1285
1797
1050
2252
109
1384
261
2309
1987
636
421
647
89
1629
162
2343
986
213
1241
1217
939
1852
210
1515
1060
493
248
913
1766
945
461
387
1812
1081
106
177
993
611
2388
242
1470
2215
1599
1988
578
2003
1777
2446
94
883
1040
2039
2441
274
2159
1996
1304
1250
45
1208
840
1611
1253
658
1393
535
1122
1207
1776
2284
1846
378
440
1088
1093
2474
1456
1525
991
211
1457
1209
2366
778
1419
38
2346
1276
84
1978
1039
2139
300
969
2220
1356
808
1940
769
1348
1015
2271
509
550
1926
1332
2026
5
1386
1628
326
1175
2103
1523
693
686
1698
2354
2029
1501
1617
1954
87
1215
160
667
1128
1565
872
921
552
1094
1976
1807
1820
2136
692
2276
2187
501
2040
2435
1635
592
1659
1118
47
1082
359
2152
736
1069
2112
1310
1135
207
1873
1779
1517
2053
1652
401
2331
1555
2345
2417
139
393
914
1266
2170
825
539
776
2222
262
11
1260
1232
183
875
454
654
1623
1203
1506
413
1516
1032
2349
1837
1415
1194
1375
168
363
230
1027
1167
2243
1003
1297
1696
2151
103
1756
1211
1340
2120
794
53
2369
400
1748
306
1775
1838
2212
589
1845
1486
1529
1038
1646
2006
1751
524
865
1960
1762
1380
604
324
1275
844
417
978
2352
1607
737
2495
1803
2240
69
40
2488
314
2113
1451
547
2092
1562
1802
955
2189
937
189
853
1948
1557
1303
1893
2265
757
743
1359
2480
288
520
1108
1173
829
1283
1020
310
23
1971
499
204
596
1625
944
113
1610
751
1811
1710
879
762
2074
342
1502
1385
225
289
358
104
1951
2059
436
1083
365
1001
2368
2000
871
1952
1902
1684
1615
487
1946
768
1450
668
394
515
2347
311
108
2191
1123
1366
2145
42
1057
355
2484
1000
247
1734
758
1537
1677
1847
821
588
1743
2375
642
462
2162
1434
777
263
599
740
837
481
1881
583
1674
2228
1323
2479
82
2056
2216
1130
2205
2235
1736
805
1507
373
930
1417
528
812
1843
72
2379
1212
1363
2093
1336
320
455
1468
1897
1842
2057
254
1188
635
679
1245
723
675
180
202
2312
1708
2079
1328
456
2176
70
530
2431
1551
753
573
2393
1657
1042
197
1694
506
1426
643
1373
322
75
121
1718
1706
752
2365
2234
1018
424
731
719
184
2416
1934
1593
2357
434
83
975
2172
1357
1132
1848
2177
2475
1725
286
1958
66
2032
2129
2247
536
465
1789
124
1257
1520
687
1542
2155
800
960
1145
1324
190
201
816
1692
181
1406
2186
328
1112
1860
2378
2023
1240
1856
473
2091
214
622
1289
1282
1425
2392
2214
961
1943
941
1787
2100
1721
666
438
2409
2021
1925
848
1815
97
115
1637
2259
2269
2389
2455
1116
472
2037
1686
415
1342
175
199
665
1552
1443
2233
1711
371
2473
1550
2432
1729
1197
995
1764
1481
1435
2443
2272
1678
891
2261
2367
457
1006
569
186
208
2275
2226
1983
1666
1029
733
1009
195
2096
335
1195
2011
1932
1280
1687
1490
1023
911
480
1915
2154
2489
1712
1650
1863
617
998
671
1251
205
1891
1669
657
1568
1273
830
704
721
551
926
1111
2116
2291
244
543
799
1559
2255
1300
2027
2304
600
1580
1911
1085
741
1567
1876
527
339
806
1572
2166
1326
1967
2173
2330
1054
22
1861
908
1028
983
1272
1429
2106
1738
577
1579
1737
823
2018
33
126
340
1106
1097
1315
338
2283
1458
977
2097
1720
631
2438
2483
1531
2478
1045
1479
282
2396
1752
350
1308
1665
1690
1472
1405
41
1767
381
68
8
2305
2387
110
2270
2197
332
1905
1309
554
1564
117
2123
1493
2413
2206
351
2168
1578
938
904
1401
2279
193
910
1087
212
2496
1412
542
1109
1664
241
1270
2119
494
1819
838
1774
1522
15
508
1977
767
2294
1908
618
793
781
2436
755
1744
1553
2107
2012
1749
892
1376
148
1127
2105
2082
784
579
1488
674
1778
2319
243
164
2196
958
2108
64
1430
120
1973
