363
1031
1004
339
2063
1159
2307
2293
1751
47
950
1829
1979
1955
421
636
1384
509
2143
418
1290
60
360
286
678
7
1654
1408
2197
752
1335
1039
1277
451
816
1073
1042
493
867
32
2337
1930
722
1986
1831
1439
947
1454
100
429
393
476
364
2201
138
269
1167
1817
240
1762
741
1784
153
2479
2493
1473
2256
2391
2123
2275
503
1338
1137
2465
1265
1520
715
2126
2172
228
683
667
1495
2366
710
1148
586
666
554
875
2472
255
2294
1366
1082
15
1086
1954
1064
2010
1484
84
499
2191
559
2250
2343
721
285
508
2466
73
2463
1430
1934
884
619
1747
373
140
2392
1179
1199
288
512
1658
2422
759
1333
1836
1593
318
350
11
1525
436
2268
1889
432
1022
2025
1426
1846
1698
1232
301
2005
777
1075
889
1079
1164
2462
1448
2342
1577
56
2118
2447
2168
726
2028
858
1620
852
1727
2125
1886
2159
1793
555
1127
2156
2407
857
1737
1354
1673
530
306
611
2195
979
2452
1224
1406
972
1105
134
229
278
1980
44
1189
1929
1739
1304
2363
1649
2235
902
2031
66
491
883
154
1885
2067
750
1094
1617
392
641
620
1564
1941
1468
1763
411
1452
2484
2367
2
2426
218
1208
719
1830
1087
454
1032
2211
940
251
522
2333
961
430
1489
2059
1789
1849
1123
29
206
282
1733
2079
953
1713
280
903
2255
61
580
1988
1591
1373
1415
1310
120
2167
370
201
1881
1342
1657
366
1764
2441
2114
200
2049
1518
2216
2336
774
2227
673
1985
841
39
2065
718
246
353
1345
295
1198
846
1062
1625
838
2285
1539
911
2377
679
346
308
1839
776
1419
43
477
839
2137
1239
158
686
603
2438
1855
2435
703
165
287
1599
328
1862
809
1703
1222
1502
962
1940
1411
1653
2425
2057
444
747
647
2395
1776
2007
185
395
291
283
1961
2461
1332
826
484
1319
1669
427
520
1757
664
1721
1171
1781
631
1219
2080
1621
385
1100
1351
1334
1368
779
605
780
1875
38
1181
831
1651
1766
1233
1409
2022
738
1459
2327
2104
2458
1546
101
1249
35
213
1048
581
1353
711
2214
148
1583
1512
2311
1916
681
1015
1012
909
458
1276
348
2451
329
842
2045
815
57
2165
1474
268
1950
1728
2024
1992
550
896
439
1006
267
1596
2471
727
1126
1330
1804
956
114
1436
1699
789
1383
1014
1574
91
250
1289
1811
1966
654
2209
2477
582
1401
1748
325
916
2279
1377
74
984
2052
646
704
1868
2364
733
1096
1655
1741
1387
1177
1172
1344
307
1385
994
1541
1226
650
515
2355
735
354
1229
1630
2434
1633
960
1523
1397
1749
2108
1537
79
1782
674
1271
634
1553
26
1152
2032
1517
1706
709
967
1360
2269
124
2431
9
2074
1815
2246
1924
899
1369
1138
14
562
77
2122
1135
2238
1923
2320
2084
127
334
464
1905
274
1632
1003
622
1286
2120
659
825
303
3
1140
1643
419
1790
2174
205
1542
1608
1356
41
1081
2467
547
2003
2251
1355
215
976
2158
1202
1742
2378
585
2094
1247
123
1616
1953
1820
323
1672
2387
543
1958
594
1299
548
390
2302
2402
1734
252
417
1425
182
349
1238
1554
2021
396
1773
1917
82
1684
1752
1933
1343
533
996
2482
2070
170
724
130
1595
1186
765
2056
440
1794
2130
507
1043
471
76
1321
257
483
1927
469
1895
2416
321
1253
635
1610
227
2069
423
1738
1983
869
261
51
754
661
836
1122
1912
977
2210
2017
684
272
1298
823
1531
1879
1256
1513
1314
2419
1458
2222
2102
638
866
1996
1069
2440
2020
1993
784
970
407
637
498
963
2358
413
1258
1098
1024
630
106
1561
757
705
2054
1580
913
2303
121
1756
1837
338
1437
2129
2161
1118
1771
2296
2035
1315
1618
1865
1910
2078
2043
1662
2089
1904
1434
1040
172
2423
116
1968
1631
1300
2376
312
708
376
1374
2181
2249
399
1113
139
2257
542
2432
365
1262
2354
217
1038
1134
2344
2134
1969
575
946
1379
445
485
1367
872
1686
944
1057
1828
2242
2388
990
2460
728
94
245
743
1705
446
2316
463
782
587
1132
292
1959
256
1514
506
223
864
2330
1188
707
1322
1718
1798
1575
1144
1551
702
908
1230
279
2204
2239
1466
933
452
2202
652
1121
253
1833
2150
1016
1323
2497
447
2326
795
45
658
1597
1590
2386
773
1622
1534
649
137
1365
1697
762
422
1108
88
565
1504
2103
1382
1995
1248
598
893
132
1821
801
1750
2314
1680
2164
1407
2474
937
1412
1854
2353
2486
1860
187
837
2487
1942
378
1939
537
2372
856
220
1302
2499
1753
1746
1467
808
2329
1266
1059
1001
1464
133
1975
1874
2300
653
712
2282
2027
1850
830
1191
2180
25
669
156
59
1218
1566
1204
95
2190
1543
236
1027
1380
402
1936
1715
2152
171
1020
1182
2374
861
1241
2077
583
2157
1823
758
1405
1287
1674
1853
1981
1813
1076
983
1451
2288
13
327
409
1124
844
1058
70
2247
597
1336
2291
1530
982
822
2481
535
1579
1480
242
2189
1235
341
901
1390
2306
682
2352
617
2338
67
150
1055
1329
2034
1294
993
1956
1268
1169
1732
706
437
1149
18
111
420
216
834
2361
1870
1490
1946
1002
275
2095
693
2401
135
618
874
1832
2128
273
1898
1918
480
997
1626
1143
589
2140
2260
1324
415
1033
2055
1112
1041
2261
897
2042
885
1281
1107
1065
599
2107
935
12
1395
1203
1683
1619
1449
1659
1212
1151
1780
1505
115
1131
670
1007
924
895
1902
1139
1770
1594
297
871
1533
1213
511
2091
1802
855
1034
955
2220
964
1269
179
1567
1340
1196
161
1066
2221
497
771
1688
2449
2323
914
2141
766
317
1190
1026
1053
78
2495
1115
1417
1008
1884
49
541
459
824
2196
270
159
2037
676
717
980
517
143
2015
118
1362
1545
1999
2271
501
335
1581
2265
2298
1926
549
1491
1984
102
1318
1363
1544
1252
2403
1972
1725
472
564
999
2219
449
368
675
1555
2318
1592
714
1801
957
1602
2029
1943
40
1572
109
2229
243
1029
1711
922
2018
2252
2030
2305
2325
2448
800
2365
2139
1414
1301
2404
1061
2182
2166
524
1359
873
1740
1894
1906
2213
965
1307
701
1091
1070
1305
1842
1120
1493
1663
1047
1644
1694
17
798
1350
75
1296
1615
31
428
2341
122
1244
781
475
1920
1614
1205
194
2009
1155
606
489
210
470
1767
1701
1483
2127
929
208
1783
1099
119
1163
204
2476
2149
262
2399
2098
1337
2478
2244
1647
1193
862
572
876
2312
540
2062
998
1598
1197
2415
2175
516
1873
2138
2480
1645
2258
2350
2324
648
1887
625
1187
1709
1457
1890
633
1907
184
2087
925
931
1104
2224
462
129
739
1052
745
2090
811
698
188
1240
1744
1295
2046
1808
37
1552
1824
1331
2205
453
819
1806
1267
2241
388
847
1116
2483
2230
105
310
146
1494
495
2328
1562
615
315
1893
2113
324
577
1444
1807
1634
387
2270
1083
1611
203
938
2411
1963
2176
971
1859
880
2473
1585
1557
2173
1731
2384
1009
1378
248
1161
1129
2457
1154
103
412
1078
604
890
336
298
1173
2295
2006
1021
1242
2178
2163
2390
785
887
1638
510
1909
163
1145
1722
1834
898
662
2420
362
1482
1418
904
1838
1844
2124
1687
1150
879
560
108
1896
1948
772
1200
2245
1871
1347
1549
912
2454
235
2262
167
1456
1011
655
2243
849
579
1840
732
180
1095
848
952
1391
1431
1696
2292
1690
2456
775
528
640
2290
1880
1309
175
254
342
304
1292
2280
1876
1045
2273
431
2351
859
923
1216
2144
1492
1915
2406
2322
1498
313
2085
853
1507
371
69
1496
687
233
231
1447
221
2433
1526
2040
1111
948
1848
807
1685
2424
1670
2145
608
2340
416
2223
8
1719
1176
1228
888
827
2169
2147
2437
425
1589
1989
644
1396
1584
1471
160
1035
1921
2347
1376
1227
1964
610
1679
968
2162
1274
2117
1864
551
299
1925
157
1180
1861
1914
571
672
1527
2072
905
1170
2496
1461
1166
943
1071
886
241
1157
1420
1693
2215
1313
1735
756
260
271
760
2033
981
514
1312
1044
1243
1652
1559
854
1901
21
1278
351
788
2232
2048
5
199
1777
50
1971
1982
1060
1427
149
613
2121
207
467
1872
2475
131
1919
92
33
347
1695
545
107
405
1261
1758
2060
226
2013
832
1791
802
639
2383
1676
2064
488
863
1897
538
2146
487
518
2066
85
1501
141
2393
244
1636
333
1250
1867
2264
1998
424
1110
2308
1259
1275
1325
2188
1068
1090
1582
2036
2053
769
2101
1185
330
591
460
1357
1361
1882
1251
391
1944
2096
239
792
198
755
532
1432
222
770
2348
58
258
2373
1245
1264
1754
72
1775
1463
2287
2050
1558
2106
1125
991
343
978
2237
1416
54
1424
1220
450
173
588
1049
2212
2443
877
917
1404
1967
300
731
614
290
1328
361
2436
2199
1089
225
1429
1977
2453
797
828
46
1215
928
1812
197
1810
1486
358
2410
966
1800
2075
2400
671
455
277
1341
915
80
2266
1604
1257
1937
394
2389
1666
813
2183
2231
919
593
2061
2116
892
1515
2014
2177
34
918
20
778
2082
1285
2171
372
2421
2217
814
642
1827
1497
1352
2500
2394
934
1774
628
744
93
176
1236
2371
799
2317
1478
1639
1903
1214
692
1481
2339
1371
1675
975
989
1911
1013
2274
2236
486
941
2439
2284
1538
1772
1816
1445
1051
249
1883
1788
2485
1908
523
90
1272
377
2310
720
2109
2498
1326
1524
668
1284
219
1536
1184
536
65
1623
1410
2192
2115
147
921
660
878
2319
1019
958
2369
932
62
2207
616
1965
125
1900
569
729
860
988
793
384
1017
787
881
607
900
695
951
2136
1994
1288
374
1455
352
1221
1556
574
1682
2184
1588
1671
42
1624
113
1978
790
987
1945
16
2135
1441
1393
818
479
2356
1255
465
1628
2081
626
1443
496
1479
1717
1080
1947
1843
1114
1194
1422
835
296
1050
553
1046
23
740
1522
1730
86
534
632
2427
2382
410
1714
945
1681
2490
1689
689
1761
55
375
1723
1211
656
829
927
2397
2105
1819
949
578
1822
1691
680
2489
2253
2408
1308
805
531
482
1841
1856
230
2414
386
1656
1394
1165
1765
1400
155
2153
1327
737
22
851
1037
1311
546
2321
1317
474
2012
2428
1476
379
1030
601
1509
1109
357
1535
2370
4
2267
1976
202
1141
1209
1792
1888
1997
504
2016
1339
1503
1692
1797
584
209
110
2464
734
2430
2234
181
677
1119
1475
850
2203
1702
1759
359
1799
2385
1506
1136
406
2179
959
2281
804
340
195
1547
1641
1869
316
1349
2093
1442
164
414
1745
1201
1960
521
1146
716
166
2334
2206
1938
1973
2470
1970
1600
1548
1521
1891
136
1130
174
539
1348
2100
2313
2198
1913
2194
1254
954
505
356
1297
10
1563
1571
232
2469
438
694
1183
1851
145
796
1175
812
2086
98
1206
1077
1446
833
190
2468
746
2151
1487
2068
404
1852
1270
767
1291
2218
369
1192
1803
810
1755
238
749
1606
259
1612
1729
1576
2131
151
355
1231
169
2008
2297
2044
2335
556
1153
2004
81
2349
1462
1072
28
397
525
713
1642
302
590
2488
468
382
2099
2346
820
2283
2148
2446
985
126
817
473
1428
1293
6
320
1835
1346
2083
2142
969
1402
840
461
1957
2301
1469
383
168
1528
284
2359
526
558
1664
2088
1952
1707
266
609
768
1678
247
843
2380
1668
1375
71
1760
1720
1878
568
2277
337
234
1283
502
1
2097
2368
401
2492
1951
566
1712
567
557
289
1174
2412
492
490
1306
643
1054
1962
1403
595
2187
612
1133
380
2058
973
326
1237
1640
389
1488
1627
868
1795
2379
748
690
1210
293
1609
1785
1320
1102
1453
112
1991
1866
930
435
2011
96
1858
791
992
2357
2450
1280
2331
1863
1388
481
688
183
2396
1736
1845
1578
1433
1660
2375
191
478
2170
865
1508
563
178
1063
2155
322
742
1573
1587
448
576
2417
1646
1036
1899
2071
1465
1470
1005
651
1987
894
1540
1440
2299
2186
1569
1158
1273
2019
1818
52
24
2455
1263
2345
2254
763
2133
1207
753
1607
926
1168
2160
2226
1088
1613
2429
398
1511
600
736
441
1935
552
2225
408
1787
986
2228
1743
2132
2240
529
1472
64
513
1092
83
663
1499
725
63
2362
2002
2494
1532
2041
2051
1097
561
627
1056
1195
211
685
1423
665
786
128
97
942
2278
1225
1370
2000
891
1700
920
192
806
1358
783
1282
1826
2119
2193
48
2381
1074
696
1529
645
1931
1381
212
434
697
68
1142
1516
1769
2272
2409
2092
500
2304
332
1716
1814
367
1389
1605
2445
2459
1093
544
700
177
2110
2185
237
189
1438
117
2398
2259
2276
1260
442
907
821
2248
494
1568
936
1106
1570
1018
1724
1704
2418
1364
1510
264
2076
27
2332
1147
1303
1708
761
1629
1103
1768
1677
1246
910
99
2233
1178
1560
294
314
939
596
2026
1809
2039
1796
2208
162
466
344
2154
1637
995
1974
1500
1435
2491
657
381
1223
2111
193
1084
152
53
265
1805
624
2073
1023
1857
519
592
2047
87
1413
30
311
906
1316
144
1421
882
1067
224
426
1000
1565
1661
1386
1399
1279
104
2315
2309
309
623
1778
1372
2444
723
1160
36
1217
764
1635
570
1779
845
2413
89
281
1922
1648
1786
196
457
1990
803
2360
794
974
433
527
1392
1726
2405
1485
2038
1667
1450
1586
1460
403
456
1847
1665
2112
691
1603
1010
1117
870
142
1085
629
331
263
1398
699
319
621
751
1949
2286
2023
345
1101
1162
1028
400
1128
1477
1156
2442
602
730
573
19
2200
443
1519
1928
1710
1601
276
214
2001
305
2289
1234
1825
186
1650
1025
1892
2263
1877
1932
