2208
2271
2391
1906
2482
1178
865
398
1102
1938
2369
754
1921
2486
335
2279
2372
2382
50
1443
783
351
213
1175
282
1763
627
1381
301
371
2158
1098
674
1959
1073
886
1726
1287
254
2217
1136
932
1613
1517
2223
2064
2442
1496
1029
422
892
790
2489
234
1171
562
2446
245
1787
1044
1901
183
444
941
1907
745
2467
399
2303
68
2312
2324
785
100
2049
2107
1649
1046
1114
32
1066
1471
468
732
2137
1869
428
612
808
1263
1142
1074
746
576
842
2494
866
2103
912
1282
1019
2003
2228
1112
1365
1889
700
1674
1847
1188
565
125
494
491
1810
157
2131
994
903
1642
47
263
2028
1422
1256
1553
725
1472
844
1736
265
606
2023
1529
850
1448
135
502
2085
1699
653
1320
2037
1065
1825
2246
1707
2365
1744
982
1530
407
1453
536
2058
2050
1569
1425
189
1511
531
244
380
314
1260
83
1788
1341
1157
2072
1910
2495
593
937
614
409
881
1319
26
835
392
2264
2187
922
1860
802
1322
1128
2247
2018
2424
36
1999
1843
1924
604
2444
1587
172
2423
521
1384
1749
1245
816
697
2398
1731
472
942
86
2270
146
2051
1210
901
514
2439
1247
2170
2465
831
569
1550
2216
2287
1196
1288
508
1732
170
117
2133
1957
560
2338
2193
1858
916
2426
1470
1799
2139
561
388
530
888
2474
798
2215
1976
680
1814
869
1097
1290
782
1918
1922
1048
931
149
2002
601
1177
2230
367
1634
345
1067
1155
503
193
2313
18
1590
431
2014
1771
376
1318
451
1522
1491
1737
991
897
2418
353
642
432
185
1549
2206
2150
2258
2261
53
481
2013
652
1624
704
779
2201
787
175
2075
72
139
1563
2257
1267
2065
833
650
580
1194
1237
334
1653
1897
1974
2379
2042
56
2102
459
670
2318
1429
1689
1361
490
890
309
382
78
2031
115
2124
1940
458
486
136
1900
1685
1944
1235
1412
275
2323
2088
583
1270
564
1371
408
509
1854
969
679
1632
596
1786
629
2405
1049
104
411
2060
138
1225
2281
258
1730
208
2331
1871
2068
1027
948
2419
449
1977
1801
1989
1301
498
478
1934
65
2044
617
1238
2406
412
1499
142
1638
1354
761
716
440
953
1722
1139
1552
840
162
1655
2500
2231
1343
166
54
1580
2259
533
2097
1514
1830
2157
1246
1919
2357
1739
1348
1675
1853
1997
2280
2412
1764
2451
1434
141
1385
2269
1503
2089
2199
338
127
756
216
285
2428
694
621
1639
2054
1096
1914
1217
2114
987
130
1497
506
2011
1399
1041
1254
1346
1866
1129
2315
324
1658
839
525
940
658
1167
51
2010
1593
1513
2413
2098
1424
797
1310
1700
1671
2290
2317
1339
1528
915
1275
980
526
64
873
1622
845
1297
346
703
22
748
1249
814
156
1460
543
1953
2262
108
1121
2390
962
1832
1303
4
2284
2481
1248
1406
2172
1839
1629
198
1183
1388
197
236
2118
1190
298
396
1379
169
1538
1546
137
278
710
143
1533
155
1329
2367
996
434
2094
762
913
2320
2478
591
343
1229
82
1173
1855
634
2001
462
1978
427
584
2298
1184
1008
1405
641
635
2166
813
356
1258
1266
1923
2164
1321
735
781
2453
1099
1648
1230
448
2066
1547
350
1149
45
1147
1767
418
228
1561
1340
360
2278
95
1652
1554
989
1473
1544
573
2384
1382
2017
191
1559
2048
648
2263
1458
352
1243
2288
2185
295
827
908
527
2459
557
659
2497
2397
1349
1006
1600
1052
2212
2399
789
1024
1021
1586
2081
664
1610
935
1401
711
1512
592
2253
1162
2487
893
1180
2229
581
1850
1727
1432
687
2012
1864
1284
1160
1380
793
323
965
1909
482
1394
550
1420
259
2015
2416
2056
2431
874
249
774
767
950
847
1062
740
1132
2082
2434
867
12
341
914
383
239
1111
1886
734
2334
834
900
1743
520
821
1056
1218
1870
2147
1571
1071
1968
730
477
1331
1982
855
395
1214
1805
829
624
2364
921
2378
1151
1804
2141
423
646
291
2205
649
1362
2140
1213
823
174
791
1009
616
1298
2105
672
1612
2209
1762
2370
2046
1481
1449
1221
390
2435
1667
21
445
578
638
884
2030
374
119
1025
2194
721
2184
726
1436
1026
1669
896
2260
1992
489
144
2073
1815
1646
1391
737
2321
1299
2074
2286
1164
2174
33
656
212
1150
329
546
722
150
1416
1273
1278
1300
1312
1759
2350
2168
500
926
933
317
504
2361
906
327
1474
91
588
1698
776
2455
682
846
274
402
126
2347
1431
1965
862
669
2116
1211
2163
403
77
1079
1780
1482
1903
58
1393
532
1527
894
1332
2186
1392
43
997
1016
1809
1492
289
40
180
219
1477
1020
2033
2295
1778
1556
951
709
2394
1948
1668
1308
1542
1581
1926
3
206
1681
35
87
1378
1166
1174
1811
1294
159
883
1714
902
579
1358
1745
1915
889
2417
496
1597
133
2385
24
690
2200
52
528
1061
763
1933
1154
911
90
2112
1212
1521
1690
571
1043
1475
1928
42
287
361
605
308
778
2480
1984
1694
860
2277
446
2368
819
898
1891
777
1109
772
868
2173
297
424
995
2063
999
1081
1927
2289
1376
2470
1367
2456
248
695
1047
1485
1637
602
1403
1609
686
1754
2040
1050
316
2062
2386
701
1664
1659
2178
1411
1291
84
1397
2182
1673
59
1751
1133
330
644
857
1704
595
1756
1170
822
1446
1110
44
1995
25
1285
1904
161
810
2282
215
1094
1798
470
1375
2452
977
828
895
2415
1770
436
599
1119
1896
160
1753
1777
954
905
1916
2155
1400
751
2007
1672
1296
1877
879
364
630
1857
1355
610
688
1430
1573
2087
38
1444
1733
1086
1913
1594
2032
2407
1370
643
1908
450
93
2045
1279
667
1040
2138
1724
333
582
2468
2171
1421
1834
281
1500
2268
1687
1045
741
820
1782
2241
1820
1779
2204
48
1005
1881
473
2152
1703
1091
1352
1808
983
1220
2352
575
1747
1723
1293
1865
1520
2249
279
124
1603
2377
2189
344
2203
1140
2483
1191
366
1662
120
1822
469
1665
815
1846
1566
1222
252
145
1888
2425
1118
1884
570
1148
2273
2176
1464
2026
1983
1234
1562
1135
400
370
718
1281
347
877
1452
405
2061
928
1585
2328
715
1947
2079
1688
909
221
2156
1790
993
1423
1419
1510
267
566
1274
1842
1185
246
1315
1101
622
934
795
2219
499
260
2454
2191
493
1120
2145
2411
337
179
2305
1241
2008
647
946
744
796
537
1314
1987
826
743
529
1265
1969
88
1383
378
1709
218
1883
567
724
195
871
2359
1165
1945
2083
1445
2310
2115
2329
1710
62
2125
79
713
1577
1078
1316
1089
375
2345
1271
325
290
511
2084
665
1868
1179
122
2159
303
2311
369
2243
2461
590
1686
1347
1335
1950
858
1126
118
111
2276
379
199
1498
217
1240
1433
691
640
1404
1269
1657
944
1360
2236
851
589
920
1631
1620
256
967
1479
1476
1734
1236
841
2460
19
487
1012
1395
1725
182
2213
1678
1829
2389
1515
1002
1882
1250
2165
1937
930
401
2190
1161
705
594
1705
1917
2226
1720
1878
1635
1746
1966
419
927
626
1898
849
200
1572
872
1014
1228
1223
2381
241
1849
1439
1711
2239
2272
1682
2029
1644
1366
2019
2024
882
73
2149
168
1060
1817
939
786
1972
2151
1541
875
2414
425
1539
978
727
2297
2004
910
2070
952
1083
1783
2162
1628
936
2380
55
2214
2475
2110
2441
474
269
420
307
723
1336
1306
512
972
1441
1216
1311
404
2349
322
2000
1115
608
1442
20
1268
2146
963
1867
1324
1197
739
2466
430
961
990
1892
587
1486
372
2354
2035
1
501
471
8
377
435
675
1253
979
1946
456
2251
1616
454
1601
609
1480
2356
2036
1951
27
1031
114
1565
194
2091
1226
113
1359
1437
2071
1077
1462
1440
340
633
2325
2034
1309
1859
1059
2319
1872
2142
2161
714
312
1037
2096
651
1255
1697
1692
2256
2143
1323
1334
524
2387
328
2127
1676
1925
1494
2041
1189
1131
1735
825
5
929
1970
1532
771
441
2392
2135
1205
955
107
1964
1054
1670
1261
1068
1519
1758
2099
148
708
1195
463
2410
625
46
2108
178
513
943
731
974
1022
1873
2274
76
1158
539
292
1122
2197
2344
1055
985
2296
237
2488
1684
618
109
1199
1531
699
223
1856
837
535
1103
1107
1536
310
1785
891
830
1750
2160
1677
1350
2038
661
302
251
1742
1985
1558
2022
1495
1390
37
1660
2499
1691
572
1741
106
1163
1186
225
817
1075
1760
1807
2445
2195
268
1819
196
203
240
1893
1469
2128
2433
2244
2250
2207
1721
1967
2458
736
2225
1791
348
2358
1451
2469
1837
349
1712
2123
1841
2224
2202
1106
870
406
2198
2211
1626
480
2092
1836
2292
386
438
1326
2027
359
803
2302
1598
2093
696
2374
698
1408
657
1202
460
2177
1201
1063
1080
2343
541
1693
1599
1650
1176
190
1357
1239
266
15
2220
706
854
433
552
437
685
519
2104
2285
1224
2373
2351
1861
2148
1929
2430
733
17
1656
2493
1905
1036
1766
299
284
1708
243
689
1143
2021
607
2432
1640
2366
717
964
2403
1344
1761
548
1996
784
516
1619
1208
1030
1595
880
13
1557
1827
304
1187
2400
2330
1874
475
2240
1193
1000
2322
1718
1033
1070
1345
293
209
415
288
461
1368
770
320
988
1410
755
2130
1373
2043
177
1848
9
2463
960
1508
1683
2341
101
1812
728
613
1116
210
1506
1182
158
1851
1602
2009
315
207
662
1035
800
2047
1973
2438
693
757
540
1466
1272
1207
2254
479
1125
1880
2080
2016
719
764
632
1113
129
1435
769
1402
1262
1227
2218
1003
1467
1172
971
187
2471
262
1564
2227
2335
2101
2117
637
393
1523
809
1364
1717
41
1516
600
668
1795
257
684
945
1428
852
1941
966
853
1641
1961
843
2306
1567
6
1701
738
1838
2233
1876
70
264
1505
1823
1015
2291
1584
968
2129
1614
1875
1560
1885
1252
1447
1757
1988
885
1591
1007
1806
1209
362
1192
339
61
2308
2067
1417
94
1398
2449
749
413
1986
416
924
1696
1583
357
2238
1204
1844
272
750
110
2076
1618
238
1215
373
1702
1461
1932
214
14
984
2275
1537
255
1013
1816
176
1478
224
2180
2248
2498
1264
1051
863
1902
277
1803
923
554
683
2153
517
116
1302
1484
1755
2402
2401
515
773
1152
1203
603
1104
1630
563
947
2309
1608
186
788
242
1789
2333
205
2
631
1108
1487
1493
2055
864
1042
484
1663
671
1342
358
1615
747
1145
1130
296
1518
140
455
692
1032
261
753
623
313
2421
1153
67
495
1159
1596
992
1752
1543
1661
1328
1317
522
1840
742
619
2283
85
306
1740
28
975
2355
96
1292
1351
355
1286
518
1570
1949
1991
1993
63
34
1198
80
1017
544
2192
188
1606
1765
1548
1802
2301
2348
1980
1105
253
1490
577
2362
2221
1369
918
2422
2448
1090
1509
1389
2332
1525
818
1377
2077
775
2154
271
1894
1680
247
907
1551
1773
2052
132
645
1738
856
2492
2006
1990
1774
545
2181
2267
1623
365
1954
326
812
1123
2132
1971
152
628
300
10
2457
507
861
7
523
1137
1502
89
2210
2450
1144
2053
938
1728
534
1589
1100
1387
1792
2265
1654
2409
1407
2113
1409
1826
1633
1772
2447
29
1935
1141
97
227
1617
1353
1396
1004
387
164
410
202
1488
2304
2134
1994
2122
707
332
2383
1456
1085
476
2196
1127
1415
1053
959
1057
2175
39
799
483
1981
2491
2337
1793
1232
1784
1828
2222
1647
2473
105
1651
1833
720
220
1001
2376
1084
1796
655
1998
1457
759
368
1280
887
1715
92
1087
986
1645
2095
1413
1138
1695
1719
464
1813
597
1769
1863
1821
1468
181
611
1962
1879
147
904
2183
2111
1930
973
2443
74
729
270
131
492
615
342
957
2477
792
81
2069
1890
1134
1776
1313
229
1627
184
2266
553
1555
443
276
231
663
1168
2326
1507
1450
2300
2395
780
31
497
2120
1427
134
1289
1679
666
1535
1124
794
447
801
151
1920
1039
1356
766
1251
488
391
1794
1242
273
2242
2005
558
1956
505
2479
311
760
2484
547
466
103
636
1579
806
2100
235
2339
1181
1540
1582
321
2314
2490
876
167
2363
1305
1604
2057
1018
2252
848
1534
2393
280
1824
465
2090
233
1845
102
318
1200
2462
222
1231
16
385
57
2188
676
981
712
1578
429
394
2342
807
192
1621
2169
1072
1748
1975
2307
442
1259
99
1545
549
467
283
389
204
1526
804
758
702
832
1330
2136
976
1483
75
1588
2119
1911
838
2360
69
1244
1960
417
1307
1489
1454
1459
768
1058
1034
1912
1146
1082
128
1818
1064
1169
163
1363
1455
1706
1716
2420
1592
1895
1524
2316
811
836
1958
452
173
2404
453
660
1088
2255
1607
1011
2109
2234
574
1463
1963
919
899
551
211
1257
556
2245
421
165
1414
765
60
1465
397
1156
250
2126
232
2388
2144
2485
949
1831
426
1095
201
457
123
1942
319
485
1337
2476
1038
2429
71
859
585
1576
1283
1093
1501
2293
510
439
1438
568
2436
2396
1023
1800
23
1504
1277
2299
1899
1979
1575
678
2179
2106
1955
752
654
1117
2353
66
805
1092
154
1797
226
1010
49
1713
1295
305
230
1887
1206
673
542
1611
354
1386
598
1666
956
1852
1943
363
2496
677
381
586
1835
121
2408
1574
1327
2336
1862
2375
1781
1931
2167
2078
2039
925
2371
2237
1276
1605
2121
336
1028
1568
2440
1936
30
2025
2340
171
681
559
153
1069
1418
1374
331
384
2235
958
639
112
2086
1939
98
917
1219
998
2020
2059
1076
1625
1333
2232
2346
1338
2437
824
1643
11
2294
2472
2464
1952
1304
2327
286
1372
1325
1729
878
620
1636
294
1775
555
1233
1426
2427
970
414
538
