1549
480
122
1874
593
1196
419
771
2271
21
422
765
634
1188
1542
1187
2088
385
1285
1082
1731
286
1842
1939
382
893
2053
1747
1585
17
1119
89
1617
1052
552
1534
961
537
925
1448
1342
2068
2261
650
1691
1080
63
1543
1163
1541
1094
2308
1169
2469
1964
108
1372
2266
1203
716
1105
1158
1581
1238
1380
2104
1027
880
800
1241
920
457
1512
792
1415
1361
394
2138
118
860
1480
1687
102
904
1756
890
1910
1301
1741
558
2328
845
1536
2486
1667
1184
1955
1875
509
2388
1510
553
1460
1772
1843
2
1760
1648
1787
186
2120
299
590
1932
1291
2044
543
1015
1471
1466
51
606
173
141
320
1845
2086
1738
788
107
170
1991
58
1243
2083
1223
594
2409
837
2380
1183
1376
2061
1915
166
1711
247
2365
55
2311
1850
1592
1367
2383
1256
2247
1818
946
499
2133
1095
26
2355
456
1029
2402
2285
510
725
177
471
767
1136
2414
1026
72
2198
1611
2444
821
916
763
1851
999
352
1749
547
853
512
541
2341
706
2043
2354
1412
722
1879
895
41
1439
1686
1819
1123
2156
967
1625
2143
1399
2427
2498
395
669
637
1719
1371
1888
1253
1628
1959
1598
205
1160
129
753
1289
2387
608
1333
1166
269
1467
1983
1076
104
2209
977
1098
1494
400
1752
106
2165
1114
632
599
1946
728
844
1911
1785
1913
1474
1893
412
24
2100
1067
481
1599
326
1722
584
649
291
2465
193
2433
2230
2242
131
1895
1103
717
5
2024
1142
1920
580
654
660
2232
1451
1976
1651
2084
1678
1499
497
49
1956
249
119
856
1202
2374
176
676
2003
888
1145
2041
814
1682
2484
1090
1206
774
1039
495
847
804
2160
1211
214
778
2278
940
1022
908
468
404
225
2441
357
278
351
674
1
2418
1411
437
416
452
189
48
751
2146
1003
810
2435
1087
1272
153
2485
2423
2121
2357
775
112
1020
1106
2054
907
1200
794
1069
2240
403
1350
825
128
1931
303
1258
1998
3
923
1111
1175
1059
1784
212
1856
220
866
1305
2197
1817
2316
2459
651
1306
507
503
259
2192
428
1178
335
1822
1144
972
1661
884
1745
1033
1491
2222
697
1242
340
1334
138
769
1763
1332
953
898
1274
181
2411
1723
383
479
2125
1195
224
1257
1012
1262
962
886
1181
2147
1130
1673
1507
2099
868
164
1552
2281
1736
2058
1032
1744
1265
436
2150
1836
2081
1790
300
1321
133
935
1192
1889
431
522
94
1530
2020
1465
1170
1633
182
2410
534
2091
842
574
105
683
1627
2047
872
1560
1886
1231
2464
828
52
114
2163
1864
1937
1735
1854
2249
513
13
2161
1363
199
2335
1726
655
1298
375
787
2377
2158
1771
1866
80
1591
1577
1897
885
2042
1703
1502
1199
2078
1802
2092
877
720
1055
2115
560
250
109
1038
984
1078
567
1786
2140
334
731
1927
2201
348
1933
1444
1427
491
1655
2298
729
973
1892
882
824
857
2102
703
896
1294
34
1574
1568
1643
2479
1835
2095
881
1826
892
624
906
1707
2408
1293
1045
942
1447
414
188
874
1990
61
1942
2210
1135
183
174
74
793
1058
423
531
1966
2289
952
57
2457
1922
2257
1509
1753
289
146
125
960
2351
1984
876
267
321
2187
2005
1455
195
1898
239
1416
2006
1907
1883
1079
2183
2185
2010
295
1379
802
150
1327
1525
1583
1621
840
1887
887
2382
1050
1584
2141
938
1837
2319
123
18
171
559
1217
1547
1300
238
2221
723
1096
1463
1172
610
1097
1244
246
1308
203
822
1433
60
1807
116
1816
1347
995
2442
2369
1839
1304
2251
701
1120
1288
2299
2049
719
681
235
1885
252
2450
2421
1074
2452
628
2327
1928
1905
1461
2131
185
791
1709
1267
2339
833
1263
2103
2170
180
328
1240
1982
2318
1971
2237
455
602
521
1714
1366
1088
367
1154
2429
1516
449
1919
861
1924
1418
685
1204
827
2070
1698
915
607
1364
148
14
1519
2250
627
446
535
1157
545
758
1156
1926
1567
1271
448
950
293
994
1729
476
823
1344
614
2018
689
1014
1064
1846
2333
156
645
518
2265
1601
1128
1140
1708
78
2007
1811
1529
1279
583
704
1060
222
1470
2169
2177
2220
1152
1041
1869
970
384
2326
296
1239
878
2489
1978
1189
1799
603
1968
957
1259
664
2015
263
713
374
1236
746
1679
601
1108
1061
2144
903
2124
730
1322
665
687
2391
86
2447
527
2307
2050
2482
1985
2036
1180
1102
53
1205
631
2127
2106
1405
344
2195
397
1733
2224
1388
298
1486
1424
546
1387
2235
343
1891
1880
2336
1619
768
211
450
1558
2264
2052
11
1979
2168
1359
1940
1360
1497
939
1900
1171
2440
921
1408
1974
1877
808
862
111
179
2353
1468
2475
2149
705
1040
635
1901
386
1317
1018
2094
347
1640
1996
849
2114
2000
1672
976
1681
2205
327
1767
319
2046
1190
1013
1600
2462
2471
1346
265
986
1649
2238
1618
475
565
33
918
1675
573
2259
2241
1071
1318
1746
811
662
2063
1331
1561
1988
875
408
2260
1049
2393
368
1650
2449
770
331
1960
120
693
144
1716
47
985
2419
1517
617
187
1477
2345
625
777
1198
945
32
1210
1677
1827
1696
1610
2412
578
1615
484
505
641
934
435
848
369
2030
647
2218
672
2495
1624
1024
2213
799
470
1743
992
805
2196
568
724
1482
850
2392
556
605
115
1218
378
2085
1435
493
620
1762
1841
1792
2313
2098
1459
798
702
1766
1684
1594
1330
1759
1345
1658
1718
1993
2461
463
1324
688
1544
1508
638
744
2399
2089
1934
139
1794
2363
1456
329
1533
1921
1362
1220
1637
1425
1853
101
743
2460
6
1358
1638
1009
1193
661
1116
274
2338
466
1313
1168
152
2322
1849
933
2178
1335
990
577
1695
2443
257
2148
1312
754
1564
838
566
229
1871
2002
2039
2397
1113
1213
2188
2500
324
12
2027
826
2031
1343
2446
15
1449
1815
2207
2425
83
162
586
988
1395
1295
474
600
1261
2371
1428
287
1369
2360
2480
478
1438
943
1161
1646
596
2468
1430
1936
576
1389
2132
506
1554
1266
1604
524
1972
1532
140
281
670
2340
147
1248
2200
756
2139
23
390
1962
1545
955
1503
2167
1065
677
1803
978
161
2229
2174
738
1037
867
27
284
1326
338
65
380
1191
31
1904
1046
623
1440
2179
285
712
2305
2422
2033
84
1685
209
917
2093
1109
2051
764
373
2432
1083
1801
1383
426
2087
622
1151
232
1832
1957
1623
1680
585
1417
1989
2223
2108
659
2040
2384
1863
1894
1031
1572
2474
2309
1609
1630
1641
1563
554
2390
2424
504
913
1505
1593
1674
1961
2386
172
1423
2426
1782
1222
956
1969
2279
2454
1270
1626
2075
1504
807
158
2492
2186
1233
389
149
711
1478
1133
1296
820
1575
1514
813
2367
2352
2202
56
616
77
145
155
1110
262
1868
219
1104
1066
2017
2034
2331
1605
1147
2349
498
2343
2171
184
402
2008
795
1660
894
2456
1899
1307
2069
671
1582
1829
204
937
989
1647
948
2079
1299
1573
1420
427
1664
2389
82
2346
492
901
136
2211
1751
359
1407
2344
2494
2320
1392
1057
2407
1524
318
1132
1865
1281
196
399
549
818
909
1341
2267
1286
396
1669
1804
2463
2076
443
969
612
1384
2376
1813
2268
772
1758
355
439
1644
2248
2255
1393
453
1443
761
2276
760
1413
1689
1949
1035
1000
1670
1882
1632
2023
971
1778
1442
819
1044
2227
889
1283
371
2337
100
1302
1011
2436
1068
2303
2359
2306
1325
2077
1973
2231
1007
1950
997
1748
154
870
337
313
1951
215
1008
759
302
330
45
213
931
2154
198
2269
698
363
2406
2243
1740
981
1668
1320
2009
413
2277
2234
2295
1446
516
2117
2373
666
1704
458
598
1797
1857
221
2445
796
879
1967
1821
301
135
360
1131
1992
1479
376
2056
2321
1789
975
1590
2074
169
1278
365
40
2001
73
2368
1275
1404
1062
1688
1947
734
2101
1613
1912
132
533
1639
502
1694
515
1292
1351
30
1475
851
2334
1565
2491
1354
2215
1370
370
591
1077
2080
253
271
1671
858
927
244
1930
1820
2164
517
1397
1645
2478
1734
1834
1125
388
1727
1657
644
630
1622
2004
640
1462
1775
930
307
1527
1473
1495
1706
1596
843
7
1555
1084
66
678
587
752
2097
462
965
569
1127
1683
305
192
2113
22
929
2417
2497
629
1164
1774
2401
575
81
595
322
928
1349
656
1001
924
529
1377
1043
1952
2325
1557
1878
444
2473
1981
2019
236
260
561
1847
2134
1780
680
1153
951
308
361
1776
652
835
472
1994
233
39
1030
2430
294
2372
1165
126
519
1515
113
1858
2493
1705
1862
1720
663
1235
1483
282
1697
467
783
1386
1764
1453
1481
684
611
1063
117
1742
1690
194
1535
2405
2012
68
1521
1141
766
1021
1260
1251
1636
871
2488
1112
242
1975
1086
2016
2330
1809
911
1099
2302
1870
1228
1860
1226
1219
958
2225
2112
2151
963
2258
364
2214
44
1352
2228
486
1953
2166
20
2294
1340
38
1884
2246
1662
1264
1999
10
1070
1935
2217
2296
2180
998
1148
2245
855
142
2317
2028
2477
451
1881
739
829
200
1353
231
314
707
2287
500
1861
987
1500
891
592
1487
544
98
1201
588
1788
1176
25
2314
2073
1229
1284
1620
1254
949
2038
1410
2398
1906
750
465
1010
1848
2181
2064
1316
2439
266
2273
2348
2366
2184
1986
941
483
411
852
1484
2275
1303
2013
50
103
1245
1426
410
922
1139
2190
1053
1150
2396
1909
1569
643
1309
741
2032
1227
1137
1356
1923
1129
1916
159
699
2358
1394
1546
1115
1806
542
1182
292
2111
1562
1167
2476
277
1390
633
218
1004
1431
1805
130
240
1576
1890
1406
786
2385
1795
854
1765
258
1925
2448
1036
2126
816
2175
2182
2142
2378
99
1713
2413
1995
1739
477
2274
658
165
1616
1761
2324
1659
1174
1173
2072
2347
2254
523
306
809
2233
178
832
1373
366
2291
1531
539
349
959
415
1085
1844
785
1336
1432
1908
2466
2045
1631
2105
251
1808
2434
525
675
2107
1107
2415
1149
1002
1177
1666
134
2451
1791
806
1450
757
137
508
2263
1665
718
223
789
1522
1587
736
1830
1458
571
2356
1812
1702
42
1732
317
216
1537
2152
964
900
1287
1642
2226
1941
1246
2208
405
540
2212
646
1234
817
464
1121
919
902
273
2216
459
615
29
59
726
581
2021
776
1402
1852
1155
1441
839
714
377
859
2116
2280
1556
727
1589
96
991
536
1492
2472
784
841
1250
254
1143
511
311
864
230
255
2193
1186
425
1075
1207
538
1539
863
1586
1230
609
434
127
1437
485
440
261
90
1268
2381
836
1338
2290
748
1606
2292
442
801
1221
276
1208
1091
944
2342
2350
208
1337
562
779
1101
2172
1237
1948
582
2256
1721
1588
43
968
341
429
2118
1800
830
1422
1215
626
735
1051
2048
1280
430
1980
589
686
1315
550
597
487
226
2244
245
514
2059
1944
288
356
19
69
1126
673
1197
207
227
1663
2310
372
2026
160
290
1445
2176
936
1730
619
548
421
1725
2400
1566
1100
2206
1918
489
715
354
1831
1385
905
1833
241
721
473
2455
1019
2431
2022
197
1092
983
88
381
202
16
621
846
1212
1368
1597
667
1579
692
1768
657
2438
407
2312
1553
70
379
1595
168
2062
1118
85
1825
520
1277
350
1614
346
2122
1081
2481
1773
1701
237
1124
256
1357
2082
1840
1122
1945
1728
873
1715
1938
733
2055
92
2404
175
2361
8
694
1072
1273
1252
1249
530
2487
993
1700
488
2025
447
745
310
496
1381
1570
91
2253
2128
62
234
1867
441
1311
75
932
1652
1896
315
1970
1793
2096
2496
1464
1454
1513
1608
283
1656
1653
2300
557
2236
217
210
332
834
28
1902
579
1511
613
124
71
812
1117
2364
1485
1134
190
648
432
947
2123
2416
157
97
1048
1391
954
1823
2282
1421
708
2162
1276
35
1750
1828
690
1757
2109
1401
1654
2379
1355
1469
1777
1216
1073
815
398
790
248
2437
2329
1779
1635
2270
2304
570
2315
2090
333
966
1429
445
46
1093
2137
9
409
2136
1954
1017
781
1194
264
79
54
1796
696
710
1692
691
309
2065
1634
1498
1528
1419
563
653
4
2395
2252
1209
391
1872
1559
2458
1146
143
358
1488
1607
2332
780
1977
883
668
1185
438
1472
2272
737
1436
270
1319
228
387
1712
2153
1023
982
2129
1247
1903
2155
1958
110
2130
87
392
1214
572
304
1225
1054
1282
2145
2204
393
1323
742
528
555
1810
2283
417
1365
1501
362
639
191
2067
2499
2071
755
67
1329
2375
979
1540
1162
2037
2035
2173
1770
2470
490
1398
1403
2467
151
695
980
2293
1571
912
482
95
353
1578
1754
1737
2370
2284
1724
1297
1006
2119
268
1328
747
1914
926
1551
1755
1997
1929
1224
2490
2362
1538
636
2199
679
2159
2428
76
749
272
709
2394
316
1414
2219
1824
1005
869
1798
206
1612
1506
1629
460
682
1493
1269
279
163
1693
1375
1396
2262
1781
1518
420
618
604
1089
1025
501
1602
1348
325
2323
2057
797
424
1963
532
831
1943
201
551
996
2191
461
1676
494
1523
1476
2239
1550
1138
1452
1603
345
782
1580
740
1526
339
1255
1034
1873
2288
64
167
1489
1457
2066
275
1699
1496
1016
1548
37
910
899
1520
1859
1717
1400
1042
1855
2301
564
2135
121
1179
1232
762
406
1814
1409
803
1056
700
974
1710
1917
2286
2453
1838
2194
2157
1769
2483
1434
1374
1965
773
1378
93
336
1314
297
1382
2203
401
865
1159
2014
469
2420
323
2110
2060
312
2011
433
454
1310
2297
1490
243
36
418
897
2189
1876
732
1028
1290
1047
642
2029
1987
342
2403
914
526
1339
280
