383
2246
753
227
428
1035
446
569
1350
406
875
99
1717
817
940
191
1674
1488
1589
2056
883
1439
951
648
425
1024
621
1456
801
760
2234
1737
611
1270
47
2239
484
1794
1797
1317
1587
2433
1952
2240
1366
166
1367
1080
1607
120
2065
887
1893
1207
1044
316
763
1992
1704
2051
269
340
2273
1963
1951
1299
969
2181
2269
1197
1999
1387
584
2140
1720
1070
83
1342
827
2220
1683
694
1803
1285
2023
1148
665
1176
204
1862
388
2308
803
1577
55
296
1050
168
361
1460
1229
914
625
2039
1085
2071
2032
1512
1852
1170
1825
1830
439
996
1902
25
1938
1330
882
1183
2414
2442
2141
612
904
1559
1238
504
378
926
2335
1256
1088
909
1269
1818
1959
2338
1156
1820
2352
2189
1814
752
1869
941
528
2037
1390
70
154
1252
2327
668
1351
2303
1853
855
1163
1433
2232
2376
1545
577
1096
1945
877
718
235
2182
205
1019
2102
183
901
1321
1129
967
1377
33
274
1974
1345
679
1118
1639
115
1606
2007
585
37
1734
1843
2011
1265
502
836
1655
2128
730
2284
1600
1726
1495
1149
1921
1776
794
1421
906
1301
1250
1566
1150
181
1201
1694
1833
1591
1567
467
1802
1311
1015
947
8
980
1249
267
977
660
1092
1516
1965
1054
2486
284
1887
2412
1906
1817
932
755
1193
241
1303
1888
1376
746
708
1141
62
1302
2114
1584
1465
2210
1659
735
691
2380
831
2123
1824
2058
711
952
2403
1022
268
1836
555
1166
1543
1670
2423
125
758
1242
2174
2
1626
339
1393
1744
1534
158
1154
2097
2347
1198
1413
48
1408
1715
1807
2176
1501
364
868
514
1605
2321
1792
189
114
2495
147
580
2002
777
2426
1970
2160
1503
1459
121
1987
661
431
1195
686
2424
2261
1450
2292
1654
1326
851
1491
1775
878
2466
706
1171
382
2293
529
2405
826
1618
1247
1819
2485
400
1966
1030
802
2355
729
111
709
1143
675
20
908
1985
768
150
2166
195
2064
2038
2251
779
331
416
1003
77
1755
856
2111
995
1795
1937
1060
1454
2124
1686
771
1112
375
1583
1514
1089
371
411
520
2383
824
2396
78
888
2374
1696
833
655
1950
2090
1130
187
2175
178
302
619
1609
516
756
1159
2106
1416
800
1267
2010
491
2101
230
214
1191
1844
1352
575
2070
1713
1635
44
1845
123
1485
574
953
819
2115
1804
1305
1875
242
942
1453
2157
1273
1274
345
1337
1336
87
806
1697
74
902
511
334
1765
2362
140
1647
2315
1632
2054
2314
849
2473
2208
109
865
500
1660
1075
1482
1091
348
553
1370
1894
1316
1069
1203
1571
1463
1034
1515
635
2043
1109
1127
923
1222
1800
1778
2108
2333
2266
2142
857
2368
213
2091
1752
170
532
1233
1374
2365
682
61
1053
916
1251
2330
261
2372
1700
1147
1598
839
106
272
881
757
318
2148
13
1593
1214
289
1400
1549
460
545
1018
212
674
355
50
1467
2364
21
437
1874
39
618
451
1061
2312
495
2378
2226
570
593
1544
293
1774
402
1748
1391
1427
435
1936
2472
867
986
145
1716
1489
1468
1917
1667
1219
222
2169
1021
1297
1509
2013
2009
1675
177
703
298
1568
391
1431
2384
1551
343
1788
1126
1499
2053
721
1948
1702
56
919
1693
209
573
2296
1731
1711
641
196
2401
2030
2134
1705
1361
1518
313
750
713
858
1087
2245
367
1739
1671
98
820
1665
2125
1531
295
725
1758
548
2313
1533
108
1652
122
879
2413
68
2021
2302
1740
804
291
521
639
1290
1689
884
1277
576
1621
224
1202
1695
807
2014
486
1026
1264
968
714
523
1422
701
455
403
1298
1599
363
23
2452
772
1650
2098
221
2122
670
1241
1876
2042
1947
1346
2060
960
1881
1682
304
1155
2415
1105
871
1582
1108
671
2480
1276
2171
2008
288
190
2500
2459
2278
2437
581
1630
344
401
2165
2455
1165
30
1552
1532
1307
245
1010
1029
1398
134
1347
2179
2116
905
58
1291
2048
1228
783
1093
1638
1177
1293
1648
1712
1122
2191
321
1890
2491
2493
1211
2398
469
1153
991
2207
1332
353
1707
2457
2085
2324
918
622
193
1268
67
1840
248
2079
1312
1343
1935
160
1735
1838
49
2287
956
129
1236
1837
921
1725
405
1854
1296
1907
52
2247
1181
1124
2339
610
733
2320
2225
1601
1871
2471
210
1743
1908
1498
2286
1223
399
2377
780
386
1625
433
1379
1590
1136
1816
975
642
250
172
767
1979
1690
162
336
417
206
568
1140
1033
1436
472
843
322
325
1373
1189
2400
1349
1832
1687
2146
1698
5
2498
955
1749
1762
1886
164
924
203
1672
2076
1968
1685
113
603
1701
452
2143
1916
1110
251
786
1663
75
350
764
2470
2211
847
1597
1497
1151
1040
2112
165
710
2217
2346
672
1013
1961
1596
2178
2063
1023
2366
489
1275
531
2272
1259
2177
2138
2193
1102
385
2118
507
2031
1162
766
990
512
2075
922
1424
294
1310
1047
1420
1977
1614
1631
2205
812
2441
1045
29
1384
180
864
747
848
327
34
2194
303
2418
1116
2066
2126
2230
474
228
16
2359
597
262
2180
1438
874
360
2029
2121
1185
838
408
2204
2144
999
1912
1620
1205
2088
2256
506
561
148
1763
1213
1399
2041
1865
1975
1221
1104
1434
1125
869
1827
844
1356
1396
2408
608
1989
498
1445
211
101
1344
118
1031
2062
1651
14
1574
837
2117
2206
704
664
1348
640
2451
590
1572
88
73
376
2328
100
1537
482
1541
1415
1410
810
1883
1039
413
1860
1958
1785
2028
45
2436
479
237
396
2186
2212
1079
1806
586
1000
2154
537
1925
424
404
1972
1258
1161
1016
1175
1664
473
658
2145
647
1793
2361
973
91
1392
1722
1771
1314
1234
976
938
1440
1426
1953
103
727
503
2190
359
627
379
2136
2417
571
1478
501
1673
1226
1064
76
591
2167
1628
2185
1822
447
127
94
2187
1939
1188
1425
215
1867
559
1037
1423
540
913
2209
550
2012
2430
2119
1178
2446
2044
1809
1365
527
390
793
1338
1857
2004
861
632
1083
226
743
1575
895
358
2024
567
1094
1558
471
1451
54
565
724
2113
788
1194
2022
1098
2461
1658
560
233
2336
998
912
35
1848
707
2481
12
685
1738
937
818
609
2120
136
218
983
1868
1750
539
1520
1926
1072
2394
2317
434
645
201
656
541
792
2342
456
1062
917
1513
1645
631
441
669
549
2242
896
499
935
1364
1842
1319
1052
2163
1872
891
2093
2197
761
2061
2149
774
598
1962
828
1536
418
1327
650
789
1283
2494
264
220
1145
1608
200
1692
1629
1483
1204
2237
2276
2082
280
2450
273
368
319
1063
2309
1470
2298
1756
1714
2407
126
1619
2332
2289
2282
1808
448
238
1012
979
876
1528
1186
1858
290
2477
2231
2271
736
1471
1980
394
1710
1372
2290
2080
1928
1318
198
2132
890
1300
562
850
95
1036
542
2440
2358
2448
1412
1
988
1603
2159
2325
265
2431
1084
1360
1359
1757
1001
903
1751
179
2107
247
393
1386
1397
1409
86
197
1984
1994
2026
2198
234
2257
623
1530
159
1889
2233
797
971
1847
2109
1068
2104
1993
2280
992
939
927
2264
462
1909
762
1617
365
1502
186
737
1462
373
1078
2219
2389
1588
275
2133
430
1730
208
299
59
1137
155
2274
885
31
1550
297
104
974
1187
1257
2363
1595
1611
897
1065
102
2150
2216
2318
71
1569
169
1922
715
1900
1466
1957
2409
688
1341
253
450
2371
1388
380
217
961
600
352
666
81
1411
1218
2420
1007
133
141
1262
2434
1113
2305
978
2326
1565
2263
1826
410
1787
740
1956
1325
741
1834
1446
1230
119
1855
1949
1885
629
1998
907
174
1119
1114
765
700
1623
1418
2055
1473
1160
1811
490
1728
2183
1441
1477
1371
854
1669
351
1358
720
2445
602
518
2411
594
2235
1169
377
310
1490
1192
2035
1680
963
544
69
781
1789
1821
1353
277
1895
936
929
2078
1294
1996
1055
2229
860
911
2068
1295
2489
1074
782
1991
928
2168
814
1452
2164
1641
2458
332
2387
105
1306
131
2291
1333
249
517
2464
1971
1898
1982
320
2072
1077
2073
1799
2482
1066
2127
236
1540
1839
813
1547
1058
2463
1873
27
692
477
389
2224
1915
589
680
1522
985
1135
957
2301
1960
64
1227
1076
392
2344
2161
219
1863
2059
1553
2404
775
663
791
1745
194
337
1324
1612
2490
1157
1331
1437
2153
2099
2215
1315
1976
135
43
1121
161
2019
314
799
2419
1225
429
1633
1880
1011
1657
2402
1404
1282
770
475
966
705
1699
892
2222
1511
223
1224
2000
805
1309
620
1362
1861
702
673
1043
496
231
397
2162
1380
492
533
110
1891
742
732
1100
643
1719
2201
2487
1442
323
2307
2484
1414
1810
1215
171
476
954
32
987
182
1200
258
1646
407
90
1666
2275
1640
2283
93
630
1288
1167
945
1402
1988
2475
156
1216
1760
1028
1983
551
1986
2255
2381
1801
1557
137
1461
347
899
1773
2444
1676
2199
759
7
458
151
943
1706
2379
130
1449
1930
582
1492
1042
2248
1554
1081
1919
1179
300
1732
2497
1231
370
244
633
65
834
1378
1688
564
468
696
1769
1510
1244
2152
1846
2492
2447
1263
588
2151
863
1146
795
1812
2476
1493
1006
1313
185
751
454
1253
1783
530
1025
357
270
816
1115
1363
606
825
2357
1073
599
522
846
144
946
2221
525
726
845
716
1500
306
1805
2456
1049
2299
1329
1071
1561
2488
1560
1627
1139
1955
1355
419
1279
308
1723
255
1142
1879
420
128
2386
487
1742
981
2025
773
173
1779
1870
1615
1180
1761
1578
1897
15
1964
948
1457
1904
1899
2131
2360
1940
1381
2443
1901
84
271
317
132
335
949
1232
1444
690
66
870
175
1158
246
2223
1095
1152
412
2001
1199
693
1727
2474
2435
1405
934
1017
2265
387
930
287
1190
1128
2069
719
1005
1790
595
17
515
2322
676
2382
862
744
1480
1910
1111
2399
63
414
444
1475
2081
1173
229
811
2015
1604
2354
1395
124
829
2094
579
2214
1662
2135
1090
950
2438
1447
1813
89
1507
1278
1027
933
776
2200
2353
453
1133
11
432
2047
282
832
1613
2348
1524
1144
1746
636
1328
1918
2393
97
1101
2262
2391
1032
1637
338
1586
2496
440
2052
138
1429
900
2349
1340
1526
1484
415
2258
554
1476
470
524
925
2236
362
1546
409
260
717
112
1286
989
1997
2005
117
1517
1878
1579
1248
1721
1535
1002
2351
459
738
2213
1708
1624
546
626
769
556
840
578
4
421
1529
1403
1004
381
1097
92
728
464
326
1954
1527
2003
2343
1943
1642
566
1927
278
1419
893
239
1741
1585
2356
1487
1905
2086
2195
1354
2345
1718
1472
1941
1866
1383
748
809
1212
944
1284
372
51
311
1563
1504
2202
2227
587
1882
687
60
1849
1573
796
678
873
1580
2147
2045
22
42
1929
784
1382
1106
436
798
1401
72
558
1896
859
1048
982
823
1934
1435
1684
2449
329
637
1521
1622
2350
2468
2253
513
465
309
483
1417
80
107
281
2329
697
443
1770
2228
1014
1995
1780
3
2439
1196
1494
2395
1967
1289
2295
207
423
2427
1496
1217
821
1394
852
330
82
1525
1240
1768
2192
57
1592
2288
1555
1581
2050
2467
461
2077
712
1944
1086
1828
2465
1548
2453
167
18
698
994
1914
1736
1923
1243
1184
188
349
2188
481
2469
604
2460
1859
2334
601
2103
2084
1913
1103
1260
2306
1791
2285
616
614
243
1443
2483
1864
356
1505
2040
1884
1458
2067
1009
374
143
457
1271
493
2218
2370
1668
1174
445
1255
463
263
354
1594
1123
442
965
808
1946
157
2294
1920
880
163
1056
259
438
2252
2139
466
1759
1691
572
192
142
552
1850
254
617
2027
279
26
1754
1892
216
2129
1469
1782
695
2499
1245
1766
1835
1339
312
613
480
2105
2311
993
835
1287
997
605
1168
2033
508
1942
853
146
910
257
153
1679
2083
139
333
915
2087
449
1334
2095
1786
734
519
1131
1851
1539
2238
1209
38
652
341
785
1508
547
2100
699
426
842
2184
1978
2196
886
1969
1322
1903
2092
85
1280
1829
2130
1138
662
1182
722
1796
1292
2074
649
2006
830
1266
510
276
2406
1653
1235
232
1519
1932
478
2049
283
324
292
1815
787
1542
1990
1643
1132
1856
1272
1747
256
1772
266
1636
2158
2454
1678
628
1246
366
1781
240
422
778
2392
1777
2268
790
2425
1506
607
1323
1486
1220
509
2243
328
1099
28
1931
2173
749
152
1335
1649
2254
1304
505
96
19
543
2156
2428
116
1375
1117
1709
2016
24
657
2096
1784
1798
1210
2259
2432
2034
534
535
301
1120
624
959
1677
822
1448
684
1407
1237
202
398
9
2270
1644
654
1724
2260
2297
2479
494
745
659
815
1602
485
962
841
889
2249
2036
1008
1206
1733
1239
1369
1729
526
1320
252
1308
305
2416
1455
2170
79
563
931
1134
683
1406
2367
2388
1479
40
2203
2369
1082
2281
1661
1924
1764
2110
1067
920
2057
176
1767
1981
872
2390
1523
286
1570
2323
557
1877
894
1281
1538
2277
2020
2017
41
2300
536
1057
1703
970
2267
1973
46
754
592
677
384
2375
596
2316
651
646
2385
958
2155
1164
2250
369
2241
2331
1261
1254
497
1357
2462
2244
689
1368
2422
1481
2279
2421
2410
1562
342
984
1389
6
1046
1430
1059
346
2429
285
1634
36
225
395
1172
2310
1841
667
307
10
1576
2340
1656
2089
149
2341
1208
315
1556
2304
634
1041
1610
964
53
1823
1831
1464
1385
898
2319
2373
615
2046
1753
2337
1020
184
723
653
1616
1432
427
2018
972
1933
199
681
731
2478
583
2172
1681
488
1474
1051
644
1564
538
866
1107
2137
1038
1911
1428
739
2397
