653
2390
2071
2216
188
1535
1843
215
1420
1648
2150
2423
1434
107
783
776
998
1006
1034
151
1268
1287
948
515
1532
763
21
845
979
2494
1753
2310
2352
1673
1160
2107
310
675
2158
1182
2186
1592
2043
2276
1783
687
2022
359
2196
25
2467
1205
2061
2095
1962
1621
2329
1047
20
2011
2227
1897
2333
1500
1944
1169
2106
1731
704
1227
234
1985
660
1320
1274
1086
578
1817
1890
545
1103
1416
1671
1989
30
2112
992
877
1382
911
2224
2210
1759
1854
41
1725
697
722
2245
1699
1294
379
1321
554
275
431
487
1057
206
1310
1132
2351
548
1467
599
661
1283
2337
637
1225
2485
490
1709
1690
1092
1836
1747
2034
2304
575
1261
1425
323
1049
2023
716
507
2490
2371
1189
1814
997
1179
812
2130
820
11
823
89
1593
424
2113
645
892
558
511
2484
2421
1950
2290
1679
614
1402
1806
577
760
1574
2143
555
1581
1918
1076
2438
2
1298
1091
2500
1907
1554
1885
1286
921
1610
344
2221
1678
60
1954
1478
1023
713
1988
840
459
1389
1032
1706
1718
2402
835
383
1095
1258
1233
741
1044
257
1203
634
34
708
1881
1210
739
274
401
51
1776
1735
1847
1664
322
1896
2233
1901
1266
1127
579
1999
449
1700
1716
1247
890
2066
1590
63
270
672
937
122
168
2180
397
1624
1550
1598
1010
417
1844
1513
82
409
1458
398
1446
1198
1383
908
10
1579
1326
654
2288
2119
2483
1378
183
1505
404
2492
1429
1537
13
2405
280
163
104
695
211
56
1748
1705
2284
1830
1444
1556
2056
421
1580
702
1417
1891
1483
731
2298
325
2316
239
1102
1714
1106
2481
1630
138
160
537
1457
1109
2468
2378
320
145
2324
1497
2424
377
1616
2413
1447
1196
2185
150
1651
2251
199
392
1995
1713
1238
1755
2341
627
253
1302
2478
1296
2192
1250
981
1004
1455
2219
2414
2139
999
864
115
2033
2394
66
1749
1191
2275
288
2287
1323
2433
605
1027
319
2163
1257
1141
689
167
2243
1768
1481
1682
2429
825
1540
2357
1833
100
1051
2347
174
2280
425
2450
987
914
530
1727
2248
2162
348
743
1670
1931
977
285
62
1306
1502
2362
2144
1318
1721
363
1632
2020
2019
2055
1242
1334
1445
1657
312
411
852
1394
1349
1867
235
847
1792
32
1172
1594
2314
1861
1463
933
1955
2199
1898
618
1906
1339
1804
463
995
677
2036
1439
415
519
1818
1408
2238
732
1466
1255
1370
1631
662
2052
1835
1276
1401
1448
1601
242
2312
624
1862
1663
445
1120
1742
184
486
1437
673
1462
220
2247
262
472
1126
136
1024
1723
477
2259
126
1480
2226
1912
2420
435
615
2264
830
1316
1799
2480
2323
542
2135
130
1138
709
1262
26
2444
1243
1116
1309
1393
1099
859
80
2239
799
1217
853
788
1991
1615
1222
1145
1920
1932
1155
1214
1652
1249
307
1998
1642
291
352
1036
1516
1338
514
345
236
2461
676
2182
1295
1869
696
1366
1765
217
1987
1547
455
622
2213
1886
828
710
957
374
796
2426
715
1774
1072
1278
2183
471
1407
780
1780
1157
1660
2057
1064
652
1328
1146
1707
1317
2114
2425
2297
1280
2465
889
1826
1018
1055
1904
1014
1909
523
299
1922
37
467
237
750
609
1426
485
1539
1698
1163
2070
2046
172
860
996
358
227
2025
464
1365
279
2176
154
806
2493
733
2322
2115
120
1832
287
837
1879
1494
887
42
797
1104
1977
480
2237
1397
517
2376
1791
209
913
1178
2336
679
2128
1066
1202
871
143
378
745
2318
1934
1645
331
2457
1107
2222
1875
651
351
2364
2242
1385
247
1388
1512
559
112
158
943
15
2397
602
1135
1866
2048
2469
2383
503
1354
499
2384
2368
1129
2407
441
650
952
929
657
1557
982
207
612
1423
700
905
824
2126
2313
1746
874
764
598
2412
272
2078
1153
1229
2353
728
1884
2272
567
2201
94
328
1166
2406
2148
633
549
1606
2427
1419
1234
1188
2256
1552
898
2202
476
83
527
850
2458
269
1870
2099
1924
1140
2307
2076
2100
972
213
896
571
1608
2187
765
619
604
883
1418
203
2385
2291
454
2472
1936
2002
529
557
1910
2131
1583
2005
2360
1521
81
963
1576
928
1111
606
748
1293
1084
1584
625
844
1256
1689
1282
1508
926
330
2380
1943
1264
77
216
1887
1197
1845
1454
1992
1438
1206
408
144
1952
1459
1531
2174
1347
98
1292
1658
2389
876
2262
1733
1627
1043
1350
592
2170
1555
528
2255
2263
1773
2416
684
1364
1686
989
1815
1801
1873
1074
588
1858
724
438
85
971
1490
590
671
867
1732
2428
332
1822
572
1199
1421
1659
1566
3
1628
742
832
2387
1871
27
585
1542
1133
804
1428
2015
1017
693
6
1945
1122
437
1750
1020
501
2463
244
2342
196
647
2008
2377
1192
2462
587
2160
443
1693
2477
40
1668
148
111
489
1404
1653
2286
1489
2207
353
1180
1534
181
23
550
110
1253
685
1415
2064
1567
1450
1798
1343
241
2184
918
329
753
1979
1938
1337
2295
298
2466
92
1644
1150
1070
1290
2269
2014
1545
821
297
969
524
2039
1911
1040
1313
1839
1779
1812
418
655
1692
534
58
223
1427
72
1380
915
79
2489
1758
907
1453
2474
2306
36
1701
1756
2250
2303
706
90
395
1974
233
1372
1661
255
2089
607
924
1538
2017
1766
968
259
2209
1684
1796
2334
1308
573
2449
2358
49
541
1509
2007
2441
1838
2208
2260
505
2431
342
2482
589
956
108
1694
1201
214
2178
2301
53
1181
669
1702
762
1769
1600
1874
773
230
1041
1828
1078
560
300
1114
178
1176
2487
879
162
139
513
2289
166
65
1717
2346
131
991
1284
5
2244
1273
1311
1997
1787
1562
440
754
4
2132
610
1002
1117
1809
436
870
1649
595
1572
925
1619
2069
466
2355
1449
1031
1400
1042
681
916
1375
922
659
1696
616
327
413
2103
2038
794
315
376
680
2266
428
1245
12
433
19
980
1431
87
219
903
2456
1595
164
386
2149
281
1665
1028
663
2050
1669
993
965
1235
2198
2035
2141
1674
2218
1340
2302
68
1947
1148
1914
1012
1118
772
526
427
1344
165
2172
930
1405
2171
1654
932
265
339
182
628
426
451
303
842
2212
544
2102
2049
286
1510
707
371
1301
1802
2476
1840
1559
1863
1356
2293
1496
646
1993
795
335
61
2422
735
1921
1831
1144
264
346
1110
157
64
1241
96
458
1880
2373
2296
1460
1173
2134
1468
2016
2375
1563
1972
833
370
2437
1981
749
856
2127
1536
2409
2155
2040
249
492
1958
1940
504
1119
132
1650
674
2369
2153
1003
103
2027
1088
1996
1348
1681
2065
2120
990
803
1342
623
54
2325
714
1333
491
1719
1474
1476
510
1289
938
152
97
626
1063
2097
470
2281
276
195
800
109
2003
574
1232
1770
317
656
855
2240
2146
2447
1639
2079
1134
1857
238
2372
777
1322
1813
141
2189
268
717
105
953
718
1893
798
946
949
1464
78
171
2315
1990
1643
365
942
1165
1607
375
76
229
2087
321
2460
699
301
1978
1888
1543
1288
46
826
596
551
2451
1368
24
1143
2241
2116
1357
1174
462
1409
1939
1506
1142
509
2497
2193
1518
531
563
45
483
730
1069
2254
1525
1299
469
1614
2349
341
119
2354
945
875
124
1587
1406
1837
644
360
815
1392
2235
254
1025
2223
2473
1131
1764
1573
44
583
719
95
129
1073
57
768
843
543
1561
123
734
2395
67
2446
2338
1605
210
1327
240
556
688
2090
569
725
170
1589
1808
2382
2136
33
1341
1211
245
293
22
1527
608
484
600
406
2367
260
2317
2443
639
755
1850
894
1983
169
135
1793
1386
185
1472
1736
2252
1330
2418
1113
1291
2265
802
2283
2161
1971
658
314
562
1479
1629
1158
1391
1519
1548
1470
1697
1277
2326
1345
2177
866
283
1900
1994
1471
1412
502
2440
1130
690
316
2000
500
1162
2037
2410
416
2452
581
59
2401
1358
429
1149
1860
2068
1743
2093
1469
2168
2363
1223
611
1094
2096
1152
273
2374
99
1475
539
1218
402
2403
2140
807
2231
839
226
2496
2365
816
1246
1015
959
180
621
1187
2147
2151
2175
1054
2122
508
106
899
584
787
1517
461
2053
2345
1484
1908
1498
2145
248
1281
1007
231
2249
1080
630
373
594
1800
153
246
2285
2453
1704
761
683
564
1575
1022
1112
2028
698
1275
2332
2419
1208
1240
478
2439
1734
521
712
198
1771
1928
1335
881
1058
1452
2415
1164
1935
407
282
988
2092
886
304
2010
2142
1617
900
2366
1411
1270
1549
1794
284
173
1053
1077
857
1688
785
267
1013
1136
1332
1100
2047
2083
2004
1436
1307
1853
1956
243
1745
923
1683
1185
1856
2274
1485
931
667
473
643
2268
2479
1265
983
880
420
1379
2434
2229
250
841
1101
805
2125
846
1905
14
1851
1195
1353
2154
1763
412
380
902
986
960
721
2188
452
221
1303
649
387
2121
1819
439
778
156
1821
290
296
1021
1059
729
2327
1442
190
1919
2299
2348
1530
2075
2181
1775
1443
1966
393
2393
2311
1374
1487
1741
1973
893
546
810
1565
1647
747
266
1680
1551
1611
792
2031
994
861
1048
1329
1641
2388
1371
985
540
1960
2454
1239
2156
456
1315
1128
822
2292
1083
1968
1829
2464
2058
865
442
2041
686
271
47
474
84
1220
1526
2009
497
1215
2032
863
782
1626
1300
854
909
1050
1646
1304
75
2391
482
1251
1797
1093
357
2246
1000
434
629
1482
1846
1507
640
1523
769
1662
1636
137
1312
1739
962
187
904
1878
1183
617
2411
2356
1582
311
811
720
1637
2167
1738
1433
2270
177
2166
1465
1772
692
1473
1930
313
1541
1
2152
1367
1376
1558
920
1441
939
1816
289
189
457
2278
1430
1137
1325
261
2294
1824
191
1777
496
232
1410
1060
1230
86
1254
1212
976
1038
1035
1805
553
1711
570
2344
16
1377
1011
1577
664
116
388
1724
2101
1369
535
1892
882
944
1346
770
159
403
1193
2080
1597
829
278
1486
55
726
1061
2445
101
1623
2498
18
465
481
343
1501
701
1778
1570
1037
1056
1319
727
194
891
39
337
901
2110
2455
757
632
118
565
1190
1634
1967
201
1390
2157
1001
984
1226
958
552
1578
2267
738
1761
468
309
1895
1016
414
1524
516
884
252
1209
1553
1889
775
460
1588
1927
1387
1852
1872
389
1782
9
2319
423
1159
2021
493
318
1902
208
2094
69
831
1399
140
1528
2400
814
2165
512
2339
818
302
1373
1915
836
1125
256
1244
179
2392
1982
2098
2488
2200
2082
752
2190
1451
2340
1722
1667
1807
1620
1842
340
1825
591
336
1820
771
2361
1477
2073
1200
2448
2408
1712
1151
1147
518
1440
767
113
1177
1676
2084
2129
1351
347
2417
1396
1827
582
917
1656
2191
2091
1456
522
1569
2133
202
384
1677
2006
2491
935
1737
1461
1976
1729
1894
1186
1424
155
2054
691
597
391
858
1625
1834
2309
2359
1115
1544
1970
759
372
1236
161
819
919
1219
1786
2471
740
536
1026
2470
947
936
808
635
2088
781
838
1568
308
2271
73
186
827
593
350
71
1237
1784
127
2024
1591
1207
1781
2118
1560
2273
1285
1395
1546
897
1917
70
1803
1953
2074
774
390
520
2404
1121
756
1823
2282
1687
849
964
1752
888
2018
43
1790
869
1795
834
295
263
2220
224
2486
1123
1090
1986
603
1062
2204
784
2335
1381
1008
1980
1422
1067
705
648
8
1355
1963
2442
2232
1533
2086
1161
2321
1221
951
1946
1849
2236
1384
1168
1231
479
28
355
1926
955
200
422
601
2077
2205
1635
1923
2195
973
1609
1586
711
364
791
744
17
1965
906
813
941
801
1520
2320
1171
2350
2253
2214
1081
1730
1052
2173
369
324
1175
1726
1098
1096
1585
218
1139
2081
1271
789
1864
2430
382
1314
1951
2399
396
758
1941
1760
498
2215
1515
192
228
1124
1933
205
305
1708
1948
1493
1075
2225
2258
2217
1613
453
638
446
1685
1744
277
368
790
851
1603
362
175
1170
666
432
2108
1108
1336
766
2001
2330
146
2067
1398
2169
682
2459
586
1263
400
872
2331
1811
2138
2030
506
974
447
2381
1029
1710
1622
1913
1105
2012
1848
1005
2060
1492
134
1194
1638
2164
2123
1045
1789
1957
29
848
1071
93
1087
1252
620
1929
1868
1964
2085
1033
1213
258
1984
306
367
668
2499
2328
568
1522
703
102
405
1883
1640
2059
2308
38
1672
1435
1079
878
1046
1564
817
1156
2343
1224
736
561
294
613
1703
746
430
934
419
1757
1715
912
678
1740
2105
1360
2257
349
193
2029
1097
970
2300
2072
2261
779
1488
1899
576
494
1514
222
1949
954
2013
251
975
670
1762
580
2051
751
1751
967
356
1491
1959
125
1269
1204
48
2230
1089
1925
2436
1363
1695
147
723
128
641
121
2432
1571
394
2234
1785
1359
2044
910
1352
1655
737
7
1167
940
1596
1324
1691
1975
1810
495
1039
74
2062
1618
1414
950
2109
1082
1882
2277
1865
2228
176
1767
1009
885
525
1361
547
410
1267
1969
873
2305
1154
1228
1961
2495
444
1216
1720
1331
868
961
326
566
1504
1675
1529
1841
31
694
1065
1305
488
361
204
1604
1876
636
538
2124
1413
1403
1754
2179
2435
1855
966
1599
978
1633
1511
88
2386
793
2042
2370
212
52
532
1666
448
142
1362
2197
1788
642
399
1279
1432
1019
117
292
334
2137
197
809
354
1085
1272
114
1495
366
895
1728
2111
1859
225
927
631
2203
1602
133
862
91
786
2206
2396
2117
381
1916
665
333
1937
1612
385
2194
1184
2398
35
1030
1068
338
1259
1260
2026
2279
50
450
1942
2379
1248
2063
2211
1503
1877
1903
1499
533
1297
2159
149
2104
475
2475
