319
1444
667
1619
1850
173
1116
1236
1032
1391
733
91
7
602
721
987
321
396
1434
146
1746
1161
2323
2187
918
1530
167
2321
1345
1476
507
1691
1776
784
1235
1627
1241
550
2387
1840
1828
1245
1672
2018
2266
1607
693
1455
226
1943
126
100
2457
951
457
2354
2282
1736
1615
2333
573
2166
574
1487
4
1446
2045
2413
1136
1577
2020
857
1552
1349
2370
1895
1318
218
929
385
860
844
532
1067
1128
1140
2099
219
833
67
1878
496
2490
1709
1558
129
1596
899
2058
2175
492
2032
447
2201
259
1531
2416
1358
1048
908
1528
1695
964
296
2088
1749
1599
2273
549
913
1738
254
2383
1905
1210
1320
787
231
778
341
158
2470
1870
1239
1326
2454
1414
1177
1131
1967
1594
10
1083
2228
1839
783
1354
137
1848
2016
1604
599
1321
2482
1648
1459
962
2377
749
305
2224
1035
1025
1550
1081
991
956
1031
1512
143
72
896
2069
1054
293
210
2026
2139
572
1169
622
1688
1120
1835
2362
387
1728
255
1034
1609
998
1436
1569
1718
1515
2096
1208
648
1409
127
448
1204
1884
587
1975
2485
2478
267
274
732
713
1965
230
979
2313
258
1221
985
2451
1985
1085
1989
2427
614
973
1919
2123
2248
2467
1012
2355
2281
147
858
839
795
80
1682
1017
1437
740
81
1611
1752
947
156
2181
1503
2409
1420
86
826
375
1927
245
1780
1930
757
1909
1548
2351
470
565
1064
1822
1316
1249
515
304
1121
75
2080
2223
1230
824
1524
381
836
846
1501
866
2212
966
832
262
1199
992
678
1846
1495
859
854
570
37
1086
1988
295
2193
2176
1833
413
2419
1234
1147
113
2159
1805
213
793
1723
887
1764
1653
1477
718
2491
1382
1565
682
1768
1103
815
688
990
2217
1004
1899
18
1678
2063
1621
607
1843
291
1629
1869
664
1213
23
974
2065
1741
1016
2219
485
1206
1570
1305
2434
2265
69
989
2122
1542
1511
1479
728
875
1543
1255
1628
2410
1990
1732
459
898
1860
852
275
1939
28
592
1637
360
1218
662
33
1365
1176
1842
238
1165
112
689
629
909
1862
2357
2157
1159
1590
568
2112
2261
342
988
1162
827
116
302
883
1996
1097
1486
316
286
1743
398
97
1926
2232
161
1961
1289
2172
1036
709
2253
1488
1061
960
531
1823
1740
1263
1095
2495
2130
616
1808
359
920
1534
1770
744
752
63
2402
596
144
1186
475
2359
1932
2299
1894
106
1008
1997
508
357
290
2133
777
1951
1881
2340
1370
1105
2068
1976
756
1807
1282
1873
384
444
1367
1410
1240
1309
405
1613
2272
1767
669
2404
1400
365
2091
460
1640
2417
483
12
2155
2301
317
1202
1970
1232
1243
1065
1496
1686
897
2314
1003
1156
2004
571
1547
498
1274
1452
1527
1796
1592
609
308
234
1908
2284
1698
1826
1744
1104
1827
494
382
717
15
2345
1491
2388
2017
940
2421
548
1283
2196
1984
128
2067
707
1492
2171
333
512
204
1832
666
94
334
798
1947
1389
1754
1277
70
2027
814
166
1139
2249
559
1302
1228
872
1716
1731
694
479
1474
1497
409
1917
2275
236
771
1422
1207
1567
244
2349
1937
1328
135
1778
184
351
339
986
2335
1696
1307
928
1164
2041
961
432
68
1396
1694
1954
1447
997
525
885
1168
2191
1049
764
1189
1094
2168
1112
1069
944
139
1047
811
154
2246
654
1772
1247
337
1096
663
2097
649
2115
2242
1955
1060
861
644
1560
968
1697
2302
938
526
1463
374
1250
1106
2215
2364
501
1387
227
1623
1338
1416
403
699
138
1288
1673
190
1101
1573
121
65
406
1549
564
1499
636
277
25
535
1739
1299
2030
560
1457
2236
21
556
30
1792
1811
372
1152
1705
1944
2021
600
35
807
324
92
253
232
2162
640
972
927
637
1616
1090
714
1026
1972
2134
2373
399
2040
878
472
2135
804
487
1605
1072
1896
1715
490
1356
605
1395
2104
731
1644
705
789
655
307
1127
2305
2118
1890
2341
1788
1077
2005
2108
1801
762
2147
2263
280
2471
2428
1502
1872
1933
1256
2225
1368
1643
1824
1847
2392
933
2140
1015
1509
2276
201
64
2322
1991
1443
1669
519
1953
206
62
1352
1248
1904
1314
1693
439
1537
47
1052
1084
1562
2319
1033
2483
1700
1998
2477
157
1809
469
683
1583
1726
581
122
547
774
522
2164
2006
1829
1794
266
482
1662
53
1419
2455
1546
781
5
808
1138
1689
1291
1483
1874
1426
2144
1922
478
2238
393
263
1595
355
553
1296
2003
2452
1812
1834
2390
632
1157
628
1606
710
737
1290
1800
462
738
1334
303
2286
2476
1432
2316
870
1929
1588
706
1786
1009
1838
828
2382
1464
1544
2339
1802
521
2116
235
224
2010
2013
1371
1192
2036
1936
1585
873
1962
1312
551
1246
1079
1978
850
1108
1063
1058
2151
2243
993
1412
1114
606
59
1566
1901
865
1880
1745
2442
2085
217
170
1209
345
595
438
1451
630
642
1750
1632
1806
17
619
1517
40
1123
1353
1284
1425
1238
702
2356
1271
182
2154
1925
2337
2082
1172
404
900
104
2311
330
2210
2430
1143
1680
366
996
1050
931
2235
164
1005
586
2071
2100
911
863
1559
563
580
1386
1856
923
2117
890
1734
1857
1478
2054
2057
1722
379
1555
1151
1507
977
982
1645
31
618
1664
2127
2093
2231
1384
1171
2220
1273
1051
1785
2295
912
2202
1541
1692
638
16
2186
1622
593
1882
368
2461
932
395
73
2146
639
1137
467
424
1618
2472
759
185
2109
90
1027
1198
50
1888
1885
1329
2226
442
2049
1973
177
2431
165
796
2113
1576
336
703
1602
901
1040
1423
2141
394
362
1292
211
36
1789
1082
1331
2203
9
1593
776
1711
110
2445
536
1633
338
1294
376
750
2488
1525
2042
2252
958
769
691
1373
1987
1450
882
835
734
1966
1760
493
1467
163
1721
1195
1787
2448
1267
2111
1383
739
2251
2320
1374
2200
1163
1938
660
2001
2089
1481
2391
1652
1916
2332
520
369
612
805
2462
799
1018
1132
2406
125
950
2372
1088
838
1111
1465
1473
452
1714
320
175
252
2415
1580
2347
2439
289
1019
1575
392
344
287
1360
1892
1852
1110
1366
1799
2046
2350
2403
1815
594
1876
1910
1730
921
1935
1911
584
273
855
862
1657
537
681
311
169
2189
853
980
1043
1119
1589
2397
1242
874
2230
1980
544
2048
1355
1261
1969
969
1666
1217
52
1259
1493
2124
527
1306
1900
1295
954
1959
2481
1100
199
1109
1523
1505
1855
189
2422
1699
415
613
1431
223
2270
1377
1359
651
514
1636
11
1394
724
817
301
2198
1877
1287
2197
561
981
1475
2475
665
2086
1304
2007
407
271
955
1993
323
818
140
1964
2486
1407
942
1777
1624
611
348
420
1940
1196
1178
1223
1737
670
19
1582
2361
1078
397
325
162
1244
195
491
1898
2352
2047
306
1325
1994
95
239
83
884
429
562
915
1470
2184
2002
620
1024
2121
207
1197
1889
2138
2044
229
1117
557
1335
1264
1258
451
108
893
2327
503
426
1713
1859
152
111
1586
335
906
1070
2150
790
1188
1782
1924
2051
1293
2126
886
495
576
1871
1658
1814
2206
1324
1790
1866
930
1472
1480
1124
49
1707
486
673
1793
153
34
315
1144
1362
178
26
656
42
43
677
1167
659
466
8
1093
248
676
1571
1007
1433
1303
2028
2120
77
1056
1153
2374
856
1319
767
1769
1844
99
1681
538
1126
761
999
871
1424
378
1364
1158
679
2438
1341
1974
2254
1574
2137
765
672
1276
2081
2296
1797
1920
1761
298
2312
1702
373
96
753
2183
2450
1759
963
712
1677
539
133
786
105
1837
834
55
695
215
2145
2330
477
285
2034
1028
1062
615
2469
1023
1906
445
1237
1482
902
1858
2244
1810
1333
1020
1956
2466
554
2237
1300
361
970
1952
1536
251
1535
643
1791
1413
1958
2432
2247
386
159
2325
1435
2125
1986
481
2169
2075
450
294
591
402
1251
1854
779
2000
2012
2274
867
582
1783
1348
2366
1380
461
1175
489
1042
1346
281
2446
2182
1029
743
2079
88
2074
2149
414
148
24
1665
627
214
1831
597
935
468
2060
1913
2363
141
261
543
1211
2285
391
2487
775
910
1403
6
500
13
625
653
329
57
2331
79
149
975
2378
85
2420
529
2056
1747
1327
1663
1690
76
1775
1317
1343
876
476
2440
2298
1125
1388
578
2055
624
1173
123
2178
668
2489
716
2300
103
1631
939
1825
1553
436
1180
310
1490
700
1257
1757
661
1102
41
645
1440
2267
946
1453
671
455
1041
2035
952
2358
723
905
1529
727
2218
675
1268
2222
696
1600
2367
331
575
2293
948
22
1149
1817
101
2460
1372
1330
2011
2241
892
1310
1676
741
1010
2084
505
546
2136
657
458
518
1233
504
78
1928
29
114
730
523
1185
1774
864
1735
552
534
722
1679
1438
352
924
813
119
922
1021
766
2283
621
1649
145
1270
203
1639
2209
1089
2227
1022
1659
760
1227
1046
1968
197
192
1212
949
650
120
785
1506
1533
829
2245
2400
2148
2092
2268
465
2389
1818
524
313
1861
934
1717
1091
421
2025
2381
941
816
1087
879
1830
257
132
1191
1949
1742
831
243
2386
1092
1816
2098
2094
1280
820
2213
2174
2211
1484
2365
27
2303
2379
2280
299
1667
1498
803
480
1701
848
1253
2185
2102
1445
1561
1554
1068
747
1076
1272
276
474
427
1641
1122
742
1625
1982
1963
250
84
241
2076
2458
1751
2338
1941
916
917
2294
1766
440
2498
205
142
1821
1918
46
1971
1468
2279
332
541
497
1578
2083
680
577
1617
71
823
708
842
247
2441
2173
1851
2326
45
488
819
589
2156
1703
2160
2447
419
725
2105
228
719
309
2456
1454
735
1231
1960
2132
2433
279
87
54
530
1115
371
2066
1781
1471
1269
390
401
1638
1798
1598
20
1298
1053
2342
1381
2288
1779
2324
540
400
957
1946
1129
1804
1398
894
150
2412
2426
1279
792
349
174
1142
2107
845
350
2077
2499
585
1347
2375
2195
168
888
1784
2401
1449
1597
1392
1999
2064
984
1765
1733
463
2179
1647
2408
2199
1977
1378
1670
222
74
354
1215
1508
435
1864
2348
2024
2152
513
685
1685
2158
1039
1113
1720
692
2468
800
2008
1520
1130
2131
1612
2205
1813
2385
1564
39
780
2192
1979
1572
102
1145
1393
686
2336
1887
265
647
2207
464
408
1224
891
555
1456
1635
425
1538
433
2493
953
1170
249
617
2411
198
340
2194
588
1254
1950
1286
533
1514
1203
2240
1357
1489
802
2023
2334
608
2019
1262
172
1934
1148
1418
1942
2297
2304
1214
2234
58
446
443
221
2038
225
684
56
1216
2480
1923
473
1710
2449
2484
2418
794
2087
2262
2277
711
356
1540
2233
1897
1179
1415
367
1841
1000
2142
1390
687
1315
268
1724
246
456
2129
945
788
1753
183
1719
180
516
1
1057
2444
590
1610
130
1285
877
1466
959
1361
434
936
2473
1921
2264
2290
2317
851
1311
978
2114
1727
2424
1001
1376
208
2188
1883
155
1773
801
1002
1748
260
849
847
1405
745
1519
256
2437
1603
1174
2221
1460
1260
14
417
904
1903
1545
2368
2435
431
1557
389
2165
626
1006
1038
2328
353
2161
93
1146
2394
1080
1704
1182
1439
1184
1133
1725
2208
264
1351
2399
1729
2479
131
1891
907
517
2405
1375
502
812
797
2329
1059
2360
1190
770
1183
1771
1500
1401
635
2163
2500
1428
1626
2167
995
889
1518
1539
1708
272
1075
2396
810
1893
380
358
1194
2015
1462
1118
1339
2119
1494
631
117
2393
603
1865
1803
1222
1763
623
967
89
312
2463
233
2398
1620
566
430
2474
697
1684
604
825
895
471
2271
751
314
2423
1099
2153
283
1556
1205
1332
1522
346
1074
569
1066
1297
216
1706
322
1513
1308
2260
1614
610
370
1674
1912
2492
598
843
1461
1219
347
1275
772
118
1521
674
1150
1907
2346
284
48
2190
641
1867
528
509
1992
1385
237
2214
1379
2259
1252
2031
1441
2061
1427
1337
763
698
755
240
453
1107
66
1350
2494
1485
1755
841
196
2309
809
1630
652
726
2110
411
1013
1336
1642
1134
2436
2239
2033
2009
109
2353
151
2380
1278
1902
1220
1469
567
729
1014
1193
1201
423
297
1820
186
2106
1863
1155
107
1563
1344
1879
418
704
2459
1758
2306
179
1430
188
288
2289
1836
2255
768
2078
773
634
270
454
134
2128
383
1322
1323
202
136
1654
484
1660
1634
1166
60
736
1945
903
2073
822
2496
327
2369
1756
1045
2315
1200
2371
181
1458
1661
937
2072
914
187
1265
1448
511
1646
2453
2170
758
1011
1073
1421
412
2343
2465
971
943
363
194
2407
2443
925
2216
1651
1608
1281
1587
2307
2287
364
1683
1601
746
1342
1037
278
292
1526
869
1579
1504
1655
1948
1671
715
1875
191
1399
2052
1849
1408
983
701
1442
976
1154
1417
1030
282
499
1795
658
1301
2291
558
300
115
1687
2497
38
326
1650
2384
919
1397
1187
840
1160
2103
601
1404
160
1181
1995
2070
1266
1516
209
880
2095
506
2053
754
1957
416
748
1591
2090
2308
579
1762
2257
377
328
32
124
2029
220
1044
806
2043
821
2177
1532
1914
1369
2039
1915
1098
269
1229
44
1402
2269
171
926
2429
782
428
2344
2059
646
61
410
2014
633
1055
1675
441
1853
1551
388
542
1712
343
1135
881
1656
1819
1225
2037
2229
3
2395
1429
2050
1868
791
1568
2464
2376
868
318
2101
1584
690
2180
2022
2414
422
583
242
2278
2204
1510
1406
1226
2310
449
2256
1983
2250
51
2318
1340
1931
200
82
2292
510
837
2258
437
193
2
2425
965
1363
98
1411
830
1071
2062
1981
994
2143
176
1668
1313
1581
1845
545
1141
212
1886
