1865
1037
2440
1457
1496
1050
678
1557
2461
2326
77
750
413
15
1601
424
312
2162
1791
207
2141
761
1592
1568
1165
1570
2026
113
973
2074
2295
194
234
116
402
2483
1726
322
2409
2133
1563
1639
2187
1769
438
1447
1421
1282
2317
1862
797
1487
155
1825
1997
534
2427
2157
552
1553
1622
2028
675
182
472
747
580
220
1720
1571
911
2239
188
268
2389
1209
2260
627
763
342
843
705
2055
2419
1684
1324
500
1022
836
2476
613
2384
1044
1275
2183
59
1077
1071
1365
1627
1189
2161
1778
1850
2363
1096
2080
1105
1191
1640
522
783
1803
1513
2233
2269
1718
1824
639
1097
301
1478
433
1345
1509
1359
2401
669
2044
1146
2120
665
634
2226
464
1079
2106
587
1833
1679
122
2197
2056
1164
1106
1159
1551
851
202
1859
2390
1983
773
902
2108
637
716
1927
94
32
1704
386
2224
428
2395
1356
1504
1166
825
1055
882
912
1678
31
2315
515
145
641
2241
1169
2181
1319
939
391
1941
426
1364
2500
975
932
1150
1940
1669
2017
865
350
1082
630
1819
1281
105
1372
1921
265
1982
1206
1287
1103
624
1847
1821
1433
252
746
380
2020
1057
2246
1334
239
226
2163
2426
573
1756
1774
2291
2047
1811
995
86
655
1484
1094
1742
393
867
953
74
249
1552
1230
2255
1757
1288
401
232
1914
2335
1861
1210
1145
1613
1431
1398
1547
732
571
2385
311
615
1629
2376
1211
1549
1301
1801
1056
946
2380
96
2388
974
1125
1117
109
1844
614
832
2144
2414
2101
172
1539
1112
2223
1430
1880
2433
412
736
349
684
2179
1675
2081
527
1776
289
1449
870
1735
806
67
1760
1717
70
1748
499
1817
371
333
1390
533
708
845
875
1371
606
111
2107
2323
725
1738
317
2193
248
2040
1122
1646
863
767
326
1750
417
361
1182
76
141
471
1389
786
1808
1253
373
1895
1246
2174
2088
1413
1899
869
1649
1996
1663
60
71
683
1039
1953
2075
2111
810
483
2025
880
1524
1545
1992
495
2318
439
2262
1887
2225
937
798
1797
894
814
787
1695
356
481
652
777
1961
1053
1361
54
1190
636
2222
834
686
1268
2030
1441
1796
2216
2128
856
484
1942
1805
1991
1884
1792
1377
616
255
138
1856
163
1690
754
1440
1201
1523
1937
1446
1782
1387
1587
1664
2115
1603
718
656
143
2016
1322
1877
622
839
737
169
592
2200
2350
2152
1971
1236
1993
2131
2069
1014
1777
1999
1242
38
2294
263
2412
400
223
1087
945
266
1550
796
879
2362
1729
743
118
1067
2121
327
1183
2123
498
40
1224
1008
1116
1681
1988
1309
2158
658
290
511
454
1682
2271
195
514
363
816
1665
1233
1134
2371
540
1358
983
971
489
1800
262
772
1643
1583
680
1633
2331
133
925
1501
1121
916
474
1532
2021
97
858
2374
998
2454
480
864
1388
1278
2220
246
588
2472
189
233
878
1010
167
44
420
2087
1630
1432
1512
2110
191
550
367
2070
1000
48
1019
788
2148
760
1975
741
1728
1798
2494
910
1967
392
2473
1098
1494
1934
2130
1609
720
1752
2342
1889
1711
2217
187
90
900
889
256
632
2036
1220
1511
177
1140
347
1619
2031
456
895
2178
494
1995
2393
2199
134
2497
990
1445
321
1476
583
1580
1702
1339
2092
989
897
1924
445
642
1264
1080
1773
635
1223
1597
1369
977
892
362
1259
1567
744
2418
1197
1926
184
711
2487
279
1645
2276
1793
334
1661
1764
146
2324
1370
16
1794
984
2053
928
2153
2448
1130
1989
29
1018
1787
2104
1683
1047
2312
352
766
332
2067
667
1812
1379
626
388
1081
1250
1631
2416
2024
1849
1463
1243
2417
2287
2415
366
915
1193
319
205
139
1006
543
2032
285
39
1409
1444
1186
403
1237
397
168
1460
2254
930
1274
1499
1434
281
2137
436
2307
2358
1170
1673
818
1308
513
673
877
1002
2265
2282
1131
229
572
1101
1994
545
604
1327
672
1957
1605
2258
1110
1654
951
1766
682
961
2319
237
609
1123
803
607
148
1136
1577
1596
1970
2464
1069
516
1229
166
1109
1869
1976
2140
385
1448
236
949
986
2066
679
2195
2298
1837
26
714
56
2346
2467
1419
510
1354
1595
2094
2065
1386
1519
478
2171
2235
907
1903
2373
6
1719
647
536
1362
2202
1340
2321
1023
1402
1986
359
929
271
2206
2232
762
1904
240
276
434
891
1677
721
567
1950
1841
381
370
1265
917
318
1863
2289
950
938
1160
1883
2330
625
466
1052
1871
1610
387
1284
1544
360
2366
2445
351
1179
1744
1948
2273
1455
1638
2391
2485
1375
591
959
537
1614
1360
1143
127
1297
1739
2076
419
1313
597
2367
2400
1626
345
757
727
1943
1892
2452
1214
46
1438
2214
646
598
2439
1488
1046
2481
582
519
885
1984
2014
2
611
779
1085
842
123
2344
1919
225
612
765
154
1842
52
1489
1215
161
2462
1151
28
408
1304
585
1302
1905
1424
2256
2420
1866
2176
411
1708
1086
1900
2422
61
2215
1133
152
2052
854
1588
1312
694
1846
1693
1425
704
1851
1635
2486
1810
1593
999
180
2057
962
2010
1564
1623
2073
1734
72
2392
2139
2118
62
1676
888
881
22
159
906
469
2090
2230
1751
948
824
2182
75
1285
1469
1959
2096
1753
81
2329
2191
100
1187
282
2082
68
1348
1126
1307
1221
1814
2007
1263
2456
199
991
1902
43
2463
258
2234
314
1294
208
1128
823
2155
1938
1823
1310
1784
1713
497
1188
1338
792
50
336
1451
1507
2203
1244
1618
410
1714
940
2470
1581
1680
1606
1783
1636
526
2381
2304
1689
1196
521
1129
1527
733
764
1016
695
1095
1222
185
2477
437
1283
2221
158
443
1342
348
222
130
2013
1715
2297
535
602
1740
1875
901
206
1459
34
212
2160
1853
820
638
135
482
1199
2172
92
2059
1273
200
448
685
2018
1422
89
1184
813
1960
1667
2275
1852
1059
2347
374
726
1251
2132
142
2167
331
110
2268
1962
1015
368
1518
1559
1225
1495
1212
2499
1820
2126
55
1426
1266
1885
957
1355
1155
2423
2469
132
442
1035
1290
1162
768
330
179
1269
1834
1555
382
2204
542
1662
563
2000
640
2356
2261
1486
125
923
1373
1906
1807
2086
1611
1200
1337
2210
1344
1289
1328
2207
2192
1721
909
422
1139
2490
2136
2242
2353
1685
1474
688
568
2170
213
1417
108
815
2175
421
2451
660
1939
1510
710
1084
1252
2484
2369
1405
175
203
451
775
64
734
2455
1840
795
1692
2495
2243
848
41
1178
697
770
659
2022
1070
2302
608
280
1185
294
712
1142
1987
1113
2444
1058
216
307
1809
1367
1632
2351
1083
1171
1608
619
551
1343
1641
1192
958
1482
544
1566
106
2343
1786
690
2459
335
1332
2009
2001
147
2270
1731
1569
1687
2229
799
2245
409
1219
1694
827
1349
1467
1254
2251
1366
1397
1965
1928
117
88
1505
2496
631
2100
1503
2190
114
780
1453
1092
719
1227
2045
791
2403
1017
468
1696
666
399
2129
1292
21
1411
1590
756
914
2407
1217
183
1456
1789
104
1261
1001
20
1174
1305
620
1152
1867
219
2227
174
395
794
617
1790
1804
1296
272
30
1245
2034
2061
2405
2150
2322
192
287
618
968
1933
978
691
1543
218
2039
1628
1674
1466
1779
1762
305
509
1401
338
1011
10
1135
896
36
250
2266
1561
2156
960
1830
2023
748
1161
217
1114
574
1546
557
121
1203
1517
201
1536
2124
2357
1572
341
919
1450
1009
2377
283
215
1879
2154
1743
506
2180
702
735
2283
2264
738
27
1732
103
860
648
51
933
886
1249
1901
2406
2489
1240
2079
837
264
1378
581
455
2313
1909
1099
918
976
1922
2339
759
1380
785
1701
2430
304
496
2325
463
129
1040
1107
1672
717
1
1584
1897
1033
936
570
2394
224
776
2114
2135
2198
491
1270
2296
2169
1710
12
1030
1038
2012
729
102
2413
2474
1277
1064
2003
7
1228
689
2095
554
1060
1437
2078
576
517
2493
1686
1911
2146
1336
1149
1759
942
24
2442
529
1839
2064
1858
2046
465
1442
440
1604
1346
1575
2471
1267
1315
2288
671
1625
2219
569
835
295
700
2336
1969
1012
1293
1652
1020
1538
1454
2071
1399
47
2478
1818
2360
922
245
2249
1560
1874
629
833
1088
1535
270
18
802
1384
822
2035
1931
1102
1722
1381
1353
790
288
2033
556
1747
2267
1316
1589
1065
883
696
1051
2134
758
1881
997
291
913
1173
502
1320
508
605
2004
600
2257
2253
1860
1238
1054
2492
1100
1768
473
1462
2438
1479
1158
2348
707
1894
903
1412
430
2194
1443
198
2048
73
1600
1034
315
1318
992
1262
1579
956
1947
1415
1647
548
25
662
462
487
247
1350
267
964
2060
2480
2398
1548
340
181
1955
346
1651
1698
415
1574
460
303
1920
2008
57
1929
532
1180
2274
821
2099
1352
17
1168
1314
650
1977
310
1525
663
378
1700
470
457
1576
2196
2447
1452
107
966
1483
354
2429
432
1972
1406
2068
687
586
1907
2038
1516
577
2117
965
523
353
525
2043
101
369
124
2142
674
2431
324
4
1930
33
1963
1428
231
987
692
492
538
358
344
156
2332
1802
722
1951
812
1218
2029
1347
2441
383
633
2125
2062
1916
1542
1688
1737
2077
593
1650
2127
1043
1298
254
204
2316
2084
1634
2383
1341
2491
668
1031
1868
23
1118
1279
920
643
1890
1578
850
2238
805
1915
87
2209
19
1515
37
954
800
926
429
774
1393
1286
1624
277
493
963
227
1925
1490
1888
2432
1232
242
1591
131
857
1216
2396
1936
2352
1325
53
1709
601
275
520
1526
63
781
260
2355
1104
739
2285
450
2286
197
2098
670
153
1758
2361
1028
1032
2277
93
830
80
144
1958
1724
1403
2097
701
1980
2089
1785
126
1330
1767
644
749
811
2145
594
861
1108
308
1697
1468
1418
2475
2208
2379
970
1295
1255
1585
561
91
384
993
1854
849
1864
1944
2305
1498
136
458
300
1167
809
1383
1091
664
1788
235
309
1241
2279
1531
298
819
1594
2159
1239
257
459
2308
1062
1363
2041
316
1878
446
1416
1637
801
2434
364
2011
562
427
1502
357
2397
579
2109
1573
1855
1485
2334
1021
1061
2328
164
1078
1974
475
553
771
1493
872
2299
1898
528
1521
2284
599
709
723
2314
1620
1303
2002
453
1147
396
1491
1235
1376
831
931
2468
297
377
2037
2085
505
1280
1003
621
379
1558
944
1025
1458
209
874
1470
731
447
228
467
2488
1671
1733
407
128
2453
1968
1749
565
243
1153
1464
2147
1074
838
1374
740
1175
2300
405
1829
1725
1998
1400
1873
1181
1835
2240
2498
2138
547
2428
1522
1648
2292
1024
2301
676
1156
1659
1408
1990
1981
1291
95
2303
119
306
730
1435
1492
365
2211
699
1323
83
1912
323
66
1138
859
1556
149
1771
2482
628
1712
893
1848
1436
2250
1382
1089
214
1832
444
826
1013
2186
1157
1845
1945
1247
2105
376
559
715
1754
423
793
5
1642
2340
1616
2364
1973
390
2103
649
1528
2005
398
1896
2218
934
751
2102
1329
988
1736
1612
578
1514
2247
1586
2188
1917
435
299
1248
1391
2272
2306
461
2228
251
1207
210
1816
1137
1260
431
42
524
79
2375
575
2248
969
1063
2460
1795
2083
866
560
82
1533
157
160
2027
49
584
2165
1615
2058
1036
1154
590
1956
947
425
1657
170
728
884
504
414
847
1607
2205
78
651
657
1966
1004
2365
1093
1048
176
337
112
320
1716
1163
2166
645
1144
1333
1964
329
274
899
11
1177
1699
1497
1326
2244
2177
302
1007
490
503
1815
1335
190
1132
1005
120
1913
2337
887
955
2278
2051
1730
1723
1952
693
1204
2236
165
2050
221
479
1660
2333
1775
2449
1481
85
742
713
1075
193
328
1691
1257
1582
1176
1331
1427
1985
35
2310
1208
1258
1321
784
595
2421
1617
1770
1124
261
3
1935
269
292
1554
1090
1141
1529
1111
1705
1410
1979
541
2368
778
1506
355
452
253
2072
530
589
539
2399
1073
2149
890
546
1806
416
1918
653
804
1799
286
1029
1826
2042
1827
1066
1666
752
2113
1831
681
564
2370
1541
99
518
2054
1707
150
1520
1537
1668
1317
2201
1741
2063
1670
2164
1755
1385
1530
1471
244
69
45
65
2281
58
2341
1226
406
555
2311
1813
2237
2213
1368
2479
558
389
1772
898
1893
2320
2280
841
1644
935
1429
996
1195
1843
477
782
1932
2404
2338
844
985
2019
846
1311
14
1119
927
1780
375
501
2049
1198
2411
1076
1404
1836
853
1946
1540
1745
952
1910
1072
394
1602
1565
1127
1472
807
2436
755
404
2386
2408
1115
339
296
1477
178
1041
769
2290
9
852
868
1407
2466
873
2091
230
981
476
1828
1876
1475
855
313
343
661
677
1396
273
488
2185
2458
603
1761
512
2189
1194
908
2143
789
2309
2252
2387
1271
1205
2410
943
1822
1045
531
2378
1562
2184
1420
284
1857
151
2119
2168
507
115
196
1655
1473
211
372
238
549
2424
1213
1923
972
2112
1746
623
1234
2437
418
980
840
140
241
703
278
1172
1706
2446
2435
1508
1598
1306
1656
1148
2465
186
2457
2116
1765
1027
724
1042
1439
1908
162
2212
1423
941
1256
904
13
1300
829
1703
293
994
745
1949
2345
1534
2443
2015
1414
1276
1299
1068
871
173
921
2122
1870
828
1978
2093
1357
449
2263
1599
2151
98
1954
2231
1272
753
1653
486
1026
2173
967
1886
2354
2293
654
596
698
8
84
1394
1392
171
259
1658
485
1120
1500
982
2382
706
325
1727
2327
566
1872
1231
1480
876
1763
137
1891
2349
1781
817
808
2359
2372
1882
1395
2259
2006
2402
1202
979
862
2425
924
610
1049
1465
905
1461
1838
1351
441
2450
