2347
1407
612
186
2135
2319
2178
590
986
1702
616
2088
1225
598
1978
88
1852
1015
1699
2047
1940
2127
735
753
857
625
862
1377
2499
78
1788
526
2463
2325
1336
325
2454
1549
1335
2369
741
260
747
1027
255
1797
1061
475
120
2488
531
45
445
1605
2182
1957
1378
421
286
1532
1884
267
661
112
443
2390
495
1577
1345
645
306
1145
965
164
1496
972
461
974
1329
732
2456
564
146
509
2472
1098
1556
861
825
557
1229
2257
90
2072
12
1334
2097
2040
1450
566
163
1775
2426
762
677
511
1665
1817
784
1067
1070
2284
1393
1886
2210
1907
212
2148
647
361
764
1829
783
1875
1003
322
1820
999
1557
2402
1133
1093
1443
244
1915
2222
1513
150
1590
394
32
1754
1020
303
410
1192
1480
663
265
1617
1526
1579
1620
241
1916
2077
1138
2484
1780
882
1792
819
1317
1319
1419
650
2297
2334
1871
1537
36
1482
2142
1327
2378
1171
728
1183
1862
1988
524
1760
2237
2264
1641
1308
2293
2441
1294
128
145
544
1430
1221
1158
936
2227
1455
1090
1667
1637
270
39
2425
1771
2424
2269
1752
2246
1527
1193
675
758
750
1209
1198
1438
933
42
1703
1001
1690
2302
1163
2224
1169
713
1025
173
1845
314
657
2301
1983
434
1114
2375
2155
2080
170
2023
20
73
1673
621
1541
2049
1460
1603
845
2003
1740
1444
2407
592
50
907
791
37
601
611
2500
246
1599
481
1205
1470
1588
496
275
1977
969
2177
2323
2143
1435
1490
2292
805
454
191
194
2310
1494
1072
698
299
1653
692
1836
2126
346
731
356
687
338
2362
1533
1719
2043
2030
197
2445
1569
1544
1966
1440
1864
2145
971
2112
249
348
1234
35
1660
2215
1473
2059
779
2114
2413
1049
1508
1126
2012
2022
1812
1644
2471
586
572
1088
508
188
340
690
985
1068
333
700
1082
1156
1761
240
465
473
1224
756
1382
1282
1946
1734
1381
2268
433
448
1562
1930
96
360
1000
2277
998
818
1992
1207
1109
2459
2186
2132
934
1996
765
660
824
1258
1632
436
2371
806
1688
5
935
726
771
362
294
1813
1866
1022
444
915
680
959
836
1745
1035
1694
1328
900
1953
1824
866
809
988
1194
2240
1302
1124
1668
2079
555
2356
2353
1201
2057
414
850
177
1466
144
2238
1914
2382
2183
1706
2028
916
633
288
2250
1006
489
989
1535
1283
69
1764
1622
2279
2440
2304
1007
1960
1923
908
1530
889
349
450
102
1749
1982
1955
1707
2418
917
393
1115
1697
2287
2329
123
357
2168
1873
2412
1150
1638
1965
596
827
724
1899
1233
347
2393
390
1047
1300
1859
1601
1791
224
788
2046
2331
979
1932
1177
130
33
1439
2089
1878
2032
956
1519
571
821
1969
1002
1874
1484
606
651
1701
230
1807
967
1222
1223
263
1606
1934
2342
1384
1244
1291
696
1504
2119
152
742
709
1075
774
262
1839
1921
1232
1167
767
2265
316
483
1609
374
1779
2346
1628
912
1710
2419
1416
693
320
419
2403
2162
415
927
2451
1346
1766
1041
520
139
245
856
1695
2105
2165
1139
918
1289
261
1565
514
1872
1467
2480
2064
1143
838
1564
1459
110
2144
2149
940
954
1348
2377
1268
632
1278
798
441
287
253
873
65
2198
1116
1315
2187
1107
2153
1236
403
2496
1310
1246
1284
2232
1303
2036
330
820
175
1454
1245
1352
468
722
662
1964
573
22
2478
1293
1125
1804
715
1358
1643
1176
1887
1204
1030
1933
46
1990
1551
24
207
1808
1498
689
113
2027
2121
708
1558
1821
1773
1045
1404
540
19
801
1713
780
1870
125
137
1048
1741
950
1661
712
1733
216
2154
1286
1979
378
1763
1976
1509
1993
392
926
1083
1944
2200
1402
1417
1052
1687
1767
1175
1974
27
1918
521
518
716
313
1117
1102
1033
416
1208
1040
1621
773
1563
1339
2380
2442
2322
1182
379
2493
1743
1691
1179
2274
1350
1036
181
2272
388
2160
1026
629
2340
1226
1044
1810
654
1243
2349
1144
1998
1794
729
1379
802
1640
635
803
63
2074
1906
704
952
994
1781
233
405
1239
537
2247
2483
1277
1325
1678
1135
1349
879
1263
397
1580
813
1272
1306
2109
2220
184
1016
880
958
947
1967
298
545
2194
1485
369
117
1715
2226
874
2010
2069
1108
1446
691
1753
1560
2259
1893
2078
2326
1458
28
676
1168
296
609
1559
200
2122
439
1647
2263
2234
618
2124
2065
1520
2007
830
1634
2051
2244
1389
1032
863
1039
2076
2128
87
1421
1452
1285
2235
480
1018
1905
277
1154
106
1928
1486
694
1986
2481
719
688
1418
594
264
684
1723
345
1129
2363
1648
243
2417
1776
1646
2467
2360
1159
961
1237
528
942
192
1290
343
363
2318
437
1787
1216
251
539
1096
743
2450
1838
2093
231
1524
1512
1724
1912
2167
1576
1121
1457
1830
1262
174
2476
2276
1112
1942
710
1900
1172
738
911
2405
2343
941
1938
723
1751
2370
2313
2447
1228
752
488
1589
1361
1739
2468
1506
1054
1464
367
239
310
1531
1924
290
18
673
2082
1051
2253
2392
2054
1546
2330
898
66
1669
1534
1790
922
209
1607
1652
400
1880
1136
2388
1717
1595
428
1920
420
1538
463
1626
1896
1211
185
2365
580
1448
846
877
2095
166
930
1592
412
2
2136
536
892
2308
1101
1422
203
2014
868
1624
2015
987
321
2317
2433
1405
1161
1720
1685
558
1507
2485
1705
1469
391
559
500
1865
2100
682
2180
2242
578
2256
438
1347
86
2391
951
311
1681
2102
1718
2314
497
832
793
1540
8
1789
59
169
2039
1857
366
1414
529
353
2214
148
844
507
159
1922
565
1318
10
1119
2231
1994
982
1539
323
2439
1623
155
375
812
2133
795
1412
1398
179
1118
533
851
2312
1671
1840
1825
484
2376
2307
853
136
1890
307
1153
1522
1202
1604
996
904
2270
1892
425
285
2110
2211
1120
637
1973
1166
220
1782
215
2243
1227
1103
2281
2466
785
642
1456
109
2018
160
295
924
1197
1571
543
354
1037
93
1587
121
38
984
1162
309
40
23
854
1793
1597
1104
790
1307
94
748
653
440
1492
100
810
2066
585
1818
1951
1050
1391
955
968
884
641
1305
890
1991
259
2267
913
2203
871
1869
1053
1649
960
1241
608
1442
1700
1659
2344
1447
1304
1273
1547
1529
79
1247
1639
2000
2206
2305
2042
2061
176
15
1292
406
577
1582
272
1748
47
939
2163
775
2236
2050
1891
1256
605
2249
1614
1917
1369
983
1963
881
659
75
478
1376
180
1338
2118
1427
1373
469
208
778
513
1127
1431
1591
772
1901
282
2011
1296
1627
1038
2290
1981
1517
149
2273
359
324
162
268
398
1380
834
2189
522
476
54
2398
1722
399
1436
371
808
754
1356
1240
2339
2387
1618
849
1925
1441
891
736
2462
667
1709
2400
1962
697
1012
1164
7
1819
535
837
2207
2019
1063
462
1956
1636
1465
1943
1952
876
2411
1613
1220
1525
1087
1471
1721
945
1731
2406
583
587
1478
328
147
1374
161
815
1099
82
630
228
595
485
591
1497
1756
2139
1160
1548
2181
196
842
2060
1408
1656
1271
634
1200
665
707
271
2156
841
2130
1698
269
1630
2179
859
1134
1253
2470
2303
1631
1410
2351
368
807
855
1322
2321
1881
466
823
888
552
737
2251
2009
1755
2296
256
226
504
534
2108
1280
666
749
2034
2169
685
1679
2035
97
2056
442
58
2120
584
1895
2248
279
711
2233
579
2315
1367
1941
1077
2170
649
1364
671
3
714
2230
2006
655
1400
344
1803
1333
1476
1774
1387
1863
2416
575
1011
1019
1105
1004
589
2229
115
1481
1822
477
2458
734
2455
1677
1097
1199
273
1259
1242
599
2384
464
1747
2475
2084
385
1477
479
1550
219
562
133
1323
423
1495
1059
2176
1929
2395
2063
1937
620
975
2001
2033
1326
1903
2073
2025
2328
211
1130
839
525
2271
1663
57
190
2335
1299
943
546
923
1795
1079
401
2171
1254
1132
289
1483
561
1397
1735
331
1801
563
1868
2150
2062
1768
126
1428
1543
1650
382
2158
1898
990
72
297
1212
300
1689
848
966
1796
895
668
1081
1684
1594
515
446
1985
2044
978
624
640
427
56
62
639
2202
822
777
556
2255
2460
1948
1265
995
701
910
2379
189
1320
2070
430
2368
389
2239
872
2013
1608
1926
2164
2350
512
921
2373
1297
1823
1770
567
1351
1736
2212
1578
847
2241
493
2422
1064
1399
1911
206
223
2085
2306
1651
2486
1514
2208
227
1802
31
2452
1759
1445
2117
1085
4
796
1433
678
1554
683
151
104
2260
1642
1809
336
610
2185
1479
1849
1683
2354
187
67
1542
1111
2195
14
2465
1711
1023
2332
456
1269
549
426
1850
1298
1975
1737
2262
1461
964
538
1151
894
460
2389
413
1654
17
1672
1195
168
991
1360
76
1566
686
472
487
1629
826
1230
1858
404
1867
1411
799
1572
997
342
674
258
2199
1249
1555
1633
2357
2173
2473
1844
386
843
2494
1231
1252
2404
2487
48
377
1888
1451
1968
1729
1281
1889
432
2444
1742
1094
499
2096
1076
804
1084
1984
142
664
2397
1521
1762
2266
1832
1837
1189
2099
2261
312
116
1518
794
730
2348
407
1165
103
61
1769
883
903
973
2038
1173
588
603
1784
1110
1203
1341
2219
568
71
1716
648
2104
29
1426
199
2324
252
2477
717
1877
2432
2434
2123
411
2091
1106
1113
1424
702
373
153
234
2217
2421
114
517
2252
2016
1841
409
1936
1468
1274
2086
1909
2443
1570
1989
2218
503
2152
418
993
1141
816
2381
725
2278
1060
44
2474
1463
319
2192
1034
2457
1386
1383
1196
1295
1503
1612
457
92
523
2115
329
1851
1602
154
1312
626
470
1028
914
953
1693
1437
1055
1800
532
547
2491
541
2490
1065
548
906
167
1568
1657
1676
2067
1279
970
2068
2341
1260
2071
769
582
1897
217
1680
2083
909
501
131
1879
1904
1675
2090
1354
2410
172
1995
254
1385
828
1013
631
1645
2134
1586
1615
9
1301
2428
1883
1616
1501
840
1148
2359
1510
250
1528
1856
1429
1913
893
1371
326
107
1185
1368
2423
1972
1155
1425
554
1024
365
2020
613
576
1270
127
2141
2101
1073
1266
1413
101
1583
459
301
70
976
2298
745
1066
138
2103
471
1505
628
1357
797
2205
30
158
1343
140
1499
2005
1816
2188
49
1500
1353
755
865
1123
1987
1370
182
1545
350
681
2429
1215
1885
1574
2058
1184
1213
2338
1726
358
1210
2291
134
435
238
2151
2437
327
703
302
1692
1046
2197
925
1359
929
1908
1287
135
83
1732
2055
2294
2146
210
165
1057
1778
2408
1970
1902
860
183
1704
2358
669
1670
2285
1730
1042
1388
2216
2361
1365
1214
1313
498
2299
948
218
332
2367
706
1798
2461
1363
283
1401
1783
235
739
2190
1815
1248
205
1
776
1931
1949
2225
2125
1664
1708
1516
2017
1746
2041
2316
1005
768
931
530
885
875
384
602
1954
305
1828
2372
1058
2320
429
292
1487
1493
1827
143
1250
2427
2385
1772
1178
2345
2131
2213
351
721
792
2024
1682
1140
695
1009
1122
1043
800
339
2098
74
1553
1980
2438
1488
280
627
77
25
1674
119
644
852
1598
156
291
60
1276
1712
2352
1600
2053
658
1728
718
2414
744
672
1950
1394
1095
932
1142
1910
1843
1372
569
1344
281
1078
1575
811
132
1217
431
1686
782
1666
858
2037
225
1799
2258
920
886
247
1919
482
201
760
1997
763
64
902
1811
257
1409
1853
1432
1251
1552
833
1029
757
284
506
2184
422
831
2087
2286
1218
387
2138
451
2002
1462
2479
977
759
1186
1714
597
980
111
2193
679
53
236
638
2394
2147
2223
636
213
1257
2295
2031
51
1086
1635
1947
600
1935
2107
1288
550
1855
1561
1453
2364
2409
551
766
408
26
1536
124
2092
1091
1861
383
193
1149
817
1831
1814
198
1170
2172
2415
16
68
949
1014
2209
786
2201
1805
229
2449
2396
334
2282
656
2116
41
2280
1342
2159
491
1655
1190
1187
1423
2081
2482
1131
1959
1860
449
2157
34
2448
1146
607
55
95
80
2355
1017
1882
232
178
118
829
1031
896
992
315
1309
1786
1619
417
402
2254
1021
2221
519
453
1238
202
1071
1362
574
43
337
486
458
1157
727
1927
619
864
2333
2137
2327
2311
869
1056
781
2026
1406
1777
1403
1181
1806
89
505
474
2492
2275
1738
1392
2430
1340
1757
494
91
1610
341
2204
1316
770
1658
1366
1846
308
266
1515
1191
21
510
1662
6
1472
2283
2489
1188
2166
2399
171
2498
957
1848
1080
1581
2052
705
221
2495
1314
84
1324
1567
720
1489
248
1174
962
214
370
787
2048
897
1396
424
1206
2075
1137
1585
2383
276
1332
317
395
141
1725
2336
1128
355
899
699
1758
2386
1611
1267
2161
527
1010
2497
1415
1331
870
1847
467
2436
614
542
2029
222
380
2021
204
274
1750
2004
1390
455
1321
1999
372
129
1261
490
643
1744
396
1511
52
195
2196
1255
901
733
2106
1337
553
352
516
1502
740
1311
2228
1894
1420
447
2401
2289
381
1584
2245
622
581
623
2111
122
1235
237
2113
1062
2175
1100
878
1089
157
1092
1876
98
1219
593
1475
652
617
99
1961
1573
1449
928
1523
1152
1147
1264
242
2309
1785
1491
2094
278
13
944
887
746
452
1474
1375
1765
2435
1596
570
304
670
2374
2464
335
81
835
937
751
946
105
981
1958
1833
1834
1826
604
108
2045
1727
1434
2366
789
1275
2140
2288
1355
905
2469
318
1074
963
2129
646
492
364
2174
1593
560
1625
1945
2300
1330
1696
761
2420
11
1008
1939
1180
1842
814
2008
938
1854
867
1069
85
2431
293
2337
615
376
1971
2191
1395
502
919
2446
1835
