1696
408
1824
1742
202
1080
2445
1221
1658
258
928
991
2334
1359
26
741
1329
2317
1470
2382
2488
1870
385
2490
1400
1976
2041
2225
1171
1023
2419
397
1522
2029
25
1204
1936
2372
1891
1431
750
1988
2463
1884
1145
323
1304
952
1040
689
255
191
996
1061
536
1974
138
1651
1054
1847
1261
1357
2223
896
973
610
986
240
231
1680
132
1014
1354
1951
2272
2093
1553
1498
608
1866
1708
826
2212
975
1087
1929
593
2095
2171
1220
1071
286
192
819
1494
1582
839
1499
140
221
1484
2273
1132
659
1018
555
2194
964
940
308
636
582
2263
1120
1545
1294
946
969
499
90
614
732
394
2211
32
2092
1519
1947
1490
2461
433
1614
1959
1215
1925
1196
740
584
179
1800
620
216
89
591
668
803
133
2086
154
1851
1386
218
1091
966
738
1415
1993
2470
336
1661
2331
1346
1516
2491
2145
415
1668
816
1473
898
2453
1721
316
1371
1946
2085
1447
2458
766
685
426
980
81
2348
670
60
317
15
1671
2329
1002
2199
1238
1569
1173
107
1862
2198
284
490
1164
306
1753
1603
1035
2270
1571
1050
1949
831
1496
1648
989
77
402
1670
2067
1427
131
1340
835
959
1273
421
2410
2500
1041
1230
2055
501
225
1328
57
1770
2469
521
478
1778
1565
462
557
1205
1606
1387
2365
1863
3
1693
1643
586
2376
984
1760
1739
2342
2304
337
1057
1434
1508
1694
987
682
1432
1691
1127
1745
1192
1728
572
2429
441
373
809
158
1008
1289
524
2181
2004
1399
1803
2027
2336
2267
1089
768
716
251
960
1551
698
303
1105
344
776
413
1159
2380
773
2150
1900
2082
908
560
1562
651
1384
2228
134
2468
146
370
1757
301
2184
2035
764
1869
1319
2172
1501
1684
843
1285
1016
470
2484
2127
311
1284
448
1924
545
2163
522
116
1278
244
2160
947
2013
948
508
1645
2325
1889
1731
1227
1
1287
650
1167
833
1458
197
1572
1640
1660
1520
951
389
2457
1730
906
1766
1482
1450
2237
1914
1454
762
200
2413
2276
162
1601
580
1530
139
1630
27
581
1793
2282
672
1368
916
455
2462
1534
2248
23
1844
1798
701
1259
1644
1201
2473
699
1085
38
130
223
1351
2349
937
2358
2101
173
1433
359
881
1860
4
556
1542
869
406
2140
170
760
1281
1632
806
1146
1756
972
1692
1689
2136
1219
2031
552
1912
665
459
1038
2119
596
1099
1170
1654
1590
2185
2209
100
1702
6
2009
1315
1804
1360
2057
1559
1634
2285
790
512
1776
2385
1566
684
1655
565
376
20
1667
2451
1716
1540
961
1631
1875
295
1578
2062
646
1792
758
2191
1082
2428
239
2366
1115
1677
1700
1899
1045
1142
1487
1134
690
1168
2405
840
955
169
2396
1122
1232
1775
404
1124
356
346
1455
533
1155
1805
2436
383
1741
1554
327
1250
2224
894
297
1831
1570
1797
1247
1291
1377
460
1563
2398
369
267
2157
1151
2058
2131
589
271
514
319
215
2479
1808
2333
953
2079
1144
2327
2039
1616
99
1212
909
135
537
1681
1379
1781
1729
2113
1999
2383
1737
1125
502
1449
888
1762
1178
886
1994
2070
1771
1812
494
1392
2234
723
1052
1483
601
1744
546
2061
125
1435
2202
1802
753
1199
2364
2384
612
1556
324
429
2498
2046
2446
559
1840
1788
1649
1330
625
2180
950
451
1361
968
2326
1296
859
847
1292
943
1486
113
1425
1042
2374
1148
1290
1619
1697
2271
517
724
798
671
78
999
2014
1512
855
54
1982
33
2247
471
2467
520
2129
2302
1242
1567
442
1390
454
1131
981
919
1190
542
486
2176
1779
292
1077
2296
1288
1589
1607
1036
2154
219
2250
528
2166
1442
1536
693
2229
256
791
1030
577
2084
2340
530
1305
2425
1098
649
907
1639
410
69
232
176
574
725
47
1183
1958
2153
1453
1621
1060
590
1297
587
335
2435
817
498
1879
2293
64
1676
925
283
1809
172
380
432
395
1216
2371
1311
515
2105
2447
874
1663
416
759
1429
828
1774
201
1885
35
927
1335
1094
1864
2051
1895
735
1293
634
2300
52
1353
870
1543
719
84
330
187
236
476
2476
1548
1861
2320
1997
2335
2151
1552
783
1916
1754
1714
1855
497
1007
1059
34
543
680
2104
2369
606
1352
2156
2222
692
1871
566
789
1317
1165
447
1838
1637
243
1605
1937
538
329
2146
2347
1950
1084
1075
109
573
1039
13
2255
2075
2422
971
1312
1123
1764
368
1524
644
1818
1673
1107
1407
834
1635
1952
561
752
1272
731
474
1897
2018
1907
1274
1003
2283
858
409
2497
1421
2178
742
782
2289
2148
1126
853
2414
1397
1283
623
2321
2037
2203
1147
2028
477
1990
2038
820
1954
414
1331
1001
868
942
1202
1595
1150
2268
199
1336
2081
2139
822
1600
2418
1746
558
1593
235
2441
777
443
1005
1588
639
1930
1986
210
1189
1675
43
2050
633
2210
1853
564
2387
2045
729
198
2177
1130
2346
2054
473
129
2328
977
160
1101
747
1446
1932
2345
1393
751
2118
341
878
1451
1194
208
624
1065
1269
281
7
1226
2040
1079
767
237
2096
1978
771
2219
1743
1894
2430
332
141
1418
970
50
1926
2106
1874
1531
503
1922
315
1133
1188
863
2008
422
2123
149
2343
1169
1573
1723
1295
1013
2373
280
1121
730
174
1791
2277
825
142
1006
2298
259
1790
1332
1225
2167
260
1439
787
2352
2
697
553
1966
1666
1832
2197
1623
2056
1198
949
1656
1867
1257
653
765
1053
1523
1585
770
1876
2121
253
889
1904
1962
1236
2359
811
1402
345
2281
1882
957
963
1975
1044
794
585
1873
1903
1615
2448
727
895
1968
2440
621
1581
2308
1657
2147
61
1081
1828
1814
88
296
293
707
873
2044
2496
2404
850
2489
1987
338
290
438
807
1610
1629
749
2492
1485
1009
1347
718
1051
2208
1012
588
1327
1313
101
167
2179
1262
1096
936
922
1996
891
1747
1267
16
1641
1837
1229
795
278
193
2493
778
372
2030
195
2205
364
2015
2442
728
1913
1638
1525
1116
456
435
575
793
457
941
1299
2243
938
710
65
1935
1239
824
1843
74
2074
1749
1015
214
799
420
2088
2262
342
1465
80
643
1734
673
2363
386
576
876
1208
1724
1324
722
1706
1622
1537
2264
2362
678
2036
1048
400
1068
2395
1830
1373
1025
1177
68
1382
1241
1279
1460
1491
245
29
2351
365
2416
209
265
509
250
472
2315
1576
622
1620
635
1117
500
2421
493
1240
523
2183
1836
2301
2299
627
1139
180
1349
492
2386
924
1110
1628
495
2032
268
2094
1420
9
1821
945
1669
2130
1893
1810
1718
1154
1149
904
845
1527
1376
1517
360
2280
613
2005
2284
1191
637
1254
2077
333
367
339
2389
2443
318
1509
1436
1752
1244
1783
75
1518
110
715
529
1224
2231
1784
168
708
1426
175
1028
784
1143
754
1172
1583
18
1109
46
676
2232
1868
2403
1979
681
304
967
2213
1207
2254
66
362
248
2019
2438
548
915
2141
354
570
1881
155
626
854
1819
1175
272
605
294
1074
2132
1049
1642
1078
1942
849
1535
823
1271
361
2087
331
885
2173
171
645
1430
978
842
1103
1839
910
137
532
224
1310
382
1263
763
1941
1795
207
1686
496
920
211
1503
153
655
900
143
220
1695
320
867
1720
1755
467
246
1878
1597
985
1234
1463
254
49
136
1314
656
115
848
1777
2486
865
1826
1577
827
1476
1763
829
2047
2444
821
1251
504
70
1617
1911
712
1422
647
178
2000
449
1437
1243
1627
326
714
1024
892
1334
264
1475
1980
779
388
1909
398
702
2221
579
1011
974
1027
939
2020
918
594
2097
2415
10
1137
882
72
270
1995
2456
1302
19
2400
1568
1521
1419
1235
2207
1785
1782
465
2159
660
526
188
21
1970
1944
2307
1969
40
314
14
5
757
274
145
2103
2337
902
1834
117
2449
1388
1156
458
2423
705
1709
217
1558
2475
1174
1020
2261
1526
667
1401
2494
62
2002
1237
63
1505
230
1323
1152
879
1266
87
1206
28
1213
772
2204
2452
2401
976
2064
683
1408
1308
1223
527
535
534
802
2042
2201
59
445
2274
1157
1200
1664
801
266
1732
351
1072
1564
1823
935
2069
312
1541
1472
761
1280
2022
1807
603
1560
1725
1129
1031
516
1231
540
1066
2330
717
856
618
2378
2434
862
261
1301
229
1179
185
1984
781
1141
1184
2195
1180
452
1652
2240
1405
1612
2059
417
1918
1659
1321
1983
1058
1497
1852
147
463
2076
1835
2379
875
1438
1062
788
1972
1842
1759
1033
430
956
926
1908
212
1365
1712
390
275
1106
567
1502
1599
1441
285
1733
1000
1493
525
812
2239
2021
2472
1113
2071
2065
1877
755
2360
703
2258
1854
485
305
2487
2477
695
1474
2066
2388
1917
401
2427
1248
1722
1380
852
2393
396
1409
2465
1928
1735
144
2466
384
2235
96
551
704
1794
1069
1210
1260
1539
2455
1495
1957
310
2454
51
1462
1532
815
37
905
616
641
1703
2226
1633
92
2048
2361
785
1872
1471
595
1375
1750
1765
2164
1128
609
774
483
1890
2253
954
1892
299
2322
436
1963
830
42
1253
48
711
1090
700
860
489
2017
1338
1300
1108
11
262
1153
298
518
619
97
1905
744
108
1176
411
2432
1822
2060
736
2174
2318
1510
808
2120
322
177
1318
2424
1026
1683
1258
263
2125
1021
1370
1896
648
1032
1991
1528
1249
510
2354
1646
1100
1477
2305
1538
583
1806
2122
743
2275
1688
1417
1939
1444
2367
300
2269
2078
2402
2220
2309
1404
1088
1902
238
1369
1717
2052
150
1492
813
1063
2251
2033
1845
2397
883
491
2102
1985
12
2116
2196
1218
2152
1004
638
428
378
2012
1592
86
2182
1557
1270
53
1816
2162
1636
2218
277
1306
1561
2244
461
2260
1504
282
269
321
440
615
2370
1083
1466
1713
2227
629
1857
358
2252
374
2217
630
2090
2238
677
2381
2241
746
1948
371
1019
466
899
1413
391
17
2314
549
706
505
190
2024
2312
1915
1811
2134
2420
343
1217
2108
334
1358
1185
1665
45
1412
1955
2006
658
877
1514
2339
1815
1544
102
431
2089
2135
114
2003
933
1067
1799
1715
1047
1549
257
194
1849
2107
206
381
2450
1316
234
884
1773
642
1727
775
2206
2391
1411
1469
1214
1533
992
165
2109
182
387
911
1193
1022
2499
1786
1468
58
1136
1579
1398
1945
983
511
1102
1443
810
2230
519
357
1309
1034
1971
1112
1325
1163
1647
2091
2311
1964
1355
1356
923
851
399
2142
2124
2316
756
91
1162
734
1140
183
1848
2249
159
1960
2073
2279
2356
2259
2483
427
1591
2439
419
1679
1575
163
1093
846
838
507
1362
157
1682
1166
2100
2295
1608
2143
903
1480
1043
2294
2049
597
1403
2433
434
2353
944
1076
1751
837
669
726
363
1736
1056
2278
105
1934
1342
1158
189
2128
468
1461
1653
720
663
1364
249
1374
2149
1953
1943
1931
814
917
982
571
2168
913
2080
1833
325
592
674
1396
1515
2357
128
1391
288
652
2464
786
713
857
2290
425
836
2233
2408
2399
393
2245
804
1276
1690
1672
1789
531
2025
1888
2026
1698
2175
469
2409
797
893
662
2083
1423
1333
340
897
2394
737
2112
562
2303
2001
1547
1464
2158
733
203
1738
2431
1424
2392
780
1856
487
1921
1586
993
1378
424
1479
2323
1858
1726
1748
122
1609
1887
871
554
1594
405
513
679
379
1707
2098
1264
2068
2072
1829
890
994
328
85
392
484
2297
1880
1933
349
407
1118
1445
872
302
313
375
1769
488
1440
1394
1303
1467
1768
748
186
1395
44
1197
1268
464
1416
366
1704
1203
1699
1989
602
2324
126
1017
2291
1841
1029
1320
657
1286
289
1598
2115
1448
1511
307
2215
1859
412
1662
352
1772
1967
1343
2266
2344
1981
1095
241
2137
990
2246
355
1406
276
481
1761
2192
1277
934
1500
1883
912
2053
709
67
1195
156
2460
2165
450
600
563
196
1410
2189
2288
104
661
76
1344
83
568
739
598
242
1901
818
2063
1919
694
1992
1618
1705
979
1740
1758
1337
1813
1938
2286
861
453
1584
1529
103
164
2478
377
611
222
1282
1850
841
2010
120
2236
1385
2170
112
2155
1070
1513
213
1010
111
94
1073
79
1625
2099
864
1596
1710
931
2186
2256
796
1506
1307
2411
1898
353
228
2287
1685
1037
1350
880
1927
1801
1865
1119
1428
628
227
832
1604
2313
599
578
482
2332
607
1348
2338
1256
1233
166
1339
1265
1456
287
2117
1092
24
1546
127
2310
1135
664
1965
2023
1114
437
1674
1104
1977
604
2133
1961
1181
640
1228
1613
55
1574
1820
1182
1246
1940
1186
2144
1678
2482
22
866
2216
2265
1459
550
997
686
119
2011
2257
901
1687
2126
444
2377
30
1787
998
721
1817
2193
148
2417
1064
423
2480
962
792
2200
2375
82
1367
844
688
39
1910
403
273
446
1920
1322
1211
152
184
1488
1719
1825
181
2007
2114
31
887
745
1363
1602
161
2292
2043
1973
506
439
1780
1381
347
1611
1711
1138
226
1489
1111
71
632
124
2161
1222
1160
1275
691
2495
1846
539
1998
2111
95
98
93
2187
1046
2169
1827
309
1372
1481
118
2407
617
1624
1414
1389
2138
1345
958
2390
151
252
204
350
2471
2350
2485
2474
1906
1956
1478
2437
1086
2355
2016
1452
2368
1383
2319
569
1626
1298
2406
805
1341
2426
480
1055
2188
1255
1161
1796
36
418
1457
475
2459
1555
1326
2306
769
2481
914
1580
2034
687
930
2214
666
205
544
921
8
988
1650
123
631
233
547
2412
106
41
2242
348
1507
279
1923
1187
929
2190
965
1366
479
1097
1209
1886
1587
995
2110
1701
1245
675
541
291
1767
73
56
1550
932
247
2341
800
654
696
121
