654
690
2316
2212
1596
446
754
1401
586
1055
674
143
134
2078
387
592
527
331
1287
1050
26
1546
465
1213
658
187
403
671
2079
1343
1471
452
2257
227
357
800
2343
686
1488
1612
1262
861
2491
1138
2352
1568
2021
2451
2217
2395
1592
1505
596
150
1361
1092
1042
1635
266
102
57
58
1946
2429
1127
1447
108
1107
2397
344
117
1129
2207
1880
95
89
1808
1136
1655
1195
2490
1528
1034
140
2384
22
745
682
846
1031
146
1118
340
1121
1436
48
1371
1097
355
1083
600
1942
289
1410
2091
81
191
47
1841
951
2206
131
1214
1162
529
2487
533
1209
10
1067
1265
1157
2252
1415
759
947
1598
530
994
1099
567
418
1626
520
1676
310
1373
1005
2249
535
788
2332
2035
128
439
854
60
1628
810
1456
2056
863
1090
1461
1167
420
1492
31
1001
526
1231
866
486
2426
1006
2345
1650
1222
2480
1319
1779
1283
1819
1664
1169
1991
821
104
1359
1507
1285
369
562
1068
632
2204
699
213
2365
476
1299
312
2377
883
555
1752
2356
2468
546
2432
1861
1571
139
811
776
2288
59
373
1621
980
2105
274
1714
775
471
708
2097
1389
309
1301
1580
1011
477
623
2038
1339
1292
1450
1009
462
1134
243
207
2221
2036
498
933
175
2456
443
305
1969
662
2145
823
1958
1120
126
864
156
1994
2060
1730
2335
2417
2230
1429
2187
774
1112
2108
183
921
1725
2069
961
762
496
1669
548
1166
2032
36
1879
807
208
142
2330
272
2122
1122
1198
716
427
364
2430
1480
2128
1917
1765
1961
1736
171
1820
1316
362
1355
1498
1619
1427
1185
327
1259
1049
1874
622
2157
2225
1553
1657
769
413
271
1320
673
4
1124
1665
8
1476
1451
1988
190
44
2027
132
1690
1238
778
267
1624
1144
1096
264
1989
538
982
1776
915
2279
1029
2018
1244
97
634
1892
503
2171
636
509
2153
2211
1008
1263
106
1407
626
182
1616
46
1177
325
1849
1165
1017
1086
1762
964
1354
2280
293
1970
1258
1979
1778
2254
705
1513
1865
224
151
633
689
93
822
2251
1977
2326
180
2380
665
1419
2244
1328
1065
1604
659
1966
1379
363
2100
1652
2044
1482
1834
1295
2439
2489
590
290
611
1192
1564
569
1823
1446
1280
1267
2111
1515
2090
1705
226
2438
1996
474
1666
765
2110
1679
383
1900
806
2373
2401
85
28
1334
1465
1018
618
1123
642
2415
2214
1056
2248
2482
2055
1422
1027
1201
1381
684
2116
2486
615
2450
54
2238
1128
1104
2428
868
483
1522
1272
1490
2184
1149
835
1527
279
1588
408
1164
1822
110
1130
1587
80
696
884
2081
15
2082
292
1766
1907
1024
2465
2241
547
1273
580
818
2421
1640
2088
320
306
238
1562
1582
589
889
107
1094
365
1481
2392
1237
2218
2186
742
747
1768
999
1002
2296
429
725
1172
1140
382
1159
1556
392
2292
985
1541
34
2115
524
795
1063
1329
2383
1980
1473
2175
1517
2228
2053
733
1147
1445
1521
1404
2191
1896
412
65
1929
2497
1101
260
460
729
932
1007
186
1761
2261
557
457
2386
1305
2177
2164
1993
1392
2285
330
1984
136
1089
1909
391
1175
2066
1491
2163
2388
1455
1518
425
170
1932
269
2014
1088
1020
138
2268
581
1036
268
1362
1534
49
837
833
356
354
192
1750
1561
72
334
236
2434
1402
1536
2072
2390
147
1963
1855
1769
1634
468
2266
1807
501
438
1998
1687
2435
2370
1948
1342
1424
1839
740
1550
402
1691
1605
2273
724
1743
1945
1353
2141
2394
1954
2360
767
728
347
1840
2454
906
2188
2475
1810
2329
1798
779
657
666
2275
2359
53
1370
1542
437
780
1246
351
668
1902
1893
1923
2130
531
2061
1103
1770
872
1760
2460
445
941
2410
656
963
830
235
1978
2488
2476
561
276
1684
1486
907
770
2239
1520
1545
1716
1888
1973
1982
887
2404
71
455
1607
743
1247
1158
360
1872
2197
2299
746
2041
74
1240
876
56
794
1075
2013
1644
909
2431
1187
1910
874
802
649
1663
9
2385
2117
2337
504
893
808
571
1960
683
302
332
1802
304
414
568
1223
897
19
1264
2263
2287
177
1832
459
736
1206
512
2094
2135
877
1783
497
2019
1662
303
878
1585
672
66
1551
1925
2033
2312
1102
2347
2236
13
1100
421
1060
2466
1191
1304
801
1232
1544
1526
2375
2276
172
1324
2245
1792
1452
1154
1423
2416
1540
1161
273
1816
210
962
1377
87
1115
2265
42
1926
120
1284
2143
505
489
2203
783
1763
1218
2246
594
727
603
374
2307
1372
1131
813
2215
1421
1028
784
1886
578
766
1093
1279
817
1358
20
2478
316
1674
1497
1041
715
100
514
1837
2161
554
1916
558
2119
2253
974
1782
1623
1956
398
1642
1181
2303
318
2259
771
1142
2190
1615
7
1072
385
1726
1197
1227
1053
1906
1735
1732
2062
406
1399
490
2348
164
2281
1363
1740
1927
1110
196
1848
424
1789
1847
1431
1111
2402
2422
1717
2138
1891
845
1309
748
702
1576
2344
1992
1437
2311
1253
2327
1957
1603
2474
2427
1712
2283
1003
1376
1924
2174
1216
317
916
2293
2418
1826
862
525
256
1308
608
1912
367
1091
805
394
977
522
18
1678
1870
2338
1974
296
1722
125
1754
1048
1066
2324
1670
1773
166
2182
1032
772
1742
1608
2034
2334
713
397
1432
896
1934
852
2137
1930
16
856
2471
521
2040
1683
1440
732
1268
96
1631
1943
1597
1369
1639
988
1224
1493
482
2379
2006
1672
644
2003
1085
1078
319
719
1728
218
1383
2341
2405
1113
1780
2077
2262
1703
2002
824
917
2277
1448
598
1397
1859
2328
858
453
670
1614
2461
337
1226
1261
946
308
681
2243
1417
1325
542
873
1796
1035
14
1569
2472
1733
21
25
463
2237
712
997
431
1291
853
39
1947
492
1312
2411
99
178
720
91
828
284
167
1749
576
29
1395
2282
585
543
809
2140
2433
1133
969
2134
1751
1207
1552
2267
1632
540
1675
239
1602
693
127
841
2199
1388
717
2320
353
165
1330
1281
2302
637
1962
2165
217
1575
2068
2180
17
1563
141
222
338
1833
1877
1058
1854
1757
1403
579
1040
1418
882
380
2494
253
2272
1857
2113
423
1241
967
1985
958
1225
62
723
283
1755
1692
1062
1464
174
73
1618
1952
518
113
422
2131
664
2028
1853
700
1578
753
959
1818
1838
11
1831
1026
456
986
1812
1366
934
1193
144
43
1351
1153
836
1337
2015
532
923
27
1673
653
50
827
646
2437
23
419
1845
1586
1336
1651
2391
1951
1069
1199
948
168
409
1617
2289
1255
750
1827
2059
1793
1699
475
197
1350
1106
1606
2483
1720
2333
737
2166
1463
955
1775
1764
2423
739
285
1293
358
2315
1931
1835
1889
1194
831
789
1179
1940
2353
1589
79
1786
1718
1706
692
2147
230
195
84
796
1500
219
582
405
2017
2169
541
1920
564
2452
1145
1825
1387
2382
2492
88
2178
297
1904
1681
1357
2012
2118
481
764
838
2496
1629
193
1004
2381
275
288
1627
1365
2045
2095
2096
212
1645
2323
641
1502
1052
2406
2449
803
396
1146
655
1275
259
2495
2155
1715
2127
313
361
678
1824
1976
1414
1428
1599
2070
953
995
1256
1660
870
2369
232
1135
484
2144
1254
1345
115
2355
181
1968
613
949
83
1557
2226
480
1438
651
2464
1908
350
1579
2093
473
2192
898
1426
2020
2362
1501
2499
1160
2046
464
179
2414
2233
2152
1695
2396
1939
2479
2376
799
2367
647
1084
2371
2361
241
1143
502
2085
1890
1484
1119
2235
1300
513
1331
1567
894
820
687
2136
1260
570
1249
68
1155
2075
1885
426
844
669
119
1278
1729
378
1341
2223
1485
223
2185
2126
1506
1030
1190
2462
2457
859
2374
929
843
1701
2054
2481
2049
1150
1204
875
98
78
157
467
1667
1512
688
1288
322
2368
377
2080
2121
376
248
1995
1459
432
1938
945
209
2098
2269
1235
1637
159
160
2309
2219
975
1037
752
1727
2363
814
1653
2210
786
1125
2298
2005
2297
251
2208
1171
1390
2114
307
137
617
1570
436
2051
388
660
1409
1510
676
1302
707
6
324
237
1636
1333
1698
714
663
1878
2007
1266
188
2319
2493
411
2011
2176
880
996
730
2052
339
1548
930
2120
987
679
2063
1565
2024
2195
583
1595
685
336
680
1449
1959
2016
1182
229
1441
1454
2146
1741
2258
2084
2047
1458
1411
965
301
1574
1630
75
1132
1460
37
1815
1659
2004
254
2209
1248
390
158
867
1739
1173
2067
624
1936
300
1391
1148
1601
758
1709
1821
1380
1955
2256
2104
2409
2255
849
1895
2308
2419
395
1647
1638
1806
1836
931
2242
1844
2196
792
2455
1658
1702
2470
1566
1105
343
2000
1753
511
1656
1863
470
1772
1466
326
620
1523
597
2123
2109
2170
1495
1152
282
101
185
1420
2458
1913
1315
1203
1368
152
2310
169
1470
537
393
2403
70
1344
979
892
2058
1242
294
205
1245
1375
1949
2485
1271
1876
1472
572
860
922
2159
2050
2351
1584
33
706
574
1967
577
825
566
1532
1356
1374
605
2240
1349
298
2231
1744
12
341
1489
635
2436
122
1746
1797
371
2010
604
1139
2440
1533
850
744
677
1176
1530
1748
1950
2349
335
978
629
575
410
2264
1697
1289
2162
1719
234
1257
417
1694
834
124
352
1858
937
886
1317
2459
628
286
245
1412
1686
2260
1646
176
998
2101
1109
639
2071
200
67
895
359
278
815
1025
198
1116
1137
348
1509
556
1061
1406
2065
1805
1444
1274
1524
510
2148
1186
1396
1311
161
1252
189
616
321
911
1503
1866
1944
1668
349
1559
1
1202
1577
225
1405
1997
761
2306
726
1211
493
1286
756
899
440
1613
865
263
869
1477
871
612
1531
328
757
69
1416
1469
908
2357
551
2202
954
1581
645
265
466
559
560
82
1537
1680
123
52
416
1168
1873
246
1496
133
2057
2295
1033
1296
1981
1850
1573
194
1183
1685
920
621
1294
563
912
2227
2407
2393
1771
816
1625
1022
1843
2158
1791
1352
938
2086
2213
1785
942
1270
2498
261
1649
1163
926
2129
1918
1539
1239
793
1043
910
109
233
992
991
2500
804
1899
1953
277
1151
1572
2318
1479
3
258
1830
407
2216
1023
1310
2173
1883
1347
944
1519
1731
242
346
602
1398
2106
1799
2179
1801
64
1884
1738
449
760
1453
1045
1095
314
1593
1200
381
444
1474
1784
812
935
924
2413
384
2358
2274
2284
1425
2064
914
1178
1435
1643
905
1021
667
888
2420
1898
1915
2477
114
768
1117
1554
2001
450
494
826
697
1074
1809
1525
1813
1205
614
1044
1986
1499
1170
333
199
627
956
1439
204
1707
1234
1297
1442
2037
1189
2074
469
2247
544
1937
2031
1346
640
2467
1462
1015
116
1504
619
1443
1208
1661
1080
968
1468
249
1708
2443
299
372
458
1467
534
1721
153
1851
184
1704
38
1677
329
731
1817
1059
1360
2172
691
819
1814
2484
1600
1856
1082
2389
2042
252
231
1322
790
2181
240
1688
35
345
970
721
215
1487
478
1386
499
976
1965
491
1846
735
1378
1756
472
972
389
1829
1921
539
2366
311
2372
216
904
1382
315
2387
1180
1229
415
1054
1611
1591
2314
257
734
1217
1558
508
1758
695
1745
957
1724
1682
1290
399
2291
1221
1174
1508
781
1433
1511
154
787
1338
2023
1323
1064
1070
2149
2224
952
451
1457
1869
857
1935
2445
1038
203
763
2294
777
1971
1696
2425
2008
2009
1842
1747
129
1894
435
919
1711
173
1077
40
1610
2378
1922
939
950
1788
2
990
1609
454
1800
2189
528
943
1277
989
448
1430
2469
1340
135
2107
1016
1321
2322
832
2301
1073
2139
1529
606
993
516
1014
2229
983
2412
262
2448
1774
881
1210
323
848
1804
1394
1903
32
2339
2133
1384
2142
1860
1864
1348
798
92
971
287
1641
782
1543
519
1964
1494
2325
2194
1787
220
631
973
2025
2030
940
1434
103
1919
710
1555
2444
2250
1071
2103
507
1905
270
1269
2039
755
2043
61
1852
1887
1408
1914
1184
675
601
1999
738
550
903
1126
1583
1010
1867
1983
2193
1196
1276
2029
2278
2346
2022
698
1251
517
1393
2340
1795
936
610
2124
1901
549
1911
891
630
401
1243
30
1700
368
247
1046
2125
2354
105
1811
250
118
1039
1215
599
1777
94
202
2205
111
1987
2304
565
722
2168
1114
228
1875
112
638
593
1881
918
1723
2089
1803
255
201
342
709
1828
1871
2342
1882
379
2102
433
428
2364
890
515
2271
1759
1781
1313
1335
1327
1478
2112
1108
1307
1057
2331
145
595
648
1051
1212
2026
45
1594
842
2290
1081
370
1975
1228
851
885
2092
1019
591
281
1188
840
791
927
2099
553
1000
77
829
773
280
2446
2408
495
2160
1219
130
2151
643
2398
1767
55
741
625
879
485
1868
1367
2300
479
2286
2150
2313
2350
1990
41
847
523
2220
63
121
1012
609
1535
162
587
2087
704
2453
2201
913
24
1220
2073
488
1098
1790
1303
2270
1087
461
1734
1314
86
1671
2441
1620
1076
1547
2222
960
90
1737
1514
214
650
2167
375
1710
607
244
2317
1364
163
211
718
901
442
487
1475
386
751
1590
2399
2463
536
5
661
1941
1928
2076
206
1794
694
785
703
1693
1318
149
2132
1972
573
1713
1560
155
902
2232
1385
900
1483
1156
148
584
545
434
221
2198
441
2200
366
1549
966
1047
839
2473
2183
1306
981
1230
1400
588
2447
2234
984
1079
1233
1413
404
2154
500
506
749
2424
400
2305
2400
1013
1654
797
928
855
1332
1326
1689
652
1298
1141
1622
701
1516
1250
291
2442
51
2336
1862
447
1648
295
76
1282
1633
552
430
2321
1236
1897
2083
2156
925
1538
711
1933
