46
1091
1050
53
1590
146
290
188
1048
28
315
1593
1995
1306
2404
898
2356
1047
145
1283
2425
2434
1464
953
129
120
2381
2204
978
1760
1462
1335
2076
1822
448
882
1916
1689
299
1074
1085
1361
561
557
360
1377
1490
762
1957
948
1262
391
1289
1181
51
1618
484
2295
1987
135
754
2189
1767
247
621
1685
1200
487
467
2379
1641
1898
2441
1393
1159
2438
2246
893
2481
2393
31
1545
593
1945
1810
142
1275
617
103
423
2052
2461
1930
669
2339
1538
250
806
657
481
359
48
932
2269
236
2067
1310
1113
950
1321
2271
221
460
2294
606
186
799
977
504
228
322
2391
2346
345
1482
559
58
1795
1973
479
1986
1687
868
903
1585
919
1312
2486
114
472
579
770
329
223
81
1955
2003
2290
995
480
782
2241
503
1990
2489
2149
1101
1333
1996
1731
1639
714
191
1605
2050
614
54
2136
1249
1342
1235
189
1058
1676
2282
520
242
1896
1725
1450
2348
930
2266
375
1915
1432
1080
1481
2257
726
1234
91
1862
966
1992
1868
2488
957
2072
1633
1858
1417
1473
2345
778
1291
302
1168
1455
450
2226
439
1406
832
1635
2361
1026
355
473
1894
1719
43
1124
772
86
1423
2484
2315
159
863
1861
1500
320
78
1328
934
529
170
1771
2140
1738
107
2059
411
279
1108
1617
2035
1919
265
536
818
1263
2326
1790
1748
1152
1140
748
528
660
1434
1386
2139
575
708
371
1392
1439
692
1071
2407
2179
1843
2487
2311
2337
649
2309
1928
2402
2211
1663
1581
1659
2299
556
666
727
1420
63
1158
1233
589
2024
540
795
1562
105
1447
1728
2293
185
2446
1130
743
395
2349
2061
2426
2206
1653
1762
1220
1096
1276
68
946
362
2027
1657
1525
2405
916
2094
931
1315
693
1735
983
2375
498
1368
1054
1789
169
327
2152
2483
2126
1806
2406
1579
901
2380
4
1820
153
1522
881
880
2212
514
1774
386
2216
1272
650
695
794
643
59
272
1977
2117
154
2370
1414
431
219
1261
1355
1879
1127
309
2229
2161
2265
2354
224
2364
849
1631
2198
814
801
1684
9
1137
1573
662
1388
2046
85
342
181
976
1044
2210
379
1524
1305
1460
1673
1611
1120
1362
1259
1098
2002
70
2420
889
140
573
1222
690
992
716
1962
1570
2047
1965
2242
2390
537
1463
2440
2328
1968
1888
2459
752
67
1471
442
1743
572
2057
1670
522
1628
2490
94
721
747
733
720
590
489
1969
2373
241
1878
1597
162
2005
1265
147
632
2141
1286
1642
554
1444
106
774
684
1954
1691
1555
2159
1307
2029
730
1489
1736
866
180
1652
444
2127
1117
827
1068
1960
1145
565
18
2113
1833
274
1014
2408
1399
2270
1203
1982
1144
2191
1696
1396
604
2154
1109
370
1940
1060
2279
1230
128
2098
1151
157
231
1768
2498
2207
671
512
1357
1494
32
1136
2163
415
455
1557
428
1097
1337
1526
1278
2044
1963
1059
1742
381
1426
1251
1668
883
1650
1752
1695
387
2477
2222
2
1129
858
2088
655
1364
2466
1160
2418
456
1367
2239
331
519
820
1565
834
2307
1619
1935
2310
1239
1626
1503
2202
1974
1575
2324
802
1011
205
2086
864
2209
2334
652
1747
2248
2045
25
1749
929
745
2432
1349
2478
1802
1028
2203
1574
2231
2119
1176
2448
1812
287
1614
1270
648
2180
2133
963
2336
119
1853
1397
1723
499
1284
1358
2118
1412
1951
443
1483
2058
1757
764
133
2401
933
2474
577
2102
641
328
1174
1084
1227
1005
2106
1758
414
635
2430
356
996
1021
2082
215
451
1441
175
2351
2320
66
753
1119
2335
1993
1870
2492
475
1793
2377
736
1245
495
1869
2162
715
2249
1693
1032
991
2262
1671
644
2020
161
1623
232
1331
2286
1300
1544
2273
2026
1871
1994
1521
1100
1746
1004
2120
2411
1254
860
2053
830
2325
564
546
151
410
469
2081
1543
14
732
2085
1486
1155
848
1154
1034
629
1549
1369
1435
1232
64
1280
1966
1072
1964
2268
354
2341
2317
1506
150
2007
2449
804
413
1375
280
1616
2389
505
1327
507
2218
1588
429
1872
1469
997
393
1320
1027
217
1518
490
921
2496
812
651
926
956
1638
1139
1446
1387
2424
1394
1221
492
941
592
1229
1419
1051
195
1020
1495
742
317
400
1246
1603
213
1970
2372
678
1208
1063
1651
270
2031
1476
549
278
1360
1931
872
940
2018
1281
865
1046
847
2327
1332
1718
2040
20
2366
132
595
1343
558
1341
1601
691
408
338
2217
1571
260
993
2228
1542
1978
2232
1193
539
2111
1840
41
196
2201
1292
1457
1018
1613
96
1637
1356
600
1143
1860
1779
1185
999
1039
19
800
476
1944
1454
1991
1395
1887
2178
1372
1612
1418
1030
268
1591
2042
2495
615
2054
1864
82
1920
1017
245
1761
2259
1006
1834
211
124
1627
986
1582
296
2199
2234
24
1734
1686
1366
705
1329
27
724
877
149
2097
2455
915
2181
397
432
924
2213
775
1478
771
1502
2167
1907
531
1576
1082
1391
1883
417
121
2417
1825
1023
1070
1211
2321
735
1316
527
2497
1595
434
2063
168
396
1972
517
2313
1409
793
478
545
607
2165
258
1733
1739
1998
1150
741
1067
477
1566
1814
1219
1665
155
2221
39
2147
1622
93
116
222
1453
1213
1458
1443
2174
192
1777
2025
1608
2468
509
918
1842
2423
1198
1134
2367
1061
74
244
2055
104
1890
597
2009
1666
318
1081
398
1103
962
2103
1769
2041
1304
555
845
513
2493
717
117
1709
1436
2428
44
2314
1448
421
2403
2251
1413
2069
2107
1182
1010
1293
1596
1948
1255
1765
1166
306
255
610
532
1529
773
524
2471
596
488
474
2227
1297
2355
194
1433
1031
464
319
1714
118
1498
334
1517
1122
1451
1609
867
2329
2197
1813
985
2019
2089
2472
608
1000
56
917
815
1348
1513
45
1499
1934
1703
1099
756
1956
2303
710
1909
1835
1479
1859
612
638
1615
1610
746
293
844
2237
1980
598
239
240
2312
1929
515
1287
712
178
1228
374
1001
2195
790
760
2429
193
706
2090
637
21
1456
2342
1053
636
1480
955
994
768
482
2352
1645
890
1313
341
1467
2283
688
1830
2254
1508
13
1683
2415
416
2298
1741
942
1009
69
2435
979
383
164
37
2347
1937
2358
436
1012
100
904
283
602
1534
494
1428
2344
158
1533
759
897
2350
1184
2145
1299
569
763
640
2473
525
563
308
166
1816
680
1824
1997
111
2144
1501
910
856
1727
1711
388
722
134
208
2387
1410
1818
1536
664
968
2399
1087
2225
173
187
613
585
1554
1110
1598
2096
1975
945
1352
2135
837
1466
1244
2244
324
212
2151
1196
1751
1040
1953
1782
1258
1583
1826
707
1599
471
1837
276
366
358
817
1705
1459
1204
12
2000
267
1090
1572
1075
1132
803
658
458
1243
2376
682
2285
523
1770
384
927
1926
2173
440
645
273
235
485
399
1794
2301
171
700
2319
1630
1873
2155
937
570
347
1624
427
1679
2100
1257
920
1043
2409
631
698
2447
2188
1325
5
785
1889
1632
2281
854
2365
1936
1694
1905
769
2194
2015
376
1754
902
2243
1431
673
1580
1592
2016
2215
1827
2084
2150
1116
2184
2157
1282
1209
1704
2274
353
787
1107
1604
685
2083
2104
184
1682
2156
2456
2233
2397
2153
583
1707
843
2033
2444
1979
2340
2056
2422
1425
829
1240
97
1893
2378
530
676
625
1906
367
2480
1662
1033
869
1382
961
1845
1584
2453
1062
1901
1194
2450
2388
26
1942
139
346
364
2359
1380
2146
1180
2284
76
788
980
1784
2074
2164
2115
791
1148
1946
1546
661
744
22
850
1550
723
156
761
1195
17
1809
72
1773
859
1295
841
1007
29
1698
60
550
84
677
1819
229
1035
2214
1674
1049
389
2080
749
1437
33
796
1079
313
351
457
1324
1504
365
1792
1899
823
1214
1381
1142
1932
777
491
1672
349
870
943
269
1902
2457
350
1807
982
254
288
220
422
131
40
1037
1648
1025
1559
913
642
2238
2260
2223
1468
857
2463
1561
3
1141
2105
2014
1440
605
1218
959
674
203
1111
301
1799
1225
938
2469
842
352
914
879
1737
1309
1496
261
310
952
281
2190
900
1199
1288
144
1527
182
2386
125
49
234
300
1552
1798
895
949
2353
1815
1376
2291
2394
1408
449
835
1838
1296
282
2322
663
1983
2439
303
199
1606
1167
55
1104
2068
2121
206
1699
2253
1677
1730
2170
1851
2360
1912
1831
1551
1716
1384
2064
336
237
1647
833
1564
2006
797
1532
988
2172
2193
2013
1066
1224
2093
819
2385
1729
257
633
1535
578
160
1805
679
314
1126
403
307
1165
2289
2330
1083
1563
1658
1475
1346
2168
1339
511
377
79
348
1438
2280
2396
1804
2362
2028
534
1891
2333
874
2255
647
110
238
2182
767
1744
713
2369
551
2192
831
807
1093
1882
382
526
227
2261
928
1002
1056
694
2240
2131
402
789
344
363
2462
292
87
1064
243
2010
2475
201
412
1587
697
2087
1722
935
2419
420
912
1449
2413
1701
1163
113
52
1796
634
1371
1156
783
1847
30
672
102
1131
1881
311
1497
89
1029
1115
1781
1621
1778
588
599
1961
165
958
330
295
1803
1106
2219
1823
2169
2230
122
2247
2256
1717
446
1700
1373
541
326
2101
1553
500
2392
580
2357
701
1179
252
453
923
323
1797
2023
1189
1405
152
1206
2128
1791
2318
1492
493
670
911
1359
2137
510
1558
1019
1880
357
425
1669
944
2479
404
1715
130
1173
437
1354
1678
2316
1400
2437
1164
1908
776
1172
1712
441
2011
101
766
2030
1212
973
2384
1123
659
1836
1600
1875
757
2302
1036
2205
435
1539
1205
822
737
1586
1971
61
1710
2278
16
1988
2034
1855
1415
2110
1171
1052
1345
112
2494
1294
1507
1013
2022
623
892
83
886
1910
2297
339
2395
1540
1105
390
378
627
497
1927
1385
361
1520
2499
1216
1766
2368
2196
974
109
1201
1801
2166
2062
899
1427
2099
419
462
1863
406
2032
1759
2177
970
1867
1279
704
333
2452
521
965
1512
1125
433
1238
1303
99
2421
2200
725
2332
1787
1800
1949
1112
1763
127
297
1477
1726
1162
1856
452
1236
1895
271
1959
1877
1556
1578
2187
1850
1407
1537
409
2305
2245
1640
108
1646
496
969
687
1260
1625
123
1923
424
1269
2148
2008
1452
2049
1644
80
42
2123
466
298
2451
1326
792
584
418
836
1389
253
1318
502
1370
542
1569
2306
2382
1808
825
591
2304
2288
1530
1721
2037
1241
506
2142
394
2264
1788
1753
686
90
2132
2021
884
1253
1567
2124
2143
696
1273
2186
639
289
1846
1857
840
246
343
2048
2160
922
1523
321
1424
369
1903
1340
2125
947
174
177
312
98
470
1003
2095
544
1976
163
1089
2065
654
73
1764
888
2308
538
665
1069
1379
1541
611
1192
372
2073
1620
316
1740
1290
2066
23
1169
1365
183
2250
1817
1680
2071
810
989
689
1839
1828
601
1708
1560
560
1401
1607
210
1917
828
1892
620
780
2051
259
426
2158
552
277
172
878
1636
543
1314
2287
36
1756
891
1088
1487
581
2036
1114
256
630
729
1024
1188
1913
1947
1161
1745
1302
533
1750
1577
249
1785
137
1215
216
2458
758
1322
939
10
1660
1921
1186
668
925
2043
1077
1519
284
11
47
576
2122
1298
719
2038
683
1250
731
1042
609
738
1938
230
1016
1939
1416
861
2224
1133
2092
908
65
1095
1175
1664
855
1073
755
1267
2343
728
1153
1720
518
214
853
2220
1786
1223
594
862
1643
2400
1488
1015
567
34
1121
1967
1274
1548
304
1231
699
839
1866
1981
852
285
2292
1900
454
1242
2236
1886
2476
1041
2235
1363
1989
603
2491
1675
392
1629
332
2371
2431
2175
198
1429
463
851
77
2252
461
176
1404
179
2275
2116
1844
2460
2485
1378
1147
1271
1688
909
2482
459
430
954
2300
1941
975
1445
1516
1602
786
2445
1661
1509
251
1876
148
1985
1531
1248
1351
1252
1922
1776
1078
1285
1884
811
516
1128
971
1952
548
809
972
1197
1484
2176
1319
709
1256
202
2410
718
2338
750
2258
1865
2091
340
779
1178
204
1724
571
1330
1821
2109
233
1022
1191
1589
805
262
38
624
468
2138
335
291
784
2077
1654
2130
1217
207
294
2436
667
1491
1772
1277
2263
711
907
2070
248
2108
225
568
1958
1547
6
305
616
1470
1505
951
1086
1911
95
1336
226
574
875
981
2467
1138
71
1904
2208
1874
1350
566
1146
1999
1264
126
2442
1411
2001
286
190
675
57
2464
1353
1510
2398
62
1008
681
2185
401
1655
826
1210
1374
8
1183
1094
1832
2039
1102
816
1398
1038
1755
368
1390
1732
781
1
1207
1780
1402
1848
846
1528
447
1421
2134
1924
547
1702
1202
619
813
1943
984
438
1649
2272
1465
2296
1430
2416
740
751
2112
115
1914
876
35
2267
1247
2323
501
1177
586
1301
1950
1690
1311
739
1511
582
2129
821
798
2331
894
197
1170
465
622
1493
1118
2017
964
2465
1266
92
990
275
906
2183
1268
167
1190
138
1055
1065
626
1854
325
1383
1681
896
1442
2443
1474
445
337
508
1515
1984
1918
50
1634
1149
264
618
15
1334
587
646
2012
1347
2277
1667
2004
483
1226
405
7
885
1897
1775
2114
562
1849
1135
905
2363
987
2276
1568
628
2075
75
1057
1045
967
143
1317
2078
1323
703
1403
960
2060
385
1237
2412
1092
1338
88
656
535
266
209
1811
1692
887
765
2470
2454
702
873
824
1461
936
653
2374
1187
1485
2171
1076
1706
1594
2427
808
1697
838
734
263
380
1344
486
141
200
1472
1514
1841
553
407
1308
1933
2433
2079
2414
2500
1157
1885
2383
871
998
1852
1422
1656
1783
1829
218
373
1713
136
