228
168
113
939
2371
695
1239
2031
1129
1347
2459
2245
114
520
146
901
1365
1976
2231
382
1455
482
1096
490
1177
635
396
1378
432
1033
1060
1486
2004
2091
375
171
2398
1982
717
1287
900
958
2297
121
979
726
1934
102
450
1190
463
743
1025
254
1846
2033
336
1448
508
122
290
297
1561
2244
1339
1768
202
1175
2025
2439
2090
61
1337
1134
1245
910
1214
1252
1540
345
2305
2482
2387
2159
1971
340
1331
1379
2138
1668
494
2084
2364
1250
1800
1184
1940
1675
1632
1635
267
676
1169
1341
2408
581
1189
1511
2135
1058
777
1707
1587
1549
45
1375
1275
248
387
1322
309
2491
64
1099
1819
2464
1788
1440
936
2409
480
1564
1405
1127
1332
1263
1892
561
364
1324
1874
995
1103
373
1402
657
384
413
1391
1178
2392
1949
317
491
147
1530
2338
1191
731
514
230
774
2497
2296
1044
697
380
329
472
2073
2183
1067
116
2224
1640
1028
641
2316
872
2367
1889
262
1893
1780
2049
2369
2452
1246
2186
536
2315
498
2128
885
668
1527
156
2359
105
1149
1505
2261
922
351
2214
1456
2089
253
931
1954
1775
1776
2200
1672
960
957
2147
2032
1415
1247
1677
455
1259
1300
541
1842
1485
1381
544
1209
870
2348
1120
1956
2302
1055
1879
425
2355
1693
1725
2071
2308
2188
2374
1857
1386
730
1594
1416
1019
1489
699
1772
1449
2069
1398
299
1433
107
2284
576
2076
2250
1452
1682
1983
1057
1705
1225
1079
2356
1985
436
586
1233
1991
940
333
1216
2472
1199
2113
1708
530
474
1284
1970
722
2258
1890
2341
510
2154
2043
2490
406
615
540
2404
883
2094
179
1996
610
1423
511
1603
1738
2412
1479
2108
1249
2137
1852
828
658
2111
481
1556
2009
1639
1537
934
1959
20
1076
969
2042
796
2171
821
1454
1024
1132
1087
2458
1854
1351
377
270
2217
363
1932
2431
998
151
2213
29
245
1955
1261
2207
551
1805
1679
1686
2361
2100
2211
2163
1256
2479
1286
1359
1326
1642
2095
1488
1847
1913
893
660
1718
666
2477
1100
140
16
703
2320
2340
43
1610
890
1602
923
1362
1786
244
651
2036
591
2465
1403
1659
579
2023
389
1303
1548
1987
2170
1516
302
1957
589
1674
2474
2241
573
1813
435
412
1244
1559
2435
132
1429
2153
1834
1319
1793
47
1082
33
2500
866
196
2406
1699
1928
822
744
318
818
1604
713
2104
2468
1397
1361
1801
1008
894
1989
1570
2197
646
1946
847
1876
2419
2208
569
1377
2105
2382
1434
298
2087
2384
97
402
1131
2088
2299
2300
1265
738
1215
288
1446
238
2052
2134
804
1926
2281
1723
525
1295
675
833
2326
142
108
565
427
653
993
647
1003
1205
2011
2380
1764
648
477
2383
512
682
644
1108
1960
87
292
211
919
1161
2059
1235
1522
456
2433
1628
1085
1615
994
1915
1887
2221
1121
735
968
1166
1366
1627
1420
2388
937
892
1687
1078
1750
1860
1241
1382
70
712
948
1128
1617
674
1105
2107
1022
1171
2000
992
1933
353
2255
755
505
1953
680
1592
843
567
1883
2475
1787
963
2448
580
2072
1747
2467
430
1187
617
1046
1148
2483
229
2243
1571
1006
1560
1545
1937
558
138
727
1704
106
1005
223
1539
588
2424
1460
1906
965
2314
104
918
1869
1016
1969
702
1938
218
1795
1808
608
1584
988
1586
431
2045
239
849
1665
2462
1152
909
55
1143
764
339
282
2236
1281
1278
2101
805
867
1521
2007
1007
686
2345
513
1336
1568
460
1785
1147
2476
793
1942
920
587
506
528
1499
1634
869
483
355
1238
1749
2220
1159
186
1269
1600
1204
2460
557
749
983
2478
399
984
943
1824
873
829
1346
386
394
1849
438
2046
721
1636
1529
1945
1948
754
2446
1217
2317
1864
1963
2206
437
1221
219
1384
391
1807
1760
2391
1212
661
924
554
769
718
1812
403
1654
792
826
68
1136
1820
1981
574
1360
358
22
2193
1643
852
1977
439
671
306
865
1307
409
100
517
1597
283
1192
2254
1910
1726
2498
1735
2040
787
348
1818
1114
1141
1557
1885
1266
2264
2360
1533
566
1400
233
991
2333
1032
1984
133
39
1428
2239
2139
1226
2265
1018
1652
1014
1240
2051
1200
819
1695
60
1211
809
2228
1142
131
441
479
898
1838
2251
2294
1914
1895
470
1958
1848
932
471
1328
349
101
2075
2331
1886
543
601
95
1472
876
1826
839
445
224
688
1790
2174
1524
1410
2272
1761
1927
563
1052
152
1507
2216
915
553
1183
2396
1367
1
1323
2288
2029
96
2190
127
459
547
946
1877
855
1302
2122
279
1891
1137
49
286
2212
2379
38
2215
767
1884
1101
2286
2204
751
408
1791
606
486
1904
789
639
739
860
2428
2077
2196
2256
2203
2276
1467
1802
627
2335
1503
1685
928
307
1514
2306
1931
1251
2030
562
2422
1030
1550
2127
1207
714
780
1314
1299
1580
1422
189
837
542
174
2083
149
1475
264
2473
706
2260
209
24
846
1759
1917
1513
959
1432
1965
9
1392
2133
555
1309
163
1034
1901
2307
1311
2020
276
972
913
197
235
112
1528
34
1756
2179
1497
1352
92
2178
571
779
1544
467
1426
86
2325
1900
964
2010
1770
1112
2493
670
1111
2365
1444
1832
499
2173
1605
2438
192
623
2182
762
1363
2180
1833
265
1408
2310
1490
1194
2328
1483
1123
1389
2123
1068
681
2114
1443
175
848
220
404
817
1290
1504
227
1596
2019
1980
1417
770
1502
888
1703
1165
882
926
1041
332
398
568
845
1734
366
2339
815
856
1593
509
2080
341
1227
1371
1737
442
1418
1202
649
2295
1031
426
493
1608
69
2492
198
1086
906
485
296
1350
1850
799
128
2238
2451
935
1304
1153
392
997
1936
609
2344
1463
745
1898
117
469
1907
85
733
633
824
52
2271
148
1048
277
1680
1995
1373
2148
1404
2407
556
303
1629
1164
1380
895
41
1798
1054
1338
195
1294
11
269
1348
1667
1145
217
420
1625
1011
1073
191
2266
305
2443
2471
1091
1374
677
1413
2277
704
2488
381
2037
416
941
155
1538
741
914
2070
707
1733
423
32
165
1911
200
2337
2149
2078
1255
2093
36
949
1188
242
359
1144
2484
1179
759
1866
2144
2132
1133
1254
1517
1264
1053
664
1626
1139
2169
1565
2358
207
1465
1999
1042
14
446
327
631
84
2141
183
385
908
2176
1581
996
2166
1896
2423
1839
310
2126
2322
1950
2162
158
1972
1676
1125
1020
422
592
311
911
516
2440
1662
1670
526
383
1779
1122
2146
886
57
1353
2035
63
700
468
2418
1595
1335
322
429
2165
236
916
1815
2109
2453
2457
1231
790
539
1519
2495
181
129
1656
1947
419
907
1436
2210
1591
51
2400
1905
1119
1325
372
1655
1700
794
2136
756
2164
2336
1155
370
1124
1176
1974
1553
1555
2063
2155
201
2290
1534
44
737
880
2354
1229
879
2079
323
1902
518
405
312
2219
636
74
2175
917
1206
834
1208
1806
2416
360
1501
2349
1766
379
274
1210
1782
173
2327
1720
2429
656
715
2323
1663
103
2145
1827
143
2304
1952
1473
2181
690
2269
2005
1186
820
1769
577
614
747
654
768
215
1274
970
356
241
259
2461
1306
765
448
810
361
1743
213
652
1903
410
205
533
1180
1754
2311
83
1399
1476
2329
2195
315
2332
182
683
1219
1494
1731
896
529
2489
1871
1262
2053
1222
2274
2115
1740
1197
1967
263
1518
2487
1059
597
30
35
2229
2096
1867
2420
2014
2120
761
1203
982
1712
1174
1843
444
2469
2015
515
603
388
1035
605
89
1618
752
1253
1678
758
808
294
2425
167
611
1688
830
2257
94
1376
2177
1681
971
166
1237
1329
1923
2061
1095
678
2389
791
54
1010
1880
1081
1421
990
2466
956
1484
2039
2282
421
584
2291
2399
2226
811
552
1355
835
596
2098
1897
1279
8
2143
1536
1029
607
335
1809
25
2248
2411
1409
823
1089
2201
1160
1407
842
1218
1066
1198
275
1878
1201
650
169
210
2289
278
2413
1370
2393
1232
938
1702
172
1753
902
2249
1757
2232
775
137
1313
319
620
1520
2223
575
1706
82
199
478
1438
1318
783
1320
212
488
325
2157
216
933
1683
1083
476
464
1515
1310
766
2405
978
443
2342
1296
2343
903
1993
655
2463
772
271
2414
1118
974
449
1709
1276
1270
10
144
740
632
625
1130
369
1633
1888
1056
705
1330
1508
1716
159
1458
1711
1442
1135
1045
354
53
2270
280
788
694
1425
813
1001
1692
1899
2247
570
2496
1647
1988
1624
291
2319
628
2267
1298
1574
90
91
961
1736
1345
985
2021
400
473
545
2117
2067
110
1881
466
2074
1836
1920
453
2246
19
1084
729
1964
841
428
2086
1562
77
523
1481
18
840
925
1316
2447
1671
1554
2237
1039
226
344
2018
2283
177
1778
1282
696
1526
2222
6
23
942
572
1767
170
489
1722
1047
2481
26
1063
1388
145
776
415
1532
1523
1291
187
1752
899
1558
1358
802
590
522
2194
1342
549
1268
1469
1637
1863
868
507
1213
1157
2068
222
1273
665
1496
1113
1817
350
1811
31
2253
225
2394
2449
1117
1684
1158
308
247
2017
875
612
136
564
2442
881
79
1223
1512
1383
418
2262
2370
1590
50
1694
1644
1394
854
2125
451
874
2057
1451
1546
1234
2129
249
1781
1509
1288
12
342
1719
757
1859
1075
2334
3
414
1650
952
123
1701
1961
1998
602
630
1470
2444
1474
851
1395
1658
2385
1258
119
672
1612
66
659
2022
1575
1657
2
1193
58
1004
1566
268
2357
2324
93
2350
5
2381
1569
178
1837
1036
1799
1666
2321
393
2347
316
953
976
258
1621
2441
1327
2434
2047
13
1841
836
2486
912
214
1163
2202
2403
2056
850
1315
798
40
616
2130
618
728
1354
1419
184
465
1748
2298
37
1487
1689
1746
701
950
1578
1924
927
2437
1040
130
1447
1109
1292
951
162
1343
1645
1357
1579
7
1831
1285
1220
1445
594
71
1814
962
760
401
328
88
1609
736
1168
1406
180
2390
2099
732
109
2301
2421
1248
1728
2205
99
2112
2417
582
153
1921
1482
2167
1714
538
1393
1962
2351
434
2185
2377
708
891
1664
2293
887
1500
1242
1543
2494
2027
1321
1542
1051
1150
831
2008
1669
861
347
1080
2192
1401
98
889
1777
816
231
640
2352
115
314
1396
2001
599
1387
814
1765
1729
2309
1154
2161
150
629
2218
1986
642
1794
161
532
679
720
2227
734
326
1803
1858
1835
1038
742
930
1414
2375
452
1243
1097
1588
546
1493
1810
2044
622
698
1894
1882
2097
1043
2233
1116
987
321
709
534
1061
1062
1758
2427
256
778
1968
65
1567
221
1092
669
2058
462
1710
966
2303
2395
1480
135
2116
945
76
1598
1162
313
417
141
1873
497
2368
48
2006
593
521
838
1088
1305
56
1498
2016
1611
1990
1784
1453
967
78
1943
1495
801
458
692
1573
859
2152
1364
281
2362
237
1289
2050
1865
827
1049
1623
1551
378
905
527
1739
1228
673
1506
232
2318
257
2279
1450
243
1646
1935
2124
160
1763
784
2363
1093
1741
1277
803
1552
206
1195
1638
2110
2386
1510
785
2064
193
2275
1430
1023
457
125
124
1825
496
1439
188
81
1973
1908
1606
725
1412
2048
2378
185
1563
2131
1372
2376
176
1181
999
1525
1427
1845
1356
2055
2252
118
2062
337
4
1715
1783
1851
857
904
1613
2445
368
825
492
1170
634
365
154
293
203
2415
2189
2085
157
1098
2142
800
2150
1012
524
484
164
1840
2168
604
1796
807
1271
1929
2499
1027
111
2330
1742
2156
786
1875
548
15
812
252
1267
613
693
795
1698
1013
2353
376
338
62
1912
1713
853
1941
208
1437
2187
1094
531
2119
1630
716
663
2198
1167
2199
1922
1283
710
977
289
1994
771
80
535
1308
1589
21
475
975
1106
1312
2430
638
134
1619
723
454
1340
2234
500
1070
2060
2456
1620
1599
1424
1909
246
1021
2235
1260
1697
1385
519
1317
1855
2024
1717
250
272
877
1107
626
1272
1477
2160
1017
2012
1821
989
1944
1774
1868
1297
1090
719
1368
2209
1074
944
2118
1631
1822
2092
46
1614
621
2450
2140
1072
395
390
1492
750
2026
1435
1461
2041
2402
1280
1751
689
1930
284
863
407
2106
2259
1441
1816
1804
1918
2432
1789
1975
2103
2081
1916
2184
1110
1466
1576
1577
1009
2366
981
2034
2003
1872
1050
1870
234
2242
1572
559
461
1607
1140
1349
598
980
1727
781
1064
929
301
1828
1648
1230
204
748
797
753
1966
1979
300
763
273
2313
503
1649
17
1535
1830
2230
304
1673
346
2038
1173
2191
645
782
1651
1797
1390
320
2312
1853
1616
1146
330
2028
2066
251
1583
1104
1696
1071
1026
67
357
1457
2373
637
1102
921
844
2263
2268
331
2002
884
1691
687
447
600
1491
1861
578
1773
1471
537
240
411
260
773
897
2436
662
2225
858
139
72
1856
1978
1369
266
2287
1641
1862
1257
27
440
424
287
1925
2454
1126
1829
947
1065
1077
1462
371
1939
986
1997
2426
126
433
684
1236
1196
1334
871
343
1762
28
1622
595
1293
42
2013
667
2278
1478
194
2346
1744
2172
1156
352
1301
1344
711
1601
1333
624
691
1690
1411
255
1721
75
583
585
619
1464
2401
2054
2285
724
1919
1951
1724
806
955
1015
1000
2480
560
1547
334
261
1582
1531
878
954
73
1730
1459
362
2065
374
643
2158
1732
1771
1992
190
397
501
1844
367
832
685
746
324
1745
1115
1002
1224
120
1151
1541
2372
2470
59
1660
2485
2273
285
862
1661
2455
2397
1037
504
495
864
2280
295
2240
1468
1653
973
487
1792
1138
2121
1823
2082
1431
1069
1755
2102
2292
2410
1182
2151
1585
502
1185
550
