980
761
767
1364
2494
503
1106
1253
651
990
1494
905
2055
1100
579
766
1442
161
1863
2170
2069
596
981
975
1286
1406
2188
724
1006
1732
640
568
1570
1062
1120
2259
734
1637
1373
2182
1128
1312
1636
554
2202
475
618
837
377
1840
1767
1543
1384
1849
487
1352
2246
286
324
1396
1887
315
1677
2298
1881
1914
524
941
2031
1946
141
622
839
1409
864
1822
974
1761
1755
2430
2265
2482
2129
1489
630
2002
1656
38
1488
158
2194
1653
2497
911
1017
2124
2160
1264
709
1342
1989
2121
658
1104
2034
7
466
1268
93
218
526
511
792
2195
1176
2296
414
1303
778
95
2224
1035
1674
2109
1912
1834
738
726
1516
2136
304
2305
70
22
1678
2500
1278
63
917
47
1654
370
354
1123
1605
1982
1089
623
329
1564
440
465
1434
669
2110
2311
868
1429
170
691
457
854
515
2174
2341
1343
194
90
1254
1361
1837
2043
940
1833
770
1535
947
110
661
2047
107
1534
321
1447
394
538
2187
649
23
200
2255
686
296
2122
270
678
228
775
1646
1217
129
2334
1957
505
679
1465
626
602
259
499
2436
2350
880
2211
1088
1235
2024
583
1954
1336
2184
838
2371
2099
2304
190
480
2335
384
1043
2299
1748
265
1096
184
1403
588
183
127
563
2101
1072
2384
1287
1838
1370
548
2138
1695
1129
1843
76
2135
1986
1573
156
1814
1929
667
1435
835
2465
983
282
1973
1246
1627
1856
2237
659
827
1842
268
180
1358
1891
271
1851
319
192
398
458
1036
1811
429
1731
320
860
1146
1334
760
2320
612
452
349
1300
1382
2151
2307
2112
2094
189
115
717
2244
254
2423
1339
119
24
455
572
1021
1549
1746
181
1765
1939
2010
1793
2156
356
1991
1498
1965
1874
1790
1207
1823
1941
67
61
2369
1392
1369
2228
308
2441
169
1030
1809
1745
325
100
928
2391
1684
1783
601
199
1271
82
462
1399
2469
1608
672
388
721
1020
277
2416
83
1009
1820
191
1023
2074
269
69
1124
1897
1682
2152
1461
1152
1013
1011
20
1059
1376
2409
1784
2287
2362
953
1945
1537
2346
1456
871
1295
1158
1826
1306
1774
664
1203
590
1739
2097
1421
1
883
1256
1280
1756
468
11
1099
1683
2301
1067
1412
851
464
1710
1107
1824
523
796
2088
139
1542
1131
1354
1112
833
2431
938
1547
1994
2462
2221
2337
236
121
2366
2082
92
495
756
1448
549
1222
2260
1575
830
976
682
1289
167
1649
1644
2162
2210
132
436
954
1241
1375
1530
2381
1178
210
1470
2352
2353
1886
1181
806
2345
2395
550
2234
2107
2251
2474
1988
1345
1324
1111
676
187
2499
219
1602
1407
1079
1077
2266
789
1541
1523
1019
2008
1868
1572
19
290
1515
2119
1109
2073
1060
1243
1526
1408
1004
694
834
2426
2137
1284
1532
1501
2060
1472
2196
2454
1248
1326
197
1490
855
232
1844
877
1873
1997
1741
853
2095
570
1661
1469
326
231
547
430
2105
1231
493
2488
386
1066
216
1672
907
1550
2048
1163
1389
582
1347
2139
1378
961
805
298
1073
1091
1087
13
408
2132
668
1659
2051
2064
504
215
1322
1080
73
1092
2368
604
680
2130
942
799
283
1154
177
1963
1493
1205
1803
396
2378
690
1044
848
1718
1730
102
415
846
1910
1458
2340
2021
646
2035
1310
1041
1948
1505
105
1639
1220
2312
656
985
382
52
600
852
1105
856
1199
683
144
863
1086
1585
1835
977
336
2114
517
1569
2186
2026
1187
1933
56
1828
1798
1015
1113
311
809
163
1085
50
1593
1975
1958
1552
2198
865
1197
39
287
643
927
262
1314
473
1172
1538
1987
1821
776
1440
1449
1338
1796
165
764
369
814
925
1584
2
1377
1580
1629
9
2277
1360
2050
1557
2360
978
116
1441
823
705
1237
536
483
1938
986
1014
62
752
1976
710
1194
1619
249
1894
2269
2025
272
2349
970
279
1452
1134
2418
1436
89
371
2379
1125
1416
562
2351
2408
1149
174
2385
1005
2199
660
1385
844
248
2422
1291
903
1751
1509
221
500
926
708
247
1110
99
195
867
2393
542
1594
1869
1157
1951
418
15
1563
327
145
2158
723
201
2033
1097
1169
525
2028
1213
2331
240
1173
363
196
2078
433
997
1383
566
1380
424
2098
2437
1244
2239
949
1782
2001
4
2223
2131
2329
1917
242
1817
1601
1596
1170
2201
1527
246
1346
1650
960
1609
2485
1893
2446
1185
1899
520
2407
2175
381
1724
1311
1766
1236
484
1267
1275
301
1640
727
305
2267
744
935
2412
2328
2281
2364
715
1924
2498
2030
695
777
745
2167
2415
444
707
2457
2040
1061
2372
1208
1167
1852
1693
1576
2104
1118
1455
1102
404
1270
2022
1050
696
1198
1558
2215
357
716
323
1484
1335
1875
2154
876
931
1850
1921
2108
1135
1791
1839
1909
64
1955
1860
432
1148
2254
1848
485
1866
1518
489
816
1344
1721
873
359
1722
1193
1390
1508
740
1665
416
733
1500
1479
275
782
531
2367
798
1597
162
1717
1925
303
1394
450
2310
2019
627
1142
1592
800
629
1418
571
712
472
401
1027
2348
508
1947
1147
1617
28
1249
929
233
2290
910
2148
142
670
179
585
281
2479
2357
1238
2389
2289
65
135
2377
2102
1037
207
1757
2428
597
2032
1224
1681
2466
1651
2495
2168
617
295
1740
1138
1960
1069
535
527
1293
1668
950
130
302
1397
1908
2191
2230
1660
2398
2413
2387
1033
71
1367
274
137
1486
344
1482
51
1932
1504
1610
899
328
2106
1108
289
654
1768
155
1885
1353
930
1762
1285
2460
803
58
173
967
1356
153
1647
992
1642
1359
1847
410
21
541
1903
995
1770
2203
108
211
1648
2181
96
2439
1003
235
732
739
1296
2062
2220
1216
2411
393
431
736
915
1068
939
884
1524
112
1624
795
426
1473
2144
43
2282
1499
27
1351
2115
1221
1274
30
762
1042
2445
2249
87
1715
2185
560
1769
406
17
2468
498
1233
875
338
1539
530
1590
2278
1506
1180
35
2473
1544
2492
1234
2316
106
1720
1137
1318
447
380
987
2209
1529
1691
1662
1628
2382
619
810
224
1160
1127
1901
1667
2339
1374
1010
118
564
1512
1579
2315
2309
2419
555
2276
1341
2250
1272
2400
1615
364
2180
829
1283
1551
2219
31
624
373
1226
1760
1698
1786
1680
2029
2146
1029
1430
1445
2212
1451
1223
48
223
42
1258
1984
2225
1559
711
1511
561
2163
1420
2036
1620
293
1630
1279
1600
2399
120
85
1415
922
425
1337
605
574
395
2275
1016
1058
1400
1734
718
1302
1643
1269
1692
1816
2280
343
918
2127
1056
36
1414
1245
146
1186
973
114
2027
1962
1521
2314
1554
1159
2216
258
2044
704
2232
136
1175
746
2268
1363
1818
1229
476
2177
365
230
1491
439
26
266
2150
2009
700
1141
481
2004
2049
610
2231
1478
1262
267
1878
934
91
335
886
376
68
512
1586
1319
2157
1789
587
1857
1522
1266
2480
1328
2321
1949
991
150
1143
1483
1239
1595
1305
412
1307
2472
2075
2208
220
332
594
1327
1227
1055
1215
2279
832
2342
567
1725
598
2365
545
175
1038
2434
1460
1735
1562
97
1896
345
578
1930
1188
558
2425
912
1422
299
1952
824
1052
1641
2013
2392
1475
1750
2057
1673
1589
351
1999
963
3
2179
893
753
453
1565
1919
443
334
2386
2359
1255
1855
1775
948
581
360
1779
422
521
1074
1219
1130
1898
204
437
1859
109
331
1865
1340
1884
1101
2054
1001
1928
828
1387
786
1450
1911
1802
1464
842
1742
1413
1623
1332
111
879
2332
353
2229
2065
1870
2271
2178
1536
1251
1915
989
339
611
900
861
1076
2456
2464
1466
951
1918
895
1301
1904
1034
780
2300
1533
788
2256
606
1588
157
318
185
2197
720
1922
1453
2303
595
1471
2080
1703
625
650
403
902
1687
2248
217
2141
1350
1889
1144
2085
1309
1645
2081
1920
2159
998
534
1133
226
2039
577
32
2245
881
474
1657
874
124
413
687
1103
490
904
689
2471
1051
186
1355
238
909
1401
1308
2486
565
1635
2089
1431
556
2292
2442
1723
813
1953
1788
1829
411
470
2206
502
46
2496
1206
701
901
55
1560
2477
575
214
666
1800
831
1670
18
1304
559
2072
632
768
1675
446
1454
1582
1876
2068
1417
858
2417
362
1357
1972
1611
292
2041
532
372
264
1402
1701
2012
1457
1754
2084
1496
312
2263
2247
402
1832
2227
569
471
510
1315
2037
759
1831
1395
1018
1502
952
2336
244
59
1944
1574
1913
1776
2285
507
1577
653
239
1503
1463
44
400
1427
1507
1671
285
149
1807
693
1895
84
1179
1744
2042
294
1132
1444
1381
213
88
492
1983
1998
1081
2015
1410
811
516
1189
409
2006
1405
374
1993
1155
790
2083
2207
647
2380
1145
2173
2007
1053
1419
1879
1738
460
346
171
1934
714
965
2448
1398
1591
182
1095
730
74
2327
34
1771
1714
1411
1792
1612
1136
1763
340
849
261
378
178
608
2432
1578
1282
1325
685
1388
273
288
1666
1716
1967
1836
1031
134
613
154
253
1174
1261
1981
2323
1655
496
397
2058
54
2467
2374
787
467
479
2475
113
936
469
1992
1607
29
1371
1240
237
1727
160
1985
1288
1785
913
123
697
631
1794
1968
544
2274
352
945
297
2165
434
1071
10
1599
599
751
148
845
635
728
2273
12
2090
2470
348
763
1218
1260
972
2297
887
684
713
1604
2420
747
2017
1316
1546
2140
1183
1032
843
2235
405
2449
1299
2067
1905
138
1487
1525
2308
754
2325
81
681
1423
591
742
2076
385
1747
1705
2330
206
966
417
255
719
882
551
1437
1007
1333
1426
825
771
1182
2463
621
1882
1583
836
1966
1365
1603
2376
513
522
1772
2143
1568
1906
477
772
151
1040
1446
1117
2306
306
164
866
1613
785
2061
1778
793
2484
994
2252
1115
225
628
8
367
1964
1349
1263
1225
2176
2205
78
1926
2450
636
1156
1956
375
2491
933
1247
725
801
1443
2172
1298
889
257
1969
2394
2344
1386
159
706
2171
2355
1959
1462
147
2257
1012
454
203
797
821
688
518
2288
1825
539
2270
2438
2200
1433
2295
1700
1781
37
2358
355
729
702
2193
1368
1719
2440
2204
252
2478
892
2046
819
2396
456
126
441
944
1862
1379
341
959
2461
671
128
1082
2427
1712
1566
1810
2045
1153
1323
1867
1633
79
2262
1257
553
741
1614
779
478
1094
962
1204
862
1049
2038
1916
1028
2164
872
638
2324
2116
1571
104
131
366
1854
1690
692
1618
1696
1540
1366
1694
1362
2100
540
1753
2070
2363
1759
1861
593
448
633
731
1795
1083
2096
2410
1151
1787
1468
245
971
1428
1621
2403
615
1812
1119
227
1164
1313
1942
300
2444
2213
1555
1936
878
1162
2487
379
1294
6
1098
2000
1890
1228
1331
2261
33
2218
1883
2005
1663
988
722
616
1664
2313
1864
2240
125
923
168
908
914
1259
1587
2286
993
1871
1606
1676
1520
1122
946
2226
1977
1632
2401
1273
1070
1706
1923
229
537
546
1777
957
1242
826
820
982
1057
1150
1622
1404
2405
1474
2133
2118
2322
1252
1892
1669
1830
888
1265
2435
383
1277
603
423
1638
1729
1658
924
2343
2402
103
755
2128
1625
1846
1806
1531
1297
1424
1707
1567
896
1702
1054
57
2414
2113
1990
1980
1971
586
943
2016
310
1093
1961
1743
592
584
53
2253
1819
794
1841
2361
280
2490
1752
407
445
1161
2161
1177
198
342
1631
2433
2003
1214
2453
491
1025
1902
1210
260
699
2451
1711
1002
2056
1758
1616
1090
1191
1736
533
350
1432
1804
921
1063
1978
2092
497
1931
1317
1078
143
2291
557
2087
421
392
2390
2293
330
528
494
1126
2066
1950
172
815
663
202
1845
1320
783
1492
662
2147
387
784
1699
2077
101
2155
133
75
1372
16
1329
1212
45
979
859
1704
1046
152
964
749
840
60
1561
2338
2458
2086
1485
1773
2103
1139
2233
894
2354
818
1689
1553
2373
639
2014
519
897
435
1481
427
937
1799
1171
1121
49
1438
307
2443
2217
2481
2242
188
2063
757
2370
86
956
609
2319
1888
1548
1808
166
996
1477
251
781
955
486
847
791
1970
1697
449
920
2222
641
1232
969
812
1195
1708
77
1513
2093
1476
804
314
438
2125
1166
850
822
1872
543
1528
2459
2455
509
765
750
250
677
390
737
1075
1805
2429
1048
1749
637
419
2079
1211
2192
2011
1495
2189
817
1685
2404
1276
176
614
1026
284
1348
1200
2326
999
322
1114
743
2241
2489
1996
94
2318
2166
1064
98
2284
66
2123
2053
1250
620
333
1230
703
461
463
1008
808
1209
358
1330
140
2452
2258
1813
278
1726
2424
1497
40
488
2183
368
1880
2272
208
807
1801
919
2421
674
263
2071
665
391
758
673
2052
2243
580
1281
291
347
576
1877
241
1686
2397
890
1039
2333
642
1391
2383
607
122
459
2406
1943
645
1598
1974
1679
1467
2190
1459
234
2023
1995
1556
735
313
1065
1514
1292
2236
2493
1581
2302
243
2317
1519
1024
2476
41
428
1393
1201
657
1626
773
2356
885
399
514
2018
932
1510
1045
1196
1733
1797
5
1321
748
589
1140
1000
1940
420
1907
652
222
361
1165
482
317
1728
1713
857
2059
869
209
212
14
442
1634
2120
2149
802
906
256
1688
2294
1480
1439
2483
648
389
80
774
1900
276
1192
1764
891
769
1737
1168
2145
2169
2264
1290
1827
1709
655
2111
2134
2091
1517
870
634
968
2214
2153
1979
1116
698
675
501
958
1780
1815
2375
898
1935
451
309
205
1202
529
916
1184
1022
841
1858
72
1927
25
2142
316
2117
1047
2447
1652
506
2126
1425
1937
2347
984
337
2283
1853
573
1190
644
2020
117
1545
552
2238
193
2388
