1851
2020
54
998
167
786
1661
1675
873
695
1361
1339
1586
1544
897
2399
2157
941
966
597
1348
1064
1450
2441
135
1386
456
2316
409
1634
532
718
2393
1712
2033
1487
1629
1513
1280
1950
1710
914
1205
1850
1938
1143
2484
1430
1324
536
2199
508
1995
661
279
2364
2292
153
122
2451
1042
437
983
326
975
1079
1217
1699
961
1045
258
1313
2176
1602
464
21
1133
2321
1725
1032
859
1246
1906
1231
1814
1717
2474
1131
2498
228
2203
1930
891
386
841
367
1645
2112
950
1202
1049
766
593
2220
2450
226
1176
2337
349
1418
127
1090
1961
984
482
1948
2038
1864
283
1913
1813
2283
2226
327
2487
1204
495
53
843
28
623
1199
260
674
1601
812
1393
436
2330
1749
1548
235
350
702
1861
947
490
2009
2445
805
621
2019
1063
588
1305
764
2398
381
1109
378
2468
2187
170
1345
342
1664
1848
294
915
1178
38
1306
1203
1835
2463
1496
982
1829
184
1474
302
2250
471
1401
1715
2036
22
2223
564
2131
2212
1495
2093
1211
616
954
266
399
719
2081
1776
75
978
2299
1463
6
1081
624
827
494
1768
141
1410
2333
347
2031
1978
168
1005
400
617
1441
820
1397
2101
289
110
2177
818
1876
1258
801
1893
1106
293
1151
2465
963
1921
1910
107
705
134
1239
373
1791
1812
1723
310
212
1860
1433
652
1562
795
255
507
554
1439
553
1060
578
142
438
407
1711
2225
2140
768
743
700
1029
609
1521
2156
638
774
927
956
1431
1277
1519
1807
234
1021
2255
752
1172
51
2122
1974
1885
2071
1681
353
2328
736
849
439
1845
2089
338
2326
1078
539
1584
1284
1713
257
1890
640
404
1149
1483
1250
432
1181
1923
2049
1826
672
923
1462
995
2207
988
771
1028
1139
1718
1089
192
307
1984
845
2377
1175
1591
1673
397
1581
694
1101
2133
1426
1671
1916
1265
1179
87
883
323
1627
512
1154
1898
1468
671
943
1399
1059
150
729
678
1232
12
484
238
650
339
1403
1589
2218
965
1006
819
304
1294
2045
1960
193
1529
1912
147
71
1823
2270
308
1537
2294
1579
2211
806
1771
1488
1038
318
831
1503
1976
663
1507
701
2391
343
2495
2132
726
1945
2361
1914
1075
123
384
2368
1346
2184
1289
2182
1551
2095
1786
677
1103
1882
241
817
1134
2380
1603
1014
2432
1406
687
1233
2440
1653
2202
1267
1871
2476
2371
1568
1809
1665
272
2128
2397
1310
782
209
64
2145
1456
2494
450
526
196
1392
1880
224
1808
177
1185
865
1413
344
346
2389
986
1799
604
290
1564
2142
398
642
1631
1086
189
2037
1058
1071
1523
1854
2087
231
43
1714
2287
1319
1775
676
1359
1694
493
1705
745
1132
1630
1526
1198
1351
1227
1003
1980
644
1825
613
1794
1903
2222
765
706
867
2414
557
1598
1170
1919
1904
1593
1366
244
1640
1525
565
2252
1387
2309
1336
232
215
612
667
1421
2471
1879
1887
1721
1333
2032
1735
1332
1264
2311
922
1547
298
218
2188
1095
1511
2249
1670
1499
875
2162
1494
2291
2485
910
2044
1959
740
1475
760
1114
406
1083
1290
2004
1383
2108
117
599
792
428
1764
1416
1108
940
2126
1696
2355
877
217
1944
1207
2258
1073
1092
137
537
1527
1255
1098
631
1425
1781
880
388
1740
979
187
1767
881
2483
1543
332
2082
416
2442
1457
2493
1966
2383
952
1669
405
1832
23
1389
761
683
1027
618
2149
1540
411
872
803
1991
1354
2266
171
1476
1435
1186
2379
1778
1127
878
95
371
1226
762
403
55
942
1545
684
157
571
999
2473
744
2433
822
2213
1773
1072
1414
1676
1686
1695
1374
1335
1135
1405
475
575
1301
2024
1588
2384
2192
1587
2139
521
1569
1282
1309
1883
130
1112
713
928
59
2110
2448
1565
679
569
1388
149
2430
1946
444
675
1427
780
935
446
1821
1856
570
34
568
61
2335
1884
1751
1377
1596
424
2135
1920
707
125
1878
2435
1323
316
602
614
836
2088
1506
1104
52
850
2041
1763
1811
658
2343
2245
800
711
2340
563
746
315
1955
2466
253
2039
480
19
488
500
1365
2021
2296
2193
485
953
769
421
88
2221
1633
50
666
974
1762
779
2410
629
1353
1084
697
1518
375
1911
1667
2401
608
888
1340
291
1066
1899
1889
372
491
2196
657
1352
317
1892
1297
333
816
2500
945
2235
2402
2138
144
2308
552
515
109
1214
1065
506
1790
1509
1218
1372
932
2274
759
545
970
2091
2315
981
469
1044
2297
1793
2327
1159
911
662
2129
2420
1080
1822
1652
968
2268
1194
511
1423
1622
1985
799
2210
813
2411
311
685
1489
1438
1682
1583
81
645
1929
1076
1690
1704
1212
633
2012
2373
359
1896
649
559
798
1500
951
1504
893
1804
1105
420
1719
1479
101
538
312
1363
362
1815
1613
1454
2035
1469
1512
1471
2264
2043
2443
481
1070
648
2006
809
1162
1597
2072
1472
757
1347
540
2422
2416
906
1184
1700
2201
1409
236
383
2400
84
876
2172
165
930
1947
607
370
2164
1272
523
1957
957
57
2423
457
934
1655
242
442
422
900
337
1327
15
1639
2403
233
248
2372
175
47
24
857
1074
1996
1482
2119
916
1221
27
2350
1785
1683
1741
2022
478
773
1795
188
584
1331
425
2490
1532
1004
222
2194
132
441
808
32
186
1269
263
1577
319
340
709
1183
647
243
1881
1660
466
1480
561
1008
1802
2365
2341
2143
1688
1148
159
660
2352
1729
790
2147
1308
1963
1535
1283
1126
1852
2314
1621
2455
270
1599
673
2208
1304
251
2144
1638
2370
1138
1113
341
1827
363
285
89
1455
750
996
2146
459
2028
1865
1375
1873
887
2426
1110
26
656
735
1925
1484
2418
56
1293
1828
105
1424
2381
394
1266
1552
1674
835
1698
1559
136
641
655
146
476
804
664
247
220
467
591
1508
92
1390
1137
2395
1342
1055
1922
1477
946
501
2306
748
9
2489
1657
2018
585
2318
58
747
1286
1249
1067
2427
1608
2094
1841
155
626
2293
309
497
542
1936
634
1641
1011
2363
1445
732
2085
680
2261
1193
154
1318
2148
1693
1766
2303
106
2444
2458
1783
2016
200
356
82
1886
2310
788
924
1097
1953
1326
2265
2243
2165
461
2298
1467
139
1707
1491
173
103
688
1196
69
2063
37
1329
148
377
1490
426
1376
931
2185
78
1364
335
2246
1972
1868
1130
1069
971
1229
1122
1843
555
2175
1774
73
2134
1940
2103
2394
1486
628
1195
1452
355
1859
2409
1687
1315
1962
2275
1417
665
1465
560
596
72
418
1492
902
1797
300
33
2259
1533
1927
547
1915
2051
1400
1096
847
202
17
487
811
2125
2279
2329
2064
1628
2462
1236
2219
802
1312
1024
1590
600
131
452
1736
2421
528
156
918
793
203
1901
295
1644
2247
1378
246
2472
901
1220
823
716
108
1787
1240
415
465
2269
1614
955
1125
1050
1573
194
646
249
544
2382
1934
2469
1987
1068
1999
767
1245
2286
1894
2168
2323
369
219
2242
1558
546
1752
8
1030
2271
1595
741
1816
479
1350
2209
2392
1981
1530
606
1311
1580
2007
583
492
2439
389
94
1268
379
180
2180
1273
1380
1243
2086
2107
742
1161
211
240
1819
2482
712
517
1801
197
2069
2183
162
305
2233
1156
1817
1918
2160
213
2155
1057
1924
580
1971
2046
1727
615
853
2454
1382
1012
1782
2178
1524
1007
205
2118
1528
976
2206
868
1440
208
1302
2153
882
909
1742
152
1270
1373
1877
2104
1733
1362
277
2460
1834
1087
1862
1837
111
2116
1888
1989
79
1188
2289
1322
1935
368
1039
1189
1358
303
937
1777
787
470
402
980
1726
1620
1009
2491
1765
1968
1259
1341
1422
410
1192
1666
1328
721
944
1737
1367
2130
810
1099
5
551
863
960
1398
204
1016
1237
2405
1128
832
1990
1466
1615
1541
297
447
1769
826
1501
884
1000
1256
2475
1140
1636
573
20
414
25
1514
1951
1275
1415
2026
993
920
556
3
1538
885
275
558
1897
445
2061
2369
2074
1054
681
714
1034
692
1303
1692
1637
622
1958
2227
2077
1190
2238
1753
1731
1720
1635
2288
1234
430
44
2304
1977
2083
2396
313
2167
1677
1115
276
2186
2080
2234
83
227
1576
1607
118
2001
548
730
1820
1689
2415
796
2322
65
1844
120
483
2453
1679
284
462
985
1746
1649
1566
2078
698
1570
703
419
361
1437
1994
1262
1798
1444
938
1846
2217
1117
2067
2121
1611
1369
1574
1015
1002
1703
96
393
287
1321
1168
206
637
274
619
1446
2464
653
1531
610
1453
1182
225
751
2325
1867
567
846
899
972
997
116
454
2456
30
1838
1449
2179
1279
296
1033
1385
603
1926
391
2047
1546
1842
1164
531
643
440
2195
720
453
408
2097
1368
1520
2002
207
579
516
1459
1969
2054
143
919
2120
754
2055
1571
1458
2496
1213
807
2027
221
1481
632
2434
2205
1563
334
505
2053
412
1252
2317
699
259
783
2010
1047
1420
1572
1874
14
366
2215
1107
1836
1619
527
2197
1330
770
2424
727
2158
1796
449
1434
2231
2034
651
433
2008
299
229
696
625
722
2013
756
1626
2359
1100
292
2313
959
1111
778
1647
1516
66
1174
282
668
1716
1663
2030
2115
1515
691
172
1702
2048
821
102
114
1298
861
2170
376
905
2290
828
76
322
1625
2000
86
100
2492
2497
862
2408
2262
921
2345
1678
1895
160
1141
1
4
176
1062
2366
174
1173
1755
2378
1600
2295
1056
1384
2204
1145
2360
1153
269
2406
829
345
1261
250
1642
834
2428
789
1215
320
16
1747
431
31
1855
2356
2117
2457
1803
1314
581
2066
1235
1983
592
357
280
1241
185
1788
2459
572
1998
351
1973
866
2190
278
93
1300
288
2388
262
855
2339
708
1605
1805
724
392
1043
1942
2173
390
1757
11
794
949
1933
1052
1379
958
1355
324
737
908
48
895
586
427
360
2257
166
1360
2169
182
2278
1357
1691
1061
1772
2057
2253
273
635
455
2319
1612
1858
529
2302
2349
395
987
1260
2307
1053
2023
2003
904
1549
1436
124
1019
1085
2385
753
126
261
1849
1478
686
2277
2272
1839
179
1553
1840
2005
1967
595
2141
36
860
1209
2241
330
2334
1554
1091
2239
948
2106
2367
1317
525
630
1517
195
1578
325
1037
348
2347
785
1307
2029
1575
1869
2449
2159
1448
1623
2348
636
2200
121
1222
926
2105
2477
990
815
833
35
1986
936
2092
451
534
2281
1780
1123
161
886
1093
1451
1077
502
1502
1680
2387
518
1818
1460
1646
1371
2248
1102
1146
90
2300
2346
1010
601
1539
354
1191
129
1748
1320
2191
328
473
98
589
755
2353
874
472
1872
49
582
151
1697
1124
1394
1344
1046
2232
1806
896
429
1498
401
1728
2113
45
2090
2375
1295
549
839
1412
689
723
929
1230
1616
1789
1954
733
115
1381
2374
594
1349
1048
977
605
2446
814
286
42
2280
352
2376
63
2437
385
2301
499
1900
133
2481
1411
2351
1993
268
448
1485
2163
842
331
1556
1982
1745
85
281
524
1928
1975
2386
682
2244
1166
1497
784
2050
639
2467
2075
1709
1557
2042
1442
2324
1278
2344
1473
239
775
230
18
245
2254
1082
1875
854
693
1758
1116
2357
2062
1026
1932
2263
2127
2114
1662
1208
486
1870
1739
758
1356
2214
1970
1756
1760
498
898
1656
190
463
1585
903
1567
2079
489
962
1165
477
1905
2331
2267
503
145
2216
413
198
2058
1555
2
1708
1734
1668
739
29
574
216
710
1177
1158
991
1754
1288
1582
670
1224
1428
417
509
1018
1225
2452
2436
2102
1036
1941
1505
191
864
112
2174
992
2151
1792
374
1169
181
1157
690
1648
164
994
777
1407
1743
1761
1956
2429
1285
879
468
2171
1253
2240
1337
1800
1254
1464
210
2251
519
74
851
1155
2136
848
99
2390
1979
2256
892
2137
1510
267
1219
907
1534
2096
912
535
871
776
2228
1908
738
1276
1201
543
2285
91
2017
387
1550
1891
533
1136
611
1624
1937
1338
2152
2011
1952
2488
2499
598
183
214
2052
1759
80
119
1659
2098
731
1094
1419
1594
1142
1216
358
1931
967
2273
1833
1325
2305
870
2236
2338
659
1654
1609
2076
1902
2198
513
1023
830
715
1618
1917
2332
396
504
314
1088
1118
969
1200
590
382
1470
514
2479
562
620
1391
913
1784
1163
1292
1907
67
1370
496
2260
1299
2358
1522
939
1051
46
1247
1248
889
1287
1632
2060
97
434
237
1684
1461
1187
1853
1536
1706
474
1606
772
1022
1160
1943
1429
201
1025
2189
2154
1561
840
530
973
271
2419
734
39
1939
301
510
1228
2282
2161
1291
2040
1724
1447
1120
1404
1017
60
1271
933
1210
265
2015
1031
2470
2237
1722
781
128
2073
2111
856
1020
254
13
844
140
1810
1035
2438
2312
2109
1830
2059
1238
763
550
2478
77
364
423
838
2056
890
1560
10
1592
178
2362
1949
1343
1997
2417
1744
1672
1988
749
2025
2461
2014
797
1651
1750
725
199
1281
717
169
2068
1147
2407
2124
2447
68
1847
2412
894
2431
435
1992
1738
1152
1197
365
2336
70
321
1171
113
1770
2100
1257
1965
824
1334
837
1443
1223
1408
40
566
252
627
1396
1685
1121
654
2181
256
1013
728
1650
989
62
1167
587
1144
2284
1041
852
2150
2166
2486
1824
380
1150
1395
704
336
576
138
2230
869
2099
1542
1119
522
1432
791
964
2070
2425
1274
2123
1493
1251
2342
1617
1242
223
2084
2224
1866
306
1643
669
443
1779
1402
1604
1701
1263
264
2413
1129
825
1964
925
2276
458
520
1732
460
1316
1909
2229
541
917
1857
1180
2404
2480
1658
1296
2320
1206
1831
1610
7
1863
329
577
2065
158
858
1001
1244
163
1040
1730
104
41
