96
2493
427
1036
1407
888
997
2467
1408
2321
759
406
587
944
1554
2460
467
1685
2131
103
138
1997
2153
1770
474
1422
989
1308
1124
1516
3
660
2042
1117
1487
1296
1931
1311
943
2455
948
2351
1226
1697
577
1889
1315
2215
1458
2485
1677
234
2009
438
2494
757
1542
1701
2259
634
607
1481
1634
715
1293
61
677
351
1540
1000
883
1747
1621
2028
880
2091
1796
1592
1187
1312
435
1132
2248
567
1568
260
1989
899
1095
1482
2412
1217
1485
424
342
2109
1430
1906
2044
1683
1264
280
1409
365
2356
463
845
317
1041
1870
2211
2411
1953
2297
1995
1830
909
1033
1248
1972
940
2167
1440
1507
723
2330
728
1644
710
1570
308
390
2101
174
1265
604
462
809
1237
1579
1287
957
843
1304
1258
1526
828
839
410
251
1236
1601
316
2155
718
908
229
521
2466
2230
2436
2399
2468
857
1561
2061
2171
248
2433
1753
2117
1144
1256
1441
1233
446
1318
662
2464
2346
1344
1369
1456
170
1356
464
1099
276
1603
120
2134
1150
2490
2358
334
277
460
476
823
1878
643
2207
2265
2014
572
739
939
2386
340
975
164
713
966
1216
1987
1103
1014
794
81
878
172
686
1349
846
972
382
1006
1843
2325
2477
1366
505
1528
2394
914
2025
2029
1098
1666
1622
409
1040
1819
1074
2180
1212
100
611
1876
1499
117
959
2089
597
237
1488
1340
790
27
1781
855
1549
2403
610
800
555
35
873
1798
1815
1531
338
2428
1881
1966
1460
355
543
1413
2136
614
1673
407
1664
1744
335
1438
1054
2237
49
1128
1880
1321
585
285
2292
196
499
2413
1948
268
1105
2365
1442
1351
2366
1213
2034
1035
812
633
1106
15
378
507
2181
2095
1777
2200
36
2500
1479
1172
75
1715
1909
1262
287
2243
750
1194
1254
245
791
932
2213
582
2448
994
1417
1097
2057
259
2417
1767
1319
2175
1513
1228
210
1244
650
702
395
1917
386
1626
696
1298
927
1801
1405
264
323
1900
1286
1829
1750
836
1625
2387
498
1686
2165
1949
1410
1557
2278
429
774
1957
1225
2252
1310
1791
488
212
1374
143
763
1619
618
1385
72
1670
1
104
17
531
2063
1450
227
204
1892
1211
2219
508
1982
1269
1300
64
2270
1229
1940
524
2015
1423
306
1896
917
850
580
173
180
1556
2060
1122
1025
86
356
1602
1241
600
1396
366
2083
2326
753
535
1463
2104
663
632
2432
1826
1359
2184
1267
2414
726
158
2032
2381
320
1498
1720
1080
353
2332
1381
904
859
279
142
891
473
1976
111
892
924
2344
842
445
1162
2429
1301
1662
2345
2425
2070
344
1332
2307
500
1209
1669
874
824
2011
1018
1620
303
678
1160
2055
199
727
549
1759
1316
66
612
220
1158
295
2123
2354
131
1428
2146
391
1276
482
1865
2444
1585
544
641
2145
1357
1760
2343
1641
1393
856
1468
2384
1648
1511
1026
1283
1647
110
254
201
2114
566
141
1800
2300
679
1051
1330
354
205
681
933
1599
383
813
2087
2090
469
2218
1046
910
2419
673
1688
1245
1126
2022
1780
676
1524
2452
922
868
2475
630
385
2388
1184
1433
2006
31
183
1506
1706
2352
1517
1048
864
214
1587
1583
1337
576
255
1342
376
1246
529
1784
2140
99
2401
1547
1469
2335
197
387
442
1503
116
1368
829
2142
935
1001
2232
257
1991
1322
235
1947
1630
1951
1867
337
431
1427
1065
1525
228
2138
1470
1510
1186
931
2327
807
815
1761
729
608
879
2239
124
1056
517
2266
1707
1790
419
2471
1825
1108
2082
1932
504
1163
518
571
1142
291
273
2040
1851
701
38
1569
533
55
2079
1329
2392
1978
526
2269
1651
1584
501
801
1611
144
2453
1459
2287
822
302
330
748
2298
307
1581
181
779
1115
1572
1509
890
458
1639
639
1553
1084
1967
396
403
160
1402
282
2480
2318
769
269
1341
2066
1678
1534
1912
906
328
2443
841
1971
1011
150
2119
2152
1699
1193
426
2369
2284
2092
784
2271
221
1323
7
1238
2151
182
1449
866
2304
2073
2320
651
1066
1145
1633
299
2337
1260
472
1400
667
2188
339
1606
1732
51
253
1786
1970
2108
1218
958
73
163
1773
2046
1139
1612
1067
1382
568
926
2450
1694
952
79
547
2314
1092
271
1451
21
1618
1616
2121
2196
1278
1483
190
2003
968
693
1365
1358
827
430
2099
126
2430
1807
2380
1135
2446
649
1718
699
697
2244
98
1083
239
741
514
92
65
1676
449
2031
1155
1695
2130
761
1327
1793
57
1147
1324
1705
1923
341
552
2488
1605
1363
450
62
1758
146
912
985
1404
516
217
588
1961
1224
1907
1763
840
716
292
854
1431
1280
2322
84
1112
2268
2373
107
669
1539
2163
1255
1844
898
1328
171
2023
2048
53
1589
1827
2261
930
168
737
941
50
192
2195
1471
847
2132
1514
551
2185
946
638
1100
714
771
819
459
1946
207
1111
1180
2035
19
1794
1021
423
1028
313
635
788
1816
1348
1578
1261
189
2189
1533
1857
851
368
284
321
1600
200
1537
1215
357
2484
218
54
115
1591
2334
2113
832
858
1577
520
900
1148
149
835
1809
596
422
1159
13
1924
680
2472
1101
860
2478
1240
550
1891
1005
830
1234
1518
1571
1559
557
652
2456
68
399
231
1812
658
792
1271
1119
1250
451
2461
2233
1864
1419
359
561
732
2021
1476
867
762
2375
833
1899
1249
1200
2166
965
2174
2469
52
1274
2463
2078
457
1494
2402
1562
773
953
2062
2100
319
74
691
139
1757
1243
298
1436
1002
1049
1496
746
936
1776
2206
704
881
2364
1268
1406
915
754
2236
1063
494
106
920
1444
861
1153
1484
1167
2482
2077
2037
1154
490
2360
2336
991
1535
2319
2193
1828
1003
83
1130
1990
645
1628
109
1279
454
326
2440
1631
44
592
1785
2246
1717
772
97
1919
626
1490
925
1998
1495
1668
310
1702
2102
1380
2317
2127
627
510
2438
1317
558
389
2391
2161
583
1778
166
870
1842
1064
1640
1679
2276
527
486
511
1749
497
2256
675
668
1565
225
71
1384
123
67
147
654
1981
579
1808
1038
347
709
439
2107
982
2231
603
2045
1929
2179
1497
112
1008
2281
1432
48
1754
1877
155
1629
2390
2362
2361
2338
803
802
1787
2431
408
999
1839
736
2052
565
1009
2498
478
1739
130
700
1032
479
642
2149
162
1016
903
1089
456
2221
637
2492
2110
1263
471
1994
1399
297
1521
2470
2192
1733
647
594
1921
1364
1474
2372
2234
358
2497
1925
129
884
400
2133
1096
1378
2067
1087
1882
1284
2053
301
437
1146
1345
631
1810
2339
198
2190
208
2129
455
133
698
1044
1711
1165
125
1181
2331
1206
1874
1818
1541
2227
1671
530
2277
1746
2383
804
380
20
102
1313
1047
1055
743
475
11
564
94
136
719
2212
1797
1288
1314
270
1446
2017
1855
1170
863
1034
1724
848
844
1792
1642
128
1996
2426
602
2371
2274
388
2253
2007
60
2139
176
16
1653
528
5
331
2282
1783
1672
893
2447
1331
1420
1104
2228
1933
1735
247
1928
240
1675
976
885
289
2141
1774
1352
2483
1841
421
2159
2199
595
1737
2005
415
1740
1890
405
1738
2328
278
379
1950
1183
2125
1550
2348
2251
955
2135
2217
401
350
1555
2377
1854
1022
1335
2416
1954
367
412
1698
1191
157
1604
1665
756
203
372
1833
416
70
721
1922
1466
1645
1627
153
1214
59
1835
522
1684
329
706
1435
58
167
12
865
56
2033
88
733
1803
1416
513
734
1486
2340
2260
2177
573
1398
2068
491
1071
657
1930
1204
2316
945
797
305
42
1938
1708
1501
2096
919
2415
665
324
869
1536
1545
2016
1943
252
1210
2204
29
2407
625
2458
570
1567
1123
2359
764
2299
1178
916
1598
1189
1235
1680
1222
2160
798
1068
705
684
2262
37
448
2013
562
28
1904
1595
2376
2076
2309
589
768
2389
77
816
165
9
1207
2267
2182
2220
1939
2081
1727
46
161
849
8
2080
1853
937
560
785
1203
981
1372
818
689
465
1973
444
1806
1716
617
1169
1085
1926
1157
404
1257
1061
1529
1895
2296
1094
992
1523
1814
995
672
1110
2363
1920
1411
1277
1872
1023
216
1564
795
381
1362
1045
2293
1700
742
2176
2311
447
717
1985
950
477
2222
80
1959
411
1072
606
2280
542
546
2105
2454
776
1845
1637
2001
1897
263
548
1275
425
2285
1832
1974
1824
1893
145
2088
69
1955
281
1879
325
980
973
1202
2487
105
1615
114
369
244
749
2459
2323
1775
1729
352
826
2341
2439
113
1617
223
119
2226
315
584
1546
327
219
1984
453
2103
1424
1057
1219
796
1141
2275
1195
2093
2404
43
1508
2422
1294
1804
2408
1765
2157
1031
1397
1869
1728
538
783
2054
440
24
1590
1281
2421
2242
1151
1462
793
1208
996
1353
1053
502
1660
2148
1779
2235
2043
905
1661
1613
1166
2186
1390
2257
2409
232
598
361
2170
2241
1975
398
300
1977
1898
441
1888
988
1905
1725
765
1840
2059
1873
563
963
918
834
1914
2094
1667
1719
951
974
2214
1834
1120
1952
1548
1325
1934
1253
1489
2273
1179
2368
1745
1350
394
599
876
1748
1478
2038
2041
760
2047
1107
767
2254
1289
1614
2056
2434
744
2004
970
1394
4
348
1650
101
640
539
1221
2058
1133
503
436
215
1713
2124
1856
2305
1375
777
2147
2435
434
752
979
1457
964
1902
971
364
1290
938
2398
2187
33
1560
1945
26
1734
90
1075
194
1259
250
1081
485
420
1252
609
961
371
2355
2111
452
1143
806
954
148
213
2283
712
670
134
1512
2065
1354
1979
140
2
2086
2072
730
770
2240
1823
374
443
2291
2027
1039
1418
1395
1295
2324
1012
967
1821
581
636
1272
1944
537
780
159
1522
2245
695
758
1703
1361
1726
2150
1886
175
1941
814
1425
887
877
720
2051
1852
178
1918
882
1573
1772
2008
1682
1687
1681
1817
1190
1231
1429
1247
1138
493
1334
2357
2395
1019
1320
1884
1305
1114
629
1383
1608
1437
288
745
2210
132
1504
1492
808
666
1020
89
1566
1714
2481
811
76
708
536
2202
1983
928
2374
656
1860
731
2486
95
1623
1113
685
2424
2183
2474
1343
1177
1230
1721
1635
1736
91
496
1125
1472
725
889
333
831
1297
1434
1802
2315
468
1412
1859
962
553
2479
1220
646
373
911
1079
724
2020
2118
682
2250
1723
2173
1937
2451
1196
362
1426
2495
984
2396
1519
169
118
1993
1149
2427
1415
1307
1980
2441
1152
740
1082
2144
1069
2064
1201
661
1461
2349
2306
1656
1414
616
1062
575
397
2465
894
2238
1532
2164
272
947
2420
1574
751
1837
711
1137
186
1058
1769
122
1266
2289
2018
135
820
1515
238
1339
1127
707
569
901
2030
2002
226
1960
2229
2209
722
2333
2405
1887
1722
506
942
1849
2098
1164
266
1575
1454
137
519
246
2162
1473
805
1894
2263
1445
929
249
2223
1690
1447
1868
1464
1134
1027
1439
1443
492
872
644
2128
2437
2106
480
653
1118
1302
913
1309
296
775
10
1580
778
1610
1013
1168
82
2385
1273
1197
1674
1386
1077
32
817
1199
747
1593
1347
85
414
1379
1042
304
1242
2350
755
1388
622
2279
1030
1636
363
1292
258
2049
2012
1558
1370
1659
461
523
1538
2294
1649
591
515
674
2476
2347
332
1052
2097
2473
1182
343
2143
1552
211
2074
1086
2205
433
1638
2050
2290
1015
1866
960
621
1475
799
2203
838
267
1161
2126
1731
290
664
1624
236
897
1908
2312
2313
1968
1401
2249
2288
1465
2085
2442
393
1282
93
1696
1799
2462
1838
384
1901
1885
2191
1709
312
1037
766
1338
620
735
1174
782
2342
907
2201
1563
2353
1596
659
1863
1655
1805
209
1741
1070
1756
694
949
206
293
1198
574
2367
1594
1597
1632
1927
2378
63
2445
871
1452
559
2301
2310
466
1942
243
1527
1392
1303
648
345
1788
1846
1188
417
623
418
241
2168
1965
1270
2406
1652
1285
628
187
1007
1962
1387
2400
1306
781
1691
311
1820
2172
2178
1752
1140
1964
224
1205
2115
195
336
23
692
983
825
1858
1831
230
1822
1060
671
1762
1173
1646
990
2122
1710
22
605
262
1121
392
1010
2169
619
1403
690
1376
1913
1910
1766
1588
993
495
25
1795
2137
1102
1936
509
1875
1742
1192
2156
1088
578
1391
1530
688
2382
1232
590
1755
2258
41
40
346
1505
489
2039
2198
534
554
2302
1576
1916
481
1360
1657
895
1654
1502
87
484
1543
2418
1017
1988
1175
2491
1969
2255
184
1227
2308
2010
1811
1480
1090
1367
1607
377
593
977
1043
428
483
896
2069
586
934
2075
541
487
2024
1171
30
2216
432
1782
2449
1986
1129
185
1813
1073
532
2158
540
1176
1453
738
998
2286
2393
261
1467
349
601
862
1551
1336
703
370
265
309
2019
1692
1704
360
202
1333
624
1355
1109
1389
2295
1477
613
2036
2457
222
1751
152
687
1850
683
1136
402
18
2112
2194
2272
2379
789
1963
1658
1743
923
1903
1520
413
1764
156
78
318
1251
177
2225
787
1377
1992
1299
1291
1373
1768
986
1848
1693
179
286
2370
1871
1093
2264
1847
2397
1091
1883
2224
1116
127
2303
1050
1609
1326
121
1346
1239
1223
1643
875
2410
1712
154
615
2329
34
545
902
2247
1789
1582
978
1500
810
283
1078
1862
470
1689
1491
233
2000
1861
188
853
1448
191
1836
1999
987
1911
2208
274
1131
1371
1586
1455
2423
47
322
1029
314
1493
1663
151
886
2197
1156
275
294
1076
2154
1771
1024
1059
1421
1730
375
1185
837
525
655
1958
2116
2496
1915
45
1004
2071
786
2489
2026
512
921
556
969
956
1935
108
242
2120
1956
6
256
39
193
2499
1544
14
852
2084
