# n  list(x)  list(y)
22    4    5    6    7    8    9   10   11   12   13   14   15   16   17   18   19   20   21   22   27   28   34    4  132  696  573  413  228  128  100   76   53   24   27   17    4    6    6    5    2    3    1    1    1
22    4    5    6    7    8    9   10   11   12   13   14   15   16   17   18   19   20   21   22   27   28   33   11  162  680  567  395  216  124  100   80   48   20   29   14    4    8    5    5    1    3    1    1    1
22    4    5    6    7    8    9   10   11   12   13   14   15   16   17   18   19   20   21   22   27   28   33   20  190  666  562  385  208  116   91   77   47   19   30   11    7    6    5    3    2    2    1    1    1
22    4    5    6    7    8    9   10   11   12   13   14   15   16   17   18   19   20   21   22   27   28   33   30  216  653  558  366  195  113   88   84   38   21   28    9    6    7    3    3    2    2    1    1    1
23    3    4    5    6    7    8    9   10   11   12   13   14   15   16   17   18   19   20   21   22   27   28   30    1   42  243  639  541  357  182  116   91   75   32   20   26    9    6    9    2    2    3    1    1    1    1
22    3    4    5    6    7    8    9   10   11   12   13   14   15   16   17   18   19   20   21   27   28   30    1   56  268  627  530  329  187  110   88   72   30   23   20    9    7    7    2    2    4    1    1    1
22    3    4    5    6    7    8    9   10   11   12   13   14   15   16   17   18   19   20   21   26   27   29    5   61  296  622  506  314  180  108   89   68   28   19   21    9    8    5    2    3    3    1    1    1
22    3    4    5    6    7    8    9   10   11   12   13   14   15   16   17   18   19   20   21   26   27   29    7   78  310  611  494  302  171  106   85   64   25   21   19   10    7    4    2    4    2    1    1    1
21    3    4    5    6    7    8    9   10   11   12   13   14   15   16   17   18   19   20   21   25   27    8   91  337  605  474  287  164  101   76   64   27   23   15    7   10    2    2    4    1    1    1
21    3    4    5    6    7    8    9   10   11   12   13   14   15   16   17   18   19   20   21   25   27   14  103  352  588  467  273  154  111   68   56   29   17   17    7    8    2    2    4    1    1    1
21    3    4    5    6    7    8    9   10   11   12   13   14   15   16   17   18   19   20   21   25   26   17  117  356  598  436  268  144  109   63   57   27   21   12    7    7    2    2    4    1    1    1
21    3    4    5    6    7    8    9   10   11   12   13   14   15   16   17   18   19   20   21   25   26   25  133  366  591  426  248  136  108   54   56   28   20    9   10    5    2    1    4    1    1    1
21    2    3    4    5    6    7    8    9   10   11   12   13   14   15   16   17   18   20   21   25   26    1   28  155  381  567  403  244  135   98   62   48   27   20    8    8    6    2    4    1    1    1
22    2    3    4    5    6    7    8    9   10   11   12   13   14   15   16   17   18   19   20   21   24   26    2   39  174  374  565  380  236  133   97   57   44   28   17    9    8    3    2    2    2    1    1    1
22    2    3    4    5    6    7    8    9   10   11   12   13   14   15   16   17   18   19   20   21   24   25    3   46  182  393  547  371  223  137   83   54   48   20   15    9    7    5    1    1    2    1    1    1
22    2    3    4    5    6    7    8    9   10   11   12   13   14   15   16   17   18   19   20   21   24   25    6   50  198  390  543  353  218  135   78   55   40   19   14    9    6    4    1    1    2    1    1    1
21    2    3    4    5    6    7    8    9   10   11   12   13   14   15   16   17   18   19   20   21   24    5   59  218  388  534  335  211  127   81   52   38   15   12    9    6    3    1    1    2    1    2
22    2    3    4    5    6    7    8    9   10   11   12   13   14   15   16   17   18   19   20   21   23   24   10   68  226  397  511  328  202  121   73   54   37   14   12    9    3    3    1    2    1    1    1    1
22    1    2    3    4    5    6    7    8    9   10   11   12   13   14   15   16   17   19   20   21   22   24    1   12   71  251  387  499  316  192  119   73   51   33   13   12    7    3    4    2    1    1    1    1
22    1    2    3    4    5    6    7    8    9   10   11   12   13   14   15   16   17   19   20   21   22   24    1   16   82  264  391  476  303  185  115   71   48   30   11   13    6    3    4    2    1    1    1    1
22    1    2    3    4    5    6    7    8    9   10   11   12   13   14   15   16   17   18   19   20   21   22    3   17   86  272  392  458  299  176  111   72   45   28   11   12    5    5    2    1    1    1    1    2
22    1    2    3    4    5    6    7    8    9   10   11   12   13   14   15   16   17   18   19   20   21   22    3   20   89  290  397  437  292  164  103   72   41   27   11   12    5    5    1    1    1    1    1    2
21    1    2    3    4    5    6    7    8    9   10   11   12   13   14   15   16   18   19   20   21   22    3   22  104  290  407  411  291  150  101   73   32   29   11    9    6    5    1    1    1    2    1
20    1    2    3    4    5    6    7    8    9   10   11   12   13   14   15   16   17   19   20   21    3   25  114  295  417  403  276  138   94   70   28   27   10    9    5    5    1    2    1    2
20    1    2    3    4    5    6    7    8    9   10   11   12   13   14   15   16   17   19   20   21    3   29  118  304  409  400  263  131   94   64   32   21    9    8    4    5    1    2    2    1
20    1    2    3    4    5    6    7    8    9   10   11   12   13   14   15   16   17   19   20   21    5   34  125  307  413  387  246  125   96   62   26   19    9    6    7    2    1    3    1    1
19    1    2    3    4    5    6    7    8    9   10   11   12   13   14   15   16   17   19   21    5   37  139  312  405  371  243  118   95   54   24   18    9    6    6    2    1    4    1
19    1    2    3    4    5    6    7    8    9   10   11   12   13   14   15   16   17   19   21    6   41  156  309  403  352  232  116   89   52   26   15    8    8    4    2    1    4    1
20    1    2    3    4    5    6    7    8    9   10   11   12   13   14   15   16   17   18   19   21    6   45  161  324  396  337  223  112   81   48   27   13    8    8    3    2    1    1    3    1
20    1    2    3    4    5    6    7    8    9   10   11   12   13   14   15   16   17   18   19   21    8   50  172  324  395  335  198  114   71   42   27   12   11    5    4    1    1    2    2    1
20    1    2    3    4    5    6    7    8    9   10   11   12   13   14   15   16   17   18   19   20    8   60  179  330  387  317  190  109   69   38   28   10   11    3    4    1    1    2    1    1
20    1    2    3    4    5    6    7    8    9   10   11   12   13   14   15   16   17   18   19   20    9   65  196  343  362  302  184  110   62   35   23   11   11    3    3    1    1    1    1    1
19    1    2    3    4    5    6    7    8    9   10   11   12   13   14   15   16   17   18   19    9   72  197  353  351  296  175  103   57   33   23   11    8    3    2    1    1    2    1
19    1    2    3    4    5    6    7    8    9   10   11   12   13   14   15   16   17   18   19   11   75  211  346  343  298  158   96   54   32   21   11    8    3    1    1    2    1    1
19    1    2    3    4    5    6    7    8    9   10   11   12   13   14   15   16   17   18   19   15   78  225  340  340  280  150   95   52   29   18   10    8    2    1    1    2    1    1
19    1    2    3    4    5    6    7    8    9   10   11   12   13   14   15   16   17   18   19   16   86  233  343  333  258  145   91   51   23   20    6    9    2    1    1    1    1    1
18    1    2    3    4    5    6    7    8    9   10   11   12   13   14   16   17   18   19   18   90  244  340  330  249  126   87   50   23   18    5   10    2    1    1    1    1
17    1    2    3    4    5    6    7    8    9   10   11   12   13   14   16   17   18   21   93  259  342  316  239  123   79   41   24   16    4    9    1    1    1    2
17    1    2    3    4    5    6    7    8    9   10   11   12   13   14   16   17   18   27  101  264  339  310  232  109   77   33   21   15    8    5    1    1    1    2
16    1    2    3    4    5    6    7    8    9   10   11   12   13   16   17   18   29  108  267  333  306  214  106   74   33   21   16    6    4    2    1    1
16    1    2    3    4    5    6    7    8    9   10   11   12   13   15   16   18   36  111  272  327  289  209  105   66   31   20   17    5    3    1    2    1
16    1    2    3    4    5    6    7    8    9   10   11   12   13   15   16   17   39  110  284  313  280  211   92   65   29   20   13    5    3    1    2    1
16    1    2    3    4    5    6    7    8    9   10   11   12   13   14   15   16   41  117  289  308  280  190   89   63   26   19   12    3    2    1    1    2
16    1    2    3    4    5    6    7    8    9   10   11   12   13   14   15   16   44  131  285  298  278  179   82   58   28   15   12    2    2    1    1    2
16    1    2    3    4    5    6    7    8    9   10   11   12   13   14   15   16   46  145  280  302  267  162   77   54   30   10   11    2    2    1    1    2
15    1    2    3    4    5    6    7    8    9   10   11   12   13   15   16   52  150  286  290  261  149   73   49   29    9    9    2    3    1    2
14    1    2    3    4    5    6    7    8    9   10   11   12   15   16   55  150  284  289  248  140   70   49   28    8    9    4    2    1
14    1    2    3    4    5    6    7    8    9   10   11   12   13   15   57  160  280  277  236  140   66   45   27    8    7    4    1    2
13    1    2    3    4    5    6    7    8    9   10   11   12   15   59  173  280  268  234  118   71   41   22    9    5    5    1
13    1    2    3    4    5    6    7    8    9   10   11   12   15   63  181  272  279  219  111   58   40   20    7    5    5    1
13    1    2    3    4    5    6    7    8    9   10   11   12   15   69  184  272  273  204  104   59   33   17    9    6    2    1
13    1    2    3    4    5    6    7    8    9   10   11   12   15   71  189  268  272  192   96   55   32   14    8    7    1    1
13    1    2    3    4    5    6    7    8    9   10   11   12   14   74  196  267  261  184   86   51   33   11    9    5    1    1
13    1    2    3    4    5    6    7    8    9   10   11   12   14   78  199  266  255  175   80   46   29   11    9    4    1    1
13    1    2    3    4    5    6    7    8    9   10   11   12   13   84  198  279  237  164   79   40   22   14    5    4    1    1
13    1    2    3    4    5    6    7    8    9   10   11   12   13   92  211  268  234  152   65   41   19   10    4    4    1    1
13    1    2    3    4    5    6    7    8    9   10   11   12   13   99  218  260  234  137   63   30   15   11    3    2    1    1
11    1    2    3    4    5    6    7    8    9   10   12  103  227  251  226  127   60   22   14   11    3    1
11    1    2    3    4    5    6    7    8    9   10   12  109  218  256  218  121   48   21   11   11    2    1
11    1    2    3    4    5    6    7    8    9   10   12  119  210  256  207  113   44   18   12   10    1    1
11    1    2    3    4    5    6    7    8    9   10   12  115  219  248  192  112   38   17   10   10    1    1
11    1    2    3    4    5    6    7    8    9   10   12  120  221  244  179   99   37   19    6   10    1    1
11    1    2    3    4    5    6    7    8    9   10   12  130  219  227  187   81   37   13    8    7    1    1
11    1    2    3    4    5    6    7    8    9   10   12  133  218  235  165   75   29   13    7    6    1    1
11    1    2    3    4    5    6    7    8    9   10   12  133  221  227  154   63   28   12    5    3    1    1
10    1    2    3    4    5    6    7    8    9   11  136  217  220  139   59   25   10    4    2    1
 9    1    2    3    4    5    6    7    8   11  140  205  225  115   59   22    7    4    1
 9    1    2    3    4    5    6    7    8   11  139  203  208  110   54   18    6    4    1
 9    1    2    3    4    5    6    7    8   11  139  211  196  100   48   16    6    3    1
 9    1    2    3    4    5    6    7    8   11  136  216  178   92   40   14    7    1    1
 9    1    2    3    4    5    6    7    8   11  125  215  160   89   30   12    6    1    1
 8    1    2    3    4    5    6    7   10  128  209  156   70   26   12    6    1
 8    1    2    3    4    5    6    7    9  126  202  144   61   22   12    5    1
 8    1    2    3    4    5    6    7    9  109  196  110   58   21    7    5    1
 8    1    2    3    4    5    6    7    9  105  178   99   54   19    7    4    1
 8    1    2    3    4    5    6    7    9  104  167   89   48   15    6    3    1
 7    1    2    3    4    5    6    9   95  159   83   35   13    8    1
 6    1    2    3    4    5    6   84  143   75   32   13    5
 6    1    2    3    4    5    6   81  132   66   22   11    5
 6    1    2    3    4    5    6   70  118   62   20    8    4
 6    1    2    3    4    5    6   68  102   53   16    7    3
 6    1    2    3    4    5    6   56   87   38   11    8    2
 6    1    2    3    4    5    6   47   58   31   11    6    1
 6    1    2    3    4    5    6   39   52   31    8    4    1
 6    1    2    3    4    5    6   30   28   22    5    2    1
 6    1    2    3    4    5    6   21   20   14    2    1    1
 6    1    2    3    4    5    6   20   17   13    2    1    1
 6    1    2    3    4    5    6   16   14   11    1    1    1
 6    1    2    3    4    5    6   17   10   10    1    1    1
 5    1    2    3    4    5   10    9    3    1    1
 5    1    2    3    4    5    8    9    1    1    1
 3    1    2    5    5    2    1
 2    1    2    2    6
 3    1    2    4    4    1    1
 3    1    2    3    3    1    1
 3    1    2    3    3    1    1
 3    1    2    3    3    1    1
 3    1    2    3    3    1    1
