# n  list(x)  list(y)
17   21   19   18   17   16   15   14   13   12   11   10    9    8    7    6    5    4    1    3    2    2    8    9   27   56   86  115  191  283  446  481  648  138    4
17   21   19   18   17   16   15   14   13   12   11   10    9    8    7    6    5    4    1    3    2    2    7    6   29   50   84  102  185  272  429  481  649  167    6
17   21   19   18   17   16   15   14   13   12   11   10    9    8    7    6    5    4    1    2    3    2    6    7   25   45   84  100  177  264  418  471  639  188   18
17   20   19   18   17   16   15   14   13   12   11   10    9    8    7    6    5    4    1    1    2    4    5    7   23   44   78  102  168  260  397  464  628  216   25
17   20   18   17   16   15   14   13   12   11   10    9    8    7    6    5    4    3    1    3    3    6    7   21   40   74  100  155  249  394  458  621  226   41    1
17   19   18   17   16   15   14   13   12   11   10    9    8    7    6    5    4    3    1    3    1    6    9   17   41   66   99  145  248  381  455  600  244   55    4
17   19   18   17   16   15   14   13   12   11   10    9    8    7    6    5    4    3    1    3    1    6    9   16   37   64   92  142  238  370  451  574  268   71    7
17   19   18   17   16   15   14   13   12   11   10    9    8    7    6    5    4    3    1    2    2    5    6   17   27   71   79  141  224  360  444  562  295   79   10
18   19   18   17   16   15   14   13   12   11   10    9    8    7    6    5    4    3    2    1    2    1    6    2   20   25   65   77  128  219  352  422  566  317   85   10    2
18   19   18   17   16   15   14   13   12   11   10    9    8    7    6    5    4    3    2    1    2    1    2    5   20   24   55   76  125  205  339  401  577  337   94   10    1
18   19   18   17   16   15   14   13   12   11   10    9    8    7    6    5    4    3    2    1    1    2    2    5   19   21   53   72  117  197  315  406  564  347  114   13    1
18   19   18   17   16   15   14   13   12   11   10    9    8    7    6    5    4    3    2    1    1    2    2    4   17   21   51   68  106  190  293  399  560  368  116   25    1
18   19   18   17   16   15   14   13   12   11   10    9    8    7    6    5    4    3    2    1    1    2    2    4   14   18   49   66  105  184  292  388  543  369  129   32    1
18   19   18   17   16   15   14   13   12   11   10    9    8    7    6    5    4    3    2    1    1    2    2    3   14   19   46   65  102  172  286  385  519  381  136   38    3
19   19   18   17   16   15   14   13   12   11   10    9    8    7    6    5    4    3    2    1    1    1    2    2    2   11   17   46   59  101  165  274  370  516  386  152   41    3    1
18   19   17   16   15   14   13   12   11   10    9    8    7    6    5    4    3    2    1    1    3    2    2    8   18   43   57  100  158  262  360  510  393  157   44    5    2
18   18   17   16   15   14   13   12   11   10    9    8    7    6    5    4    3    2    1    1    2    2    3    6   19   38   53   99  151  257  345  500  394  172   51    5    2
18   18   17   16   15   14   13   12   11   10    9    8    7    6    5    4    3    2    1    1    2    2    3    5   17   35   51   95  149  239  332  489  399  193   53    8    2
17   17   16   15   14   13   12   11   10    9    8    7    6    5    4    3    2    1    3    2    1    5   14   33   50   90  139  222  329  477  402  211   62    8    2
17   17   16   15   14   13   12   11   10    9    8    7    6    5    4    3    2    1    3    2    1    4   15   28   50   77  141  205  324  458  401  230   75    9    2
17   17   16   15   14   13   12   11   10    9    8    7    6    5    4    3    2    1    2    3    1    4   12   29   45   68  140  203  318  431  409  242   81   10    2
17   17   16   15   14   13   12   11   10    9    8    7    6    5    4    3    2    1    2    2    2    4    9   27   41   69  131  186  318  409  416  260   81   16    2
17   17   16   15   14   13   12   11   10    9    8    7    6    5    4    3    2    1    2    1    2    5    7   26   38   69  120  174  310  401  410  273   94   15    3
17   17   16   15   14   13   12   11   10    9    8    7    6    5    4    3    2    1    2    1    2    5    6   21   42   61  124  162  287  395  408  283   97   26    2
17   17   16   15   14   13   12   11   10    9    8    7    6    5    4    3    2    1    2    1    1    6    6   19   41   50  120  161  266  391  399  303  101   30    2
17   17   16   15   14   13   12   11   10    9    8    7    6    5    4    3    2    1    1    1    2    6    5   17   42   46  109  153  255  392  392  300  110   41    2
16   17   15   14   13   12   11   10    9    8    7    6    5    4    3    2    1    1    2    6    6   10   44   44  103  147  241  379  382  305  132   44    3
16   16   15   14   13   12   11   10    9    8    7    6    5    4    3    2    1    1    2    6    5    9   39   42   97  137  233  369  382  304  143   51    3
15   15   14   13   12   11   10    9    8    7    6    5    4    3    2    1    2    7    3   11   34   38   89  133  225  348  394  300  156   54    3
15   15   14   13   12   11   10    9    8    7    6    5    4    3    2    1    2    3    5   12   34   33   86  123  215  344  378  311  168   52    6
15   15   14   13   12   11   10    9    8    7    6    5    4    3    2    1    2    3    3   14   30   33   82  117  206  333  369  321  165   63    5
15   15   14   13   12   11   10    9    8    7    6    5    4    3    2    1    1    3    3   11   29   32   72  120  191  321  361  332  171   68    6
15   15   14   13   12   11   10    9    8    7    6    5    4    3    2    1    1    3    2   12   20   34   68  117  170  316  364  331  178   73    7
15   15   14   13   12   11   10    9    8    7    6    5    4    3    2    1    1    2    2    9   19   31   70  106  164  297  366  328  187   78   11
15   15   14   13   12   11   10    9    8    7    6    5    4    3    2    1    1    2    2    8   20   26   69   98  156  282  355  334  200   82   11
14   15   13   12   11   10    9    8    7    6    5    4    3    2    1    1    3    6   18   26   65   96  148  276  339  327  211   90   15
14   15   13   12   11   10    9    8    7    6    5    4    3    2    1    1    3    4   14   26   57   96  143  257  333  328  220   97   17
13   13   12   11   10    9    8    7    6    5    4    3    2    1    3    3   15   23   48   92  135  249  325  325  229  104   19
13   13   12   11   10    9    8    7    6    5    4    3    2    1    2    4   10   25   45   86  132  236  316  313  244  108   23
13   13   12   11   10    9    8    7    6    5    4    3    2    1    2    3    9   19   45   76  131  224  304  321  250  108   27
13   13   12   11   10    9    8    7    6    5    4    3    2    1    1    3    8   16   44   65  121  220  296  322  250  116   32
13   13   12   11   10    9    8    7    6    5    4    3    2    1    1    3    5   16   37   63  110  212  287  323  256  121   36
12   12   11   10    9    8    7    6    5    4    3    2    1    2    5   15   34   63  103  197  278  321  261  129   37
12   12   11   10    9    8    7    6    5    4    3    2    1    2    4   16   28   63  103  176  274  314  265  134   40
12   12   11   10    9    8    7    6    5    4    3    2    1    2    4   12   27   61   97  160  269  314  259  147   40
11   11   10    9    8    7    6    5    4    3    2    1    6    8   26   54   96  152  257  309  259  156   44
11   11   10    9    8    7    6    5    4    3    2    1    5    7   25   49   89  144  258  294  256  167   47
11   11   10    9    8    7    6    5    4    3    2    1    4    6   20   54   82  143  250  285  257  165   49
11   11   10    9    8    7    6    5    4    3    2    1    4    6   20   46   73  151  235  273  252  174   52
11   11   10    9    8    7    6    5    4    3    2    1    3    7   16   39   71  138  222  272  259  174   55
11   11   10    9    8    7    6    5    4    3    2    1    2    4   18   34   64  121  215  279  253  181   60
11   11   10    9    8    7    6    5    4    3    2    1    2    2   18   30   64  111  216  256  256  190   62
11   11   10    9    8    7    6    5    4    3    2    1    1    3   14   26   50  111  195  259  267  190   65
10   10    9    8    7    6    5    4    3    2    1    3    9   23   41  103  180  265  266  195   68
10   10    9    8    7    6    5    4    3    2    1    2    7   23   36   91  170  253  264  212   67
 9    9    8    7    6    5    4    3    2    1    5   24   29   87  160  239  266  220   68
 9    9    8    7    6    5    4    3    2    1    3   19   27   81  156  228  255  230   69
 9    9    8    7    6    5    4    3    2    1    2   16   28   73  145  211  246  244   77
 9    9    8    7    6    5    4    3    2    1    1   15   27   62  132  213  242  244   78
 9    9    8    7    6    5    4    3    2    1    1   12   23   52  127  207  237  242   86
 8    8    7    6    5    4    3    2    1   10   22   47  119  192  224  250   95
 8    8    7    6    5    4    3    2    1    9   21   39  105  180  228  248  100
 8    8    7    6    5    4    3    2    1    8   21   33  105  174  222  228  114
 8    8    7    6    5    4    3    2    1    6   22   28   93  166  221  226  114
 8    8    7    6    5    4    3    2    1    5   18   30   81  161  209  227  118
 8    8    7    6    5    4    3    2    1    4   14   32   67  147  206  233  119
 8    8    7    6    5    4    3    2    1    4   13   24   68  139  181  238  130
 8    8    7    6    5    4    3    2    1    3   11   21   57  126  173  225  131
 8    8    7    6    5    4    3    2    1    1    9   18   49  113  158  211  126
 8    8    7    6    5    4    3    2    1    1    7   17   45  103  155  207  125
 8    8    7    6    5    4    3    2    1    1    4   16   40   99  139  199  123
 7    7    6    5    4    3    2    1    4   15   37   77  147  196  118
 7    7    6    5    4    3    2    1    2   14   27   71  139  193  112
 7    7    6    5    4    3    2    1    1    9   29   63  122  189  120
 7    7    6    5    4    3    2    1    1    7   20   38   69  106   60
 6    6    5    4    3    2    1    5   17   32   57   81   52
 6    6    5    4    3    2    1    3   15   33   49   72   50
 6    6    5    4    3    2    1    3   14   26   42   71   40
 6    6    5    4    3    2    1    3   12   25   38   63   36
 5    5    4    3    2    1    4   13   15   31   21
 5    5    4    3    2    1    2   10   16   28   22
 5    5    4    3    2    1    2    9   17   27   21
 5    5    4    3    2    1    3    5   16   21   19
 5    5    4    3    2    1    3    4   17   19   18
 5    5    4    3    2    1    2    2   12   22   18
 5    5    4    3    2    1    2    2    8   19   14
 4    4    3    2    1    1    6   13    6
 4    4    3    2    1    1    5    9    5
 4    4    3    2    1    1    5    6    5
 3    3    2    1    2    7    4
 4    4    3    2    1    1    2    3    4
 3    3    2    1    2    1    4
 3    3    2    1    2    1    4
 3    3    2    1    2    1    4
 3    3    2    1    2    1    4
 4    4    3    2    1    1    1    2    3
 3    3    2    1    1    2    3
 2    3    1    1    3
 2    2    1    1    2
