# n  list(x)  list(y)
16   20   18   17   16   15   14   13   12   11   10    9    8    7    6    5    4    1    4    6    6   10   28   54   82  134  176  255  461  521  612  146    4
16   20   18   17   16   15   14   13   12   11   10    9    8    7    6    5    4    1    3    6    5    9   26   49   79  131  165  257  438  515  602  175   14
16   20   18   17   16   15   14   13   12   11   10    9    8    7    6    5    4    1    2    6    3    8   28   44   74  123  167  239  432  490  621  186   26
16   20   18   17   16   15   14   13   12   11   10    9    8    7    6    5    4    1    2    5    4    8   26   37   70  120  159  229  405  502  604  217   36
18   20   18   17   16   15   14   13   12   11   10    9    8    7    6    5    4    3    2    1    2    5    4    7   22   39   60  117  160  215  380  496  600  240   48    3    1
18   20   18   17   16   15   14   13   12   11   10    9    8    7    6    5    4    3    2    1    2    4    4    7   22   37   54  110  158  213  352  478  600  272   57    3    1
18   20   18   17   16   15   14   13   12   11   10    9    8    7    6    5    4    3    2    1    2    4    3    6   20   36   48  104  156  205  336  474  586  293   71    4    1
18   20   18   17   16   15   14   13   12   11   10    9    8    7    6    5    4    3    2    1    1    4    3    7   19   32   49   96  150  194  328  459  583  305   86    7    1
18   20   18   17   16   15   14   13   12   11   10    9    8    7    6    5    4    3    2    1    1    4    3    5   18   32   46   84  148  191  316  431  591  321   97   10    1
18   20   18   17   16   15   14   13   12   11   10    9    8    7    6    5    4    3    2    1    1    3    3    6   14   29   42   84  137  179  311  425  579  339  106   15    1
18   19   18   17   16   15   14   13   12   11   10    9    8    7    6    5    4    3    2    1    1    2    4    4   11   28   42   80  134  169  292  408  576  358  118   20    2
17   19   17   16   15   14   13   12   11   10    9    8    7    6    5    4    3    2    1    2    5    3   11   23   42   75  123  173  288  387  555  374  133   28    2
17   18   17   16   15   14   13   12   11   10    9    8    7    6    5    4    3    2    1    1    5    3   11   22   37   70  123  161  288  375  543  370  150   34    6
18   18   17   16   15   14   13   12   11   10    9    8    7    6    5    4    3    2    1    1    1    4    4   10   22   37   64  112  154  278  376  520  385  156   43    7    1
18   18   17   16   15   14   13   12   11   10    9    8    7    6    5    4    3    2    1    1    1    3    3   10   18   40   59  105  150  264  367  517  381  175   47    7    2
18   18   17   16   15   14   13   12   11   10    9    8    7    6    5    4    3    2    1    1    1    1    4    9   19   36   53   94  154  255  351  503  395  185   53    9    2
18   18   17   16   15   14   13   12   11   10    9    8    7    6    5    4    3    2    1    1    1    1    4    8   14   35   49   87  143  249  333  496  414  196   58    9    2
17   17   16   15   14   13   12   11   10    9    8    7    6    5    4    3    2    1    2    1    4    6   13   30   49   78  138  234  331  490  416  201   69   11    2
17   17   16   15   14   13   12   11   10    9    8    7    6    5    4    3    2    1    2    1    4    5   12   29   45   74  135  223  325  462  430  210   77   14    2
17   17   16   15   14   13   12   11   10    9    8    7    6    5    4    3    2    1    1    2    4    5   10   22   48   71  120  215  323  450  430  221   86   15    2
17   17   16   15   14   13   12   11   10    9    8    7    6    5    4    3    2    1    1    2    3    5    7   22   47   67  113  206  316  433  430  239   91   16    2
17   17   16   15   14   13   12   11   10    9    8    7    6    5    4    3    2    1    1    1    3    6    6   22   43   64  105  193  299  425  440  249   95   21    2
17   17   16   15   14   13   12   11   10    9    8    7    6    5    4    3    2    1    1    1    3    4    7   15   48   56   93  188  286  413  430  280  101   21    3
17   17   16   15   14   13   12   11   10    9    8    7    6    5    4    3    2    1    1    1    2    4    5   17   44   49   89  184  279  396  430  290  103   28    3
16   16   15   14   13   12   11   10    9    8    7    6    5    4    3    2    1    2    1    5    4   15   39   48   86  177  267  385  416  302  112   38    3
16   16   15   14   13   12   11   10    9    8    7    6    5    4    3    2    1    2    1    4    4   16   35   43   82  168  259  384  408  306  119   40    4
16   16   15   14   13   12   11   10    9    8    7    6    5    4    3    2    1    2    1    4    3   14   35   40   77  156  249  376  405  313  127   43    5
16   16   15   14   13   12   11   10    9    8    7    6    5    4    3    2    1    2    1    4    3   14   30   39   74  131  251  363  397  322  140   44   10
15   16   14   13   12   11   10    9    8    7    6    5    4    3    2    1    2    4    2   16   24   39   69  122  245  339  398  335  148   45   12
15   16   14   13   12   11   10    9    8    7    6    5    4    3    2    1    2    4    2   13   22   40   67  109  231  328  394  343  158   49   12
16   16   15   14   13   12   11   10    9    8    7    6    5    4    3    2    1    1    1    1    5   10   21   30   66  103  217  311  395  350  170   56   11
15   16   14   13   12   11   10    9    8    7    6    5    4    3    2    1    1    2    5    8   20   30   57  101  205  300  383  353  185   62   11
15   16   14   13   12   11   10    9    8    7    6    5    4    3    2    1    1    1    2    9   17   27   52   99  197  292  362  366  192   69   12
15   16   14   13   12   11   10    9    8    7    6    5    4    3    2    1    1    1    2    8   12   30   46   98  185  281  361  354  207   70   17
15   16   14   13   12   11   10    9    8    7    6    5    4    3    2    1    1    1    2    7   11   26   41   98  164  280  347  362  218   73   17
15   15   14   13   12   11   10    9    8    7    6    5    4    3    2    1    1    1    2    5   11   21   39   95  158  253  360  349  224   81   23
15   15   14   13   12   11   10    9    8    7    6    5    4    3    2    1    1    1    1    4   12   20   39   82  159  235  342  352  232   92   26
15   15   14   13   12   11   10    9    8    7    6    5    4    3    2    1    1    1    1    4   10   20   34   79  155  221  337  347  236  101   26
15   15   14   13   12   11   10    9    8    7    6    5    4    3    2    1    1    1    1    3    9   20   32   72  141  222  323  341  243  111   28
15   15   14   13   12   11   10    9    8    7    6    5    4    3    2    1    1    1    1    3    9   17   33   68  141  203  307  331  247  129   31
14   15   13   12   11   10    9    8    7    6    5    4    3    2    1    1    1    3    9   15   31   64  135  191  301  314  264  136   32
14   15   13   12   11   10    9    8    7    6    5    4    3    2    1    1    1    2    8   13   21   62  127  178  293  318  272  137   39
13   15   12   11   10    9    8    7    6    5    4    3    2    1    1    2    9   11   19   60  118  173  282  316  269  141   46
13   15   12   11   10    9    8    7    6    5    4    3    2    1    1    1    8   11   19   54  110  167  268  313  274  144   52
12   14   11   10    9    8    7    6    5    4    3    2    1    1    6   14   16   49   97  161  246  323  270  158   53
12   13   11   10    9    8    7    6    5    4    3    2    1    1    5   13   17   39   93  157  229  315  284  159   57
12   13   11   10    9    8    7    6    5    4    3    2    1    1    4   13   15   35   95  138  218  314  273  177   60
12   13   11   10    9    8    7    6    5    4    3    2    1    1    3    9   18   26   92  130  217  302  274  182   59
12   12   11   10    9    8    7    6    5    4    3    2    1    1    2    9   15   25   86  123  210  288  272  188   65
12   12   11   10    9    8    7    6    5    4    3    2    1    1    2    6   17   23   78  112  206  274  285  181   72
12   12   11   10    9    8    7    6    5    4    3    2    1    1    2    6   14   25   73  104  195  260  285  190   75
12   12   11   10    9    8    7    6    5    4    3    2    1    1    1    2   18   20   68   96  186  252  293  186   80
11   12   10    9    8    7    6    5    4    3    2    1    1    2   16   15   60   96  178  248  289  185   83
11   11   10    9    8    7    6    5    4    3    2    1    1    2   15   15   50   94  160  242  285  193   89
11   11   10    9    8    7    6    5    4    3    2    1    1    2   12   12   46   84  154  234  277  192  106
11   11   10    9    8    7    6    5    4    3    2    1    1    2   12    7   45   80  136  223  284  189  114
11   11   10    9    8    7    6    5    4    3    2    1    1    1   12    7   38   78  132  214  272  195  113
11   11   10    9    8    7    6    5    4    3    2    1    1    1   10    7   31   72  128  200  272  200  110
10   11    9    8    7    6    5    4    3    2    1    1    9    9   25   71  115  199  252  211  114
10   11    9    8    7    6    5    4    3    2    1    1    7   10   18   67  103  191  245  215  124
10   11    9    8    7    6    5    4    3    2    1    1    4    8   18   54  100  182  238  217  123
10   11    9    8    7    6    5    4    3    2    1    1    3    8   13   47   93  167  240  221  124
10   11    9    8    7    6    5    4    3    2    1    1    1    7   13   40   84  158  232  227  125
10   11    9    8    7    6    5    4    3    2    1    1    1    6   13   36   80  150  221  231  124
 9    9    8    7    6    5    4    3    2    1    1    3   13   37   70  146  215  223  121
 9    9    8    7    6    5    4    3    2    1    1    2   10   35   67  135  198  212  126
 9    9    8    7    6    5    4    3    2    1    1    1    9   33   61  119  196  203  117
 8    9    7    6    5    4    3    2    1    1    8   24   62  106  188  204  125
 8    9    7    6    5    4    3    2    1    1    6   20   59   93  180  197  120
 7    7    6    5    4    3    2    1    5   17   47   85  171  201  119
 7    7    6    5    4    3    2    1    2   15   42   79  161  192  123
 7    7    6    5    4    3    2    1    1   10   35   76  145  172  115
 7    7    6    5    4    3    2    1    1    9   28   75  140  172  109
 7    7    6    5    4    3    2    1    1    6   23   66  130  164  112
 7    7    6    5    4    3    2    1    1    5   18   53   98  143   97
 6    6    5    4    3    2    1    3    8   29   44   65   64
 6    6    5    4    3    2    1    3    6   27   42   58   60
 6    6    5    4    3    2    1    3    4   25   41   55   59
 6    6    5    4    3    2    1    1    1   13   27   33   24
 5    6    4    3    2    1    1   12   24   27   22
 5    5    4    3    2    1    1    7   23   29   20
 5    5    4    3    2    1    1    6   23   24   20
 5    5    4    3    2    1    1    5    8   14   13
 5    5    4    3    2    1    1    5    8   14   13
 4    4    3    2    1    1    6   11    6
 4    4    3    2    1    1    9    6    7
 3    3    2    1    7    8    7
 3    3    2    1    7    8    7
 3    3    2    1    7    8    7
 3    3    2    1    6    8    6
 3    3    2    1    2    4    4
 3    3    2    1    2    4    4
 3    3    2    1    1    4    3
 2    2    1    5    2
 2    2    1    5    2
 2    2    1    5    2
 2    2    1    2    2
 2    2    1    1    2
