# n  list(x)  list(y)
13    4    5    6    7    8    9   10   11   12   13   14   15   17    4  102  477  591  494  401  208  120   55   29   12    6    1
10    4    5    6    7    8    9   10   11   12   13   10  156  498  590  461  388  197  111   47   17
 9    4    5    6    7    8    9   10   11   12   19  193  524  585  447  365  189  101   27
 8    4    5    6    7    8    9   10   11   32  235  541  573  439  343  173   89
 9    3    4    5    6    7    8    9   10   11    2   47  260  562  575  433  305  158   58
 9    3    4    5    6    7    8    9   10   11    5   64  287  582  560  433  278  142   24
 8    3    4    5    6    7    8    9   10    6   82  318  589  559  426  259  111
 8    3    4    5    6    7    8    9   10   12  101  348  598  543  416  235   72
 9    2    3    4    5    6    7    8    9   10    1   18  128  364  619  517  406  207   40
 9    2    3    4    5    6    7    8    9   10    1   22  148  397  626  514  378  181    8
 8    2    3    4    5    6    7    8    9    1   36  167  424  617  513  349  143
 8    2    3    4    5    6    7    8    9    2   46  187  464  604  498  316  108
 8    2    3    4    5    6    7    8    9    2   55  216  479  618  479  278   73
 8    2    3    4    5    6    7    8    9    4   65  255  499  597  459  257   39
 8    2    3    4    5    6    7    8    9    5   73  278  536  587  442  228    1
 7    2    3    4    5    6    7    8    6   91  306  556  567  415  184
 7    2    3    4    5    6    7    8   14  102  331  566  574  368  145
 7    2    3    4    5    6    7    8   19  120  351  588  560  330  107
 8    1    2    3    4    5    6    7    8    3   22  145  369  606  528  304   73
 8    1    2    3    4    5    6    7    8    5   35  158  390  614  511  273   39
 8    1    2    3    4    5    6    7    8    5   40  176  419  630  486  239    5
 7    1    2    3    4    5    6    7    7   50  197  447  620  456  198
 7    1    2    3    4    5    6    7   10   62  212  477  609  418  161
 7    1    2    3    4    5    6    7   16   77  230  490  602  385  124
 7    1    2    3    4    5    6    7   19   91  251  504  600  350   84
 7    1    2    3    4    5    6    7   24  105  268  528  579  320   49
 7    1    2    3    4    5    6    7   27  118  293  546  563  290   11
 6    1    2    3    4    5    6   32  135  319  555  525  256
 6    1    2    3    4    5    6   36  148  350  569  482  212
 6    1    2    3    4    5    6   43  168  372  560  457  170
 6    1    2    3    4    5    6   46  182  402  568  418  127
 6    1    2    3    4    5    6   49  201  429  571  384   83
 6    1    2    3    4    5    6   54  219  455  573  343   46
 6    1    2    3    4    5    6   60  244  469  583  301    8
 5    1    2    3    4    5   75  261  493  550  260
 5    1    2    3    4    5   89  286  497  516  222
 5    1    2    3    4    5  110  297  497  488  185
 5    1    2    3    4    5  127  314  487  465  148
 5    1    2    3    4    5  141  338  496  439  101
 5    1    2    3    4    5  158  355  501  402   67
 5    1    2    3    4    5  173  374  514  366   27
 4    1    2    3    4  191  397  511  323
 4    1    2    3    4  189  385  467  284
 4    1    2    3    4  173  344  415  246
 4    1    2    3    4  161  328  385  206
 4    1    2    3    4  123  257  305  170
 4    1    2    3    4  111  223  261  123
 4    1    2    3    4  123  226  235   81
 4    1    2    3    4   86  160  136   43
 4    1    2    3    4   40   79   62    2
 3    1    2    3   39   75   51
 3    1    2    3   39   75   51
 3    1    2    3   39   75   51
 3    1    2    3   19   44   27
 3    1    2    3   13   38   21
 3    1    2    3    8   30   12
 3    1    2    3    7    8    5
 2    1    2    2   11
 2    1    2    2   11
 2    1    2    2   11
 2    1    2    2   11
 2    1    2    2   11
 2    1    2    2   11
 2    1    2    2    5
 2    1    2    2    2
