# n  list(x)  list(y)
19    4    5    6    7    8    9   10   11   12   13   14   15   16   17   18   19   20   21   22    2  104  593  584  471  286  180  114   72   42   26    6    6    4    1    3    2    1    3
19    4    5    6    7    8    9   10   11   12   13   14   15   16   17   18   19   20   21   22    5  130  605  566  452  275  175  110   71   39   21    6    7    3    2    2    2    3    1
20    3    4    5    6    7    8    9   10   11   12   13   14   15   16   17   18   19   20   21   22    1    9  160  595  578  434  258  166  100   72   38   17    4    8    2    2    2    2    1    1
20    3    4    5    6    7    8    9   10   11   12   13   14   15   16   17   18   19   20   21   22    1   14  190  590  572  412  247  163   93   73   34   15    4    7    2    2    2    2    1    1
20    3    4    5    6    7    8    9   10   11   12   13   14   15   16   17   18   19   20   21   22    2   20  220  604  537  398  238  164   85   66   32   14    4    6    2    3    1    2    1    1
19    3    4    5    6    7    8    9   10   11   12   13   14   15   16   17   18   19   20   22    4   33  255  577  519  395  225  162   78   68   27   13    5    5    2    2    1    3    1
19    3    4    5    6    7    8    9   10   11   12   13   14   15   16   17   18   19   20   22    5   40  274  575  508  377  221  151   84   60   24   13    5    4    2    2    1    3    1
18    3    4    5    6    7    8    9   10   11   12   13   14   15   16   17   18   20   22    5   59  288  569  496  365  217  137   81   57   25   11    4    4    2    1    3    1
18    3    4    5    6    7    8    9   10   11   12   13   14   15   16   17   18   20   21   12   63  306  564  477  355  208  136   82   51   23   10    3    3    2    1    3    1
18    3    4    5    6    7    8    9   10   11   12   13   14   15   16   17   18   19   20   13   80  313  565  459  341  209  126   79   45   25    8    2    3    2    1    2    2
17    3    4    5    6    7    8    9   10   11   12   13   14   15   16   17   19   20   15   88  337  561  456  318  204  115   71   44   22    7    2    3    3    2    2
18    3    4    5    6    7    8    9   10   11   12   13   14   15   16   17   18   19   20   24   87  358  553  454  293  197  113   65   43   20    7    1    4    2    1    1    2
19    2    3    4    5    6    7    8    9   10   11   12   13   14   15   16   17   18   19   20    1   27  106  375  549  434  274  188  110   61   38   20    6    1    4    2    1    2    1
17    2    3    4    5    6    7    8    9   10   11   12   13   14   15   16   18   19    2   28  123  393  535  412  273  180  105   59   31   20    3    2    5    2    2
18    2    3    4    5    6    7    8    9   10   11   12   13   14   15   16   17   18   19    3   31  137  406  516  410  269  164   95   58   28   19    3    2    5    1    2    1
17    2    3    4    5    6    7    8    9   10   11   12   13   14   15   16   18   19    4   36  152  409  521  383  270  154   85   52   29   16    3    3    5    2    1
17    2    3    4    5    6    7    8    9   10   11   12   13   14   15   16   18   19    5   40  166  425  496  379  253  147   85   51   30    9    4    2    5    2    1
17    2    3    4    5    6    7    8    9   10   11   12   13   14   15   16   18   19    4   51  174  437  499  359  230  148   75   47   28   10    4    1    5    2    1
17    2    3    4    5    6    7    8    9   10   11   12   13   14   15   16   18   19    5   60  188  447  480  342  223  139   73   45   29    8    2    2    5    1    1
18    1    2    3    4    5    6    7    8    9   10   11   12   13   14   15   16   18   19    1    9   60  212  445  479  324  204  133   71   45   25    7    2    2    4    1    1
18    1    2    3    4    5    6    7    8    9   10   11   12   13   14   15   16   17   19    2   12   62  228  452  449  328  196  121   69   44   21    6    3    3    2    1    1
17    1    2    3    4    5    6    7    8    9   10   11   12   13   14   15   16   19    2   15   75  247  445  433  320  193  112   61   38   18    6    3    3    3    1
17    1    2    3    4    5    6    7    8    9   10   11   12   13   14   15   16   19    2   20   84  255  451  414  316  179  107   54   36   20    3    3    2    3    1
17    1    2    3    4    5    6    7    8    9   10   11   12   13   14   15   16   18    3   22   88  271  469  393  294  169  106   49   31   18    3    3    2    3    1
16    1    2    3    4    5    6    7    8    9   10   11   12   13   14   15   16    3   22   97  288  444  404  275  169   96   48   26   19    1    2    4    1
16    1    2    3    4    5    6    7    8    9   10   11   12   13   14   15   16    3   24  104  305  446  388  259  164   83   47   28   15    1    4    2    1
16    1    2    3    4    5    6    7    8    9   10   11   12   13   14   15   16    4   25  118  315  425  385  252  154   80   41   28   14    2    4    1    1
16    1    2    3    4    5    6    7    8    9   10   11   12   13   14   15   16    4   27  138  312  428  367  240  158   62   42   28   10    3    3    1    1
16    1    2    3    4    5    6    7    8    9   10   11   12   13   14   15   16    7   31  146  324  419  364  227  138   62   45   21    8    3    2    1    1
15    1    2    3    4    5    6    7    8    9   10   11   12   13   14   15    7   34  160  319  429  347  225  121   61   39   19    6    3    1    2
14    1    2    3    4    5    6    7    8    9   10   11   12   13   14    8   38  174  328  417  327  220  112   61   36   16    5    4    2
14    1    2    3    4    5    6    7    8    9   10   11   12   13   14   10   45  178  333  411  317  211  106   53   36   13    4    4    2
14    1    2    3    4    5    6    7    8    9   10   11   12   13   14   11   50  179  349  409  299  196  102   48   35   10    4    5    1
14    1    2    3    4    5    6    7    8    9   10   11   12   13   14   14   55  192  344  396  290  190   95   47   32   10    4    3    1
14    1    2    3    4    5    6    7    8    9   10   11   12   13   14   15   59  208  342  384  284  181   89   41   27   10    4    3    1
14    1    2    3    4    5    6    7    8    9   10   11   12   13   14   17   67  221  330  383  266  177   82   40   23   11    2    3    1
14    1    2    3    4    5    6    7    8    9   10   11   12   13   14   17   72  230  330  365  257  174   83   33   21   10    2    3    1
14    1    2    3    4    5    6    7    8    9   10   11   12   13   14   19   79  235  335  346  259  158   78   29   21    8    2    3    1
13    1    2    3    4    5    6    7    8    9   10   11   12   13   20   93  238  330  344  242  151   69   31   18    7    2    3
13    1    2    3    4    5    6    7    8    9   10   11   12   13   22  101  246  323  343  227  136   66   30   17    6    2    3
12    1    2    3    4    5    6    7    8    9   10   11   13   26  107  246  326  334  218  124   62   29   16    6    3
13    1    2    3    4    5    6    7    8    9   10   11   12   13   30  107  250  334  311  215  122   56   25   15    4    1    2
13    1    2    3    4    5    6    7    8    9   10   11   12   13   32  115  257  323  305  205  114   50   26   11    4    1    2
13    1    2    3    4    5    6    7    8    9   10   11   12   13   37  120  264  308  309  188  111   44   23    9    4    1    2
12    1    2    3    4    5    6    7    8    9   10   11   13   39  129  264  309  294  187   98   38   22    8    5    2
12    1    2    3    4    5    6    7    8    9   10   11   13   42  140  259  305  282  179   93   37   20    7    4    2
12    1    2    3    4    5    6    7    8    9   10   11   13   45  151  271  288  266  172   88   33   18    6    4    2
13    1    2    3    4    5    6    7    8    9   10   11   12   13   47  158  281  274  266  154   82   30   14    9    1    1    1
12    1    2    3    4    5    6    7    8    9   10   11   13   52  173  276  269  256  145   71   27   14    7    2    1
12    1    2    3    4    5    6    7    8    9   10   11   13   53  185  283  252  252  126   68   27   12    6    1    1
11    1    2    3    4    5    6    7    8    9   10   13   62  183  279  271  222  115   64   26   10    6    1
11    1    2    3    4    5    6    7    8    9   10   13   64  187  278  262  220  106   53   24    8    6    1
11    1    2    3    4    5    6    7    8    9   10   13   70  196  267  269  203   89   51   23    8    4    1
11    1    2    3    4    5    6    7    8    9   10   13   75  197  279  260  183   87   45   15    7    4    1
11    1    2    3    4    5    6    7    8    9   10   12   73  202  275  260  172   80   38   15    6    4    1
11    1    2    3    4    5    6    7    8    9   10   12   78  209  266  250  159   78   32   18    3    3    1
11    1    2    3    4    5    6    7    8    9   10   12   81  209  271  244  146   70   27   17    1    3    1
10    1    2    3    4    5    6    7    8    9   10   88  224  261  242  119   70   23   14    1    2
10    1    2    3    4    5    6    7    8    9   10   91  242  268  214  108   67   21    5    2    1
10    1    2    3    4    5    6    7    8    9   10   93  251  260  200   94   63   21    4    2    1
10    1    2    3    4    5    6    7    8    9   10   98  263  244  185   87   57   19    3    2    1
 9    1    2    3    4    5    6    7    8    9  112  264  231  172   77   49   17    3    3
 9    1    2    3    4    5    6    7    8    9  118  252  228  165   68   44   13    3    3
 9    1    2    3    4    5    6    7    8    9  124  252  220  150   64   38   11    2    3
 9    1    2    3    4    5    6    7    8    9  131  242  220  126   62   31   11    2    2
 9    1    2    3    4    5    6    7    8    9  133  241  206  118   59   27    9    2    1
 9    1    2    3    4    5    6    7    8    9  143  230  201  105   50   25    7    2    1
 9    1    2    3    4    5    6    7    8    9  138  230  191   96   47   23    1    2    1
 9    1    2    3    4    5    6    7    8    9  142  214  174   84   44   18    1    2    1
 8    1    2    3    4    5    6    7    8  140  211  162   77   39   12    1    3
 8    1    2    3    4    5    6    7    8  131  203  141   73   33    9    1    3
 8    1    2    3    4    5    6    7    8  132  195  138   62   32    7    2    1
 7    1    2    3    4    5    6    8  123  199  125   52   28    8    1
 6    1    2    3    4    5    6  113  199  113   46   24    7
 6    1    2    3    4    5    6  115  188   99   45   18    7
 6    1    2    3    4    5    6  111  175   97   41   16    6
 6    1    2    3    4    5    6  109  168   87   35   16    3
 6    1    2    3    4    5    6   92  131   81   28   13    2
 6    1    2    3    4    5    6   79  101   68   18    9    2
 6    1    2    3    4    5    6   61   84   54   13    9    1
 6    1    2    3    4    5    6   57   79   52    8    7    1
 6    1    2    3    4    5    6   34   44   31    6    5    1
 6    1    2    3    4    5    6   17   26   16    4    3    1
 6    1    2    3    4    5    6   12   18   14    2    2    1
 6    1    2    3    4    5    6   10   19   13    3    1    1
 5    1    2    3    4    6    9   13    9    3    1
 5    1    2    3    4    6    9   13    9    3    1
 5    1    2    3    4    5    5    3    4    1    1
 5    1    2    3    4    5    5    3    4    1    1
 4    1    2    3    4    5    4    1    1
 4    1    2    3    4    5    4    1    1
 3    1    2    4    4    5    1
 3    1    2    3    3    5    1
 2    1    2    2    5
 2    1    2    2    1
 2    1    2    2    1
 2    1    2    2    1
 2    1    2    2    1
