# n  list(x)  list(y)
18   22   21   20   19   17   16   15   14   13   12   11   10    9    8    7    6    5    4    1    1    1    1    7    7   17   21   44   78  132  192  275  445  506  625  143    4
19   22   21   20   19   17   16   15   14   13   12   11   10    9    8    7    6    5    4    3    1    1    1    1    6    6   17   19   39   73  128  187  256  431  501  628  168   11    1
19   22   21   20   19   17   16   15   14   13   12   11   10    9    8    7    6    5    4    3    1    1    1    1    6    6   16   17   32   72  126  181  244  421  495  618  195   15    2
18   21   20   18   17   16   15   14   13   12   11   10    9    8    7    6    5    4    3    1    1    1    3    6   13   21   31   61  117  179  234  405  487  613  228   22    2
19   21   20   18   17   16   15   14   13   12   11   10    9    8    7    6    5    4    3    2    1    1    1    2    6   11   21   26   56  107  179  227  386  483  606  246   39    1    1
19   21   20   18   17   16   15   14   13   12   11   10    9    8    7    6    5    4    3    2    1    1    1    2    6    9   20   27   57   96  167  225  361  479  601  264   54    3    1
19   21   20   18   17   16   15   14   13   12   11   10    9    8    7    6    5    4    3    2    1    1    1    2    6    9   16   27   53   96  147  219  354  474  592  280   65    6    1
19   21   20   18   17   16   15   14   13   12   11   10    9    8    7    6    5    4    3    2    1    1    1    2    6    7   14   25   49   90  141  216  337  470  586  296   73    9    1
19   21   20   18   17   16   15   14   13   12   11   10    9    8    7    6    5    4    3    2    1    1    1    2    6    6   15   23   50   82  132  206  333  450  576  320   84   10    2
19   21   20   18   17   16   15   14   13   12   11   10    9    8    7    6    5    4    3    2    1    1    1    2    5    7   12   22   49   81  120  198  321  442  554  344   98   15    2
18   20   18   17   16   15   14   13   12   11   10    9    8    7    6    5    4    3    2    2    1    1    4    8   11   21   44   76  113  197  306  421  556  358  109   20    2
18   20   19   17   16   15   14   13   12   11   10    9    8    7    6    5    4    3    2    1    1    2    3    8    9   16   47   71  107  188  289  416  546  373  124   21    3
17   18   17   16   15   14   13   12   11   10    9    8    7    6    5    4    3    2    1    2    4    7    7   14   44   65  107  173  283  409  540  381  131   29    3
16   17   16   15   14   13   12   11   10    9    8    7    6    5    4    3    2    2    1    8    9   10   43   56  104  170  264  415  520  389  145   34    5
16   17   16   15   14   13   12   11   10    9    8    7    6    5    4    3    2    1    2    7    8    8   38   54   98  167  244  419  506  393  162   37    6
16   17   16   15   14   13   12   11   10    9    8    7    6    5    4    3    2    1    2    5    9    6   31   59   87  157  234  412  493  407  174   39    9
16   17   16   15   14   13   12   11   10    9    8    7    6    5    4    3    2    1    1    3    9    8   28   53   79  148  234  399  486  408  187   46   10
17   17   16   15   14   13   12   11   10    9    8    7    6    5    4    3    2    1    1    1    3    7    8   25   53   67  140  228  389  481  402  212   47   10    1
17   17   16   15   14   13   12   11   10    9    8    7    6    5    4    3    2    1    1    1    3    6    9   21   46   67  132  210  382  471  410  227   52   11    1
17   17   16   15   14   13   12   11   10    9    8    7    6    5    4    3    2    1    1    1    2    6    5   23   44   53  130  194  368  467  424  233   63   10    1
17   17   16   15   14   13   12   11   10    9    8    7    6    5    4    3    2    1    1    1    2    6    4   19   44   51  119  187  352  461  431  232   74   15    1
17   17   16   15   14   13   12   11   10    9    8    7    6    5    4    3    2    1    1    1    2    5    5   18   41   50  112  171  350  441  433  240   87   16    1
17   17   16   15   14   13   12   11   10    9    8    7    6    5    4    3    2    1    1    1    2    5    5   17   37   53  107  160  327  432  440  248   92   21    1
17   17   16   15   14   13   12   11   10    9    8    7    6    5    4    3    2    1    1    1    1    6    3   13   37   48  107  153  312  414  444  257  104   22    1
17   17   16   15   14   13   12   11   10    9    8    7    6    5    4    3    2    1    1    1    1    6    2   14   35   42   94  153  296  394  441  275  121   22    1
15   16   14   13   12   11   10    9    8    7    6    5    4    3    2    1    1    7    1   13   32   42   80  149  284  386  433  291  126   27    2
15   16   14   13   12   11   10    9    8    7    6    5    4    3    2    1    1    3    4    9   31   36   79  129  276  379  432  304  130   35    2
15   16   14   13   12   11   10    9    8    7    6    5    4    3    2    1    1    3    4    8   24   38   70  128  244  383  423  322  137   38    2
15   16   14   13   12   11   10    9    8    7    6    5    4    3    2    1    1    2    5    8   22   31   70  118  235  373  422  320  149   39    5
15   16   14   13   12   11   10    9    8    7    6    5    4    3    2    1    1    1    6    7   20   28   65  111  219  376  418  321  152   44    6
15   16   14   13   12   11   10    9    8    7    6    5    4    3    2    1    1    1    5    8   19   24   62   98  211  346  431  327  161   49    7
15   16   14   13   12   11   10    9    8    7    6    5    4    3    2    1    1    1    5    7   20   21   57   92  203  349  397  340  167   58    7
15   16   14   13   12   11   10    9    8    7    6    5    4    3    2    1    1    1    3    9   17   22   50   91  191  330  399  330  185   60   11
15   15   14   13   12   11   10    9    8    7    6    5    4    3    2    1    1    1    2    6   17   19   42   93  173  320  398  337  191   63   12
14   15   13   12   11   10    9    8    7    6    5    4    3    2    1    1    2    6   16   17   44   80  164  315  388  333  206   65   13
14   15   13   12   11   10    9    8    7    6    5    4    3    2    1    1    2    5   14   17   42   74  153  297  387  332  218   69   13
14   15   13   12   11   10    9    8    7    6    5    4    3    2    1    1    2    5   12   16   39   70  148  279  374  333  231   74   15
14   15   13   12   11   10    9    8    7    6    5    4    3    2    1    1    2    5    9   19   33   62  141  257  362  348  238   80   16
14   15   13   12   11   10    9    8    7    6    5    4    3    2    1    1    2    4    8   19   32   58  121  246  365  340  251   80   18
14   14   13   12   11   10    9    8    7    6    5    4    3    2    1    1    1    5    7   19   24   53  118  240  345  342  251   92   22
14   14   13   12   11   10    9    8    7    6    5    4    3    2    1    1    1    5    7   14   20   56  110  221  335  346  251   99   28
14   14   13   12   11   10    9    8    7    6    5    4    3    2    1    1    1    5    4   16   18   52  103  204  326  344  263  102   31
14   14   13   12   11   10    9    8    7    6    5    4    3    2    1    1    1    5    3   13   19   46  106  189  307  345  272  104   34
14   14   13   12   11   10    9    8    7    6    5    4    3    2    1    1    1    5    3   13   19   40  100  179  286  344  274  115   39
13   14   12   11   10    9    8    7    6    5    4    3    2    1    1    6    3   12   20   31   91  174  273  338  276  126   43
13   14   12   11   10    9    8    7    6    5    4    3    2    1    1    5    1   12   19   29   78  166  266  325  289  132   45
13   14   12   11   10    9    8    7    6    5    4    3    2    1    1    4    2   11   14   32   72  153  253  319  292  145   45
13   14   12   11   10    9    8    7    6    5    4    3    2    1    1    2    3   10   11   25   72  140  249  303  297  155   50
13   14   12   11   10    9    8    7    6    5    4    3    2    1    1    1    3   10   10   23   63  142  224  301  290  176   48
12   12   11   10    9    8    7    6    5    4    3    2    1    1    3    9    8   21   58  130  214  289  297  185   52
12   12   11   10    9    8    7    6    5    4    3    2    1    1    3    8    8   18   54  118  201  289  296  185   60
11   11   10    9    8    7    6    5    4    3    2    1    4    5   11   15   45  104  191  282  302  190   65
11   11   10    9    8    7    6    5    4    3    2    1    4    4   10   15   44   96  177  272  298  194   75
11   11   10    9    8    7    6    5    4    3    2    1    3    5    9   14   38   87  171  272  292  194   77
11   11   10    9    8    7    6    5    4    3    2    1    1    6    7   13   37   78  162  261  297  194   74
11   11   10    9    8    7    6    5    4    3    2    1    1    2   11   10   36   72  147  257  295  193   80
10   10    9    8    7    6    5    4    3    2    1    2   11    9   31   73  135  250  291  191   86
10   10    9    8    7    6    5    4    3    2    1    2    8    8   31   64  129  238  284  199   90
10   10    9    8    7    6    5    4    3    2    1    1    8    7   29   58  113  228  282  211   86
 9    9    8    7    6    5    4    3    2    1    9    6   25   50  106  218  278  209   96
 9    9    8    7    6    5    4    3    2    1    7    8   25   42  101  207  267  215   96
 9    9    8    7    6    5    4    3    2    1    7    6   23   39   93  192  268  215   99
 9    9    8    7    6    5    4    3    2    1    6    4   18   40   82  178  270  218  100
 9    9    8    7    6    5    4    3    2    1    5    4   15   38   75  167  259  223  106
 9    9    8    7    6    5    4    3    2    1    4    4   13   34   72  152  248  232  107
 9    9    8    7    6    5    4    3    2    1    1    7   10   28   67  144  238  231  114
 9    9    8    7    6    5    4    3    2    1    1    5   10   19   63  131  237  231  113
 9    9    8    7    6    5    4    3    2    1    1    5    9   16   58  113  226  232  112
 9    9    8    7    6    5    4    3    2    1    1    5    6   15   53  104  216  227  112
 8    8    7    6    5    4    3    2    1    6    5   13   46   97  201  227  104
 8    8    7    6    5    4    3    2    1    3    3   13   41   91  193  217  111
 8    8    7    6    5    4    3    2    1    2    4   12   35   81  180  202  111
 8    8    7    6    5    4    3    2    1    2    3   11   28   73  161  187  110
 8    8    7    6    5    4    3    2    1    1    2    6   19   54  119  153   84
 7    7    6    5    4    3    2    1    2    4   16   44  115  141   85
 7    7    6    5    4    3    2    1    2    4   12   36  107  135   83
 7    7    6    5    4    3    2    1    2    1    8   11   53   57   35
 6    6    5    4    3    2    1    2    6   12   49   55   31
 5    6    4    3    2    1    2   11   30   35   26
 5    6    4    3    2    1    1   11   29   31   23
 5    6    4    3    2    1    1    9   30   30   22
 5    5    4    3    2    1    1    6   26   33   21
 5    5    4    3    2    1    1    3    9   18   14
 5    5    4    3    2    1    1    2   12   14   11
 4    4    3    2    1    2    8   13    6
 4    4    3    2    1    1    8   14    4
 4    4    3    2    1    1    4   14    4
 4    4    3    2    1    1    2   11    6
 3    3    2    1    1   10    3
 4    4    3    2    1    1    1    3    3
 4    4    3    2    1    1    1    3    3
 2    2    1    5    2
 2    3    1    2    4
 2    3    1    2    4
 3    3    2    1    1    1    3
 3    3    2    1    1    1    3
 2    2    1    3    2
 2    2    1    1    2
