# n  list(x)  list(y)
17    4    5    6    7    8    9   10   11   12   13   14   15   16   17   18   19   21    4  128  711  510  391  258  176  103   76   59   36   22   10    8    2    3    3
17    4    5    6    7    8    9   10   11   12   13   14   15   16   17   18   19   21    6  166  696  515  371  253  160  103   75   59   30   19    9    6    2    2    3
17    4    5    6    7    8    9   10   11   12   13   14   15   16   17   18   19   21   10  196  688  508  356  244  150  104   72   55   32   13   10    5    2    2    3
19    3    4    5    6    7    8    9   10   11   12   13   14   15   16   17   18   19   20   21    1   19  219  691  486  351  229  146  100   70   53   26   14    8    5    3    1    1    2
19    3    4    5    6    7    8    9   10   11   12   13   14   15   16   17   18   19   20   21    1   32  246  679  469  347  214  142  100   65   50   26   11    9    3    3    1    1    1
18    3    4    5    6    7    8    9   10   11   12   13   14   15   16   17   18   19   21    1   43  290  645  457  347  189  150   87   70   43   26   11    7    3    3    2    1
18    3    4    5    6    7    8    9   10   11   12   13   14   15   16   17   18   19   21    2   62  311  615  453  339  185  141   83   69   42   24   11    5    2    3    2    1
18    3    4    5    6    7    8    9   10   11   12   13   14   15   16   17   18   19   21    7   70  327  608  443  326  187  129   81   71   39   14   12    3    3    2    2    1
18    3    4    5    6    7    8    9   10   11   12   13   14   15   16   17   18   19   21   12   85  332  595  445  306  181  134   73   66   36   14   10    3    3    3    1    1
19    2    3    4    5    6    7    8    9   10   11   12   13   14   15   16   17   18   19   21    1   16   99  343  585  442  284  179  127   72   61   34   12    9    3    3    3    1    1
19    2    3    4    5    6    7    8    9   10   11   12   13   14   15   16   17   18   19   21    1   23  109  360  569  427  279  174  123   63   61   32   11    8    3    3    2    1    1
19    2    3    4    5    6    7    8    9   10   11   12   13   14   15   16   17   18   19   21    1   25  118  377  561  406  273  171  121   52   61   33   10    6    5    2    1    1    1
19    2    3    4    5    6    7    8    9   10   11   12   13   14   15   16   17   18   19   20    1   29  134  389  547  398  259  169  114   47   60   28   10    9    1    2    1    1    1
19    2    3    4    5    6    7    8    9   10   11   12   13   14   15   16   17   18   19   20    1   31  149  408  528  388  243  163  111   52   52   26   10    7    1    2    1    1    1
18    2    3    4    5    6    7    8    9   10   11   12   13   14   15   16   17   18   20    4   32  161  412  521  379  227  170   98   58   44   22   11    5    1    2    2    1
18    2    3    4    5    6    7    8    9   10   11   12   13   14   15   16   17   18   19    6   41  174  420  507  370  218  161   92   57   38   22   10    3    2    1    2    1
18    2    3    4    5    6    7    8    9   10   11   12   13   14   15   16   17   18   19    7   44  195  420  500  355  213  143   96   52   39   19    9    3    1    1    2    1
17    2    3    4    5    6    7    8    9   10   11   12   13   14   15   17   18   19    8   52  207  420  502  336  207  140   87   50   38   14    7    3    2    1    1
16    2    3    4    5    6    7    8    9   10   11   12   13   14   15   17   19    7   67  220  427  480  334  196  131   83   47   36   10    6    3    2    1
17    2    3    4    5    6    7    8    9   10   11   12   13   14   15   16   17   19    9   69  232  441  455  323  190  127   77   47   33   10    6    3    1    1    1
17    2    3    4    5    6    7    8    9   10   11   12   13   14   15   16   17   19   11   75  251  450  442  302  177  127   73   43   29    8    6    3    1    1    1
17    2    3    4    5    6    7    8    9   10   11   12   13   14   15   16   17   18   18   80  257  458  420  294  175  115   76   35   29    7    6    2    1    1    1
16    2    3    4    5    6    7    8    9   10   11   12   13   14   15   16   17   19   89  260  473  395  293  163  109   70   37   26    5    6    2    1    2
16    2    3    4    5    6    7    8    9   10   11   12   13   14   15   16   17   21  101  274  454  405  272  156   99   69   34   25    6    4    2    1    2
16    2    3    4    5    6    7    8    9   10   11   12   13   14   15   16   17   24  115  278  455  398  251  151   98   57   36   22    8    2    2    2    1
16    2    3    4    5    6    7    8    9   10   11   12   13   14   15   16   17   26  129  299  437  385  237  144   96   56   36   15    8    2    2    2    1
16    2    3    4    5    6    7    8    9   10   11   12   13   14   15   16   17   32  135  307  422  377  243  133   84   57   33   13    7    3    1    2    1
17    1    2    3    4    5    6    7    8    9   10   11   12   13   14   15   16   17    1   36  143  314  428  364  224  135   73   54   28   14    5    2    1    2    1
16    1    2    3    4    5    6    7    8    9   10   11   12   13   14   16   17    2   40  153  318  423  347  214  135   72   48   27   11    4    3    2    1
16    1    2    3    4    5    6    7    8    9   10   11   12   13   14   16   17    2   42  158  334  416  341  200  126   68   46   21   13    4    1    2    1
15    1    2    3    4    5    6    7    8    9   10   11   12   13   14   16    5   43  182  330  408  336  182  121   61   42   23   11    3    1    2
15    1    2    3    4    5    6    7    8    9   10   11   12   13   14   16    6   49  188  343  386  335  165  117   59   40   21   10    3    1    2
15    1    2    3    4    5    6    7    8    9   10   11   12   13   15   16    5   53  205  350  383  307  161  113   49   38   20    9    4    1    1
15    1    2    3    4    5    6    7    8    9   10   11   12   13   15   16    9   58  217  345  375  298  146  108   51   34   19    8    4    1    1
15    1    2    3    4    5    6    7    8    9   10   11   12   13   15   16   10   65  235  348  362  282  141  100   44   35   18    4    3    1    1
15    1    2    3    4    5    6    7    8    9   10   11   12   13   15   16   10   71  241  351  342  279  140   93   39   34   16    3    3    1    1
14    1    2    3    4    5    6    7    8    9   10   11   12   13   15   15   76  256  357  331  265  128   80   42   29   12    4    2    2
14    1    2    3    4    5    6    7    8    9   10   11   12   13   15   17   84  265  359  321  258  119   74   32   27   10    4    2    2
14    1    2    3    4    5    6    7    8    9   10   11   12   13   15   19   96  258  370  307  244  112   70   32   23   11    4    1    2
15    1    2    3    4    5    6    7    8    9   10   11   12   13   14   15   24  101  277  354  297  234  105   63   30   22   11    3    1    1    1
14    1    2    3    4    5    6    7    8    9   10   11   12   13   15   26  117  276  349  290  218  103   57   32   16   11    2    1    1
13    1    2    3    4    5    6    7    8    9   10   11   13   14   31  119  290  348  282  200   97   51   31   10   12    1    1
12    1    2    3    4    5    6    7    8    9   10   11   13   34  130  290  349  273  180   94   49   26   12    9    2
12    1    2    3    4    5    6    7    8    9   10   11   13   39  133  290  345  263  177   85   43   23   15    7    1
12    1    2    3    4    5    6    7    8    9   10   11   13   43  143  293  332  257  165   78   42   22   15    6    1
12    1    2    3    4    5    6    7    8    9   10   11   13   44  158  291  323  242  166   69   37   23   11    6    1
12    1    2    3    4    5    6    7    8    9   10   11   13   48  167  287  316  231  153   71   33   20   10    6    1
12    1    2    3    4    5    6    7    8    9   10   11   13   51  170  301  299  227  141   64   33   18    8    4    1
12    1    2    3    4    5    6    7    8    9   10   11   13   54  172  293  291  224  137   55   31   19    6    4    1
12    1    2    3    4    5    6    7    8    9   10   11   13   65  175  284  288  216  125   52   30   16    5    4    1
12    1    2    3    4    5    6    7    8    9   10   11   13   66  176  296  278  204  118   45   31   11    6    3    1
12    1    2    3    4    5    6    7    8    9   10   11   12   70  174  309  257  190  117   45   27   12    4    2    1
12    1    2    3    4    5    6    7    8    9   10   11   12   68  191  298  245  183  111   43   24   12    4    2    1
11    1    2    3    4    5    6    7    8    9   10   11   68  198  291  237  176  104   40   19   12    2    3
11    1    2    3    4    5    6    7    8    9   10   11   73  206  285  236  163   97   37   14    9    2    3
11    1    2    3    4    5    6    7    8    9   10   11   75  213  273  237  157   87   30   13    8    2    3
11    1    2    3    4    5    6    7    8    9   10   11   79  223  267  228  147   75   28    9    8    1    3
11    1    2    3    4    5    6    7    8    9   10   11   87  226  260  210  143   73   22    9    7    1    3
11    1    2    3    4    5    6    7    8    9   10   11   90  220  258  209  132   63   21    9    6    1    3
11    1    2    3    4    5    6    7    8    9   10   11   96  221  260  185  129   59   18    8    5    2    2
11    1    2    3    4    5    6    7    8    9   10   11  104  225  248  171  119   59   15    6    5    3    1
11    1    2    3    4    5    6    7    8    9   10   11  110  215  244  162  115   53   10    7    4    3    1
11    1    2    3    4    5    6    7    8    9   10   11  108  210  237  154  105   46   11    7    4    2    1
11    1    2    3    4    5    6    7    8    9   10   11  110  215  222  142   97   43   11    7    3    2    1
11    1    2    3    4    5    6    7    8    9   10   11  115  210  219  132   91   38   11    5    3    1    1
10    1    2    3    4    5    6    7    8    9   10  114  215  206  126   83   34   10    4    1    2
10    1    2    3    4    5    6    7    8    9   10  117  212  199  113   76   34    9    4    1    2
 9    1    2    3    4    5    6    7    8   10  127  201  183  113   67   27    5    5    2
 9    1    2    3    4    5    6    7    8   10  130  205  172  108   55   26    5    2    2
 9    1    2    3    4    5    6    7    8   10  132  198  161   99   55   21    4    3    1
 9    1    2    3    4    5    6    7    8   10  129  180  150   95   47   19    4    3    1
 9    1    2    3    4    5    6    7    8   10  132  172  147   86   41   19    2    3    1
 9    1    2    3    4    5    6    7    8   10  126  160  133   82   35   17    2    2    1
 9    1    2    3    4    5    6    7    8   10  114  147  126   75   31   16    1    2    1
 9    1    2    3    4    5    6    7    8   10  111  135  108   70   23   12    2    1    1
 9    1    2    3    4    5    6    7    8   10  111  132  109   61   21    8    1    1    1
 8    1    2    3    4    5    6    8   10   99  125   97   55   18    6    1    1
 8    1    2    3    4    5    6    8    9   92  102   79   47   18    3    1    1
 8    1    2    3    4    5    6    7    8   81   95   70   41   14    2    1    1
 8    1    2    3    4    5    6    7    8   61   77   51   26    9    1    1    1
 7    1    2    3    4    5    7    8   59   67   53   18    7    1    1
 6    1    2    3    4    5    7   38   48   36   16    3    1
 6    1    2    3    4    5    7   36   47   33   12    2    1
 6    1    2    3    4    5    6   34   40   28   10    2    1
 6    1    2    3    4    5    6   11   17   14    2    1    1
 5    1    2    3    4    6   10   17   12    3    1
 4    1    2    3    6    9   15   13    1
 4    1    2    3    6    5   14    9    1
 4    1    2    3    6    5   14    5    1
 4    1    2    3    6    5   15    3    1
 4    1    2    3    6    4   12    2    1
 4    1    2    3    6    5   10    1    1
 3    1    2    3    4    2    2
 3    1    2    3    3    2    1
 2    1    4    4    1
 2    1    4    4    1
 2    1    3    3    1
 2    1    3    3    1
 2    1    3    3    1
