# n  list(x)  list(y)
40   58   50   49   47   44   42   41   39   38   37   35   33   32   30   29   28   27   26   25   24   23   22   21   20   19   18   17   16   15   14   13   12   11   10    9    8    7    6    5    4    2    1    1    2    1    1    2    1    2    1    1    2    2    2    3    4    4    5    4    2    5   12    9    9    9    8   20   27   20   28   36   47   60   79   88  192  343 1302  159    4
41   57   56   50   49   47   46   44   42   41   38   37   35   33   32   30   29   28   27   26   25   24   23   22   21   20   19   18   17   16   15   14   13   12   11   10    9    8    7    6    5    4    1    1    1    1    1    1    1    1    2    3    1    1    2    2    1    3    5    4    5    3    2    2   13   11    7   11    7   17   28   20   27   34   49   61   75   83  189  325 1249  219    6
42   56   50   49   47   45   43   42   41   38   37   36   35   33   32   31   30   29   28   27   26   25   24   23   22   21   20   19   18   17   16   15   14   13   12   11   10    9    8    7    6    5    4    2    1    1    1    1    1    1    2    2    1    1    1    2    1    1    1    1    7    4    3    5    1    1   13    8    9   11    9   15   25   23   25   36   48   54   75   81  179  309 1199  271   18
39   56   48   44   43   42   41   38   36   34   33   32   31   30   28   27   26   25   24   23   22   21   20   19   18   17   16   15   14   13   12   11   10    9    8    7    6    5    4    3    2    2    2    1    1    1    3    1    1    2    2    1    1    6    2    7    4    2    1    9   12    7   10   12   13   24   20   26   35   45   56   72   84  172  289 1144  327   24    2
40   56   48   47   43   42   40   38   35   34   33   32   31   29   28   27   26   25   24   23   22   21   20   19   18   17   16   15   14   13   12   11   10    9    8    7    6    5    4    3    2    2    1    1    3    1    1    3    1    1    1    1    3    1    6    1    6    4    4    1    7   12    6   10   11   12   19   27   24   34   43   49   71   88  166  278 1090  365   42    3    1
39   56   54   47   43   42   40   38   37   34   33   32   31   28   27   26   25   24   23   22   21   20   19   18   17   16   15   14   13   12   11   10    9    8    7    6    5    4    3    2    1    1    2    1    3    1    1    2    1    2    1    3    6    2    6    4    4    1    7    9    8   11    7   15   18   26   23   34   42   49   68   85  164  266 1031  408   55    6    1
38   56   54   47   43   42   40   38   37   34   32   31   28   27   26   25   24   23   22   21   20   19   18   17   16   15   14   13   12   11   10    9    8    7    6    5    4    3    2    1    1    2    1    3    1    1    2    1    2    4    4    3    4    5    3    3    6    9    8   11    5   15   16   23   22   39   38   49   61   84  160  256  984  438   75    8    2
42   56   54   47   46   43   42   41   40   38   37   36   33   32   31   30   28   27   26   25   24   23   22   21   20   19   18   17   16   15   14   13   12   11   10    9    8    7    6    5    4    3    2    1    1    1    1    1    1    1    2    1    1    1    1    2    3    1    3    3    3    5    3    4    5    9    6   13    5   12   15   25   20   38   40   48   60   80  156  241  921  489   89   11    2
43   56   54   47   46   43   42   41   40   39   38   37   36   33   32   31   30   28   27   26   25   24   23   22   21   20   19   18   17   16   15   14   13   12   11   10    9    8    7    6    5    4    3    2    1    1    1    1    1    1    1    1    1    1    1    1    1    1    4    1    3    3    2    5    4    4    5    4    9   13    4   14   15   23   23   36   32   49   59   84  147  236  868  508  114   15    2
42   55   54   46   43   42   41   40   39   38   36   33   32   31   30   29   28   27   26   25   24   23   22   21   20   19   18   17   16   15   14   13   12   11   10    9    8    7    6    5    4    3    2    1    1    2    1    1    1    1    1    1    2    1    1    3    1    1    2    4    1    6    4    4    2    6   10   11    4   13   14   25   22   31   31   52   57   80  143  228  818  549  120   16    3
39   55   53   46   45   42   41   40   38   36   33   31   30   29   27   26   25   24   23   22   21   20   19   18   17   16   15   14   13   12   11   10    9    8    7    6    5    4    3    2    1    1    1    1    1    1    2    2    2    1    2    3    1    6    1    5    5    2    3    2   10   10    8   11   12   25   22   30   26   51   58   83  132  218  770  579  139   20    3
42   55   52   45   44   42   41   40   38   36   35   32   31   30   29   28   27   26   25   24   23   22   21   20   19   18   17   16   15   14   13   12   11   10    9    8    7    6    5    4    3    2    1    1    1    1    1    1    1    2    2    1    1    1    2    2    1    1    5    2    4    5    1    4    3    7   12    8   12   10   24   19   30   29   44   56   79  131  214  720  590  171   24    1    1
37   55   52   44   41   40   38   35   31   30   29   27   26   25   24   23   22   21   20   19   18   17   16   15   14   13   12   11   10    9    8    7    6    5    4    3    2    1    1    1    2    2    1    2    2    3    1    2    5    3    4    4    2    4    2    7    9    9   13   10   24   19   29   27   43   53   76  129  199  687  598  190   35    1    1
38   54   50   44   41   40   38   37   35   31   30   29   27   26   25   24   23   22   21   20   19   18   17   16   15   14   13   12   11   10    9    8    7    6    5    4    3    2    1    1    1    2    1    2    1    1    2    3    1    2    2    2    6    5    2    3    3    6   10    6   13   12   20   21   24   26   44   56   74  122  199  644  605  208   42    2    1
39   52   50   44   43   40   39   38   37   34   31   30   29   27   26   25   24   23   22   21   20   19   18   17   16   15   14   13   12   11   10    9    8    7    6    5    4    3    2    1    1    1    1    1    1    1    2    1    1    3    1    2    2    2    6    5    1    3    4    5    8    8   11   12   21   18   24   23   46   53   75  112  194  614  595  232   56    3    1
38   52   50   44   41   40   39   38   37   34   31   30   29   27   25   24   23   22   21   20   19   18   17   16   15   14   13   12   11   10    9    8    7    6    5    4    3    2    1    1    1    1    1    1    1    2    1    1    2    1    3    2    4    8    2    3    4    5    8    6    9   14   18   19   20   29   37   58   68  109  189  583  598  250   62    3    1
35   51   49   44   41   38   37   34   31   30   29   27   25   24   23   22   21   20   19   18   17   16   15   14   13   12   11   10    9    8    7    6    5    4    3    2    1    1    1    1    4    1    1    1    2    3    2    4    6    3    4    3    5    7    7   10   13   15   19   19   33   34   53   66  106  186  551  602  264   67    5
36   50   49   44   39   38   37   36   34   31   30   29   27   25   24   23   22   21   20   19   18   17   16   15   14   13   12   11   10    9    8    7    6    5    4    3    2    1    1    1    1    1    3    1    1    1    2    3    2    2    6    4    5    2    4    8    6   12   11   13   21   17   32   31   52   66  104  173  525  602  280   75    6
35   50   48   44   39   37   36   33   31   30   29   26   25   24   23   22   21   20   19   18   17   16   15   14   13   12   11   10    9    8    7    6    5    4    3    2    1    1    1    1    2    3    1    1    2    3    1    1    7    3    4    2    5    7    6   12   11   12   17   18   31   32   48   66  101  168  475  612  297   89    9
36   50   48   44   39   37   36   35   31   30   29   28   25   24   23   22   21   20   19   18   17   16   15   14   13   12   11   10    9    8    7    6    5    4    3    2    1    1    1    1    1    2    2    1    1    2    3    1    1    6    4    5    2    5    4    8   13   10   12   13   21   26   31   44   66   93  165  450  607  310  103    9    1
36   50   48   43   38   37   36   35   31   30   29   28   25   24   23   22   21   20   19   18   17   16   15   14   13   12   11   10    9    8    7    6    5    4    3    2    1    1    1    1    1    1    1    2    1    1    5    1    1    5    4    4    3    4    6    6   14    9   13   13   18   28   30   42   64   92  151  439  593  323  110   11    1
35   48   46   43   37   36   35   31   29   28   27   25   24   23   22   21   20   19   18   17   16   15   14   13   12   11   10    9    8    7    6    5    4    3    2    1    1    1    1    1    1    2    1    4    2    1    1    4    4    4    3    3    5    7   13   10    7   17   18   22   31   41   64   88  142  413  583  342  124   13    1
36   48   45   43   37   36   35   34   31   29   28   27   25   24   23   22   21   20   19   18   17   16   15   14   13   12   11   10    9    8    7    6    5    4    3    2    1    1    1    1    1    1    1    1    1    2    3    2    1    3    4    5    3    3    4    8   10    9    7   19   17   23   31   40   59   80  139  394  576  347  136   15    2
35   46   45   43   37   35   34   31   29   28   27   25   24   23   22   21   20   19   18   17   16   15   14   13   12   11   10    9    8    7    6    5    4    3    2    1    1    1    1    1    1    2    1    2    1    4    1    3    3    6    3    2    5    4   12    8    8   18   17   24   29   37   59   78  134  367  569  354  145   22    2
34   46   45   40   37   34   33   29   27   26   25   24   23   22   21   20   19   18   17   16   15   14   13   12   11   10    9    8    7    6    5    4    3    2    1    1    1    1    1    2    1    3    4    1    1    3    3    3    5    3    5    4    9   10    7   18   17   23   26   39   55   76  127  352  542  376  148   30    3
33   45   40   36   33   32   29   27   26   25   24   23   22   21   20   19   18   17   16   15   14   13   12   11   10    9    8    7    6    5    4    3    2    1    2    1    1    1    2    3    4    1    1    3    3    1    6    4    5    2   10    9    9   15   16   23   26   38   50   69  128  335  527  383  158   36    3
33   44   40   36   33   32   29   27   26   25   24   23   22   21   20   19   18   17   16   15   14   13   12   11   10    9    8    7    6    5    4    3    2    1    2    1    1    1    2    2    2    2    2    3    3    1    6    4    6    1    7   10    8   15   14   22   23   34   46   69  130  313  506  397  171   43    3
33   43   38   34   33   32   31   29   27   25   24   23   22   21   20   19   18   17   16   15   14   13   12   11   10    9    8    7    6    5    4    3    2    1    2    1    1    1    1    1    2    1    2    5    2    2    5    3    6    3    5    7   11   11   19   18   23   34   40   70  132  288  483  411  186   46    3
33   43   41   38   34   32   31   29   28   27   24   23   22   21   20   19   18   17   16   15   14   13   12   11   10    9    8    7    6    5    4    3    2    1    1    1    1    1    2    1    1    1    1    6    3    2    4    3    6    2    6    5    8   10   18   19   22   32   35   71  128  274  458  417  202   56    3
33   42   40   38   34   32   30   29   28   26   24   23   22   21   20   19   18   17   16   15   14   13   12   11   10    9    8    7    6    5    4    3    2    1    1    1    1    1    2    1    1    1    1    4    3    4    3    4    4    4    6    5    6   12   14   18   24   32   35   68  119  264  432  430  211   59    4
32   41   40   38   32   30   29   28   26   24   23   22   21   20   19   18   17   16   15   14   13   12   11   10    9    8    7    6    5    4    3    2    1    1    1    1    2    1    1    1    1    4    1    3    5    4    5    4    4    4    6   13   13   18   23   32   33   68  112  251  420  426  218   68    6
29   40   38   31   30   28   26   24   22   21   20   19   18   17   16   15   14   13   12   11   10    9    8    7    6    5    4    3    2    1    2    1    2    1    2    1    4    4    4    2    7    4    3    6    4   11   15   15   20   35   27   65  111  237  402  422  238   71    9
30   39   38   31   30   28   27   26   24   22   21   20   19   18   17   16   15   14   13   12   11   10    9    8    7    6    5    4    3    2    1    2    1    2    1    1    1    1    4    2    4    3    7    3    4    6    4   11   12   16   18   34   28   60  105  226  394  413  252   72   13
30   39   38   36   30   29   27   26   24   22   21   20   19   18   17   16   15   14   13   12   11   10    9    8    7    6    5    4    3    2    1    1    1    1    2    1    2    1    4    2    2    1   10    1    4    8    4    7   13   13   17   35   28   55   97  209  388  406  272   75   15
32   38   37   36   30   29   27   26   25   24   23   22   21   20   19   18   17   16   15   14   13   12   11   10    9    8    7    6    5    4    3    2    1    1    1    1    1    2    1    1    1    2    1    3    1    2    7    3    4    5    5    9    9   16   17   29   34   53   91  201  378  394  282   77   18
30   36   35   30   29   28   26   25   23   22   21   20   19   18   17   16   15   14   13   12   11   10    9    8    7    6    5    4    3    2    1    1    1    1    1    1    2    1    3    2    1    3    5    5    2    6    4    9    6   18   15   30   28   54   87  186  368  384  298   83   20
29   35   30   29   28   26   25   23   22   21   20   19   18   17   16   15   14   13   12   11   10    9    8    7    6    5    4    3    2    1    2    1    1    1    2    1    3    1    1    4    5    2    3    7    4    8    7   15   15   27   29   47   84  180  344  382  302  100   21
28   34   29   28   25   24   23   22   21   20   19   18   17   16   15   14   13   12   11   10    9    8    7    6    5    4    3    2    1    2    1    1    2    1    2    1    2    2    5    3    3    7    4    4   11   13   14   20   36   39   84  169  323  386  301  114   24
26   34   29   28   25   23   21   20   19   18   17   16   15   14   13   12   11   10    9    8    7    6    5    4    3    2    1    2    1    1    1    3    1    1    5    4    3    6    6    2   11   11   15   18   35   40   75  153  314  381  305  130   25
27   34   29   28   25   23   22   21   20   19   18   17   16   15   14   13   12   11   10    9    8    7    6    5    4    3    2    1    2    1    1    1    2    1    1    1    2    6    4    6    5    2    8   12   18   11   35   40   70  149  299  379  305  134   29
27   34   32   29   28   25   23   22   20   19   18   17   16   15   14   13   12   11   10    9    8    7    6    5    4    3    2    1    1    1    1    1    1    2    1    2    2    4    5    4    6    4    7    9   17   14   31   39   63  147  283  372  310  140   32
26   32   29   28   25   23   22   20   19   18   17   16   15   14   13   12   11   10    9    8    7    6    5    4    3    2    1    2    1    1    1    1    2    2    2    4    5    3    6    4    6    9   16   17   28   36   62  130  277  366  311  150   32
25   32   31   28   27   24   22   20   19   18   17   15   14   13   12   11   10    9    8    7    6    5    4    3    2    1    1    1    1    1    1    3    2    2    3    6    6    4    3   11   14   19   24   32   64  122  262  355  312  161   39
26   32   31   28   27   24   22   20   19   18   17   16   15   14   13   12   11   10    9    8    7    6    5    4    3    2    1    1    1    1    1    1    2    3    1    2    6    2    4    6    2    6   15   19   24   28   56  119  251  347  316  164   45
27   30   29   28   25   24   22   21   20   19   18   17   16   15   14   13   12   11   10    9    8    7    6    5    4    3    2    1    1    1    1    1    1    1    1    2    1    2    6    3    3    7    1    6   14   20   22   27   55  112  233  341  317  172   47
27   30   29   28   25   23   22   21   20   19   18   17   16   15   14   13   12   11   10    9    8    7    6    5    4    3    2    1    1    1    1    1    1    1    1    2    1    1    5    3    4    5    3    6   11   17   25   27   46  106  230  319  325  180   50
24   30   28   24   21   20   19   18   17   16   15   14   13   12   11   10    9    8    7    6    5    4    3    2    1    1    2    1    2    1    1    1    3    5    3    5    2    7    9   17   24   26   44   93  213  318  321  197   52
22   29   28   24   21   19   17   16   15   14   13   12   11   10    9    8    7    6    5    4    3    2    1    1    2    1    2    1    2    5    2    6    2    7    9   16   21   30   40   88  199  306  321  200   60
22   29   28   24   21   19   17   16   15   14   13   12   11   10    9    8    7    6    5    4    3    2    1    1    2    1    2    1    2    3    4    4    4    7    7   15   18   29   39   87  183  303  307  204   70
22   29   27   24   21   20   17   16   15   14   13   12   11   10    9    8    7    6    5    4    3    2    1    1    2    1    1    1    3    3    4    3    4    8    6   13   14   30   35   84  169  291  308  210   75
22   29   27   26   24   20   17   16   15   14   13   12   11   10    9    8    7    6    5    4    3    2    1    1    1    1    1    2    1    4    4    2    4    7    6   14   13   31   31   76  156  275  313  214   84
21   29   25   23   20   17   16   15   14   13   12   11   10    9    8    7    6    5    4    3    2    1    1    1    1    2    1    3    3    1    4    8    6   10   17   27   33   61  151  266  297  220   99
21   29   25   23   20   18   17   16   15   13   12   11   10    9    8    7    6    5    4    3    2    1    1    1    1    1    1    1    3    3    4    8    5   11   15   29   31   56  138  261  289  227  101
20   29   25   23   19   17   16   15   13   12   11   10    9    8    7    6    5    4    3    2    1    1    1    1    1    2    2    3    1   10    4    7   20   24   31   54  128  247  286  229  109
20   29   25   23   19   17   16   15   13   12   11   10    9    8    7    6    5    4    3    2    1    1    1    1    1    1    3    3    1    9    3    9   14   21   35   49  124  240  278  220  117
19   27   22   18   17   16   15   13   12   11   10    9    8    7    6    5    4    3    2    1    1    2    1    1    1    5    1    6    5    9    9   22   35   47  112  222  277  226  122
20   25   22   18   17   16   15   14   13   12   11   10    9    8    7    6    5    4    3    2    1    1    2    1    1    1    3    2    1    5    4    6   10   25   33   43  100  220  274  220  121
20   25   22   18   17   16   15   14   13   12   11   10    9    8    7    6    5    4    3    2    1    1    2    1    1    1    3    1    1    4    5    5    9   23   32   38   96  208  275  220  121
18   22   21   18   15   14   13   12   11   10    9    8    7    6    5    4    3    2    1    1    2    1    3    1    2    3    2    9    7   16   29   36   90  194  267  225  132
17   21   20   18   15   13   12   11   10    9    8    7    6    5    4    3    2    1    2    1    1    3    1    4    2    6    7   18   26   33   81  185  257  228  137
17   21   20   17   15   14   12   11   10    9    8    7    6    5    4    3    2    1    1    2    1    2    1    4    2    6    6   18   26   27   76  165  256  223  144
16   20   15   14   13   12   11   10    9    8    7    6    5    4    3    2    1    2    1    1    2    2    2    7    5   16   20   31   71  150  246  232  147
16   20   15   14   13   12   11   10    9    8    7    6    5    4    3    2    1    2    1    1    1    2    3    5    5   12   21   31   59  148  230  228  152
15   20   18   14   12   11   10    9    8    7    6    5    4    3    2    1    1    1    2    3    2    5    6   11   16   24   64  134  222  228  152
15   19   16   14   12   11   10    9    8    7    6    5    4    3    2    1    1    1    2    3    2    5    6    9   13   23   62  128  208  224  158
15   18   16   14   12   11   10    9    8    7    6    5    4    3    2    1    1    1    2    3    1    1    8    8   13   16   60  114  199  230  151
16   17   16   14   13   12   11   10    9    8    7    6    5    4    3    2    1    1    1    1    1    1    3    1    7    7   12   17   51  110  191  218  146
14   16   14   13   12   11    9    8    7    6    5    4    3    2    1    1    1    1    2    3    6    9    7   19   45  105  180  219  144
13   15   14   12   11    9    8    7    6    5    4    3    2    1    1    1    3    3    3    5    7   17   42   89  164  231  142
12   15   13   12   11    8    7    6    5    4    3    2    1    1    1    2    4    8    2   16   38   72  159  214  141
13   15   13   11   10    9    8    7    6    5    4    3    2    1    1    1    3    1    1    4    5   14   29   75  140  198  140
13   15   12   11   10    9    8    7    6    5    4    3    2    1    1    1    3    1    1    4    1   14   25   65  132  191  127
12   14   12   11   10    8    7    6    5    4    3    2    1    1    1    3    1    4    1    8   27   58  121  179  130
12   14   12   11   10    8    7    6    5    4    3    2    1    1    1    2    2    2    1    6   28   52  101  169  120
12   14   12   11   10    8    7    6    5    4    3    2    1    1    1    1    2    2    1    6   19   56   94  159  121
11   14   12   10    8    7    6    5    4    3    2    1    1    1    3    1    2    4   16   49   88  148  118
 9   12   10    7    6    5    4    3    2    1    2    2    2    3   15   41   73  139  114
10   12   11    9    7    6    5    4    3    2    1    1    1    2    2    2   16   36   64  125  111
 9   11    9    7    6    5    4    3    2    1    2    2    1    2   11   23   47   97   83
11   11   10    9    8    7    6    5    4    3    2    1    1    1    1    1    1    1   11   23   39   87   79
 9   10    9    8    6    5    4    3    2    1    1    2    1    2    9   22   30   80   75
 7    9    8    5    4    3    2    1    1    2    6   14   22   57   43
 6    8    5    4    3    2    1    3    4   12   22   49   38
 6    7    5    4    3    2    1    2    1   10   21   39   30
 7    7    6    5    4    3    2    1    1    1    1    7   16   36   24
 5    5    4    3    2    1    2    5    6   24   14
 5    5    4    3    2    1    2    1    5   17   11
 5    5    4    3    2    1    2    1    4   12   10
 4    4    3    2    1    2    3    3    7
 4    4    3    2    1    1    1    2    5
 3    4    2    1    1    3    2
 3    4    2    1    1    3    2
 3    4    2    1    1    3    2
 2    2    1    2    2
 2    2    1    2    2
 2    2    1    1    2
