# n  list(x)  list(y)
11   14   13   12   11   10    9    8    7    6    5    4    3    4   25  108  222  426  786  459  330  133    4
11   14   13   12   11   10    9    8    7    6    5    4    3    4   23  104  206  407  745  481  350  140   12
11   14   13   12   11   10    9    8    7    6    5    4    3    3   21   90  200  382  712  497  373  152   17
12   14   13   12   11   10    9    8    7    6    5    4    3    3    3   18   83  192  361  677  519  380  165   21    3
12   14   13   12   11   10    9    8    7    6    5    4    3    3    3   16   82  178  348  631  528  401  177   29    4
12   14   13   12   11   10    9    8    7    6    5    4    3    2    3   13   74  172  329  616  530  402  186   40    8
12   14   13   12   11   10    9    8    7    6    5    4    3    1    4   12   63  164  316  599  533  396  204   46   12
13   14   13   12   11   10    9    8    7    6    5    4    3    2    1    3   13   58  156  294  565  555  401  208   54   16    1
13   14   13   12   11   10    9    8    7    6    5    4    3    2    1    3   12   56  142  276  547  548  405  226   65   17    2
13   14   13   12   11   10    9    8    7    6    5    4    3    2    1    3   10   52  135  252  533  540  409  244   74   19    3
13   14   13   12   11   10    9    8    7    6    5    4    3    2    1    3    7   46  123  236  514  528  431  254   83   21    3
13   14   13   12   11   10    9    8    7    6    5    4    3    2    1    3    7   44  117  218  500  508  438  269   91   24    5
13   14   13   12   11   10    9    8    7    6    5    4    3    2    1    3    5   43  105  203  478  496  451  286   97   27    5
13   14   13   12   11   10    9    8    7    6    5    4    3    2    1    3    5   37  103  184  460  487  448  294  120   27    6
13   14   13   12   11   10    9    8    7    6    5    4    3    2    1    2    5   32   91  189  435  486  445  293  133   32    6
12   13   12   11   10    9    8    7    6    5    4    3    2    1    6   25   83  175  423  470  461  294  143   37    7
12   13   12   11   10    9    8    7    6    5    4    3    2    1    5   22   77  159  411  448  469  312  151   38    7
12   13   12   11   10    9    8    7    6    5    4    3    2    1    5   20   71  150  384  441  467  328  150   50    8
13   13   12   11   10    9    8    7    6    5    4    3    2    1    1    4   19   58  140  364  429  469  340  160   56    9    1
12   13   12   11   10    9    8    7    6    5    4    3    2    1    3   17   52  129  340  441  452  345  175   61    9
13   13   12   11   10    9    8    7    6    5    4    3    2    1    1    3   15   51  115  320  424  449  358  183   68   12    1
13   13   12   11   10    9    8    7    6    5    4    3    2    1    1    2   13   44  107  300  405  463  359  198   67   14    2
13   13   12   11   10    9    8    7    6    5    4    3    2    1    1    1   13   38  100  283  387  466  359  203   82   15    2
13   13   12   11   10    9    8    7    6    5    4    3    2    1    1    1    9   36   94  262  374  460  370  211   88   17    2
13   13   12   11   10    9    8    7    6    5    4    3    2    1    1    1    7   29   89  239  377  444  366  229   96   20    2
12   12   11   10    9    8    7    6    5    4    3    2    1    2    5   26   84  225  364  431  367  239  108   22    2
12   12   11   10    9    8    7    6    5    4    3    2    1    2    4   17   86  210  338  433  374  241  117   25    3
12   12   11   10    9    8    7    6    5    4    3    2    1    2    4   15   81  195  331  422  373  241  122   36    3
12   12   11   10    9    8    7    6    5    4    3    2    1    2    1   15   70  191  317  406  370  258  128   38    4
12   12   11   10    9    8    7    6    5    4    3    2    1    1    2   12   57  189  289  399  383  267  135   37    4
12   12   11   10    9    8    7    6    5    4    3    2    1    1    2   10   52  170  285  387  377  279  138   43    6
12   12   11   10    9    8    7    6    5    4    3    2    1    1    1    9   47  156  267  386  367  283  152   50    6
12   12   11   10    9    8    7    6    5    4    3    2    1    1    1    7   42  140  253  368  367  302  156   56    7
12   12   11   10    9    8    7    6    5    4    3    2    1    1    1    4   39  128  242  351  366  303  173   60    7
11   12   10    9    8    7    6    5    4    3    2    1    1    5   35  120  226  329  368  305  184   70    7
11   12   10    9    8    7    6    5    4    3    2    1    1    4   31  112  216  310  364  306  197   72   12
11   11   10    9    8    7    6    5    4    3    2    1    1    3   31   90  204  297  375  308  198   81   11
11   11   10    9    8    7    6    5    4    3    2    1    1    3   22   84  193  276  382  310  201   89   13
11   11   10    9    8    7    6    5    4    3    2    1    1    2   21   70  187  263  371  319  205   95   15
11   11   10    9    8    7    6    5    4    3    2    1    1    2   17   66  178  250  360  319  209  103   19
11   11   10    9    8    7    6    5    4    3    2    1    1    2   14   59  173  235  338  335  212  106   20
11   11   10    9    8    7    6    5    4    3    2    1    1    2   11   53  154  229  327  327  229  113   24
11   11   10    9    8    7    6    5    4    3    2    1    1    2   11   48  139  207  317  334  241  120   25
10   10    9    8    7    6    5    4    3    2    1    3    7   40  125  200  301  344  241  131   28
10   10    9    8    7    6    5    4    3    2    1    3    6   30  113  191  293  333  257  138   31
10   10    9    8    7    6    5    4    3    2    1    1    7   29  101  174  290  329  261  141   37
10   10    9    8    7    6    5    4    3    2    1    1    4   27   93  160  276  334  262  145   43
10   10    9    8    7    6    5    4    3    2    1    1    2   22   83  155  265  328  258  159   46
 9    9    8    7    6    5    4    3    2    1    3   19   77  143  252  319  258  166   52
 9    9    8    7    6    5    4    3    2    1    3   19   65  134  245  307  263  170   56
 9    9    8    7    6    5    4    3    2    1    1   15   65  124  220  305  256  189   62
 9    9    8    7    6    5    4    3    2    1    1   13   52  110  218  295  253  187   68
 8    8    7    6    5    4    3    2    1    6   51   98  208  293  249  188   74
 8    8    7    6    5    4    3    2    1    4   43   92  196  288  243  193   78
 8    8    7    6    5    4    3    2    1    3   37   80  179  278  255  194   85
 8    8    7    6    5    4    3    2    1    2   33   69  164  276  253  194   96
 8    8    7    6    5    4    3    2    1    1   31   57  164  256  257  196   98
 8    8    7    6    5    4    3    2    1    1   26   51  160  236  256  198  106
 7    7    6    5    4    3    2    1   22   51  137  229  260  199  109
 7    7    6    5    4    3    2    1   14   50  136  205  264  202  110
 7    7    6    5    4    3    2    1   12   40  118  207  250  209  108
 7    7    6    5    4    3    2    1    7   40   92  210  251  207  108
 7    7    6    5    4    3    2    1    5   36   80  198  246  211  115
 7    7    6    5    4    3    2    1    4   27   62  176  218  184  106
 7    7    6    5    4    3    2    1    3   24   54  165  211  178  110
 6    6    5    4    3    2    1    9   24   70  103   90   59
 6    6    5    4    3    2    1    7   24   63  105   86   61
 7    7    6    5    4    3    2    1    1    5   19   44   79   69   31
 7    7    6    5    4    3    2    1    1    3   18   41   72   71   33
 7    7    6    5    4    3    2    1    1    2   16   33   65   64   36
 7    7    6    5    4    3    2    1    1    2   14   28   49   56   38
 6    6    5    4    3    2    1    2    9   27   50   52   37
 6    6    5    4    3    2    1    1    7   20   28   40   19
 5    5    4    3    2    1    5   19   23   43   16
 5    5    4    3    2    1    5   19   18   35   15
 5    5    4    3    2    1    1    6   13   17   14
 4    4    3    2    1    6   11   15   11
 4    4    3    2    1    6   10   15   10
 5    5    4    3    2    1    3    5    7   14    6
 5    5    4    3    2    1    1    6    6   14    7
 5    5    4    3    2    1    1    6    6    9    7
 5    5    4    3    2    1    1    6    6    9    7
 4    4    3    2    1    4    7    3    5
 4    4    3    2    1    4    7    3    5
 4    4    3    2    1    4    6    4    4
 4    4    3    2    1    4    6    4    4
 4    4    3    2    1    4    6    4    4
 4    4    3    2    1    4    6    4    4
 4    4    3    2    1    4    6    4    4
 4    4    3    2    1    3    7    2    5
 4    4    3    2    1    3    3    2    3
 4    4    3    2    1    3    3    2    3
 4    4    3    2    1    3    3    2    3
 4    4    3    2    1    1    4    1    2
 3    3    2    1    2    3    2
 2    2    1    1    2
