# n  list(x)  list(y)
18    4    5    6    7    8    9   10   11   12   13   14   15   16   17   18   19   20   21    4  126  715  546  343  281  153  115   80   48   33   17   18    6    6    6    2    1
18    4    5    6    7    8    9   10   11   12   13   14   15   16   17   18   19   20   21   11  166  691  537  333  265  157  111   76   45   30   15   17    8    5    6    1    1
18    4    5    6    7    8    9   10   11   12   13   14   15   16   17   18   19   20   21   21  195  682  520  330  245  153  112   70   44   31   14   14    7    4    6    1    1
17    4    5    6    7    8    9   10   11   12   13   14   15   16   17   18   19   20   36  220  678  493  334  237  134  111   70   39   28   18   11    6    4    4    2
18    3    4    5    6    7    8    9   10   11   12   13   14   15   16   17   18   19   20    1   44  246  668  495  315  227  124  109   63   40   27   16    9    7    4    3    2
18    3    4    5    6    7    8    9   10   11   12   13   14   15   16   17   18   19   20    1   53  276  650  479  316  212  121  106   61   36   26   13   10    8    2    3    2
18    3    4    5    6    7    8    9   10   11   12   13   14   15   16   17   18   19   20    3   72  289  636  464  318  194  121   99   59   34   25   14   10    5    3    2    2
18    3    4    5    6    7    8    9   10   11   12   13   14   15   16   17   18   19   20    3   85  324  606  467  301  182  113  101   54   30   25   12   11    4    4    1    2
18    3    4    5    6    7    8    9   10   11   12   13   14   15   16   17   18   19   20    7   93  354  592  452  285  184  110   92   52   28   19   13   10    4    2    2    1
17    3    4    5    6    7    8    9   10   11   12   13   14   15   16   17   18   19   11  106  370  576  445  278  171  110   84   52   24   19   11   11    2    3    2
17    3    4    5    6    7    8    9   10   11   12   13   14   15   16   17   18   19   17  118  383  563  443  256  169  104   84   43   27   14   14    8    3    2    2
18    2    3    4    5    6    7    8    9   10   11   12   13   14   15   16   17   18   19    1   18  137  392  548  429  256  157   99   87   40   19   14   13    8    3    2    2
18    2    3    4    5    6    7    8    9   10   11   12   13   14   15   16   17   18   19    1   25  152  399  540  413  247  149   96   82   37   20   16    8    8    4    1    2
18    1    3    4    5    6    7    8    9   10   11   12   13   14   15   16   17   18   19    1   32  161  407  528  405  237  142  100   69   36   19   20    4    8    4    1    1
18    2    3    4    5    6    7    8    9   10   11   12   13   14   15   16   17   18   19    1   34  175  415  523  386  224  139  102   62   36   17   18    4    8    4    1    1
18    2    3    4    5    6    7    8    9   10   11   12   13   14   15   16   17   18   19    1   38  188  417  517  372  218  134   97   62   29   17   19    3    7    4    1    1
18    2    3    4    5    6    7    8    9   10   11   12   13   14   15   16   17   18   19    1   46  207  426  497  350  217  131   87   61   28   16   17    6    5    3    1    1
17    2    3    4    5    6    7    8    9   10   11   12   13   14   15   16   17   18    4   53  227  438  471  338  211  121   86   51   28   17   15    6    6    2    1
17    2    3    4    5    6    7    8    9   10   11   12   13   14   15   16   17   18    6   59  239  443  466  328  191  119   81   46   30   13   14    6    6    2    1
17    2    3    4    5    6    7    8    9   10   11   12   13   14   15   16   17   18   10   65  246  447  454  304  193  117   77   42   30   13   12    6    6    2    1
18    1    2    3    4    5    6    7    8    9   10   11   12   13   14   15   16   17   18    3   13   68  258  449  446  288  187  108   74   39   28   15   10    8    3    2    1
18    1    2    3    4    5    6    7    8    9   10   11   12   13   14   15   16   17   18    3   18   77  263  443  447  269  181  104   74   33   28   14    9    7    2    2    1
17    1    2    3    4    5    6    7    8    9   10   11   12   13   14   15   16   17    4   23   81  274  443  437  260  169  103   64   34   26   13   10    4    3    2
17    1    2    3    4    5    6    7    8    9   10   11   12   13   14   15   16   17    5   25   87  293  435  414  255  161   99   61   36   24   11   12    2    2    2
17    1    2    3    4    5    6    7    8    9   10   11   12   13   14   15   16   17    5   26  100  298  434  403  245  154   87   61   37   21   11   11    3    1    2
17    1    2    3    4    5    6    7    8    9   10   11   12   13   14   15   16   17    6   26  115  310  420  399  235  144   81   66   29   18   15    6    1    1    2
17    1    2    3    4    5    6    7    8    9   10   11   12   13   14   15   16   17    9   31  121  327  406  383  224  145   75   59   32   14   14    5    2    1    1
17    1    2    3    4    5    6    7    8    9   10   11   12   13   14   15   16   17    8   40  138  320  402  373  209  141   75   53   29   14   13    6    1    1    1
16    1    2    3    4    5    6    7    8    9   10   11   12   13   14   15   16    9   49  143  335  404  345  199  136   70   47   28   14   14    3    1    2
15    1    2    3    4    5    6    7    8    9   10   11   12   13   14   16    9   47  155  344  400  334  191  125   67   46   23   17   11    3    2
15    1    2    3    4    5    6    7    8    9   10   11   12   13   14   16   11   53  173  335  403  311  182  123   59   46   22   15   12    2    2
15    1    2    3    4    5    6    7    8    9   10   11   12   13   14   15   14   62  178  339  399  291  176  117   60   41   17   16   11    2    1
15    1    2    3    4    5    6    7    8    9   10   11   12   13   14   15   16   65  189  351  394  268  171  104   59   38   18   13   10    2    1
14    1    2    3    4    5    6    7    8    9   10   11   12   13   14   18   70  204  352  382  252  167   99   56   34   17   13    8    2
14    1    2    3    4    5    6    7    8    9   10   11   12   13   14   23   70  211  347  375  246  158   95   51   33   15   14    7    2
14    1    2    3    4    5    6    7    8    9   10   11   12   13   14   24   74  209  360  358  240  151   95   45   31   15   11    6    2
14    1    2    3    4    5    6    7    8    9   10   11   12   13   14   24   80  217  366  346  228  142   93   40   28   14   13    5    1
14    1    2    3    4    5    6    7    8    9   10   11   12   13   14   27   87  235  354  347  206  134   84   39   27   15   13    3    1
14    1    2    3    4    5    6    7    8    9   10   11   12   13   14   30   97  236  368  338  181  134   76   36   21   17    9    3    1
13    1    2    3    4    5    6    7    8    9   10   11   12   13   31  101  254  357  325  172  128   72   35   18   18    8    3
13    1    2    3    4    5    6    7    8    9   10   11   12   13   33  107  263  347  313  166  124   68   33   19   15    4    3
13    1    2    3    4    5    6    7    8    9   10   11   12   13   38  117  268  334  299  167  113   64   33   17   14    3    3
13    1    2    3    4    5    6    7    8    9   10   11   12   13   42  122  269  339  275  166  110   55   33   22    7    4    2
13    1    2    3    4    5    6    7    8    9   10   11   12   13   41  125  276  328  274  157  107   47   35   16    7    4    2
13    1    2    3    4    5    6    7    8    9   10   11   12   13   41  127  286  320  264  148  102   46   33   13    6    3    2
13    1    2    3    4    5    6    7    8    9   10   11   12   13   42  139  289  309  246  150   97   45   27   10    6    4    1
13    1    2    3    4    5    6    7    8    9   10   11   12   13   49  145  300  292  230  151   87   46   20   10    7    2    1
13    1    2    3    4    5    6    7    8    9   10   11   12   13   53  154  302  289  222  131   88   38   17   11    5    2    1
13    1    2    3    4    5    6    7    8    9   10   11   12   13   57  159  307  283  214  120   84   32   16    8    5    2    1
13    1    2    3    4    5    6    7    8    9   10   11   12   13   60  163  309  273  206  116   77   27   19    5    4    1    1
13    1    2    3    4    5    6    7    8    9   10   11   12   13   64  170  304  262  203  108   70   23   20    4    4    1    1
13    1    2    3    4    5    6    7    8    9   10   11   12   13   71  177  296  268  183  102   64   20   20    3    3    1    1
13    1    2    3    4    5    6    7    8    9   10   11   12   13   75  180  298  259  170   99   59   18   17    4    2    1    1
13    1    2    3    4    5    6    7    8    9   10   11   12   13   82  178  302  258  152   94   51   15   16    3    2    1    1
13    1    2    3    4    5    6    7    8    9   10   11   12   13   84  189  291  245  146   92   44   14   16    2    2    1    1
13    1    2    3    4    5    6    7    8    9   10   11   12   13   84  193  278  243  145   81   45    9   13    2    2    1    1
13    1    2    3    4    5    6    7    8    9   10   11   12   13   91  201  269  232  140   75   37    9   12    1    2    1    1
12    1    2    3    4    5    6    7    8    9   10   11   13  100  202  266  229  127   71   29    9    8    1    3    1
12    1    2    3    4    5    6    7    8    9   10   11   12  103  196  275  223  118   61   23    7    6    1    3    1
11    1    2    3    4    5    6    7    8    9   10   12  108  202  261  219  109   53   22    6    6    4    1
11    1    2    3    4    5    6    7    8    9   10   11  111  208  257  204  100   51   17    5    6    4    1
10    1    2    3    4    5    6    7    8    9   10  115  206  260  190   99   38   14    5    6    4
10    1    2    3    4    5    6    7    8    9   10  120  214  244  187   89   31   13    4    6    3
10    1    2    3    4    5    6    7    8    9   10  125  212  231  179   84   31   10    2    4    3
10    1    2    3    4    5    6    7    8    9   10  124  208  220  172   78   30    5    3    3    3
10    1    2    3    4    5    6    7    8    9   10  126  205  222  154   70   24    6    3    2    3
10    1    2    3    4    5    6    7    8    9   10  134  205  211  146   57   23    6    3    2    3
10    1    2    3    4    5    6    7    8    9   10  141  202  204  132   52   21    3    3    2    3
10    1    2    3    4    5    6    7    8    9   10  145  208  182  131   41   18    5    2    1    3
10    1    2    3    4    5    6    7    8    9   10  141  199  180  113   34   19    4    1    1    3
10    1    2    3    4    5    6    7    8    9   10  140  187  174   96   24   20    3    1    3    1
 9    1    2    3    4    5    6    7    8    9  125  177  147   84   22   15    2    1    4
 9    1    2    3    4    5    6    7    8    9  120  169  135   78   19   14    2    1    4
 9    1    2    3    4    5    6    7    8    9  115  167  119   74   19   11    2    2    3
 9    1    2    3    4    5    6    7    8    9  115  153  111   66   15   11    2    2    1
 8    1    2    3    4    5    6    8    9  102  145   95   55   12   11    2    1
 7    1    2    3    4    5    6    8   87  139   87   44   12    7    3
 7    1    2    3    4    5    6    8   82  122   84   39    8    7    3
 7    1    2    3    4    5    6    8   68   93   67   30    9    5    2
 7    1    2    3    4    5    6    8   46   60   41   18    5    3    1
 7    1    2    3    4    5    6    7   36   45   32   12    5    2    1
 7    1    2    3    4    5    6    7   27   30   24   10    2    2    1
 6    1    2    3    4    5    6   14   25   13    5    3    1
 6    1    2    3    4    5    7   15   12   15    5    3    1
 6    1    2    3    4    5    7   14   14   12    4    3    1
 6    1    2    3    4    5    7   12   14   11    2    2    1
 6    1    2    3    4    5    6   14   10    8    2    2    1
 5    1    2    3    4    5   12   10    9    1    3
 4    1    2    3    5    6    7    4    2
 4    1    2    3    4    5    5    3    1
 4    1    2    3    4    7    2    3    1
 4    1    2    3    4    7    2    3    1
 4    1    2    3    4    5    2    5    1
 4    1    2    3    4    5    1    1    1
 4    1    2    3    4    5    1    1    1
 3    1    2    3    3    3    1
 2    1    2    2    2
 2    1    2    2    2
 2    1    2    2    2
 2    1    2    2    1
