# n  list(x)  list(y)
13    4    5    6    7    8    9   10   11   12   13   14   15   17    4   97  468  587  539  382  201  118   58   29   10    5    2
14    4    5    6    7    8    9   10   11   12   13   14   15   16   17    9  122  472  585  520  369  193  112   48   30    8    5    1    1
15    3    4    5    6    7    8    9   10   11   12   13   14   15   16   17    1   13  148  478  585  495  350  184  107   49   25   10    3    1    1
15    3    4    5    6    7    8    9   10   11   12   13   14   15   16   17    2   22  157  491  574  493  329  169  107   48   21    7    3    1    1
15    3    4    5    6    7    8    9   10   11   12   13   14   15   16   17    6   29  176  495  550  489  317  162  101   43   21    7    2    1    1
14    3    4    5    6    7    8    9   10   11   12   13   14   15   17    7   38  195  496  542  463  309  166   89   43   19    5    2    1
13    3    4    5    6    7    8    9   10   11   12   13   14   15   11   44  214  493  535  445  296  159   86   45   14    6    2
13    3    4    5    6    7    8    9   10   11   12   13   14   15   16   49  228  494  542  412  286  159   77   42   13    5    2
14    2    3    4    5    6    7    8    9   10   11   12   13   14   15    2   16   58  252  490  520  411  271  151   70   42   10    6    1
15    1    2    3    4    5    6    7    8    9   10   11   12   13   14   15    1    2   16   74  261  493  508  394  264  145   62   40    9    5    1
14    1    2    3    4    5    6    7    8    9   10   11   12   13   14    1    4   17   86  277  487  504  382  249  131   63   34    9    6
14    1    2    3    4    5    6    7    8    9   10   11   12   13   14    1    6   22   94  286  485  496  376  231  121   61   31    9    6
14    1    2    3    4    5    6    7    8    9   10   11   12   13   14    1    7   26  108  298  487  484  361  214  119   55   25   10    5
14    1    2    3    4    5    6    7    8    9   10   11   12   13   14    1    7   30  115  316  490  473  335  209  110   52   25    7    5
14    1    2    3    4    5    6    7    8    9   10   11   12   13   14    2    8   35  129  315  493  466  318  198  108   42   24    8    4
14    1    2    3    4    5    6    7    8    9   10   11   12   13   14    2    8   40  141  324  489  451  309  192  101   35   23    6    4
14    1    2    3    4    5    6    7    8    9   10   11   12   13   14    2    8   48  149  335  493  434  285  184   96   35   23    6    2
14    1    2    3    4    5    6    7    8    9   10   11   12   13   14    2   10   53  159  353  488  420  275  168   90   30   21    4    2
14    1    2    3    4    5    6    7    8    9   10   11   12   13   14    2   12   55  181  360  496  390  261  155   87   30   15    4    2
14    1    2    3    4    5    6    7    8    9   10   11   12   13   14    1   13   58  199  363  488  381  247  147   89   22   13    2    2
14    1    2    3    4    5    6    7    8    9   10   11   12   13   14    1   15   63  218  379  472  358  240  140   78   21   11    2    2
14    1    2    3    4    5    6    7    8    9   10   11   12   13   14    2   14   76  216  393  468  336  235  131   73   17   11    1    2
14    1    2    3    4    5    6    7    8    9   10   11   12   13   14    4   16   80  223  409  451  323  227  128   61   16    9    2    1
14    1    2    3    4    5    6    7    8    9   10   11   12   13   14    4   20   90  240  395  450  309  222  112   57   15    9    1    1
13    1    2    3    4    5    6    7    8    9   10   11   12   14    4   27   98  256  405  424  302  199  105   57   14    8    1
13    1    2    3    4    5    6    7    8    9   10   11   12   14    3   31  107  267  402  419  288  185   98   54   12    7    1
13    1    2    3    4    5    6    7    8    9   10   11   12   14    4   35  120  266  395  415  276  176   93   52   10    6    1
13    1    2    3    4    5    6    7    8    9   10   11   12   13    4   40  123  278  384  412  263  176   85   43   10    5    1
13    1    2    3    4    5    6    7    8    9   10   11   12   13    5   41  134  279  384  407  253  168   75   39    8    5    1
12    1    2    3    4    5    6    7    8    9   10   11   12    6   45  139  289  384  399  243  152   68   37    6    6
12    1    2    3    4    5    6    7    8    9   10   11   12    6   53  142  287  387  390  234  146   57   37    4    6
12    1    2    3    4    5    6    7    8    9   10   11   12    6   55  153  287  390  374  226  141   55   28    4    5
12    1    2    3    4    5    6    7    8    9   10   11   12    9   55  160  290  391  372  209  126   51   28    2    5
12    1    2    3    4    5    6    7    8    9   10   11   12   10   61  176  290  385  353  214  106   48   25    1    4
12    1    2    3    4    5    6    7    8    9   10   11   12    9   63  182  295  384  345  206   95   44   21    1    3
12    1    2    3    4    5    6    7    8    9   10   11   12   11   70  186  309  371  330  195   86   42   19    1    3
12    1    2    3    4    5    6    7    8    9   10   11   12   13   73  197  310  380  304  181   85   36   15    1    3
12    1    2    3    4    5    6    7    8    9   10   11   12   15   75  212  304  384  284  174   77   32   13    1    2
12    1    2    3    4    5    6    7    8    9   10   11   12   19   76  213  305  383  274  157   78   29   11    1    2
12    1    2    3    4    5    6    7    8    9   10   11   12   23   85  214  299  380  259  149   72   29   10    1    2
12    1    2    3    4    5    6    7    8    9   10   11   12   23   94  217  303  376  240  143   65   24    9    1    2
12    1    2    3    4    5    6    7    8    9   10   11   12   28   95  221  309  363  229  138   57   22    7    2    1
12    1    2    3    4    5    6    7    8    9   10   11   12   30  100  230  317  334  220  133   57   15    7    2    1
12    1    2    3    4    5    6    7    8    9   10   11   12   33  105  226  322  318  226  121   46   12    7    2    1
12    1    2    3    4    5    6    7    8    9   10   11   12   37  114  227  318  310  212  115   42    9    7    2    1
12    1    2    3    4    5    6    7    8    9   10   11   12   38  126  234  308  306  193  107   38    8    7    1    1
12    1    2    3    4    5    6    7    8    9   10   11   12   40  127  243  314  290  180  100   31    8    6    1    1
11    1    2    3    4    5    6    7    8    9   10   11   42  133  263  308  264  170   92   29    7    5    2
11    1    2    3    4    5    6    7    8    9   10   11   46  142  280  281  265  160   78   27    6    4    1
11    1    2    3    4    5    6    7    8    9   10   11   47  153  279  279  254  146   70   26    7    2    1
11    1    2    3    4    5    6    7    8    9   10   11   48  158  279  272  245  140   63   25    6    2    1
11    1    2    3    4    5    6    7    8    9   10   11   49  161  284  265  235  136   52   22    5    1    1
11    1    2    3    4    5    6    7    8    9   10   11   58  168  283  267  212  124   46   21    4    1    1
10    1    2    3    4    5    6    7    8    9   10   57  178  294  257  193  112   45   18    5    1
10    1    2    3    4    5    6    7    8    9   10   56  184  283  256  182  107   41   18    4    1
10    1    2    3    4    5    6    7    8    9   10   65  188  272  253  175  105   28   18    2    1
10    1    2    3    4    5    6    7    8    9   10   71  186  274  255  154   95   27   15    2    1
 9    1    2    3    4    5    6    7    8    9   74  197  276  241  142   83   25   14    3
 9    1    2    3    4    5    6    7    8    9   81  202  266  228  133   79   22   14    2
 9    1    2    3    4    5    6    7    8    9   84  210  247  223  132   72   19   12    2
 9    1    2    3    4    5    6    7    8    9  101  208  243  204  136   56   20    6    2
 9    1    2    3    4    5    6    7    8    9  107  210  237  188  131   49   21    5    2
 9    1    2    3    4    5    6    7    8    9  109  212  232  191  114   40   17    4    2
 9    1    2    3    4    5    6    7    8    9  112  215  224  179  105   35   16    3    1
 8    1    2    3    4    5    6    7    8  120  217  214  168   92   35   14    2
 8    1    2    3    4    5    6    7    8  121  218  210  143   89   30   12    2
 8    1    2    3    4    5    6    7    8  124  214  196  138   81   29    9    1
 7    1    2    3    4    5    6    7  125  208  194  130   67   27    6
 7    1    2    3    4    5    6    7  121  216  190  115   62   22    5
 7    1    2    3    4    5    6    7  120  211  186  115   56   15    4
 7    1    2    3    4    5    6    7  109  199  160  109   43   10    4
 7    1    2    3    4    5    6    7   93  160  131   86   34    7    4
 7    1    2    3    4    5    6    7   76  131  108   68   27    4    3
 7    1    2    3    4    5    6    7   67  112   98   58   24    2    3
 7    1    2    3    4    5    6    7   66  104   89   50   18    2    3
 7    1    2    3    4    5    6    7   69  104   80   44   16    2    3
 7    1    2    3    4    5    6    7   36   58   46   20    5    2    1
 7    1    2    3    4    5    6    7   34   54   43   18    4    2    1
 7    1    2    3    4    5    6    7   27   42   30   14    2    1    1
 7    1    2    3    4    5    6    7   25   36   27   12    1    1    1
 7    1    2    3    4    5    6    7   23   35   25   12    1    1    1
 7    1    2    3    4    5    6    7   22   27   22    7    1    1    1
 6    1    2    3    4    5    6   18   30   17    7    1    1
 4    1    2    3    4    9   15   11    3
 6    1    2    3    4    5    6   11   11    8    2    1    1
 6    1    2    3    4    5    6    9   11    6    2    1    1
 6    1    2    3    4    5    6    9    5    4    2    1    1
 6    1    2    3    4    5    6    9    5    4    2    1    1
 6    1    2    3    4    5    6    8    3    3    2    1    1
 6    1    2    3    4    5    6    8    3    3    2    1    1
 5    1    2    3    4    5    7    2    3    2    2
 5    1    2    3    4    5    6    2    3    2    1
 5    1    2    3    4    5    6    2    3    2    1
 5    1    2    3    4    5    5    3    2    1    1
 4    1    2    3    4    5    1    1    2
 2    1    2    2    3
 2    1    2    2    2
 2    1    2    2    1
 2    1    2    2    1
 2    1    2    2    1
