#n_nodes  m_edges  aspl  diameter  acluster  assort    n_conn  n_comp  o_largestc
2500  9900   4.44883041216   7  0.101075160663   0.0161715213078  4   1  2500
2475  9497   4.53441153655   7 0.0998286943135   0.0262922058123  4   1  2475
2450  9153   4.59845401288   7 0.0979864058844   0.0492485798153  4   1  2450
2425  8831   4.66580075533   8  0.096831258089   0.0496450802864  3   1  2425
2400  8531   4.72634604696   8 0.0954408670034   0.0515623794034  3   1  2400
2375  8249   4.78953256773   8  0.094116108453   0.0561974421143  3   1  2375
2350  7974   4.85181453403   8 0.0923131620153   0.0577607315512  3   1  2350
2325  7702   4.91153702367   8 0.0910138248848   0.0546321839592  2   1  2325
2300  7452   4.97274504983   8  0.089751552795   0.0684197777415  2   1  2300
2275  7202    5.0360613529   8 0.0878199895343   0.0661637587344  2   1  2275
2250  6960    5.0985370288   8 0.0865675485009   0.0572855940514  2   1  2250
2225  6735   5.16211947296   8 0.0855377207063   0.0789282538221  2   1  2225
2200  6510    5.2271764025   9 0.0832694805195   0.0830096883858  2   1  2200
2175  6285    5.3079448868   9 0.0822926473271   0.0678491552105  2   1  2175
2150  6068   5.37838172433   9 0.0803111849391   0.0599389880483  2   1  2150
2125  5868   5.44911000332   9 0.0788683473389   0.0726109955906  1   1  2125
2100  5668   5.53018852515   9  0.077858276644   0.0824652521202  1   1  2100
2075  5468   5.62260227022   9 0.0764853700516   0.0804453724532  1   1  2075
2050  5268   5.71954766751  10 0.0743925667828   0.0797995470209  1   1  2050
2025  5068   5.81912262724  10 0.0729994121105   0.0551340588673  1   1  2025
2000  4891    5.9101905953  10 0.0716904761905   0.0683784097537  1   1  2000
1975  4716   6.01110384364  11 0.0709608197709   0.0712093009234  1   1  1975
1950  4541   6.11950112484  11 0.0692844932845   0.0712406661212  1   1  1950
1925  4366   6.25209223209  11 0.0682399505257    0.075165730975  1   1  1925
1900  4191   6.37210055154  12 0.0655714285714    0.069394332509  1   1  1900
1875  4016    6.4958411953  12 0.0636444444444   0.0265251167042  1   1  1875
1850  3866    6.6220922924  13 0.0627027027027    0.046529205687  1   1  1850
1825  3716   6.76583694264  13 0.0616017553483   0.0723082974311  1   3  1823
1800  3566   6.93852411778  13 0.0612873307364   0.0671557831815  1   4  1797
1775  3416   7.12594687676  14 0.0601392024078   0.0689759326204  1   4  1772
1750  3266   7.32614007801  14 0.0592889908257   0.0630459856325  1   7  1744
1725  3116   7.55501819442  14 0.0562863795111   0.0585139616814  1   8  1718
1700  2978   7.75771253905  18 0.0533569600315   0.0298809603323  1   8  1693
1675  2853   7.94393705019  19 0.0531726907631   0.0645308123663  1  16  1660
1650  2728   8.19682454527  19 0.0487949346405   0.0894670879877  1  19  1632
1625  2603   8.53156539959  19 0.0483146067416    0.104043434499  1  24  1602
1600  2478   8.85239228533  21 0.0436028007638    0.122508895558  1  29  1571
1575  2353   9.21408766444  21  0.040038935756    0.121479153547  1  33  1541
1550  2228   9.73083781298  24 0.0373157315732    0.133386709583  1  34  1515
1525  2103   10.1954678145  24 0.0354998871587   0.0877855849636  1  41  1477
1500  1978   10.7403601278  24  0.031652854512  -0.0178927665865  1  45  1448
1475  1878   11.1999492479  24 0.0294953802416  0.00462686117871  1  56  1407
1450  1778   11.9426626796  28 0.0276559454191    0.023147331491  1  65  1368
1425  1678   12.7539336947  28 0.0267879706849   0.0447060533098  1  85  1319
1400  1578   13.9215874451  36 0.0261848651479   0.0484061393152  1  98  1273
1375  1478   14.9576423287  43 0.0267058165548   0.0686326802749  1 121  1192
1350  1378   16.4996134516  47 0.0184513006655    0.108230374454  1 143  1102
1325  1278   18.8014101667  54 0.0176314038589   0.0539534547557  1 164  1002
1300  1178   23.1282519331  57 0.0143329658214   -0.110079720432  1 183   907
1275  1102   24.0147765586  68 0.0163863734368   -0.115968773177  1 218   773
1250  1027   31.8505736715  94 0.0127314814815   -0.109082673599  1 254   576
1225   952   24.4733955512  64 0.0149700598802   -0.107813129279  1 297   334
1200   877   24.8478888087  71 0.0148698884758   -0.141629658235  1 341   269
1175   802    11.161971831  30             0.0   -0.301587301587  1 386    72
1150   727   8.56614246068  20             0.0   -0.230952380952  1 431    47
1125   652   6.84871794872  16             0.0    -0.12676056338  1 479    40
1100   577             4.0  10             0.0   -0.111111111111  1 526    11
1075   523             4.0  10             0.0   -0.111111111111  1 554    11
1050   473             4.0  10             0.0   -0.111111111111  1 578    11
1025   423             4.0  10             0.0   -0.111111111111  1 602    11
1000   373             4.0  10             0.0   -0.111111111111  1 627    11
 975   323   3.33333333333   8             0.0   -0.142857142857  1 652     9
 950   273   3.33333333333   8             0.0   -0.142857142857  1 677     9
 925   223   3.33333333333   8             0.0   -0.142857142857  1 702     9
 900   184             1.0   1             0.0                na  1 716     2
 875   159             1.0   1             0.0                na  1 716     2
 850   134             1.0   1             0.0                na  1 716     2
 825   109             1.0   1             0.0                na  1 716     2
 800    84             1.0   1             0.0                na  1 716     2
 775    59             1.0   1             0.0                na  1 716     2
 750    34             1.0   1             0.0                na  1 716     2
 725     9             1.0   1             0.0                na  1 716     2
 700     0               0   0             0.0                na  0 700     1
 675     0               0   0             0.0                na  0 675     1
 650     0               0   0             0.0                na  0 650     1
 625     0               0   0             0.0                na  0 625     1
 600     0               0   0             0.0                na  0 600     1
 575     0               0   0             0.0                na  0 575     1
 550     0               0   0             0.0                na  0 550     1
 525     0               0   0             0.0                na  0 525     1
 500     0               0   0             0.0                na  0 500     1
 475     0               0   0             0.0                na  0 475     1
 450     0               0   0             0.0                na  0 450     1
 425     0               0   0             0.0                na  0 425     1
 400     0               0   0             0.0                na  0 400     1
 375     0               0   0             0.0                na  0 375     1
 350     0               0   0             0.0                na  0 350     1
 325     0               0   0             0.0                na  0 325     1
 300     0               0   0             0.0                na  0 300     1
 275     0               0   0             0.0                na  0 275     1
 250     0               0   0             0.0                na  0 250     1
 225     0               0   0             0.0                na  0 225     1
 200     0               0   0             0.0                na  0 200     1
 175     0               0   0             0.0                na  0 175     1
 150     0               0   0             0.0                na  0 150     1
 125     0               0   0             0.0                na  0 125     1
 100     0               0   0             0.0                na  0 100     1
  75     0               0   0             0.0                na  0  75     1
  50     0               0   0             0.0                na  0  50     1
  25     0               0   0             0.0                na  0  25     1
   1     0               0   0             0.0                na  0   1     1
