# n  list(x)  list(y)
42   56   55   48   46   45   42   41   39   37   36   35   34   33   32   31   30   29   28   27   26   25   24   23   22   21   20   19   18   17   16   15   14   13   12   11   10    9    8    7    6    5    4    1    1    1    1    1    1    3    2    2    2    1    1    2    1    1    3    5    4    5    2    8    6    6    7    7    5   20    9   11   16   28   26   38   39   40   86  117  169  342 1320  156    4
43   55   53   48   45   44   42   41   40   39   38   37   36   35   34   33   31   30   29   28   27   26   25   24   23   22   21   20   19   18   17   16   15   14   13   12   11   10    9    8    7    6    5    4    1    1    1    1    1    1    2    1    1    1    1    1    2    1    2    2    1    6    5    4    1    5    7    9    7    5    7   19    9   12   12   29   22   38   40   36   84  108  162  333 1242  243    9
42   54   53   47   45   44   42   41   40   39   38   37   35   34   33   32   31   29   28   27   26   25   24   23   22   21   20   19   18   17   16   15   14   13   12   11   10    9    8    7    6    5    4    1    1    1    1    1    1    2    1    1    1    1    1    3    1    1    2    5    5    3    4    2    9    6    9    6    5   17   11    9   15   28   20   36   39   42   77  104  155  322 1179  307   15
40   53   45   42   41   40   39   38   36   35   34   33   32   31   29   28   27   26   25   24   23   22   21   20   19   18   17   16   15   14   13   12   11   10    9    8    7    6    5    4    3    2    1    1    2    2    1    1    1    1    3    1    1    2    2    6    1    7    3    8    3   11    6    4   16   12    9   15   28   21   32   41   40   72   99  158  300 1115  361   34    2
38   53   45   41   40   38   37   35   34   33   32   31   29   28   27   26   25   24   23   22   21   20   19   18   17   16   15   14   13   12   11   10    9    8    7    6    5    4    3    2    1    3    1    1    1    2    1    1    2    2    1    5    2    7    2    6    4   10    8    4   13   15    7   15   21   24   30   42   42   71   90  152  288 1035  427   57    5
39   53   43   41   40   38   37   34   33   32   31   30   29   28   27   26   25   24   23   22   21   20   19   18   17   16   15   14   13   12   11   10    9    8    7    6    5    4    3    2    2    1    2    2    1    1    3    1    1    2    1    1    4    3    5    3    7    4    5   11    4   10   18    5   17   19   25   25   43   44   70   83  149  273  992  458   71    8    1
40   53   52   43   41   40   39   38   37   34   33   32   31   30   29   28   26   25   24   23   22   21   20   19   18   17   16   15   14   13   12   11   10    9    8    7    6    5    4    3    2    1    1    1    1    1    1    2    1    1    2    2    1    1    1    4    8    3    6    4    4    8    8    4   22    6   15   22   21   26   41   41   71   79  143  265  941  487   93   10    1
37   53   52   43   41   39   37   33   32   31   29   28   27   26   25   24   23   22   21   20   19   18   17   16   15   14   13   12   11   10    9    8    7    6    5    4    3    2    1    1    1    1    2    3    1    4    1    1    3    2    6    5    5    3    5    5    9    5   19   10   12   21   22   24   42   39   67   79  132  256  892  524  109   12    1
35   53   43   39   37   32   31   30   29   28   27   26   25   24   23   22   21   20   19   18   17   16   15   14   13   12   11   10    9    8    7    6    5    4    3    2    1    1    3    3    4    1    1    1    2    3    2    6    4    5    5    6    7    6   20    8   10   19   24   21   43   35   63   76  134  238  841  547  146   12    2
36   52   43   39   37   36   32   31   30   29   28   27   26   25   24   23   22   21   20   19   18   17   16   15   14   13   12   11   10    9    8    7    6    5    4    3    2    1    1    2    3    1    2    2    1    2    2    2    3    2    8    5    3    7    7    7   17    9   10   18   23   22   40   36   66   73  120  234  795  570  161   17    3
37   51   43   39   37   36   35   32   31   30   29   28   27   26   25   24   23   22   21   20   19   18   17   16   15   14   13   12   11   10    9    8    7    6    5    4    3    2    1    1    1    1    3    1    1    2    2    1    2    1    4    2    5    7    3    5    9    8   13   12    7   16   26   19   36   41   66   63  121  227  758  575  180   26    4
37   51   43   39   37   36   35   32   31   30   29   28   27   26   25   24   23   22   21   20   19   18   17   16   15   14   13   12   11   10    9    8    7    6    5    4    3    2    1    1    1    1    2    2    1    1    3    1    1    2    2    2    6    5    3    6    8    7   12   13    8   11   25   18   34   40   66   65  115  208  729  569  218   34    4
37   51   43   39   36   35   34   32   31   30   29   27   26   25   24   23   22   21   20   19   18   17   16   15   14   13   12   11   10    9    8    7    6    5    4    3    2    1    1    1    1    2    2    1    1    1    1    3    3    2    1    7    5    2    6    9    6   13   11    7   10   25   21   30   38   62   68  110  196  708  571  226   44    4    1
37   50   42   39   36   35   34   32   30   29   28   27   26   25   24   23   22   21   20   19   18   17   16   15   14   13   12   11   10    9    8    7    6    5    4    3    2    1    1    1    1    1    3    1    1    2    2    1    3    1    2    7    2    3    6    9    6   11   10    9    8   19   26   29   39   60   62   98  191  675  586  233   60    5    1
35   47   42   38   35   34   32   30   29   28   26   25   24   23   22   21   20   19   18   17   16   15   14   13   12   11   10    9    8    7    6    5    4    3    2    1    1    1    1    3    2    1    1    3    1    3    3    5    3    3    3   10    7   12    9   11    7   19   23   32   33   58   62   94  183  636  586  259   67    7    1
37   46   40   37   35   34   33   32   30   29   28   27   26   25   24   23   22   21   20   19   18   17   16   15   14   13   12   11   10    9    8    7    6    5    4    3    2    1    1    1    1    2    2    1    1    1    2    1    1    2    3    4    4    3    4    9    7   10   11   10    6   20   21   31   34   57   60   92  175  608  585  273   72    9    1
37   46   39   37   35   34   33   32   30   29   28   27   26   25   24   23   22   21   20   19   18   17   16   15   14   13   12   11   10    9    8    7    6    5    4    3    2    1    1    1    1    1    2    2    1    1    1    1    2    2    3    3    3    4    4    8    6   12   11    9    7   17   19   26   39   52   58   83  168  569  600  285   87   10    1
35   46   37   34   33   32   30   29   28   27   26   25   24   23   22   21   20   19   18   17   16   15   14   13   12   11   10    9    8    7    6    5    4    3    2    1    1    2    1    4    1    1    1    1    1    2    1    6    3    1    5    8    6   11    9   10    9   16   16   26   42   46   53   85  162  530  597  302  101   13    2
35   45   37   36   34   33   32   31   30   29   28   27   26   24   23   21   20   19   18   17   16   15   14   13   12   11   10    9    8    7    6    5    4    3    2    1    1    1    1    1    2    2    1    1    1    1    1    2    6    4    6    8    6    9    9   10    9   17   15   25   41   42   54   82  153  486  603  319  113   16    2
35   45   36   35   33   32   31   30   29   27   26   25   24   23   22   21   20   19   18   17   16   15   14   13   12   11   10    9    8    7    6    5    4    3    2    1    1    1    1    3    1    2    1    1    2    1    1    4    3    2    5    6    5    9   10   13    9   15   16   20   45   39   53   76  143  464  597  329  123   22    2
34   45   36   35   33   31   30   29   27   26   25   24   23   22   21   20   19   18   17   16   15   14   13   12   11   10    9    8    7    6    5    4    3    2    1    1    1    1    3    2    2    1    1    1    2    2    5    1    5    6    6    9    9   12   10   14   16   18   44   31   54   73  132  445  585  351  133   22    2
34   45   36   33   32   31   30   28   27   26   25   24   23   22   21   20   19   18   17   16   15   14   13   12   11   10    9    8    7    6    5    4    3    2    1    1    1    2    2    1    3    1    1    1    1    2    3    3    6    4    7    7    8   13   10   13   15   17   43   36   48   71  128  422  577  354  143   29    2
35   45   35   33   32   31   30   29   28   27   26   25   24   23   22   21   20   19   18   17   16   15   14   13   12   11   10    9    8    7    6    5    4    3    2    1    1    1    2    2    1    2    1    1    1    1    1    2    3    3    5    4    4   10    5   15   10   10   18   11   45   34   41   76  117  395  563  370  156   36    3
35   44   35   33   32   31   30   29   28   27   26   25   24   23   22   21   20   19   18   17   16   15   14   13   12   11   10    9    8    7    6    5    4    3    2    1    1    1    1    2    2    2    1    1    1    1    1    1    3    4    4    5    4    8    5   15   11   10   16   10   44   37   40   74  111  378  538  379  168   43    3
33   44   34   32   31   30   29   27   26   25   24   23   22   21   20   19   18   17   16   15   14   13   12   11   10    9    8    7    6    5    4    3    2    1    1    1    1    3    1    3    2    1    1    1    1    5    3    5    5    8    4   14   10   12   14   11   36   37   40   72  106  354  522  390  181   52    3
33   43   34   32   31   30   29   27   26   25   24   23   22   21   20   19   18   17   16   15   14   13   12   11   10    9    8    7    6    5    4    3    2    1    1    1    1    3    1    2    3    1    1    1    1    4    3    4    4    6    5   13   12   10   14   11   32   39   36   71  104  332  495  412  187   62    3
32   42   34   31   30   29   27   26   25   24   23   22   21   20   19   18   17   16   15   14   13   12   11   10    9    8    7    6    5    4    3    2    1    1    1    4    1    1    3    1    1    1    1    4    2    2    4    9    4   12   11   13    9   14   31   33   36   65  100  315  475  424  194   74    4
33   42   34   31   30   29   28   27   26   25   24   23   22   21   20   19   18   17   16   15   14   13   12   11   10    9    8    7    6    5    4    3    2    1    1    1    2    1    2    1    1    3    1    1    1    2    2    2    4    6    5   10   14   10   14   10   28   36   35   59   96  300  457  417  219   78    5
31   42   34   31   30   29   28   26   25   23   22   21   20   19   18   17   16   15   14   13   12   11   10    9    8    7    6    5    4    3    2    1    1    1    1    1    3    1    3    2    2    1    1    2    6    6    5    7   14   10   11   13   24   35   36   54   91  294  444  410  233   80    7
30   42   34   31   30   29   28   26   25   22   21   20   19   18   17   16   15   14   13   12   11   10    9    8    7    6    5    4    3    2    1    1    1    1    1    2    2    3    2    3    1    2    6    6    5    6   15    9   12   10   20   32   38   51   85  274  442  407  240   90    7
30   42   34   30   29   28   27   26   25   24   22   20   19   18   17   16   15   14   13   12   11   10    9    8    7    6    5    4    3    2    1    1    1    1    2    1    2    2    2    1    2    2    3    6    7    5   13   11   11   12   15   35   30   56   74  252  435  410  249   99    9
29   41   33   29   28   27   26   25   23   21   20   19   18   17   16   15   14   13   12   11   10    9    8    7    6    5    4    3    2    1    1    1    2    2    2    1    3    1    1    2    1    7    6    6   13    8   13   11   15   30   35   50   72  229  425  418  254  104   11
30   41   33   29   28   27   26   25   24   22   21   20   19   18   17   16   15   14   13   12   11   10    9    8    7    6    5    4    3    2    1    1    1    1    3    1    1    3    1    1    1    2    1    7    3    8   12    7   13   12   15   29   34   50   69  216  417  410  258  108   14
29   39   33   29   28   26   25   23   22   21   20   19   18   17   16   15   14   13   12   11   10    9    8    7    6    5    4    3    2    1    1    1    1    3    1    3    2    1    1    1    1    8    3    5   10   12    8   14   13   29   32   46   68  198  411  407  268  109   17
28   38   31   29   28   25   24   23   22   21   20   18   17   16   15   14   13   12   11   10    9    8    7    6    5    4    3    2    1    1    1    1    3    2    1    2    2    1    1    7    4    5    8   11   11   12   11   30   30   41   69  173  405  407  273  115   22
27   38   30   29   28   25   23   22   21   20   18   17   16   15   14   13   12   11   10    9    8    7    6    5    4    3    2    1    1    1    1    3    1    3    1    3    1    6    3    6    7   10    9   12   10   32   25   38   62  170  375  406  291  121   26
27   37   30   29   28   25   23   22   21   20   18   17   16   15   14   13   12   11   10    9    8    7    6    5    4    3    2    1    1    1    1    3    1    1    3    3    1    4    4    4    9   11    8   12   10   31   25   37   55  161  353  413  285  135   24
26   36   29   28   27   25   22   21   20   18   17   16   15   14   13   12   11   10    9    8    7    6    5    4    3    2    1    1    1    3    1    1    3    3    2    3    4    4    8   12    8   11   11   26   29   36   51  149  338  401  297  142   26
26   36   28   27   25   22   21   20   19   18   17   16   15   14   13   12   11   10    9    8    7    6    5    4    3    2    1    1    4    1    1    2    2    2    2    1    5    3   10   10    9   11    9   24   28   36   46  136  327  402  299  146   27
26   36   28   27   25   22   21   20   19   18   17   16   15   14   13   12   11   10    9    8    7    6    5    4    3    2    1    1    3    2    1    1    3    1    3    1    3    3    9   10    9   11    9   25   24   36   41  127  308  399  306  151   32
27   36   28   27   26   25   22   21   20   19   18   17   16   15   14   13   12   11   10    9    8    7    6    5    4    3    2    1    1    1    3    1    1    1    3    1    2    1    2    5    7    9    9   13    7   22   27   31   42  120  291  398  303  154   39
25   36   28   27   25   24   22   21   19   18   16   15   14   13   12   11   10    9    8    7    6    5    4    3    2    1    1    1    3    1    1    1    3    3    1    7    5    9    6   14   10   19   29   29   36  115  276  380  322  151   46
24   36   27   25   24   22   21   19   17   16   15   14   13   12   11   10    9    8    7    6    5    4    3    2    1    1    2    3    1    1    3    3    1    5    5    8    8   12   11   18   27   30   32  104  261  372  326  163   46
25   34   26   24   23   22   21   19   18   17   16   15   14   13   12   11   10    9    8    7    6    5    4    3    2    1    1    1    1    2    1    4    2    1    1    4    4    6    7   13    9   19   21   32   30   98  242  356  339  173   51
24   34   26   23   22   21   20   19   17   16   15   14   13   12   11   10    9    8    7    6    5    4    3    2    1    1    1    3    1    2    1    3    2    2    6    5    7   11   11   17   20   28   36   86  228  348  334  185   54
24   34   25   23   22   20   19   18   17   16   15   14   13   12   11   10    9    8    7    6    5    4    3    2    1    1    1    3    1    3    1    2    2    2    4    6    7   11    8   15   22   21   41   79  212  340  327  200   58
24   33   25   23   22   20   19   18   17   16   15   14   13   12   11   10    9    8    7    6    5    4    3    2    1    1    1    2    2    2    1    3    2    1    4    6    8    9    6   14   22   22   40   73  196  326  337  202   62
25   33   24   23   22   21   20   19   18   17   16   15   14   13   12   11   10    9    8    7    6    5    4    3    2    1    1    1    1    1    2    1    2    3    1    2    2    6    7   10    5   12   20   22   35   71  184  313  337  211   65
23   33   23   22   21   19   18   17   16   15   14   13   12   11   10    9    8    7    6    5    4    3    2    1    1    1    1    3    3    1    2    2    3    6    6   11    4   12   16   20   34   65  172  294  340  220   71
22   33   22   21   19   18   17   16   15   14   13   12   11   10    9    8    7    6    5    4    3    2    1    1    1    4    3    1    2    1    1    8    6    8    8    9   16   19   36   61  157  285  327  234   73
22   33   22   21   19   18   17   16   15   14   13   12   11   10    9    8    7    6    5    4    3    2    1    1    1    4    2    2    1    1    2    5    8    7    9    7   16   17   39   59  148  269  319  236   83
22   33   21   20   19   18   17   16   15   14   13   12   11   10    9    8    7    6    5    4    3    2    1    1    3    2    1    2    2    1    1    5    6    8   10    6   14   15   38   57  139  261  314  237   87
22   33   21   20   19   18   17   16   15   14   13   12   11   10    9    8    7    6    5    4    3    2    1    1    2    3    1    1    2    2    1    3    6   10    9    6   12   16   35   51  129  251  307  245   91
21   33   21   20   18   17   16   15   14   13   12   11   10    9    8    7    6    5    4    3    2    1    1    2    3    2    1    3    1    3    5    7   10    7   11   18   33   49  117  241  306  238   97
20   33   21   20   18   17   16   14   13   12   11   10    9    8    7    6    5    4    3    2    1    1    1    4    1    2    3    3    5    5   10    6   10   16   33   44  115  221  313  232  104
19   33   21   20   17   16   14   13   12   11   10    9    8    7    6    5    4    3    2    1    1    1    4    2    4    1    7    4    9    7   10   12   29   46  100  201  318  239  107
20   33   21   20   18   17   16   15   13   12   11   10    9    8    7    6    5    4    3    2    1    1    1    3    1    1    3    2    6    5    7    8   11   10   26   40   92  193  309  247  108
19   31   21   19   18   16   15   13   12   11   10    9    8    7    6    5    4    3    2    1    1    1    3    1    4    2    2    8    6    9   10   11   22   39   84  184  293  257  108
19   31   20   19   16   15   14   13   12   11   10    9    8    7    6    5    4    3    2    1    1    1    3    1    3    2    2    5    9    9    6   14   15   30   82  168  292  255  119
18   29   19   16   15   14   13   12   11   10    9    8    7    6    5    4    3    2    1    1    4    1    3    1    2    5    6    8    6   12   17   26   75  150  289  255  123
19   28   19   18   16   15   14   13   12   11   10    9    8    7    6    5    4    3    2    1    1    2    2    1    2    2    2    3    4    6    8   13   17   21   68  138  283  255  126
19   27   19   18   16   15   14   13   12   11   10    9    8    7    6    5    4    3    2    1    1    1    3    1    1    3    2    3    4    4    8   13   15   22   62  119  279  251  133
18   27   18   16   15   14   13   12   11   10    9    8    7    6    5    4    3    2    1    1    4    1    1    2    3    1    5    3    9   12   14   21   56  112  260  246  139
19   26   18   17   16   15   14   13   12   11   10    9    8    7    6    5    4    3    2    1    1    3    1    1    1    2    1    2    2    5    7    9   13   23   53  102  240  245  146
18   26   18   16   15   14   13   12   11   10    9    8    7    6    5    4    3    2    1    1    3    2    1    2    1    2    1    5    6   10   12   23   47  102  221  243  143
18   26   18   17   16   15   14   13   12   10    9    8    7    6    5    4    3    2    1    1    1    2    1    2    2    1    1    5    8    8   11   21   42   88  208  247  138
17   26   18   16   15   14   13   12   10    9    8    7    6    5    4    3    2    1    1    1    2    1    1    3    1    4    5   11   11   18   41   80  199  239  140
17   25   17   16   15   14   13   11   10    9    8    7    6    5    4    3    2    1    1    1    1    2    1    3    1    3    5    9   11   17   36   76  188  223  140
16   23   16   15   14   13   11   10    9    8    7    6    5    4    3    2    1    1    2    1    2    3    1    2    3   11    9   16   31   70  175  212  144
16   22   16   15   14   13   12   10    9    8    7    6    5    4    3    2    1    1    2    1    1    3    1    1    5    6    9   17   31   63  160  207  141
15   21   16   15   13   12   10    9    8    7    6    5    4    3    2    1    1    1    2    2    2    2    2    5    8   14   30   50  146  203  141
14   19   15   13   12   10    9    8    7    6    5    4    3    2    1    1    3    1    3    1    1    6    6   11   30   46  132  190  134
15   17   15   13   12   11   10    9    8    7    6    5    4    3    2    1    1    2    2    2    1    1    1    6    5   10   28   42  124  173  134
15   17   15   13   12   11   10    9    8    7    6    5    4    3    2    1    1    2    1    3    1    1    1    4    4   11   26   32  118  165  124
14   17   13   12   11   10    9    8    7    6    5    4    3    2    1    1    2    1    2    1    1    2    6    8   20   34  110  150  124
13   16   13   12   11   10    9    7    6    5    4    3    2    1    1    1    1    3    1    1    7    6   18   34   99  142  123
13   16   13   11   10    9    8    7    6    5    4    3    2    1    1    1    2    1    2    1    5    4   16   28   87  128  109
12   16   13   11   10    9    7    6    5    4    3    2    1    1    1    2    1    2    5    2   16   27   76  127  102
11   16   11   10    9    7    6    5    4    3    2    1    1    2    1    2    3    4   11   26   67  113   97
10   16   10    9    7    6    5    4    3    2    1    1    2    3    2    4   10   24   64  103   97
10   15   10    9    7    6    5    4    3    2    1    1    2    3    1    2    7   16   53   76   73
10   15   10    9    7    6    5    4    3    2    1    1    1    2    1    2    5   15   40   55   57
 9   14   10    8    6    5    4    3    2    1    1    1    1    1    5   12   29   43   48
 9   14   10    8    6    5    4    3    2    1    1    1    1    1    4    8   30   40   42
 8   13   10    6    5    4    3    2    1    1    1    2    4    6   25   41   36
 8   13   10    6    5    4    3    2    1    1    1    2    2    2   24   34   41
 8   12    9    6    5    4    3    2    1    1    1    2    1    2   21   30   35
 7   12    9    6    4    3    2    1    1    1    2    2   19   25   34
 7   12    9    6    5    3    2    1    1    1    1    1    9    9   23
 5   11    5    3    2    1    1    1    4    6   12
 5   11    5    3    2    1    1    1    3    6   11
 3    4    2    1    1    4    4
 3    3    2    1    1    3    1
 3    3    2    1    1    3    1
 3    3    2    1    1    3    1
 2    2    1    2    2
 1    2    3
 1    2    3
 1    2    3
