# n  list(x)  list(y)
32   41   37   33   32   31   30   29   28   27   26   25   24   23   22   21   20   19   18   17   16   15   14   13   12   11   10    9    8    7    6    5    4    1    1    2    1    1    2    2    2    2    1    3    2    9    4    7    6    7    9   19   17   28   51   49   87   80  100  135  188  411 1112  157    4
33   40   36   33   32   31   30   29   28   27   26   25   24   23   22   21   20   19   18   17   16   15   14   13   12   11   10    9    8    7    6    5    4    3    1    1    1    1    1    3    2    2    2    1    3    2    7    5    6    6    8    9   17   17   24   46   50   82   79  102  128  189  396 1047  223   13    1
32   39   36   33   32   30   29   28   27   26   25   24   23   22   21   20   19   18   17   16   15   14   13   12   11   10    9    8    7    6    5    4    3    1    1    1    1    2    4    2    1    2    2    3    6    5    6    5    9    7   19   15   25   43   46   85   74  102  127  184  376  996  276   21    3
31   39   35   32   31   29   28   27   26   25   24   23   22   21   20   19   18   17   16   15   14   13   12   11   10    9    8    7    6    5    4    3    1    1    1    1    6    1    1    2    2    3    6    4    7    3   10    4   19   17   21   40   47   80   75   99  127  177  356  956  316   38    4
30   39   34   31   30   29   27   26   25   24   23   22   21   20   19   18   17   16   15   14   13   12   11   10    9    8    7    6    5    4    3    1    1    1    1    6    1    3    2    2    6    5    6    3   10    4   17   17   19   39   47   76   74   95  123  172  343  910  352   60    4
31   39   34   31   30   29   28   27   26   25   24   23   22   21   20   19   18   17   16   15   14   13   12   11   10    9    8    7    6    5    4    3    1    1    1    1    4    1    1    2    3    1    5    7    6    3   10    4   15   17   16   39   49   69   76   85  128  166  332  867  380   76    9
29   39   30   29   28   27   26   25   24   23   22   21   20   19   18   17   16   15   14   13   12   11   10    9    8    7    6    5    4    3    1    2    2    2    2    1    2    3    4    6    6    5    7    6   14   17   12   34   50   65   76   81  125  159  328  826  396  101   17
30   38   30   29   28   27   26   25   24   23   22   21   20   19   18   17   16   15   14   13   12   11   10    9    8    7    6    5    4    3    2    1    2    2    2    2    1    1    4    3    6    7    3    8    7   14   15   11   32   49   62   78   71  130  151  317  789  410  128   16    3
30   36   30   29   28   27   26   25   24   23   22   21   20   19   18   17   16   15   14   13   12   11   10    9    8    7    6    5    4    3    2    1    2    2    2    1    2    1    4    2    7    6    2    8    6   11   19   11   29   44   62   78   68  130  146  309  744  435  137   28    3
30   36   30   29   28   27   26   25   24   23   22   21   20   19   18   17   16   15   14   13   12   11   10    9    8    7    6    5    4    3    2    1    2    2    1    1    1    2    5    2    6    7    2    7    7    8   16   16   26   38   65   75   66  124  150  297  706  457  147   32    6
29   30   29   28   27   26   25   24   23   22   21   20   19   18   17   16   15   14   13   12   11   10    9    8    7    6    5    4    3    2    1    3    1    1    1    1    5    2    4    8    3    8    5    9   15   16   25   34   59   78   66  118  151  276  676  476  161   40    7
27   29   28   26   25   24   23   22   21   20   19   18   17   16   15   14   13   12   11   10    9    8    7    6    5    4    3    2    3    2    2    1    2    5    3    9    2    7    6    8   13   17   24   31   59   74   66  110  154  259  660  474  180   46    8
28   29   28   27   26   25   24   23   22   21   20   19   18   17   16   15   14   13   12   11   10    9    8    7    6    5    4    3    2    2    2    1    2    1    2    3    4    8    3    7    6    7   10   17   22   33   51   75   68  104  147  260  634  472  194   56    9
28   29   28   27   26   25   24   23   22   21   20   19   18   17   16   15   14   13   12   11   10    9    8    7    6    5    4    3    2    2    2    1    1    2    2    2    3    3    7    6    8    6    9   14   18   37   43   70   71  106  141  251  589  495  211   65   10
26   28   27   25   24   23   22   21   20   19   18   17   16   15   14   13   12   11   10    9    8    7    6    5    4    3    2    1    2    2    1    2    3    4    6    5    7    7    9   13   16   28   45   64   73  101  141  234  555  525  224   71   11
27   28   27   26   25   24   23   22   21   20   19   18   17   16   15   14   13   12   11   10    9    8    7    6    5    4    3    2    1    1    1    2    1    2    2    4    6    6    5    8    9   12   14   29   42   61   71  101  139  225  529  518  247   77   12
25   28   27   25   24   23   22   20   19   18   17   16   15   14   13   12   11   10    9    8    7    6    5    4    3    2    1    1    1    1    3    3    7    9    5    7    6   13   12   27   39   56   72   92  135  213  503  513  281   85   15
24   26   25   24   23   22   20   19   18   17   16   15   14   13   12   11   10    9    8    7    6    5    4    3    2    2    1    1    3    2    3   11    4    9    6   14   10   22   36   57   70   86  131  198  489  508  300   97   15
25   26   25   24   23   22   21   20   19   18   17   16   15   14   13   12   11   10    9    8    7    6    5    4    3    2    1    1    2    3    1    1    2   12    2    8    6   17    8   19   37   57   63   86  118  196  459  514  311  106   20
24   25   24   23   22   21   20   19   18   17   16   15   14   13   12   11   10    9    8    7    6    5    4    3    2    1    3    1    2    1    3    9    5    7    6   15   10   16   40   54   56   82  119  189  439  504  327  115   21
23   25   23   22   21   20   19   18   17   16   15   14   13   12   11   10    9    8    7    6    5    4    3    2    1    3    3    1    3    7    5    8    4   14   13   12   37   54   57   76  118  185  414  485  351  124   25
23   24   23   22   21   20   19   18   17   16   15   14   13   12   11   10    9    8    7    6    5    4    3    2    1    2    3    2    2    4    7    4    6   13   15   12   33   49   58   77  116  177  399  473  356  139   27
23   23   22   21   20   19   18   17   16   15   14   13   12   11   10    9    8    7    6    5    4    3    2    1    3    2    3    2    2    8    4    6   11   14   15   27   50   54   76  110  166  387  463  359  158   29    1
23   23   22   21   20   19   18   17   16   15   14   13   12   11   10    9    8    7    6    5    4    3    2    1    3    2    3    1    3    8    4    3   11   16   13   26   43   51   73  111  162  372  444  379  164   32    1
23   23   22   21   20   19   18   17   16   15   14   13   12   11   10    9    8    7    6    5    4    3    2    1    3    1    4    1    3    5    7    3   10   13   16   26   39   50   70  110  160  349  434  386  170   38    2
23   23   22   21   20   19   18   17   16   15   14   13   12   11   10    9    8    7    6    5    4    3    2    1    3    1    4    1    3    4    8    2   11   11   16   23   40   46   71  102  159  321  424  399  182   39    5
22   23   21   20   19   18   17   16   15   14   13   12   11   10    9    8    7    6    5    4    3    2    1    3    4    2    3    3    7    4   10   12   12   22   42   45   70   99  152  305  412  398  192   46    7
23   23   22   21   20   19   18   17   16   15   14   13   12   11   10    9    8    7    6    5    4    3    2    1    2    1    4    1    3    3    7    3   11   11   12   20   42   41   67   87  154  288  413  396  199   52    8
22   22   21   20   19   18   17   16   15   14   13   12   11   10    9    8    7    6    5    4    3    2    1    3    4    1    3    2    7    3    7   13   10   19   43   40   62   86  148  272  409  393  207   60    8
22   22   21   20   19   18   17   16   15   14   13   12   11   10    9    8    7    6    5    4    3    2    1    2    4    1    3    3    5    4    6   12   13   19   41   38   53   81  146  257  400  396  214   66   11
21   21   20   19   18   17   16   15   14   13   12   11   10    9    8    7    6    5    4    3    2    1    5    2    2    2    5    5    4    9   15   18   32   45   52   75  141  246  385  391  233   71   12
21   21   20   19   18   17   16   15   14   13   12   11   10    9    8    7    6    5    4    3    2    1    4    3    1    2    6    5    4    9   13   17   30   45   51   73  132  240  367  394  241   73   15
21   21   20   19   18   17   16   15   14   13   12   11   10    9    8    7    6    5    4    3    2    1    2    4    2    2    4    3    4    7   12   19   26   44   50   74  119  229  358  392  250   80   19
21   21   20   19   18   17   16   15   14   13   12   11   10    9    8    7    6    5    4    3    2    1    2    2    4    2    4    2    4    7   11   19   22   40   50   73  110  225  345  383  261   87   21
20   20   19   18   17   16   15   14   13   12   11   10    9    8    7    6    5    4    3    2    1    3    3    2    4    2    3    7    8   19   22   37   51   66  105  219  331  376  275   94   22
20   20   19   18   17   16   15   14   13   12   11   10    9    8    7    6    5    4    3    2    1    2    3    2    2    3    4    6    6   18   22   30   53   56   98  202  331  374  277  113   22
20   20   19   18   17   16   15   14   13   12   11   10    9    8    7    6    5    4    3    2    1    1    3    3    2    3    4    4    5   17   22   25   51   55   93  193  327  360  283  122   26
20   20   19   18   17   16   15   14   13   12   11   10    9    8    7    6    5    4    3    2    1    1    3    3    2    3    3    5    3   18   22   22   46   56   86  194  306  358  288  124   31
20   20   19   18   17   16   15   14   13   12   11   10    9    8    7    6    5    4    3    2    1    1    1    5    2    2    3    4    3   14   23   18   47   54   76  182  292  358  296  132   35
19   19   18   17   16   15   14   13   12   11   10    9    8    7    6    5    4    3    2    1    1    5    2    2    3    3    4   12   20   21   43   54   66  174  285  355  293  143   37
19   19   18   17   16   15   14   13   12   11   10    9    8    7    6    5    4    3    2    1    1    4    2    3    2    4    4   11   19   21   38   53   68  167  275  342  291  153   40
18   18   17   16   15   14   13   12   11   10    9    8    7    6    5    4    3    2    1    2    2    4    2    4    5    7   16   23   38   48   64  157  267  338  289  161   45
17   18   17   15   14   13   12   11   10    9    8    7    6    5    4    3    2    1    1    3    3    3    5    8   12   19   39   44   65  143  261  329  294  167   50
17   18   17   15   14   13   12   11   10    9    8    7    6    5    4    3    2    1    1    2    3    3    6    7   12   18   33   43   67  133  248  324  291  177   52
17   18   17   15   14   13   12   11   10    9    8    7    6    5    4    3    2    1    1    2    2    4    5    8   11   13   31   47   64  124  229  321  297  176   55
17   18   17   15   14   13   12   11   10    9    8    7    6    5    4    3    2    1    1    2    2    4    4    6    8   17   26   43   67  121  206  310  303  188   56
18   18   17   16   15   14   13   12   11   10    9    8    7    6    5    4    3    2    1    1    1    1    2    3    4    5    8   12   25   42   69  106  192  309  304  195   59
17   17   16   15   14   13   12   11   10    9    8    7    6    5    4    3    2    1    2    1    1    2    5    5    6   12   21   38   63  105  179  301  302  198   67
16   17   15   14   13   12   11   10    9    8    7    6    5    4    3    2    1    2    2    2    5    4    6   11   21   37   58   91  181  278  306  212   67
16   17   15   14   13   12   11   10    9    8    7    6    5    4    3    2    1    2    1    2    3    6    6    7   22   35   59   83  171  271  305  212   71
17   17   16   15   14   13   12   11   10    9    8    7    6    5    4    3    2    1    1    1    1    2    3    5    6    6   21   30   61   75  165  259  304  213   78
16   17   15   14   13   12   11   10    9    8    7    6    5    4    3    2    1    1    2    2    2    4    6    6   17   29   58   64  163  248  299  219   82
16   17   15   14   13   12   11   10    9    8    7    6    5    4    3    2    1    1    2    1    2    4    6    7   15   28   56   56  157  241  291  226   86
15   17   15   14   12   11   10    9    8    7    6    5    4    3    2    1    1    2    1    4    8    4   15   24   46   58  151  230  286  232   87
15   17   15   14   12   11   10    9    8    7    6    5    4    3    2    1    1    2    1    1    9    5   13   20   38   60  137  213  292  236   90
15   17   15   13   12   11   10    9    8    7    6    5    4    3    2    1    1    2    1    1    9    5    9   21   33   61  131  206  290  225   94
15   17   15   13   12   11   10    9    8    7    6    5    4    3    2    1    1    1    1    1    7    5   10   18   35   44  125  199  285  228   97
14   17   15   12   11   10    9    8    7    6    5    4    3    2    1    1    1    1    6    5    8   12   32   39  122  177  284  234  102
14   17   15   12   11   10    9    8    7    6    5    4    3    2    1    1    1    1    4    5    8   12   29   36  117  160  272  234  106
13   17   15   11   10    9    8    7    6    5    4    3    2    1    1    1    4    3    7   13   26   35  104  146  267  238  114
13   17   15   11   10    9    8    7    6    5    4    3    2    1    1    1    4    1    7   15   23   34   95  140  253  240  114
13   17   14   11   10    9    8    7    6    5    4    3    2    1    1    1    3    1    5   14   20   31   71  141  243  243  127
13   17   14   11   10    9    8    7    6    5    4    3    2    1    1    1    3    1    5   12   21   27   65  128  238  238  133
13   17   13   11   10    9    8    7    6    5    4    3    2    1    1    1    2    2    3   10   23   26   57  120  227  239  132
13   15   13   11   10    9    8    7    6    5    4    3    2    1    1    1    2    2    3    9   16   30   54  114  220  222  137
12   12   11   10    9    8    7    6    5    4    3    2    1    1    1    3    1    6   18   25   48  113  207  216  143
11   11   10    9    8    7    6    5    4    3    2    1    2    3    1    5   17   24   39  103  188  213  151
11   11   10    9    8    7    6    5    4    3    2    1    2    2    2    3   14   20   43   91  178  204  149
11   11   10    9    8    7    6    5    4    3    2    1    2    2    2    3   11   21   36   87  167  207  146
11   11   10    9    8    7    6    5    4    3    2    1    2    2    1    3   10   17   31   82  151  202  155
11   11   10    9    8    7    6    5    4    3    2    1    1    3    1    2    8   18   26   73  140  190  162
 9   10    9    7    6    5    4    3    2    1    4    1    4   21   23   68  130  175  158
 9   10    9    7    6    5    4    3    2    1    3    2    3   19   22   67  122  166  151
 9   10    9    7    6    5    4    3    2    1    3    2    2   16   20   65  115  164  149
10   10    9    8    7    6    5    4    3    2    1    3    1    1    2   12   18   51  112  161  147
10   10    9    8    7    6    5    4    3    2    1    3    1    1    1   12   17   44   98  156  135
 9   10    8    7    6    5    4    3    2    1    3    2    1   10   14   41   88  143  127
 9   10    8    7    6    5    4    3    2    1    3    1    2    8    9   38   72  118  111
 9   10    8    7    6    5    4    3    2    1    3    1    2    5    6   33   57   96   85
10   10    9    8    7    6    5    4    3    2    1    1    1    1    2    4    4   19   47   87   72
10   10    9    8    7    6    5    4    3    2    1    1    1    1    1    4    4   18   39   79   65
 9   10    8    7    6    5    4    3    2    1    1    1    2    3    4   15   32   73   58
 8   10    7    6    5    4    3    2    1    1    2    3    4   13   28   60   52
 8    9    7    6    5    4    3    2    1    1    1    4    4   10   26   57   50
 6    7    6    4    3    2    1    1    1    6    9   22   20
 6    7    6    4    3    2    1    1    1    3   10   15   21
 5    6    4    3    2    1    2    2    6   11   16
 6    6    5    4    3    2    1    1    1    1    1    8   10
 4    5    4    2    1    2    1    7    8
 4    5    3    2    1    2    1    5    7
 4    4    3    2    1    1    3    5    3
 4    4    3    2    1    1    1    2    3
 3    3    2    1    2    2    2
 3    3    2    1    2    2    2
 3    3    2    1    1    1    3
 2    2    1    1    2
