# n  list(x)  list(y)
11   14   13   12   11   10    9    8    7    6    5    4    3    4   25  108  222  426  786  459  330  133    4
11   14   13   12   11   10    9    8    7    6    5    4    3    4   23  101  210  405  749  482  341  144   13
11   14   13   12   11   10    9    8    7    6    5    4    2    5   19   89  210  381  714  501  351  158   20
12   14   13   12   11   10    9    8    7    6    5    4    3    2    5   17   86  194  370  669  521  357  181   22    1
12   14   13   12   11   10    9    8    7    6    5    4    3    2    3   15   79  181  352  660  518  370  192   24    4
12   14   13   12   11   10    9    8    7    6    5    4    3    2    3   12   69  176  329  633  532  373  207   35    4
12   14   13   12   11   10    9    8    7    6    5    4    3    1    4   10   64  158  309  606  544  390  218   41    5
13   14   13   12   11   10    9    8    7    6    5    4    3    2    1    4   10   59  145  300  573  543  403  223   58    5    1
13   14   13   12   11   10    9    8    7    6    5    4    3    2    1    3    8   52  132  278  555  549  411  240   62    8    1
13   14   13   12   11   10    9    8    7    6    5    4    3    2    1    2    8   48  116  259  526  562  421  253   64   14    1
13   14   13   12   11   10    9    8    7    6    5    4    3    2    1    2    8   44  112  243  496  547  439  262   77   18    1
13   14   13   12   11   10    9    8    7    6    5    4    3    2    1    2    7   42  100  230  464  557  446  265   84   24    3
13   14   13   12   11   10    9    8    7    6    5    4    3    2    1    2    5   40   88  212  451  540  459  278   95   26    3
13   14   13   12   11   10    9    8    7    6    5    4    3    2    1    2    3   39   76  204  429  530  462  289  107   28    5
13   14   13   12   11   10    9    8    7    6    5    4    3    2    1    2    3   35   72  190  406  501  483  301  116   35    5
13   14   13   12   11   10    9    8    7    6    5    4    3    2    1    2    2   34   69  177  381  484  483  316  129   39    8
13   14   13   12   11   10    9    8    7    6    5    4    3    2    1    2    2   30   64  170  360  475  476  326  138   47    9
13   14   13   12   11   10    9    8    7    6    5    4    3    2    1    2    1   30   55  149  344  474  477  331  146   56    9
14   14   13   12   11   10    9    8    7    6    5    4    3    2    1    1    1    1   25   50  140  308  474  486  330  158   65   10    1
13   13   12   11   10    9    8    7    6    5    4    3    2    1    1    2   22   45  134  287  460  475  351  167   65   15    1
13   13   12   11   10    9    8    7    6    5    4    3    2    1    1    2   18   41  124  269  438  464  369  185   71   15    3
13   13   12   11   10    9    8    7    6    5    4    3    2    1    1    2   13   36  119  250  420  455  389  193   79   15    3
13   13   12   11   10    9    8    7    6    5    4    3    2    1    1    2   11   36  102  237  390  462  400  205   85   16    3
13   13   12   11   10    9    8    7    6    5    4    3    2    1    1    2   11   31   99  216  374  451  415  208   93   21    3
13   13   12   11   10    9    8    7    6    5    4    3    2    1    1    1   10   29   94  193  353  448  427  214  102   23    5
13   13   12   11   10    9    8    7    6    5    4    3    2    1    1    1    9   29   90  182  344  427  416  237  109   21    9
13   13   12   11   10    9    8    7    6    5    4    3    2    1    1    1    7   30   82  169  323  423  418  242  122   23    9
12   13   11   10    9    8    7    6    5    4    3    2    1    1    6   25   76  160  301  410  437  244  126   30    9
12   12   11   10    9    8    7    6    5    4    3    2    1    1    2   26   66  151  290  394  443  255  128   35    9
12   12   11   10    9    8    7    6    5    4    3    2    1    1    2   19   62  137  274  392  434  275  131   37   11
12   12   11   10    9    8    7    6    5    4    3    2    1    1    2   16   54  128  266  380  419  285  146   40   13
12   12   11   10    9    8    7    6    5    4    3    2    1    1    2   14   51  120  251  369  405  303  154   42   13
12   12   11   10    9    8    7    6    5    4    3    2    1    1    2    9   50  105  244  347  399  325  156   49   13
12   12   11   10    9    8    7    6    5    4    3    2    1    1    2    9   41  104  231  319  404  321  175   55   13
12   12   11   10    9    8    7    6    5    4    3    2    1    1    1    8   40   94  209  315  399  316  195   59   12
12   12   11   10    9    8    7    6    5    4    3    2    1    1    1    6   40   84  201  301  394  318  199   64   15
12   12   11   10    9    8    7    6    5    4    3    2    1    1    1    5   35   78  184  290  396  312  207   72   17
11   12   10    9    8    7    6    5    4    3    2    1    1    5   30   72  166  276  390  312  225   79   17
11   12   10    9    8    7    6    5    4    3    2    1    1    4   23   73  144  267  370  328  228   92   17
11   12   10    9    8    7    6    5    4    3    2    1    1    3   20   65  134  255  356  325  245   99   19
11   12   10    9    8    7    6    5    4    3    2    1    1    3   17   57  130  251  327  329  248  114   20
11   11   10    9    8    7    6    5    4    3    2    1    1    1   13   48  116  247  317  334  255  118   22
11   11   10    9    8    7    6    5    4    3    2    1    1    1   12   43  106  221  318  335  262  121   27
11   11   10    9    8    7    6    5    4    3    2    1    1    1   10   36   92  206  304  350  268  125   29
11   11   10    9    8    7    6    5    4    3    2    1    1    1    9   28   87  191  294  337  284  130   33
11   11   10    9    8    7    6    5    4    3    2    1    1    1    6   28   80  180  281  331  286  134   42
11   11   10    9    8    7    6    5    4    3    2    1    1    1    6   26   74  169  260  336  286  138   47
11   11   10    9    8    7    6    5    4    3    2    1    1    1    5   18   71  149  266  316  292  146   51
11   11   10    9    8    7    6    5    4    3    2    1    1    1    4   18   64  142  250  302  301  149   58
11   11   10    9    8    7    6    5    4    3    2    1    1    1    4   18   57  134  235  302  290  162   61
10   11    9    8    7    6    5    4    3    2    1    1    4   17   46  125  225  290  295  169   67
10   11    9    8    7    6    5    4    3    2    1    1    4   12   44  113  215  283  294  168   74
10   11    9    8    7    6    5    4    3    2    1    1    2   12   40  105  208  272  289  178   72
10   11    9    8    7    6    5    4    3    2    1    1    2   10   31   92  202  268  288  186   74
10   11    9    8    7    6    5    4    3    2    1    1    2   10   27   85  187  260  273  197   84
 9   11    8    7    6    5    4    3    2    1    1   11   20   76  169  259  276  199   88
 9   11    8    7    6    5    4    3    2    1    1    8   19   62  158  246  286  194   94
 9   11    8    7    6    5    4    3    2    1    1    7   19   56  146  225  282  185   98
 9   11    8    7    6    5    4    3    2    1    1    7   16   47  140  219  275  186  102
 9   11    8    7    6    5    4    3    2    1    1    7   13   44  130  211  265  190  101
 9   11    8    7    6    5    4    3    2    1    1    7   11   41  115  204  253  193   98
 9   11    8    7    6    5    4    3    2    1    1    7    8   41  100  198  245  197  102
 9   10    8    7    6    5    4    3    2    1    1    2   10   32   85  186  240  209  105
 9   10    8    7    6    5    4    3    2    1    1    2    8   23   83  168  233  211  112
 9   10    8    7    6    5    4    3    2    1    1    2    6   23   70  151  232  208  114
 9    9    8    7    6    5    4    3    2    1    1    2    5   20   65  132  217  191  100
 9    9    8    7    6    5    4    3    2    1    1    2    3   14   54  120  183  184   97
 8    8    7    6    5    4    3    2    1    2    2   12   37  105  158  169   85
 8    8    7    6    5    4    3    2    1    2    1   13   32   89  139  148   76
 8    8    7    6    5    4    3    2    1    2    1    8   23   79  116  117   72
 8    8    7    6    5    4    3    2    1    1    1    8   21   69  107  101   69
 7    7    6    5    4    3    2    1    2    6   15   62  106   98   67
 6    6    5    4    3    2    1    6   12   55   98   96   64
 6    6    5    4    3    2    1    5    9   51   95   92   66
 6    6    5    4    3    2    1    3    1   31   56   55   41
 6    6    5    4    3    2    1    2    1   13   32   38   19
 6    6    5    4    3    2    1    1    3    9   16   29   15
 5    5    4    3    2    1    3   10   14   29   13
 5    5    4    3    2    1    3    9   12   30   13
 5    5    4    3    2    1    3    7   12   28   13
 5    5    4    3    2    1    3    7   10   28   13
 5    5    4    3    2    1    2    6   10   23   12
 5    5    4    3    2    1    1    2   13   20   12
 5    5    4    3    2    1    1    1   14   20   11
 4    4    3    2    1    1   10   18   10
 3    3    2    1   10   18   10
 3    3    2    1    7   14    7
 3    3    2    1    3    8    3
 3    3    2    1    3    8    3
 3    3    2    1    2    7    4
 3    3    2    1    1    7    3
 3    3    2    1    1    3    3
 3    3    2    1    1    3    3
 2    2    1    3    2
 1    2    3
 1    2    3
 1    2    3
 1    2    3
 2    2    1    1    2
