# n  list(x)  list(y)
10   13   12   11   10    9    8    7    6    5    4    4   23   84  255  437  763  495  303  132    4
11   13   12   11   10    9    8    7    6    5    4    3    4   23   74  237  423  712  538  309  146    8    1
11   13   12   11   10    9    8    7    6    5    4    3    3   16   71  228  389  701  550  310  164   15    3
11   13   12   11   10    9    8    7    6    5    4    3    3   15   65  212  372  667  567  319  174   26    5
11   13   12   11   10    9    8    7    6    5    4    3    3   15   62  192  372  628  577  324  183   35    9
11   13   12   11   10    9    8    7    6    5    4    3    3   15   54  176  354  613  568  339  202   42    9
11   13   12   11   10    9    8    7    6    5    4    3    2   14   49  157  338  585  583  346  215   50   11
11   13   12   11   10    9    8    7    6    5    4    3    1   15   47  138  331  559  572  373  212   62   15
11   13   12   11   10    9    8    7    6    5    4    3    1   12   46  122  315  523  581  402  210   71   17
12   13   12   11   10    9    8    7    6    5    4    3    2    1    9   40  117  291  498  573  424  225   78   18    1
12   13   12   11   10    9    8    7    6    5    4    3    2    1    8   35  109  267  478  572  431  240   88   19    2
12   13   12   11   10    9    8    7    6    5    4    3    2    1    7   33   97  254  455  547  451  258   99   21    2
11   12   11   10    9    8    7    6    5    4    3    2    8   30   91  240  437  534  446  276  108   26    4
11   12   11   10    9    8    7    6    5    4    3    2    7   22   86  222  417  530  434  304  120   28    5
11   12   11   10    9    8    7    6    5    4    3    2    6   17   75  208  400  524  438  313  131   32    6
11   12   11   10    9    8    7    6    5    4    3    2    5   14   66  186  399  497  459  313  144   34    8
12   12   11   10    9    8    7    6    5    4    3    2    1    5   13   54  183  371  503  447  325  154   35    9    1
12   12   11   10    9    8    7    6    5    4    3    2    1    2   13   46  164  355  496  439  344  166   39    9    2
12   12   11   10    9    8    7    6    5    4    3    2    1    2   12   41  154  332  487  434  350  182   44    9    3
12   12   11   10    9    8    7    6    5    4    3    2    1    2    9   41  138  306  477  437  356  196   51    9    3
12   12   11   10    9    8    7    6    5    4    3    2    1    2    5   38  123  279  468  438  368  213   51   12    3
12   12   11   10    9    8    7    6    5    4    3    2    1    1    6   32  111  267  453  422  390  214   62   13    4
12   12   11   10    9    8    7    6    5    4    3    2    1    1    5   28  102  249  431  424  392  229   70   15    4
12   12   11   10    9    8    7    6    5    4    3    2    1    1    5   24   95  228  413  429  382  246   81   17    4
12   12   11   10    9    8    7    6    5    4    3    2    1    1    4   25   85  213  390  437  383  252   87   18    5
12   12   11   10    9    8    7    6    5    4    3    2    1    1    4   21   81  194  366  445  384  259   94   21    5
11   11   10    9    8    7    6    5    4    3    2    1    3   18   72  182  332  449  390  270  106   21    7
11   11   10    9    8    7    6    5    4    3    2    1    3   14   66  163  318  423  410  285  111   22   10
11   11   10    9    8    7    6    5    4    3    2    1    3   11   55  151  302  408  420  293  119   27   11
11   11   10    9    8    7    6    5    4    3    2    1    3   10   46  141  287  398  410  311  123   35   11
11   11   10    9    8    7    6    5    4    3    2    1    1   12   40  127  267  398  398  313  145   38   11
11   11   10    9    8    7    6    5    4    3    2    1    1   10   34  119  247  394  392  322  151   44   11
10   10    9    8    7    6    5    4    3    2    1   11   32  114  236  372  387  327  157   52   12
10   10    9    8    7    6    5    4    3    2    1   10   27  108  226  355  382  333  161   61   12
10   10    9    8    7    6    5    4    3    2    1   10   20  101  205  352  371  346  163   67   15
10   10    9    8    7    6    5    4    3    2    1    8   20   86  193  350  363  351  167   68   19
10   10    9    8    7    6    5    4    3    2    1    8   19   79  167  344  364  349  175   76   19
10   10    9    8    7    6    5    4    3    2    1    6   17   68  147  332  364  350  190   80   20
10   10    9    8    7    6    5    4    3    2    1    4   18   61  139  302  361  357  202   81   24
10   10    9    8    7    6    5    4    3    2    1    4   14   61  126  284  351  363  209   85   26
10   10    9    8    7    6    5    4    3    2    1    4   10   53  116  271  337  364  223   92   28
10   10    9    8    7    6    5    4    3    2    1    4   10   47  106  258  331  352  237   98   30
10   10    9    8    7    6    5    4    3    2    1    4   10   45  101  240  321  353  236  103   34
10   10    9    8    7    6    5    4    3    2    1    4    8   40   97  223  313  350  238  108   42
10   10    9    8    7    6    5    4    3    2    1    3    9   36   89  192  315  349  242  116   43
10   10    9    8    7    6    5    4    3    2    1    3    9   33   81  186  301  342  243  125   44
10   10    9    8    7    6    5    4    3    2    1    3    9   29   69  179  287  334  252  131   49
10   10    9    8    7    6    5    4    3    2    1    3    7   19   67  170  280  329  255  132   55
10   10    9    8    7    6    5    4    3    2    1    3    5   18   64  160  255  333  256  142   54
10   10    9    8    7    6    5    4    3    2    1    3    5   15   64  146  232  337  252  147   59
10   10    9    8    7    6    5    4    3    2    1    2    5   11   55  141  216  330  253  162   61
10   10    9    8    7    6    5    4    3    2    1    2    5    6   46  131  202  308  273  174   64
10   10    9    8    7    6    5    4    3    2    1    2    5    4   42  115  197  298  271  181   67
10   10    9    8    7    6    5    4    3    2    1    2    3    5   38  110  182  279  281  178   78
10   10    9    8    7    6    5    4    3    2    1    1    3    6   32  105  164  271  274  189   85
10   10    9    8    7    6    5    4    3    2    1    1    3    3   27   92  152  281  268  190   86
10   10    9    8    7    6    5    4    3    2    1    1    3    2   23   84  142  275  258  189   92
10   10    9    8    7    6    5    4    3    2    1    1    3    1   19   79  137  251  266  195   93
10   10    9    8    7    6    5    4    3    2    1    1    2    2   17   68  130  244  254  201  103
10   10    9    8    7    6    5    4    3    2    1    1    2    2   15   59  118  237  256  199  105
 9    9    8    7    6    5    4    3    2    1    2    3   14   48  107  228  248  203  107
 9    9    8    7    6    5    4    3    2    1    1    4   12   47   93  209  246  188  110
 9    9    8    7    6    5    4    3    2    1    1    3    9   41   89  195  240  191  113
 9    9    8    7    6    5    4    3    2    1    1    2    9   34   81  178  226  209  113
 9    9    8    7    6    5    4    3    2    1    1    2    8   28   69  171  220  200  116
 8    8    7    6    5    4    3    2    1    2    7   23   65  156  216  205  114
 8    8    7    6    5    4    3    2    1    2    3   23   62  148  203  211  108
 8    8    7    6    5    4    3    2    1    1    3   17   42  117  169  185   96
 8    8    7    6    5    4    3    2    1    1    2   15   38  105  150  160   88
 8    8    7    6    5    4    3    2    1    1    2   15   31   92  138  154   85
 8    8    7    6    5    4    3    2    1    1    1    8   22   61   88  103   57
 8    8    7    6    5    4    3    2    1    1    1    6   21   55   90   96   60
 7    7    6    5    4    3    2    1    1    4   12   29   37   39   24
 7    7    6    5    4    3    2    1    1    2    8   26   39   37   24
 5    5    4    3    2    1    5   24   36   40   23
 5    5    4    3    2    1    3   18   22   23   13
 5    5    4    3    2    1    2   18   19   25   13
 4    4    3    2    1   11   12   17   10
 4    4    3    2    1    7   13   15    5
 4    4    3    2    1    5   15   14    5
 4    4    3    2    1    5   12   14    6
 4    4    3    2    1    5   10   15    6
 4    4    3    2    1    3    7   13    7
 4    4    3    2    1    3    7   13    7
 4    4    3    2    1    2    2   11    6
 4    4    3    2    1    2    2   11    6
 4    4    3    2    1    2    2   11    6
 4    4    3    2    1    2    3    2    3
 4    4    3    2    1    1    1    4    3
 4    4    3    2    1    1    1    4    3
 3    3    2    1    1    2    3
 3    3    2    1    1    2    3
 3    3    2    1    2    1    2
 3    3    2    1    1    2    1
 2    2    1    2    2
 2    2    1    2    2
 1    2    3
