# n  list(x)  list(y)
14    4    5    6    7    8    9   10   11   12   13   14   15   16   19    4  104  449  607  518  364  233  133   57   21    5    2    2    1
14    4    5    6    7    8    9   10   11   12   13   14   15   16   19   12  130  440  597  502  357  226  128   54   19    5    2    2    1
15    3    4    5    6    7    8    9   10   11   12   13   14   15   16   19    1   25  147  447  590  482  354  206  118   51   21    3    2    2    1
15    3    4    5    6    7    8    9   10   11   12   13   14   15   16   19    3   35  159  464  571  470  348  197  104   49   17    4    1    2    1
15    3    4    5    6    7    8    9   10   11   12   13   14   15   16   19    3   43  166  481  566  454  337  186   94   46   16    4    1    2    1
15    3    4    5    6    7    8    9   10   11   12   13   14   15   16   19    4   53  181  490  549  453  319  172   96   36   14    4    2    1    1
14    3    4    5    6    7    8    9   10   11   12   13   14   15   19    6   56  202  492  541  447  306  161   82   36   13    4    3    1
13    3    4    5    6    7    8    9   10   11   12   13   14   15    8   73  211  493  539  440  284  153   71   37   10    3    3
13    3    4    5    6    7    8    9   10   11   12   13   14   15    9   88  232  494  517  440  260  146   63   35   10    3    3
13    3    4    5    6    7    8    9   10   11   12   13   14   15   10   95  257  490  507  431  242  139   55   34   10    2    3
14    2    3    4    5    6    7    8    9   10   11   12   13   14   15    1   15   98  280  494  488  413  236  131   48   31   10    2    3
14    2    3    4    5    6    7    8    9   10   11   12   13   14   15    1   20  102  293  499  466  398  237  120   44   31    9    2    3
14    2    3    4    5    6    7    8    9   10   11   12   13   14   15    1   25  111  300  496  457  381  234  111   44   26    9    2    3
14    2    3    4    5    6    7    8    9   10   11   12   13   14   15    1   32  120  308  488  452  373  217  105   45   20    9    2    3
14    2    3    4    5    6    7    8    9   10   11   12   13   14   15    2   38  143  303  487  439  362  202   96   49   16    8    2    3
14    2    3    4    5    6    7    8    9   10   11   12   13   14   15    2   46  149  306  490  432  349  186   97   40   16    8    2    2
14    2    3    4    5    6    7    8    9   10   11   12   13   14   15    3   50  162  326  467  427  333  178   94   34   14    9    1    2
14    2    3    4    5    6    7    8    9   10   11   12   13   14   15    3   55  169  344  464  413  318  170   87   27   15    7    1    2
13    2    3    4    5    6    7    8    9   10   11   12   13   15    5   60  180  358  454  409  294  160   86   20   17    5    2
13    2    3    4    5    6    7    8    9   10   11   12   13   15    7   60  195  364  456  396  275  154   76   21   16    3    2
13    2    3    4    5    6    7    8    9   10   11   12   13   15    7   64  204  371  464  372  268  142   72   18   13    3    2
13    2    3    4    5    6    7    8    9   10   11   12   13   15    8   80  202  381  453  363  250  139   66   16   12    3    2
14    2    3    4    5    6    7    8    9   10   11   12   13   14   15   13   89  215  385  445  341  245  125   61   14   12    3    1    1
14    2    3    4    5    6    7    8    9   10   11   12   13   14   15   19   99  215  383  451  324  227  121   57   12   13    2    1    1
14    1    2    3    4    5    6    7    8    9   10   11   12   13   15    2   20  103  231  387  434  324  209  116   49   11   11    2    1
14    1    2    3    4    5    6    7    8    9   10   11   12   13   15    2   25  111  239  381  434  300  202  112   44   11   11    2    1
14    1    2    3    4    5    6    7    8    9   10   11   12   13   15    2   29  124  240  392  418  294  189  100   41    9    9    2    1
14    1    2    3    4    5    6    7    8    9   10   11   12   13   15    2   31  131  251  397  413  275  179   91   37   11    4    2    1
14    1    2    3    4    5    6    7    8    9   10   11   12   13   15    4   35  130  258  402  407  266  161   86   34   12    3    1    1
14    1    2    3    4    5    6    7    8    9   10   11   12   13   14    4   41  129  264  423  392  255  146   74   32   12    1    1    1
14    1    2    3    4    5    6    7    8    9   10   11   12   13   14    5   42  146  268  423  375  244  134   71   29   10    1    1    1
14    1    2    3    4    5    6    7    8    9   10   11   12   13   14    5   47  146  273  428  373  225  122   68   28    7    1    1    1
14    1    2    3    4    5    6    7    8    9   10   11   12   13   14    6   50  154  281  433  358  205  120   58   25    7    1    1    1
14    1    2    3    4    5    6    7    8    9   10   11   12   13   14    6   56  161  288  435  341  191  113   52   23    6    1    1    1
14    1    2    3    4    5    6    7    8    9   10   11   12   13   14    8   60  171  286  424  337  177  112   47   21    4    1    1    1
13    1    2    3    4    5    6    7    8    9   10   11   12   13    9   64  179  304  419  322  165   97   42   17    4    1    2
13    1    2    3    4    5    6    7    8    9   10   11   12   13    9   69  190  317  411  301  162   81   39   15    3    1    2
13    1    2    3    4    5    6    7    8    9   10   11   12   13    9   86  189  319  405  282  155   78   33   13    3    1    2
13    1    2    3    4    5    6    7    8    9   10   11   12   13   11   90  192  328  396  266  152   66   32    9    4    1    1
13    1    2    3    4    5    6    7    8    9   10   11   12   13   14   96  198  329  385  257  145   56   31    6    4    1    1
13    1    2    3    4    5    6    7    8    9   10   11   12   13   15  101  207  335  374  246  134   49   25    5    4    1    1
13    1    2    3    4    5    6    7    8    9   10   11   12   13   19  112  205  343  355  238  119   47   24    5    3    1    1
13    1    2    3    4    5    6    7    8    9   10   11   12   13   23  111  220  340  344  227  110   42   20    6    2    1    1
11    1    2    3    4    5    6    7    8    9   10   12   29  107  229  349  319  220  103   37   18    8    2
11    1    2    3    4    5    6    7    8    9   10   12   32  112  235  348  307  209   90   38   14    8    2
12    1    2    3    4    5    6    7    8    9   10   11   12   34  116  250  340  296  197   78   37   11    8    1    1
12    1    2    3    4    5    6    7    8    9   10   11   12   40  124  248  343  276  183   77   33   10    8    1    1
11    1    2    3    4    5    6    7    8    9   10   12   41  140  248  324  276  172   71   29   10    8    1
11    1    2    3    4    5    6    7    8    9   10   12   43  151  255  316  256  168   64   24   12    5    1
11    1    2    3    4    5    6    7    8    9   10   12   46  160  256  318  245  156   51   21   12    4    1
11    1    2    3    4    5    6    7    8    9   10   12   49  164  252  317  236  140   52   20    9    4    1
11    1    2    3    4    5    6    7    8    9   10   12   51  165  251  309  239  122   50   16    9    4    1
11    1    2    3    4    5    6    7    8    9   10   12   54  176  253  302  223  112   47   11    9    4    1
11    1    2    3    4    5    6    7    8    9   10   12   59  180  259  285  210  104   43   13    7    4    1
11    1    2    3    4    5    6    7    8    9   10   12   62  185  259  275  200   94   39   14    6    4    1
11    1    2    3    4    5    6    7    8    9   10   12   68  197  251  268  186   86   39    9    6    4    1
11    1    2    3    4    5    6    7    8    9   10   12   70  200  251  257  175   86   28    8    6    3    1
11    1    2    3    4    5    6    7    8    9   10   11   77  205  253  246  158   77   28    5    7    2    1
11    1    2    3    4    5    6    7    8    9   10   11   83  213  251  236  142   71   23    5    6    2    1
11    1    2    3    4    5    6    7    8    9   10   11   93  210  255  220  134   65   19    5    4    2    1
10    1    2    3    4    5    6    7    8    9   10   94  213  247  215  128   49   19    5    4    3
10    1    2    3    4    5    6    7    8    9   10   96  224  239  198  119   43   17    7    3    2
10    1    2    3    4    5    6    7    8    9   10   96  213  238  187  111   40   16    7    3    2
10    1    2    3    4    5    6    7    8    9   10  105  208  233  183   96   42   11    5    3    2
10    1    2    3    4    5    6    7    8    9   10  106  202  230  181   83   38    9    6    2    2
10    1    2    3    4    5    6    7    8    9   10  113  204  221  171   76   31    7    6    3    1
10    1    2    3    4    5    6    7    8    9   10  123  198  209  163   65   28    6    4    3    1
10    1    2    3    4    5    6    7    8    9   10  126  206  193  159   57   22    3    4    3    1
10    1    2    3    4    5    6    7    8    9   10  126  210  183  149   54   19    1    4    2    1
10    1    2    3    4    5    6    7    8    9   10  121  208  182  130   48   15    1    4    2    1
 9    1    2    3    4    5    6    7    8    9  124  202  171  118   39   14    2    3    2
 9    1    2    3    4    5    6    7    8    9  117  206  161  105   36   11    2    2    2
 9    1    2    3    4    5    6    7    8    9   86  149  112   75   22    5    2    2    2
 9    1    2    3    4    5    6    7    8    9   81  114   87   69   17    5    2    3    1
 8    1    2    3    4    5    6    7    8   80  102   90   56   14    4    4    2
 8    1    2    3    4    5    6    7    8   76  102   82   52   13    2    5    1
 8    1    2    3    4    5    6    7    8   72  104   70   46   10    4    2    1
 8    1    2    3    4    5    6    7    8   65   88   64   37    9    4    2    1
 8    1    2    3    4    5    6    7    8   50   71   50   29    3    4    1    1
 8    1    2    3    4    5    6    7    8   22   36   17   11    2    2    1    1
 8    1    2    3    4    5    6    7    8   19   30   14   10    2    2    1    1
 5    1    2    3    4    5   11   11    6    4    1
 7    1    2    3    4    5    6    7    9   13    5    2    1    1    1
 5    1    2    3    4    6    8   13    2    3    2
 4    1    2    3    4    5   13    3    3
 5    1    2    3    4    5    7   11    1    2    2
 4    1    2    3    4    7    9    3    1
 4    1    2    3    4    6    6    2    1
 5    1    2    3    4    5    3    7    2    1    1
 4    1    2    3    4    2    3    2    2
 3    1    2    3    4    2    2
 3    1    2    3    4    2    2
 3    1    2    3    4    2    2
 3    1    2    3    3    3    1
 2    1    2    2    2
 2    1    2    2    2
 2    1    2    2    1
