# n  list(x)  list(y)
18    4    5    6    7    8    9   10   11   12   13   14   15   16   17   18   19   21   24    4  130  695  524  406  249  168  110   81   47   36   21    9    5    8    4    2    1
19    3    4    5    6    7    8    9   10   11   12   13   14   15   16   17   18   19   21   24    1   10  174  671  507  393  243  166  104   79   46   35   19    8    5    8    3    2    1
19    3    4    5    6    7    8    9   10   11   12   13   14   15   16   17   18   19   21   24    1   24  191  659  502  376  239  161   95   80   48   32   16    8    5    7    3    2    1
20    3    4    5    6    7    8    9   10   11   12   13   14   15   16   17   18   19   20   21   22    1   34  206  656  484  369  232  156   92   80   44   31   16    7    5    6    3    1    1    1
20    2    3    4    5    6    7    8    9   10   11   12   13   14   15   16   17   18   19   20   21    1    2   49  228  629  490  358  210  155   91   77   44   29   13    8    6    5    2    1    2
20    2    3    4    5    6    7    8    9   10   11   12   13   14   15   16   17   18   19   20   21    1    3   56  253  618  485  351  203  142   88   68   43   28   13    9    5    4    2    2    1
20    2    3    4    5    6    7    8    9   10   11   12   13   14   15   16   17   18   19   20   21    1    5   63  282  615  466  342  186  144   85   63   40   23   15    6    7    2    3    1    1
19    2    3    4    5    6    7    8    9   10   11   12   13   14   15   16   17   18   19   20    1    5   80  316  588  473  317  171  139   89   56   40   18   14    6    6    2    2    2
19    2    3    4    5    6    7    8    9   10   11   12   13   14   15   16   17   18   19   20    1    7   92  329  579  462  308  167  136   80   52   42   14   14    6    5    2    2    2
19    2    3    4    5    6    7    8    9   10   11   12   13   14   15   16   17   18   19   20    1   16  102  338  570  461  288  160  136   69   55   38   15   11    5    5    2    2    1
20    1    2    3    4    5    6    7    8    9   10   11   12   13   14   15   16   17   18   19   20    1    1   20  108  363  557  450  280  151  125   70   49   36   16   10    3    5    2    2    1
20    1    2    3    4    5    6    7    8    9   10   11   12   13   14   15   16   17   18   19   20    1    2   20  118  378  550  440  270  147  120   62   46   34   15   10    3    4    2    2    1
19    1    2    3    4    5    6    7    8    9   10   11   12   13   14   15   16   17   18   19    1    3   26  133  397  530  436  257  140  109   58   42   33   15    8    3    4    2    3
19    1    2    3    4    5    6    7    8    9   10   11   12   13   14   15   16   17   18   19    1    4   28  155  404  521  416  245  138  107   55   40   29   12    8    3    4    2    3
19    1    2    3    4    5    6    7    8    9   10   11   12   13   14   15   16   17   18   19    2    3   33  171  415  508  399  240  125  104   55   43   23   12    5    4    4    1    3
19    1    2    3    4    5    6    7    8    9   10   11   12   13   14   15   16   17   18   19    2    4   42  189  411  505  382  233  124   91   53   40   26    8    5    2    4    3    1
18    1    2    3    4    5    6    7    8    9   10   11   12   13   14   15   16   17   18    2    6   49  210  411  490  368  229  113   85   53   40   23    6    5    2    4    4
18    1    2    3    4    5    6    7    8    9   10   11   12   13   14   15   16   17   18    2    7   61  221  411  483  356  222  106   82   49   39   20    4    4    1    5    2
18    1    2    3    4    5    6    7    8    9   10   11   12   13   14   15   16   17   18    2   11   67  231  416  473  345  211   96   85   47   33   18    4    3    1    6    1
18    1    2    3    4    5    6    7    8    9   10   11   12   13   14   15   16   17   18    2   13   72  239  429  457  327  201   97   84   40   31   18    4    4    1    5    1
18    1    2    3    4    5    6    7    8    9   10   11   12   13   14   15   16   17   18    2   16   75  254  435  433  327  183   99   77   40   31   14    3    4    2    4    1
17    1    2    3    4    5    6    7    8    9   10   11   12   13   14   15   16   17    2   19   84  273  418  442  305  172   98   72   35   31   11    4    3    2    4
17    1    2    3    4    5    6    7    8    9   10   11   12   13   14   15   16   17    3   24   94  281  420  423  295  165   93   69   32   30   10    3    3    1    4
17    1    2    3    4    5    6    7    8    9   10   11   12   13   14   15   16   17    5   27  101  285  420  417  270  167   89   69   28   26   10    3    3    1    4
17    1    2    3    4    5    6    7    8    9   10   11   12   13   14   15   16   17    5   29  111  289  425  402  257  157   89   65   27   23   10    2    4    2    2
17    1    2    3    4    5    6    7    8    9   10   11   12   13   14   15   16   17    5   33  119  302  424  385  244  152   90   54   28   19    9    4    3    1    2
16    1    2    3    4    5    6    7    8    9   10   11   12   13   14   15   17    6   34  135  313  415  367  231  155   80   52   29   14    9    4    3    2
16    1    2    3    4    5    6    7    8    9   10   11   12   13   14   15   17    6   40  142  328  408  365  209  149   76   47   24   12   10    3    3    2
16    1    2    3    4    5    6    7    8    9   10   11   12   13   14   15   17    6   47  145  329  408  344  205  144   75   47   20   13    8    3    3    2
17    1    2    3    4    5    6    7    8    9   10   11   12   13   14   15   16   17    7   51  153  336  403  321  205  136   74   41   19   14    7    2    3    1    1
16    1    2    3    4    5    6    7    8    9   10   11   12   13   14   15   16    9   53  165  341  393  313  194  132   65   41   18   12    6    3    2    2
16    1    2    3    4    5    6    7    8    9   10   11   12   13   14   15   16   13   57  179  335  391  293  185  126   65   38   18   11    6    3    3    1
15    1    2    3    4    5    6    7    8    9   10   11   12   13   14   15   16   67  181  347  376  276  181  122   57   36   17   11    8    2    2
15    1    2    3    4    5    6    7    8    9   10   11   12   13   14   15   19   72  192  344  356  277  167  117   60   30   17   12    7    2    2
15    1    2    3    4    5    6    7    8    9   10   11   12   13   14   15   18   75  202  343  358  262  159  113   52   31   15   10    6    2    2
15    1    2    3    4    5    6    7    8    9   10   11   12   13   14   15   18   79  210  355  348  252  145  112   50   22   13   11    5    1    1
15    1    2    3    4    5    6    7    8    9   10   11   12   13   14   15   25   81  215  354  337  241  151   96   46   24   13    8    4    1    1
14    1    2    3    4    5    6    7    8    9   10   11   12   13   15   29   82  231  341  330  237  143   85   47   20   13    8    4    1
14    1    2    3    4    5    6    7    8    9   10   11   12   13   15   32   89  237  328  335  227  139   75   40   20   13    7    3    1
14    1    2    3    4    5    6    7    8    9   10   11   12   13   15   33   98  237  326  324  221  140   64   39   19   13    5    1    1
14    1    2    3    4    5    6    7    8    9   10   11   12   13   14   32  104  254  330  296  220  126   69   29   20   12    2    1    1
14    1    2    3    4    5    6    7    8    9   10   11   12   13   14   34  114  262  323  288  218  119   58   26   18    8    1    1    1
14    1    2    3    4    5    6    7    8    9   10   11   12   13   14   38  119  265  319  286  206  105   57   24   15    7    1    1    1
13    1    2    3    4    5    6    7    8    9   10   11   12   13   42  124  272  310  281  191  104   47   26   14    5    1    2
13    1    2    3    4    5    6    7    8    9   10   11   12   13   39  132  263  320  268  188   90   49   26   10    5    2    1
13    1    2    3    4    5    6    7    8    9   10   11   12   13   41  144  272  309  261  179   79   47   21    8    5    2    1
12    1    2    3    4    5    6    7    8    9   10   11   12   43  157  263  303  255  173   70   47   17    8    4    3
12    1    2    3    4    5    6    7    8    9   10   11   12   43  165  264  296  254  155   70   41   12    9    3    3
12    1    2    3    4    5    6    7    8    9   10   11   12   49  166  275  285  240  155   57   39   13    8    2    3
12    1    2    3    4    5    6    7    8    9   10   11   12   54  176  273  279  233  137   59   33   10    9    3    1
12    1    2    3    4    5    6    7    8    9   10   11   12   62  183  262  277  223  130   53   31    9    8    3    1
12    1    2    3    4    5    6    7    8    9   10   11   12   67  188  273  265  211  122   45   25   10    6    2    1
11    1    2    3    4    5    6    7    8    9   10   12   70  190  270  268  196  111   45   22   11    5    1
11    1    2    3    4    5    6    7    8    9   10   12   72  205  275  248  187  100   43   21    7    4    1
11    1    2    3    4    5    6    7    8    9   10   12   74  207  270  241  185   88   41   20    6    4    1
11    1    2    3    4    5    6    7    8    9   10   12   81  209  275  238  174   74   34   18    6    3    1
11    1    2    3    4    5    6    7    8    9   10   11   81  209  276  225  161   68   32   15    7    2    1
11    1    2    3    4    5    6    7    8    9   10   11   88  218  271  216  145   67   23   16    6    2    1
11    1    2    3    4    5    6    7    8    9   10   11   95  227  265  207  133   57   22   13    6    2    1
10    1    2    3    4    5    6    7    8    9   10  100  235  259  206  116   49   21    9    6    1
 9    1    2    3    4    5    6    7    8    9  109  239  259  191  100   47   17    5    5
 9    1    2    3    4    5    6    7    8    9  115  236  255  176   96   39   15    5    5
 9    1    2    3    4    5    6    7    8    9  120  235  263  160   82   35   15    5    4
 9    1    2    3    4    5    6    7    8    9  126  236  253  146   78   28   13    4    4
 9    1    2    3    4    5    6    7    8    9  126  227  252  135   68   21   13    3    3
 9    1    2    3    4    5    6    7    8    9  131  233  240  121   62   18    9    2    2
 9    1    2    3    4    5    6    7    8    9  134  228  226  113   58   15    8    1    2
 9    1    2    3    4    5    6    7    8    9  137  234  213  100   55   14    6    2    1
 9    1    2    3    4    5    6    7    8    9  132  231  196  102   44   12    7    1    1
 8    1    2    3    4    5    6    7    8  128  234  190   86   37   10    7    2
 8    1    2    3    4    5    6    7    8  123  238  177   80   30    7    6    1
 7    1    2    3    4    5    6    7  114  218  167   72   24    8    5
 7    1    2    3    4    5    6    7  122  201  165   60   25    6    2
 7    1    2    3    4    5    6    7  123  194  150   52   18    4    1
 7    1    2    3    4    5    6    7  120  187  137   43   16    3    1
 6    1    2    3    4    5    6  117  178  137   37   12    1
 5    1    2    3    4    5  106  152  116   37    6
 5    1    2    3    4    5   65   93   68   26    3
 5    1    2    3    4    5   56   59   45   18    3
 5    1    2    3    4    5   46   53   39   14    1
 5    1    2    3    4    5   31   44   30    6    1
 5    1    2    3    4    5   23   37   26    2    1
 4    1    2    3    4   16   22   20    2
 4    1    2    3    4   12   19   12    1
 4    1    2    3    4   10   20   10    1
 3    1    2    3    4   13    4
 4    1    2    3    4    7    8    1    2
 4    1    2    3    4    7    7    1    2
 4    1    2    3    4    7    7    1    2
 3    1    2    4    4    7    1
 3    1    2    4    4    7    1
 3    1    2    3    3    4    1
 3    1    2    3    3    4    1
 2    1    2    2    2
 2    1    2    2    2
