# n  list(x)  list(y)
29   44   36   33   31   30   29   26   25   24   23   22   21   20   19   18   17   16   15   14   13   12   11   10    9    8    7    6    5    4    1    2    2    1    1    2    2    2    4    8    5    9   10   15   13   19   24   33   31   38   70   81  104  151  185  394 1140  149    4
18   20   19   18   17   16   15   14   13   12   11   10    9    8    7    6    5    4    3   17   12   11   13   27   33   29   36   51   75  109  145  170  356 1079  281   30    1
16   18   17   16   15   14   13   12   11   10    9    8    7    6    5    4    3    6   12   22   34   35   32   46   68  110  138  162  323  999  384   72    7
15   16   15   14   13   12   11   10    9    8    7    6    5    4    3    2    4   27   34   35   51   63   96  131  168  297  936  465  101   16    1
14   14   13   12   11   10    9    8    7    6    5    4    3    2    1   28   38   46   59   94  126  162  274  872  533  139   25    3    1
13   13   12   11   10    9    8    7    6    5    4    3    2    1   34   40   50   94  116  163  253  816  595  173   35    5    1
13   13   12   11   10    9    8    7    6    5    4    3    2    1    4   34   48   93  111  149  251  739  647  215   49    8    2
11   11   10    9    8    7    6    5    4    3    2    1   47   87  110  146  236  675  696  260   51   15    2
11   11   10    9    8    7    6    5    4    3    2    1   17   71  107  141  231  627  722  294   72   15    3
10   10    9    8    7    6    5    4    3    2    1   52  108  125  222  570  748  345   83   17    5
10   10    9    8    7    6    5    4    3    2    1   21   95  121  206  535  773  364  104   25    6
 9    9    8    7    6    5    4    3    2    1   73  118  194  491  783  408  125   27    5
 9    9    8    7    6    5    4    3    2    1   38  101  196  461  763  458  143   33    6
 9    9    8    7    6    5    4    3    2    1    5   85  187  436  753  510  142   49    7
 8    8    7    6    5    4    3    2    1   52  173  412  730  556  164   49   13
 8    8    7    6    5    4    3    2    1   14  155  395  710  599  177   59   14
 7    7    6    5    4    3    2    1  122  357  705  630  208   61   15
 7    7    6    5    4    3    2    1   87  319  679  672  231   68   17
 7    7    6    5    4    3    2    1   53  294  653  690  252   81   22
 7    7    6    5    4    3    2    1   20  270  623  713  272   87   33
 6    6    5    4    3    2    1  231  593  728  309   94   38
 6    6    5    4    3    2    1  190  546  743  335  115   39
 6    6    5    4    3    2    1  152  493  763  364  125   45
 6    6    5    4    3    2    1  114  454  752  410  137   50
 6    6    5    4    3    2    1   73  422  746  434  165   52
 6    6    5    4    3    2    1   30  381  759  462  176   57
 5    5    4    3    2    1  335  751  496  195   59
 5    5    4    3    2    1  285  724  511  224   64
 5    5    4    3    2    1  249  680  524  249   81
 5    5    4    3    2    1  206  642  545  267   93
 5    5    4    3    2    1  168  613  536  301  108
 5    5    4    3    2    1  127  577  544  333  119
 5    5    4    3    2    1   83  536  574  349  131
 5    5    4    3    2    1   42  493  593  380  137
 5    5    4    3    2    1    2  449  614  405  148
 4    4    3    2    1  410  585  400  171
 4    4    3    2    1  365  560  403  174
 4    4    3    2    1  321  542  404  174
 4    4    3    2    1  282  511  389  181
 4    4    3    2    1  247  470  360  166
 4    4    3    2    1  212  400  281  146
 4    4    3    2    1  170  372  289  146
 4    4    3    2    1  117  356  293  150
 4    4    3    2    1   79  327  290  165
 4    4    3    2    1   36  293  303  165
 4    4    3    2    1    4  245  291  161
 3    3    2    1  195  236  121
 3    3    2    1  194  232  122
 3    3    2    1  185  221  113
 3    3    2    1  183  215  113
 3    3    2    1   74  100   50
 3    3    2    1   54   73   32
 3    3    2    1   33   49   25
 3    3    2    1   13   23   11
 3    3    2    1    4    7    6
 2    2    1    9    2
 2    2    1    9    2
 2    2    1    9    2
 2    2    1    9    2
 2    2    1    9    2
 2    2    1    5    2
 2    2    1    1    2
