# n  list(x)  list(y)
16   21   18   17   16   15   14   13   12   11   10    9    8    7    6    5    4    1    1    2    9   19   25   46   87  108  191  300  469  456  638  144    4
15   20   17   16   15   14   13   12   11   10    9    8    7    6    5    4    1    3    9   17   22   41   84  108  179  288  445  472  622  175    9
15   20   17   16   15   14   13   12   11   10    9    8    7    6    5    4    1    3    9   17   17   43   73  107  171  266  434  478  609  206   16
15   19   17   16   15   14   13   12   11   10    9    8    7    6    5    4    1    3    9   12   20   41   68   97  169  242  416  490  598  234   25
16   19   17   16   15   14   13   12   11   10    9    8    7    6    5    4    3    1    3    7   12   19   39   65   96  163  234  405  472  595  248   40    1
16   19   17   16   15   14   13   12   11   10    9    8    7    6    5    4    3    1    2    7   11   13   38   63   94  155  212  404  465  586  266   55    3
17   19   17   16   15   14   13   12   11   10    9    8    7    6    5    4    3    2    1    2    6   10   15   32   59   90  146  211  393  454  575  281   69    5    1
17   18   17   16   15   14   13   12   11   10    9    8    7    6    5    4    3    2    1    2    5   11   13   28   53   90  140  204  369  451  574  290   85    8    1
16   17   16   15   14   13   12   11   10    9    8    7    6    5    4    3    2    3    4    9   12   29   52   77  138  193  352  448  555  317   96   14    1
16   17   16   15   14   13   12   11   10    9    8    7    6    5    4    3    2    1    6    7   13   26   47   72  128  192  342  425  562  327  108   18    1
16   17   16   15   14   13   12   11   10    9    8    7    6    5    4    3    2    1    5    8   13   23   47   72  117  182  333  411  553  341  122   20    2
16   17   16   15   14   13   12   11   10    9    8    7    6    5    4    3    2    1    5    8   11   22   40   69  114  179  310  412  544  349  137   22    2
15   16   15   14   13   12   11   10    9    8    7    6    5    4    3    2    6    5   10   21   40   63  104  180  292  407  536  360  142   28    6
15   16   15   14   13   12   11   10    9    8    7    6    5    4    3    2    3    5   12   17   41   62   89  172  289  390  526  372  158   32    7
15   16   15   14   13   12   11   10    9    8    7    6    5    4    3    2    2    4   12   15   38   60   84  175  268  383  507  381  173   40    8
15   16   15   14   13   12   11   10    9    8    7    6    5    4    3    2    2    3   10   16   34   59   74  173  243  379  503  385  187   47   10
16   16   15   14   13   12   11   10    9    8    7    6    5    4    3    2    1    1    4    9   17   30   52   73  173  231  354  511  387  197   50   10    1
16   16   15   14   13   12   11   10    9    8    7    6    5    4    3    2    1    1    4    8   14   29   47   71  165  226  337  503  396  202   58   13    1
16   16   15   14   13   12   11   10    9    8    7    6    5    4    3    2    1    1    4    6   12   29   41   69  156  214  329  488  396  223   64   16    2
15   15   14   13   12   11   10    9    8    7    6    5    4    3    2    1    5    5   10   22   43   67  144  208  320  476  400  234   72   17    2
15   15   14   13   12   11   10    9    8    7    6    5    4    3    2    1    5    4   10   20   43   59  128  211  295  467  407  250   81   17    3
15   15   14   13   12   11   10    9    8    7    6    5    4    3    2    1    3    5    8   14   45   54  117  197  301  445  416  259   89   19    3
15   15   14   13   12   11   10    9    8    7    6    5    4    3    2    1    3    5    7   11   42   48  107  195  288  436  408  281   92   24    3
15   15   14   13   12   11   10    9    8    7    6    5    4    3    2    1    2    6    5   12   38   47   99  192  270  422  413  288  101   26    4
15   15   14   13   12   11   10    9    8    7    6    5    4    3    2    1    2    4    6   12   34   44   95  191  263  401  396  308  107   32    5
15   15   14   13   12   11   10    9    8    7    6    5    4    3    2    1    1    5    3   11   29   45   87  176  254  386  403  321  115   32    6
15   15   14   13   12   11   10    9    8    7    6    5    4    3    2    1    1    4    4    8   31   40   79  172  248  370  399  331  122   34    6
15   15   14   13   12   11   10    9    8    7    6    5    4    3    2    1    1    3    5    6   26   41   72  156  242  357  397  345  129   38    6
15   15   14   13   12   11   10    9    8    7    6    5    4    3    2    1    1    3    3    8   25   38   66  143  236  348  382  352  146   42    5
15   15   14   13   12   11   10    9    8    7    6    5    4    3    2    1    1    3    2    8   22   38   61  137  222  340  376  353  157   48    5
14   14   13   12   11   10    9    8    7    6    5    4    3    2    1    3    3    8   17   37   59  134  218  319  370  360  158   58    5
14   14   13   12   11   10    9    8    7    6    5    4    3    2    1    3    3    6   15   34   58  129  194  318  365  358  176   60    5
14   14   13   12   11   10    9    8    7    6    5    4    3    2    1    2    2    8   13   24   58  131  182  302  363  349  192   67    6
14   14   13   12   11   10    9    8    7    6    5    4    3    2    1    2    2    6   14   24   41  128  181  284  367  341  202   73    9
14   14   13   12   11   10    9    8    7    6    5    4    3    2    1    2    2    6   13   24   38  114  177  263  372  346  202   80   10
14   14   13   12   11   10    9    8    7    6    5    4    3    2    1    2    1    5   13   22   36  106  173  250  359  356  201   85   15
14   14   13   12   11   10    9    8    7    6    5    4    3    2    1    2    1    4   13   16   36   97  156  239  359  361  207   91   16
14   14   13   12   11   10    9    8    7    6    5    4    3    2    1    2    1    3   13   13   36   86  146  229  356  358  220   95   16
13   13   12   11   10    9    8    7    6    5    4    3    2    1    3    2    9   13   32   81  139  222  336  359  232  102   19
13   13   12   11   10    9    8    7    6    5    4    3    2    1    2    1    9   14   29   72  131  214  318  368  241  105   20
13   13   12   11   10    9    8    7    6    5    4    3    2    1    2    1    9   13   26   71  120  207  307  359  249  114   21
13   13   12   11   10    9    8    7    6    5    4    3    2    1    1    1    9   10   19   63  118  199  305  350  259  113   27
13   13   12   11   10    9    8    7    6    5    4    3    2    1    1    1    8    9   14   63  112  187  292  345  263  120   32
12   12   11   10    9    8    7    6    5    4    3    2    1    1    7    5   17   52  115  168  286  346  267  123   34
12   12   11   10    9    8    7    6    5    4    3    2    1    1    7    4   16   44  107  166  257  346  272  137   39
12   12   11   10    9    8    7    6    5    4    3    2    1    1    6    4   16   38   99  156  241  351  273  139   47
11   11   10    9    8    7    6    5    4    3    2    1    5    5   14   35   86  160  214  350  277  151   48
11   11   10    9    8    7    6    5    4    3    2    1    3    7   13   29   86  140  212  346  276  150   58
11   11   10    9    8    7    6    5    4    3    2    1    3    5   12   28   76  137  200  335  278  156   65
11   11   10    9    8    7    6    5    4    3    2    1    3    3   13   26   73  124  200  313  275  173   66
11   11   10    9    8    7    6    5    4    3    2    1    1    1   13   24   70  117  187  301  282  176   69
11   11   10    9    8    7    6    5    4    3    2    1    1    1   10   21   64  115  170  300  278  180   71
11   11   10    9    8    7    6    5    4    3    2    1    1    1    6   19   56  103  154  302  283  184   76
10   11    9    8    7    6    5    4    3    2    1    1    6   14   51   97  142  295  279  187   83
10   10    9    8    7    6    5    4    3    2    1    1    3   13   45   82  136  275  290  195   90
10   10    9    8    7    6    5    4    3    2    1    1    2   12   40   74  133  263  289  199   90
10   10    9    8    7    6    5    4    3    2    1    1    1   12   32   71  125  254  280  205   92
 9    9    8    7    6    5    4    3    2    1    2   10   32   60  118  241  279  208   95
 9    9    8    7    6    5    4    3    2    1    2    9   26   54  112  219  276  215  106
 9    9    8    7    6    5    4    3    2    1    2    6   24   50  106  207  262  232  104
 9    9    8    7    6    5    4    3    2    1    1    6   17   49   99  197  255  231  114
 9    9    8    7    6    5    4    3    2    1    1    5   15   45   85  200  243  218  120
 9    9    8    7    6    5    4    3    2    1    1    3   10   44   78  188  231  221  128
 9    9    8    7    6    5    4    3    2    1    1    3    9   41   68  173  228  225  128
 8    8    7    6    5    4    3    2    1    4    8   35   61  165  224  214  127
 8    8    7    6    5    4    3    2    1    3    8   30   53  151  216  216  127
 8    8    7    6    5    4    3    2    1    3    6   26   48  135  213  204  131
 8    8    7    6    5    4    3    2    1    3    5   18   46  122  207  202  134
 8    8    7    6    5    4    3    2    1    2    5   16   36  107  193  192  130
 8    8    7    6    5    4    3    2    1    1    3   10   36   92  183  190  132
 7    7    6    5    4    3    2    1    4    7   31   84  168  192  131
 7    7    6    5    4    3    2    1    3    7   27   72  162  185  128
 7    7    6    5    4    3    2    1    3    7   22   67  137  163  110
 7    7    6    5    4    3    2    1    3    3   23   64  124  153  108
 6    6    5    4    3    2    1    3   16   54   81  123   83
 6    6    5    4    3    2    1    2   11   28   49   79   54
 6    6    5    4    3    2    1    2   10   22   47   70   45
 6    6    5    4    3    2    1    2    5   14   31   38   24
 6    6    5    4    3    2    1    2    4   15   31   38   23
 6    6    5    4    3    2    1    1    3    9   17   22   14
 6    6    5    4    3    2    1    1    1    7   14   22   15
 5    6    4    3    2    1    1    8   11   20   15
 5    6    4    3    2    1    1    8   11   20   15
 5    5    4    3    2    1    1    6    5   12   10
 5    5    4    3    2    1    1    3    4    7    9
 5    5    4    3    2    1    1    2    2    6    5
 4    4    3    2    1    1    2    6    4
 3    3    2    1    2    5    4
 3    3    2    1    6    2    2
 3    3    2    1    6    2    2
 3    3    2    1    6    2    2
 3    3    2    1    3    4    1
 3    3    2    1    3    4    1
 3    3    2    1    2    3    2
 2    2    1    2    2
 2    2    1    1    2
 2    2    1    1    2
 2    2    1    1    2
