# n  list(x)  list(y)
17    4    5    6    7    8    9   10   11   12   13   14   15   16   17   18   19   21    3  102  571  601  459  313  185  108   60   38   31   14    5    5    2    2    1
17    4    5    6    7    8    9   10   11   12   13   14   15   16   17   18   19   21   11  124  573  600  446  291  184   97   60   33   33    9    6    4    2    1    1
17    4    5    6    7    8    9   10   11   12   13   14   15   16   17   18   19   20   18  156  573  579  444  266  182   93   51   36   31    8    5    5    1    1    1
16    3    4    5    6    7    8    9   10   11   12   13   14   15   16   17   19    2   32  176  568  583  410  266  165   92   50   31   30    8    4    6    2
16    3    4    5    6    7    8    9   10   11   12   13   14   15   16   17   19    2   38  215  558  561  402  253  156   88   53   28   27    7    4    6    2
16    3    4    5    6    7    8    9   10   11   12   13   14   15   16   17   19    4   47  239  547  558  387  240  148   86   50   28   23    7    3    6    2
16    3    4    5    6    7    8    9   10   11   12   13   14   15   16   17   19    5   61  244  561  540  377  222  142   87   45   27   21    8    3    5    2
16    3    4    5    6    7    8    9   10   11   12   13   14   15   16   17   19    7   73  271  548  531  365  207  132   84   46   27   17    8    2    5    2
16    3    4    5    6    7    8    9   10   11   12   13   14   15   16   17   19   10   82  298  531  524  345  204  128   78   40   29   14    9    2    4    2
16    3    4    5    6    7    8    9   10   11   12   13   14   15   16   18   19   15   94  303  527  518  328  201  120   75   39   27   14    6    6    1    1
16    3    4    5    6    7    8    9   10   11   12   13   14   15   16   17   19   18  111  324  519  499  305  203  114   71   35   24   13    7    5    1    1
17    2    3    4    5    6    7    8    9   10   11   12   13   14   15   16   17   19    2   19  124  333  514  481  297  205   99   70   34   23   10    9    3    1    1
17    2    3    4    5    6    7    8    9   10   11   12   13   14   15   16   17   19    2   25  137  346  513  458  295  190   94   64   35   20   11    5    3    1    1
17    2    3    4    5    6    7    8    9   10   11   12   13   14   15   16   17   19    2   30  154  362  503  444  278  181   91   57   34   19   11    5    2    1    1
16    2    3    4    5    6    7    8    9   10   11   12   13   14   15   16   19    2   36  166  370  498  433  273  165   87   53   31   16   12    4    3    1
16    2    3    4    5    6    7    8    9   10   11   12   13   14   15   16   19    2   44  173  385  495  416  260  158   85   44   35   14    6    4    3    1
16    2    3    4    5    6    7    8    9   10   11   12   13   14   15   16   19    6   50  180  389  500  396  248  155   74   42   34   15    4    4    2    1
16    2    3    4    5    6    7    8    9   10   11   12   13   14   15   16   18    9   54  190  398  489  382  239  145   70   47   26   16    3    4    2    1
16    2    3    4    5    6    7    8    9   10   11   12   13   14   15   16   18   10   62  203  404  466  376  234  131   70   45   24   15    3    5    1    1
15    2    3    4    5    6    7    8    9   10   11   12   13   14   15   16   13   73  208  408  464  356  229  125   62   41   23   13    4    4    2
16    1    2    3    4    5    6    7    8    9   10   11   12   13   14   15   16    1   17   76  216  420  454  342  217  115   63   35   23   12    4    3    2
16    1    2    3    4    5    6    7    8    9   10   11   12   13   14   15   16    1   20   84  228  429  445  321  209  112   55   36   16   10    4    3    2
16    1    2    3    4    5    6    7    8    9   10   11   12   13   14   15   16    1   22   94  237  431  433  310  203  107   45   35   15    8    4    4    1
16    1    2    3    4    5    6    7    8    9   10   11   12   13   14   15   16    2   26   99  254  424  417  306  195  101   38   35   12    7    4    4    1
16    1    2    3    4    5    6    7    8    9   10   11   12   13   14   15   16    2   31  107  258  422  400  303  188   89   44   30   11    7    3    4    1
16    1    2    3    4    5    6    7    8    9   10   11   12   13   14   15   16    4   31  114  270  417  396  290  182   79   41   29    8    7    2    4    1
16    1    2    3    4    5    6    7    8    9   10   11   12   13   14   15   16    4   38  123  265  427  384  276  178   67   43   27    5    6    2    4    1
16    1    2    3    4    5    6    7    8    9   10   11   12   13   14   15   16    4   41  135  263  429  378  252  171   71   39   25    4    7    2    3    1
16    1    2    3    4    5    6    7    8    9   10   11   12   13   14   15   16    5   44  146  268  436  355  241  161   69   40   19    3    7    2    3    1
15    1    2    3    4    5    6    7    8    9   10   11   12   13   14   15    5   50  156  280  419  351  225  154   67   34   18    5    4    2    4
15    1    2    3    4    5    6    7    8    9   10   11   12   13   14   15    5   56  166  287  407  351  207  145   62   31   17    6    4    1    4
15    1    2    3    4    5    6    7    8    9   10   11   12   13   14   15    6   62  172  291  406  348  191  137   55   27   16    5    4    1    4
15    1    2    3    4    5    6    7    8    9   10   11   12   13   14   15    8   71  170  302  404  331  181  126   53   27   14    4    4    3    2
15    1    2    3    4    5    6    7    8    9   10   11   12   13   14   15    9   72  177  320  403  312  162  121   47   25   15    3    4    4    1
15    1    2    3    4    5    6    7    8    9   10   11   12   13   14   15   11   77  190  324  389  310  144  111   44   27   10    3    5    3    1
14    1    2    3    4    5    6    7    8    9   10   11   12   13   14   14   80  197  326  381  289  140  107   43   26   10    2    5    4
14    1    2    3    4    5    6    7    8    9   10   11   12   13   14   18   74  206  332  363  281  133  106   40   25    9    2    7    2
14    1    2    3    4    5    6    7    8    9   10   11   12   13   14   19   83  211  336  367  261  120  101   34   23    7    3    6    2
14    1    2    3    4    5    6    7    8    9   10   11   12   13   14   19   92  207  339  363  249  115   93   32   22    6    4    6    1
14    1    2    3    4    5    6    7    8    9   10   11   12   13   14   20   99  212  336  356  233  105   95   31   19    5    5    5    1
13    1    2    3    4    5    6    7    8    9   10   11   12   13   21  106  218  338  343  226   99   84   29   18    7    3    5
13    1    2    3    4    5    6    7    8    9   10   11   12   13   23  115  216  332  338  217   96   75   29   17    6    4    4
13    1    2    3    4    5    6    7    8    9   10   11   12   13   25  126  228  328  322  198   99   68   28   12    6    5    2
13    1    2    3    4    5    6    7    8    9   10   11   12   13   31  129  239  327  308  188   90   64   23   10    6    6    1
12    1    2    3    4    5    6    7    8    9   10   11   12   34  137  249  322  302  169   88   52   23    9    6    7
12    1    2    3    4    5    6    7    8    9   10   11   12   39  139  248  326  293  154   83   46   25   10    4    6
12    1    2    3    4    5    6    7    8    9   10   11   12   40  146  257  315  284  146   74   44   23   10    4    4
12    1    2    3    4    5    6    7    8    9   10   11   12   44  157  253  305  280  137   65   44   19   10    3    4
12    1    2    3    4    5    6    7    8    9   10   11   12   48  158  259  302  272  124   61   37   19    8    3    4
12    1    2    3    4    5    6    7    8    9   10   11   12   46  169  266  289  263  115   56   35   14    8    3    4
12    1    2    3    4    5    6    7    8    9   10   11   12   49  166  270  287  246  110   55   32   15    5    3    4
12    1    2    3    4    5    6    7    8    9   10   11   12   57  177  270  278  227  103   50   30   14    5    2    4
12    1    2    3    4    5    6    7    8    9   10   11   12   54  187  266  270  217   95   46   29   15    4    2    4
12    1    2    3    4    5    6    7    8    9   10   11   12   58  192  265  271  204   86   40   26   13    5    2    2
11    1    2    3    4    5    6    7    8    9   10   11   61  199  265  262  191   71   42   26    9    6    2
11    1    2    3    4    5    6    7    8    9   10   11   62  199  261  252  191   58   42   24   10    4    2
10    1    2    3    4    5    6    7    8    9   10   73  194  257  244  180   56   37   22   11    5
10    1    2    3    4    5    6    7    8    9   10   77  194  254  237  168   47   33   21   10    5
10    1    2    3    4    5    6    7    8    9   10   81  200  244  231  157   48   26   21    8    5
10    1    2    3    4    5    6    7    8    9   10   86  201  233  227  141   50   24   18    6    4
10    1    2    3    4    5    6    7    8    9   10   92  199  232  220  130   48   25   14    5    4
10    1    2    3    4    5    6    7    8    9   10   98  202  224  211  119   45   23   12    4    3
10    1    2    3    4    5    6    7    8    9   10  103  203  214  203  112   40   21   11    6    1
10    1    2    3    4    5    6    7    8    9   10  107  208  204  199   99   35   22    9    4    1
10    1    2    3    4    5    6    7    8    9   10  112  214  200  189   88   31   19    9    3    1
10    1    2    3    4    5    6    7    8    9   10  114  212  194  175   85   26   17    7    2    1
 9    1    2    3    4    5    6    7    8    9  127  206  195  157   75   19   17    5    2
 9    1    2    3    4    5    6    7    8    9  136  210  183  140   67   17   17    4    1
 9    1    2    3    4    5    6    7    8    9  135  200  181  129   56   18   13    4    1
 9    1    2    3    4    5    6    7    8    9  139  177  175  113   52   18   11    3    1
 9    1    2    3    4    5    6    7    8    9  133  172  170  103   41   18    7    3    1
 9    1    2    3    4    5    6    7    8    9  132  167  163   89   40   19    4    1    1
 9    1    2    3    4    5    6    7    8    9  126  163  149   84   36   17    2    1    1
 8    1    2    3    4    5    6    8    9  128  157  138   77   33   15    1    1
 8    1    2    3    4    5    6    8    9  124  146  134   73   27   12    1    1
 7    1    2    3    4    5    6    9  126  141  134   49   25   10    1
 7    1    2    3    4    5    6    9  127  130  119   40   23    7    1
 7    1    2    3    4    5    6    9  109  128  107   29   19    5    1
 7    1    2    3    4    5    6    9  110  126   94   30   13    4    1
 7    1    2    3    4    5    6    9   92   97   71   24   10    3    1
 7    1    2    3    4    5    6    9   72   76   56   19    7    3    1
 7    1    2    3    4    5    6    9   62   68   42   18    5    3    1
 6    1    2    3    4    6    9   27   25   18    7    1    1
 6    1    2    3    4    6    9   24   23   17    6    1    1
 6    1    2    3    4    6    8   16   12   12    4    1    1
 5    1    2    3    4    5   10    7    3    3    1
 5    1    2    3    4    5   10    7    3    2    1
 4    1    2    3    4    6    4    4    1
 4    1    2    3    4    6    3    4    1
 4    1    2    3    4    6    2    4    1
 3    1    2    3    5    2    5
 3    1    2    3    3    3    3
 3    1    2    3    2    3    2
 2    1    2    2    2
 2    1    2    2    2
 2    1    2    2    1
 2    1    2    2    1
 2    1    2    2    1
