# n  list(x)  list(y)
19    4    5    6    7    8    9   10   11   12   13   14   15   16   17   18   19   20   21   23    4  118  702  537  403  250  151  125   85   45   26   23    8   10    3    6    2    1    1
19    4    5    6    7    8    9   10   11   12   13   14   15   16   17   18   19   20   21   23   11  158  680  532  382  244  151  115   82   46   26   17    9   10    2    6    2    1    1
18    4    5    6    7    8    9   10   11   12   13   14   15   16   17   19   20   21   23   15  183  679  525  368  234  147  111   76   42   27   16    6   11    6    2    1    1
18    4    5    6    7    8    9   10   11   12   13   14   15   16   17   18   19   20   21   20  216  680  513  349  230  138  106   70   38   26   14    8    9    1    4    1    2
18    3    4    5    6    7    8    9   10   11   12   13   14   15   16   17   18   19   21    1   36  237  674  494  343  217  131  104   66   34   27   12    7    9    2    4    2
18    3    4    5    6    7    8    9   10   11   12   13   14   15   16   17   18   19   20    4   45  277  652  482  326  205  130  102   62   32   23   11    8    8    3    3    2
18    3    4    5    6    7    8    9   10   11   12   13   14   15   16   17   18   19   20    5   56  304  648  456  323  192  128   98   57   28   24    7    9    8    2    4    1
17    3    4    5    6    7    8    9   10   11   12   13   14   15   16   17   19   20    7   74  338  627  452  304  187  119   90   49   31   20    4   11    7    4    1
17    3    4    5    6    7    8    9   10   11   12   13   14   15   16   17   19   20   13   92  345  604  444  300  185  111   86   44   32   17    5   11    6    4    1
18    3    4    5    6    7    8    9   10   11   12   13   14   15   16   17   18   19   20   21  105  344  606  423  289  182  109   84   45   26   15    6   10    5    1    3    1
18    3    4    5    6    7    8    9   10   11   12   13   14   15   16   17   18   19   20   21  118  364  607  410  272  171  110   77   41   22   13    5    9    7    1    1    1
17    3    4    5    6    7    8    9   10   11   12   13   14   15   16   17   18   19   24  128  386  589  402  263  160  111   74   38   16   12    7    7    6    1    1
17    2    3    4    5    6    7    8    9   10   11   12   13   14   15   16   17   19    1   30  142  390  579  386  260  155  109   66   36   15   10    8    7    5    1
17    2    3    4    5    6    7    8    9   10   11   12   13   14   15   16   17   19    3   31  161  395  566  377  254  149  102   60   33   14   12    5    8    4    1
17    2    3    4    5    6    7    8    9   10   11   12   13   14   15   16   17   19    4   35  180  416  549  359  248  138   89   59   32   13   12    4    8    3    1
17    2    3    4    5    6    7    8    9   10   11   12   13   14   15   16   17   19    5   42  191  424  541  346  239  130   86   53   29   13   13    2    7    3    1
17    2    3    4    5    6    7    8    9   10   11   12   13   14   15   16   17   19    6   51  201  425  532  341  223  124   83   51   27   15   10    2    6    2    1
17    2    3    4    5    6    7    8    9   10   11   12   13   14   15   16   17   19    7   59  217  430  521  333  205  119   80   48   24   12    9    3    6    1    1
17    2    3    4    5    6    7    8    9   10   11   12   13   14   15   16   17   19    9   65  231  429  509  320  196  118   73   48   22   11    8    3    6    1    1
17    2    3    4    5    6    7    8    9   10   11   12   13   14   15   16   17   18    9   73  242  437  498  305  185  112   70   44   21   10    8    4    5    1    1
16    2    3    4    5    6    7    8    9   10   11   12   13   14   15   16   18   10   87  247  431  483  300  176  110   66   41   22    8    8    5    5    1
17    1    2    3    4    5    6    7    8    9   10   11   12   13   14   15   16   18    1    9  100  264  428  462  294  163  109   65   38   15    8    8    8    2    1
17    1    2    3    4    5    6    7    8    9   10   11   12   13   14   15   16   18    1   10  111  271  430  448  271  165  106   62   35   14    9    8    7    1    1
16    1    2    3    4    5    6    7    8    9   10   11   12   13   14   15   18    2   13  115  285  437  420  267  161   94   61   33   13    9    7    7    1
16    1    2    3    4    5    6    7    8    9   10   11   12   13   14   15   18    2   20  122  290  437  411  253  165   82   54   29   13   10    4    7    1
16    1    2    3    4    5    6    7    8    9   10   11   12   13   14   15   18    2   26  134  298  415  405  248  154   83   49   29   11   10    3    7    1
16    1    2    3    4    5    6    7    8    9   10   11   12   13   14   15   18    3   34  140  314  394  396  237  148   78   49   26   11    9    3    7    1
16    1    2    3    4    5    6    7    8    9   10   11   12   13   14   15   18    4   36  154  311  407  385  216  140   78   45   21    9   10    2    6    1
15    1    2    3    4    5    6    7    8    9   10   11   12   13   14   15    6   45  154  320  408  365  206  129   79   47   15   10    8    4    4
15    1    2    3    4    5    6    7    8    9   10   11   12   13   14   15    6   48  160  324  402  356  203  126   70   44   10   11    8    4    3
15    1    2    3    4    5    6    7    8    9   10   11   12   13   14   15    7   48  166  331  392  355  194  123   59   40   13    9    6    4    3
15    1    2    3    4    5    6    7    8    9   10   11   12   13   14   15    9   50  178  333  389  345  179  116   62   32   14    7    5    4    2
15    1    2    3    4    5    6    7    8    9   10   11   12   13   14   15   11   50  193  334  376  329  177  114   53   31   14    7    4    4    2
15    1    2    3    4    5    6    7    8    9   10   11   12   13   14   15   13   52  206  342  366  312  168  111   47   30   11    8    3    3    2
15    1    2    3    4    5    6    7    8    9   10   11   12   13   14   15   15   55  215  353  353  298  161  107   41   28    8    7    4    3    1
14    1    2    3    4    5    6    7    8    9   10   11   12   13   14   15   61  225  357  353  281  147  101   39   26    6    6    3    4
14    1    2    3    4    5    6    7    8    9   10   11   12   13   14   15   68  233  360  344  273  144   87   36   20    6    6    4    3
14    1    2    3    4    5    6    7    8    9   10   11   12   13   14   19   68  244  362  338  258  141   69   37   19    7    5    4    3
14    1    2    3    4    5    6    7    8    9   10   11   12   13   14   22   81  240  381  315  253  128   61   38   12    8    6    3    2
14    1    2    3    4    5    6    7    8    9   10   11   12   13   14   25   91  246  373  302  245  122   58   34   11    7    7    2    2
14    1    2    3    4    5    6    7    8    9   10   11   12   13   14   29   89  257  383  286  232  114   50   34   10    6    6    2    2
14    1    2    3    4    5    6    7    8    9   10   11   12   13   14   31  101  255  377  282  223  105   49   27   11    5    6    1    2
13    1    2    3    4    5    6    7    8    9   10   11   12   13   29  110  265  374  274  201   97   52   24   10    4    6    3
13    1    2    3    4    5    6    7    8    9   10   11   12   13   35  116  268  373  269  186   84   49   23    8    6    3    3
13    1    2    3    4    5    6    7    8    9   10   11   12   13   37  121  278  377  253  170   79   42   21    8    5    5    1
13    1    2    3    4    5    6    7    8    9   10   11   12   13   38  128  291  353  250  160   78   36   20    6    6    4    1
12    1    2    3    4    5    6    7    8    9   10   11   12   39  139  297  340  244  147   72   33   19    6    5    5
12    1    2    3    4    5    6    7    8    9   10   11   12   48  147  294  326  241  139   65   31   15    7    5    3
12    1    2    3    4    5    6    7    8    9   10   11   12   58  153  287  327  222  130   65   30   10    9    2    3
12    1    2    3    4    5    6    7    8    9   10   11   12   61  158  294  313  218  122   54   31    5   10    2    2
12    1    2    3    4    5    6    7    8    9   10   11   12   70  162  295  303  203  119   46   28    6    9    2    2
12    1    2    3    4    5    6    7    8    9   10   11   12   73  169  291  305  191  106   42   25    8    6    3    1
11    1    2    3    4    5    6    7    8    9   10   11   82  172  298  287  182  100   38   19   10    4    2
11    1    2    3    4    5    6    7    8    9   10   11   90  170  303  276  168   96   34   16   10    4    1
11    1    2    3    4    5    6    7    8    9   10   11   93  182  303  263  159   84   29   19    7    2    1
11    1    2    3    4    5    6    7    8    9   10   11   97  185  307  253  142   79   28   15    5    2    1
11    1    2    3    4    5    6    7    8    9   10   11   97  190  316  231  139   62   27   13    6    1    1
11    1    2    3    4    5    6    7    8    9   10   11  109  195  300  229  122   58   26   11    4    1    1
10    1    2    3    4    5    6    7    8    9   11  111  202  288  222  113   52   24   10    5    1
10    1    2    3    4    5    6    7    8    9   11  114  208  273  213   99   50   22    9    5    1
10    1    2    3    4    5    6    7    8    9   10  120  212  279  187   97   43   19    8    1    1
10    1    2    3    4    5    6    7    8    9   10  124  212  271  176   95   37   19    7    1    1
10    1    2    3    4    5    6    7    8    9   10  122  208  265  166   84   39   18    4    1    1
10    1    2    3    4    5    6    7    8    9   10  130  208  251  155   80   38   14    4    1    1
10    1    2    3    4    5    6    7    8    9   10  136  214  236  147   76   29   13    4    1    1
 9    1    2    3    4    5    6    7    8   10  141  218  231  136   65   25   13    3    1
 9    1    2    3    4    5    6    7    8   10  143  220  221  126   54   26   10    3    1
 9    1    2    3    4    5    6    7    8   10  148  224  213  114   41   28    6    2    1
 9    1    2    3    4    5    6    7    8   10  149  218  201  105   40   25    6    1    1
 9    1    2    3    4    5    6    7    8   10  145  204  186   95   36   24    5    1    1
 9    1    2    3    4    5    6    7    8    9  145  198  168  100   35   15    5    1    1
 9    1    2    3    4    5    6    7    8    9  140  192  162   88   32   12    3    1    1
 8    1    2    3    4    5    6    7    8  137  193  146   80   29   11    2    2
 8    1    2    3    4    5    6    7    8  126  170  123   69   29    7    2    2
 7    1    2    3    4    5    6    8  124  163  113   58   25    5    1
 7    1    2    3    4    5    6    8  107  149   99   52   18    4    1
 7    1    2    3    4    5    6    8  102  145  101   39   15    4    1
 7    1    2    3    4    5    6    8   99  131   89   34   16    2    1
 7    1    2    3    4    5    6    8   58   69   53   22    9    1    1
 7    1    2    3    4    5    6    7   53   63   48   22    6    1    1
 7    1    2    3    4    5    6    7   48   55   44   19    5    1    1
 6    1    2    3    4    5    7   43   52   36   13    4    1
 6    1    2    3    4    5    7   32   46   30   11    3    1
 6    1    2    3    4    5    6   29   36   26    6    3    1
 6    1    2    3    4    5    6   22   29   22    4    2    1
 5    1    2    3    4    5   12   19   11    3    1
 5    1    2    3    4    5   11   19   10    3    1
 5    1    2    3    4    5   11   15    6    2    1
 4    1    2    3    4    6    3    4    2
 4    1    2    3    4    7    1    3    2
 4    1    2    3    4    3    5    1    1
 4    1    2    3    4    3    5    1    1
 4    1    2    3    4    3    5    1    1
 4    1    2    3    4    3    5    1    1
 4    1    2    3    4    3    5    1    1
 3    1    2    3    3    3    1
 2    1    2    2    2
