# n  list(x)  list(y)
10   13   12   11   10    9    8    7    6    5    4    4   23   84  255  437  763  495  303  132    4
10   13   12   11   10    9    8    7    6    5    4    3   23   71  239  418  750  503  312  145   11
10   13   12   11   10    9    8    7    6    5    4    2   19   64  221  406  710  530  326  154   18
11   13   12   11   10    9    8    7    6    5    4    3    2   15   56  205  393  691  534  340  162   26    1
11   13   12   11   10    9    8    7    6    5    4    3    2   12   52  182  382  654  551  356  177   30    2
11   13   12   11   10    9    8    7    6    5    4    3    1   13   47  165  363  635  556  372  183   36    4
11   13   12   11   10    9    8    7    6    5    4    3    1   11   43  147  346  616  546  383  213   39    5
11   13   12   11   10    9    8    7    6    5    4    3    1   10   42  132  334  573  569  379  229   49    7
11   13   12   11   10    9    8    7    6    5    4    3    1    8   38  130  308  546  572  387  243   57   10
11   13   12   11   10    9    8    7    6    5    4    3    1    8   34  110  298  517  574  398  253   70   12
11   13   12   11   10    9    8    7    6    5    4    3    1    8   27  104  285  476  575  413  267   79   15
11   13   12   11   10    9    8    7    6    5    4    3    1    6   22   96  271  447  571  426  280   88   17
12   13   12   11   10    9    8    7    6    5    4    3    2    1    5   22   88  242  442  549  446  288   94   22    1
12   13   12   11   10    9    8    7    6    5    4    3    2    1    4   20   84  226  423  535  447  301  102   27    5
12   13   12   11   10    9    8    7    6    5    4    3    2    1    4   15   86  209  397  522  439  335  105   32    5
12   13   12   11   10    9    8    7    6    5    4    3    2    1    3   15   73  195  380  517  435  346  116   38    6
12   13   12   11   10    9    8    7    6    5    4    3    2    1    3   14   65  184  342  522  443  347  129   44    6
11   12   11   10    9    8    7    6    5    4    3    2    4   12   62  167  329  510  438  359  138   48    8
11   12   11   10    9    8    7    6    5    4    3    2    4    8   60  159  305  503  441  353  150   57   10
11   12   11   10    9    8    7    6    5    4    3    2    4    7   58  147  288  477  443  370  160   61   10
11   12   11   10    9    8    7    6    5    4    3    2    3    8   51  128  283  457  436  387  169   66   12
11   12   11   10    9    8    7    6    5    4    3    2    2    8   39  122  262  440  435  393  190   71   13
11   12   11   10    9    8    7    6    5    4    3    2    2    7   37  108  241  413  453  392  202   80   15
11   12   11   10    9    8    7    6    5    4    3    2    2    7   34  101  228  399  451  392  212   79   20
11   12   11   10    9    8    7    6    5    4    3    2    2    4   27   96  202  381  451  417  214   84   22
11   12   11   10    9    8    7    6    5    4    3    2    1    5   25   85  187  356  445  435  227   83   26
12   12   11   10    9    8    7    6    5    4    3    2    1    1    4   24   73  183  330  449  420  246   91   27    2
12   12   11   10    9    8    7    6    5    4    3    2    1    1    3   20   69  170  313  438  417  262  100   30    2
11   11   10    9    8    7    6    5    4    3    2    1    4   16   64  166  293  426  415  278  100   35    2
11   11   10    9    8    7    6    5    4    3    2    1    2   13   57  151  285  413  416  285  109   40    3
11   11   10    9    8    7    6    5    4    3    2    1    2   11   48  142  270  389  425  291  126   40    5
11   11   10    9    8    7    6    5    4    3    2    1    2   10   39  134  251  377  417  309  134   46    5
11   11   10    9    8    7    6    5    4    3    2    1    1   10   28  135  229  346  429  315  152   49    5
11   11   10    9    8    7    6    5    4    3    2    1    1    8   27  112  225  333  428  324  153   57    6
10   10    9    8    7    6    5    4    3    2    1    6   27  102  209  329  419  331  154   63    9
10   10    9    8    7    6    5    4    3    2    1    5   26   88  194  320  415  334  164   65   13
10   10    9    8    7    6    5    4    3    2    1    4   23   77  181  318  402  345  163   69   17
10   10    9    8    7    6    5    4    3    2    1    4   20   57  175  310  398  338  177   77   18
10   10    9    8    7    6    5    4    3    2    1    3   18   56  160  295  396  329  185   86   21
10   10    9    8    7    6    5    4    3    2    1    3   15   49  144  286  386  330  193   96   22
10   10    9    8    7    6    5    4    3    2    1    3   15   40  135  277  364  335  201  104   25
10   10    9    8    7    6    5    4    3    2    1    2   13   40  121  259  364  335  196  113   28
10   10    9    8    7    6    5    4    3    2    1    2   12   32  111  250  340  342  208  119   29
10   10    9    8    7    6    5    4    3    2    1    2    9   30  105  226  329  342  219  125   32
10   10    9    8    7    6    5    4    3    2    1    1   10   24  101  209  315  344  217  138   35
10   10    9    8    7    6    5    4    3    2    1    1    8   26   93  179  307  349  221  140   43
10   10    9    8    7    6    5    4    3    2    1    1    8   20   89  171  292  337  234  146   43
10   10    9    8    7    6    5    4    3    2    1    1    7   19   74  161  287  328  245  145   47
10   10    9    8    7    6    5    4    3    2    1    1    6   16   66  150  272  321  261  146   49
10   10    9    8    7    6    5    4    3    2    1    1    3   16   57  141  250  327  263  153   49
 9    9    8    7    6    5    4    3    2    1    2   15   45  127  237  327  269  153   59
 9    9    8    7    6    5    4    3    2    1    2   14   38  117  225  316  277  154   66
 8    8    7    6    5    4    3    2    1   15   33  105  208  303  285  155   80
 8    8    7    6    5    4    3    2    1   10   28  101  190  297  282  166   82
 8    8    7    6    5    4    3    2    1   10   27   87  171  296  274  175   90
 8    8    7    6    5    4    3    2    1   10   20   77  164  287  272  184   92
 8    8    7    6    5    4    3    2    1    8   18   69  156  264  280  187   98
 8    8    7    6    5    4    3    2    1    7   17   64  135  259  277  192   99
 8    8    7    6    5    4    3    2    1    5   17   56  117  251  280  194  102
 8    8    7    6    5    4    3    2    1    4   14   46  116  230  273  201  107
 8    8    7    6    5    4    3    2    1    4   13   38  108  201  264  200  111
 8    8    7    6    5    4    3    2    1    4   11   34   93  191  256  208  102
 8    8    7    6    5    4    3    2    1    2   12   26   83  175  255  207  104
 8    8    7    6    5    4    3    2    1    2    7   27   71  162  251  209  109
 8    8    7    6    5    4    3    2    1    1    8   20   59  140  215  183   96
 8    8    7    6    5    4    3    2    1    1    2   22   50  117  195  167   95
 8    8    7    6    5    4    3    2    1    1    1   19   43  106  184  178   96
 8    8    7    6    5    4    3    2    1    1    1   15   36   97  151  151   90
 7    8    6    5    4    3    2    1    1   12   30   87  129  132   79
 7    8    6    5    4    3    2    1    1    7   17   49   61   57   46
 7    8    6    5    4    3    2    1    1    6   15   37   56   54   43
 7    8    6    5    4    3    2    1    1    4   15   32   47   46   34
 7    8    6    5    4    3    2    1    1    3   14   30   42   43   32
 7    8    6    5    4    3    2    1    1    2   12   22   40   39   32
 7    7    6    5    4    3    2    1    1    1    9   21   40   39   30
 6    6    5    4    3    2    1    1    7   19   27   36   20
 6    6    5    4    3    2    1    2    7    9   17   27   14
 5    5    4    3    2    1    7   10   13   25   14
 5    5    4    3    2    1    1   14   13   24   12
 5    5    4    3    2    1    5    9   11   22   12
 4    4    3    2    1   14    8   20   14
 4    4    3    2    1    9    4   13    8
 4    4    3    2    1    8    5   13    7
 4    4    3    2    1    8    5   13    7
 4    4    3    2    1    6    6   12    6
 4    4    3    2    1    4    7    7    7
 4    4    3    2    1    3    5    3    5
 4    4    3    2    1    3    5    3    5
 4    4    3    2    1    1    3    5    5
 4    4    3    2    1    1    3    5    5
 4    4    3    2    1    1    1    2    3
 2    2    1    3    2
 2    4    1    1    4
 2    4    1    1    4
 2    4    1    1    4
 2    4    1    1    4
 2    3    1    1    3
 2    2    1    1    2
