# n  list(x)  list(y)
19    4    5    6    7    8    9   10   11   12   13   14   15   16   17   18   19   20   21   23    4  118  702  537  403  250  151  125   85   45   26   23    8   10    3    6    2    1    1
20    3    4    5    6    7    8    9   10   11   12   13   14   15   16   17   18   19   20   21   23    1   10  150  689  529  393  242  152  112   77   49   21   20    8    9    4    6    1    1    1
20    3    4    5    6    7    8    9   10   11   12   13   14   15   16   17   18   19   20   21   23    1   21  175  673  521  378  231  153  111   67   51   22   16    8    9    7    3    1    1    1
19    3    4    5    6    7    8    9   10   11   12   13   14   15   16   17   18   19   21   23    2   33  197  655  508  371  219  154  109   64   45   25   14    9    7    8    3    1    1
19    3    4    5    6    7    8    9   10   11   12   13   14   15   16   17   18   19   20   22    3   36  232  662  496  347  204  151  102   63   40   22   14    9    8    8    1    1    1
18    3    4    5    6    7    8    9   10   11   12   13   14   15   16   17   18   19   22    4   44  261  656  481  329  199  147   94   63   39   21    9   12    7    6    2    1
19    2    3    4    5    6    7    8    9   10   11   12   13   14   15   16   17   18   19   22    1    5   53  281  647  477  315  190  141   89   59   37   20    9   11    7    6    1    1
19    2    3    4    5    6    7    8    9   10   11   12   13   14   15   16   17   18   19   22    1    6   67  300  641  454  307  184  137   86   52   39   17    9   11    7    5    1    1
19    2    3    4    5    6    7    8    9   10   11   12   13   14   15   16   17   18   19   22    1    5   84  318  625  443  299  174  140   73   54   36   15    9   13    5    4    1    1
19    2    3    4    5    6    7    8    9   10   11   12   13   14   15   16   17   18   19   22    1   14   97  327  604  440  292  169  135   67   47   38   14   13    7    5    3    1    1
19    2    3    4    5    6    7    8    9   10   11   12   13   14   15   16   17   18   19   22    1   19  110  337  598  428  282  163  134   59   41   36   16   13    4    4    3    1    1
19    2    3    4    5    6    7    8    9   10   11   12   13   14   15   16   17   18   19   22    2   26  126  341  592  420  255  169  124   63   34   35   13   13    3    4    3    1    1
20    1    2    3    4    5    6    7    8    9   10   11   12   13   14   15   16   17   18   19   21    1    4   27  140  344  576  403  262  167  117   57   34   31   18    8    3    4    2    1    1
19    1    2    3    4    5    6    7    8    9   10   11   12   13   14   15   16   17   19   21    1    5   29  142  360  579  395  248  155  107   58   33   28   16    9    3    5    1    1
19    1    2    3    4    5    6    7    8    9   10   11   12   13   14   15   16   17   19   21    1    6   32  160  368  566  392  230  150  101   56   31   23   16    8    4    4    1    1
18    1    2    3    4    5    6    7    8    9   10   11   12   13   14   15   16   17   19    2    6   40  176  393  543  387  206  146   96   52   27   22   15    6    2    4    2
18    1    2    3    4    5    6    7    8    9   10   11   12   13   14   15   16   17   19    2    8   47  182  420  509  372  207  138   89   49   32   19   14    5    1    4    2
18    1    2    3    4    5    6    7    8    9   10   11   12   13   14   15   16   17   19    2   10   58  195  417  496  359  201  132   83   55   25   17   14    4    1    4    2
18    1    2    3    4    5    6    7    8    9   10   11   12   13   14   15   16   17   19    2   11   67  206  414  492  346  195  121   80   53   24   18   12    3    2    3    1
18    1    2    3    4    5    6    7    8    9   10   11   12   13   14   15   16   17   19    3   15   67  225  408  484  335  190  113   77   49   23   15   13    2    4    1    1
18    1    2    3    4    5    6    7    8    9   10   11   12   13   14   15   16   17   19    3   17   71  236  415  472  324  178  110   74   43   23   16   11    2    3    1    1
18    1    2    3    4    5    6    7    8    9   10   11   12   13   14   15   16   17   18    3   18   77  250  412  460  311  168  119   64   41   20   14   11    2    3    1    1
18    1    2    3    4    5    6    7    8    9   10   11   12   13   14   15   16   17   18    3   21   85  267  406  457  298  163  103   58   42   22   10    9    2    2    1    1
18    1    2    3    4    5    6    7    8    9   10   11   12   13   14   15   16   17   18    3   25   88  285  412  435  282  157   94   61   40   19   12    6    2    2    1    1
17    1    2    3    4    5    6    7    8    9   10   11   12   13   14   15   16   17    3   32  102  277  412  426  272  154   84   61   35   21   10    5    2    2    2
17    1    2    3    4    5    6    7    8    9   10   11   12   13   14   15   16   17    5   37  101  295  416  403  262  142   84   58   36   19    7    5    1    2    2
17    1    2    3    4    5    6    7    8    9   10   11   12   13   14   15   16   17    5   39  109  307  415  390  241  142   75   59   37   14    8    4    2    1    2
17    1    2    3    4    5    6    7    8    9   10   11   12   13   14   15   16   17    6   43  118  310  420  369  227  138   77   55   32   16    5    4    2    2    1
16    1    2    3    4    5    6    7    8    9   10   11   12   13   14   15   16    6   48  133  319  401  367  218  124   74   53   30   17    1    4    3    2
16    1    2    3    4    5    6    7    8    9   10   11   12   13   14   15   16    6   53  154  321  398  340  209  121   74   48   28   14    4    2    1    2
16    1    2    3    4    5    6    7    8    9   10   11   12   13   14   15   16    6   57  162  331  385  331  196  121   76   42   21   13    5    1    1    2
16    1    2    3    4    5    6    7    8    9   10   11   12   13   14   15   16    6   64  170  326  391  313  191  118   72   35   18   12    5    1    1    2
16    1    2    3    4    5    6    7    8    9   10   11   12   13   14   15   16    7   69  185  334  377  296  184  112   68   34   17   10    3    1    1    2
16    1    2    3    4    5    6    7    8    9   10   11   12   13   14   15   16    8   71  193  348  361  285  172  114   61   32   16    7    3    1    2    1
16    1    2    3    4    5    6    7    8    9   10   11   12   13   14   15   16   11   71  209  351  347  284  166   94   61   31   12    6    3    2    1    1
15    1    2    3    4    5    6    7    8    9   10   11   12   13   14   15   17   79  213  347  338  288  144   93   51   30   12    6    3    2    2
15    1    2    3    4    5    6    7    8    9   10   11   12   13   14   15   18   85  224  348  331  270  142   82   47   30   10    5    4    1    2
14    1    2    3    4    5    6    7    8    9   10   11   12   13   15   23   91  237  335  328  258  129   79   52   21    9    6    4    2
15    1    2    3    4    5    6    7    8    9   10   11   12   13   14   15   22  100  243  334  323  240  128   72   46   20    8    7    3    1    1
15    1    2    3    4    5    6    7    8    9   10   11   12   13   14   15   24  112  243  329  314  232  123   73   35   20    9    4    3    1    1
14    1    2    3    4    5    6    7    8    9   10   11   12   13   14   25  122  256  327  297  221  116   70   28   20    8    5    2    1
14    1    2    3    4    5    6    7    8    9   10   11   12   13   14   29  131  261  323  289  201  113   66   31   15    7    4    2    1
14    1    2    3    4    5    6    7    8    9   10   11   12   13   14   31  138  269  318  276  203   95   64   31   12    7    2    1    1
12    1    2    3    4    5    6    7    8    9   10   11   14   34  141  278  312  270  187   96   53   30   12    8    1
12    1    2    3    4    5    6    7    8    9   10   11   13   35  156  273  305  264  178   91   50   24   12    8    1
12    1    2    3    4    5    6    7    8    9   10   11   13   36  160  277  299  257  172   79   49   22   13    6    1
12    1    2    3    4    5    6    7    8    9   10   11   13   42  167  281  296  242  152   82   42   22   11    6    1
12    1    2    3    4    5    6    7    8    9   10   11   13   44  178  283  290  232  142   74   39   23    8    5    1
12    1    2    3    4    5    6    7    8    9   10   11   13   47  193  274  291  219  133   67   37   20    9    2    1
12    1    2    3    4    5    6    7    8    9   10   11   13   48  196  276  279  207  127   61   35   18    9    1    1
12    1    2    3    4    5    6    7    8    9   10   11   13   51  200  282  274  192  123   56   31   15    7    1    1
11    1    2    3    4    5    6    7    8    9   10   12   54  207  274  264  187  120   51   27   14    7    1
11    1    2    3    4    5    6    7    8    9   10   12   61  211  274  258  177  110   52   18   14    5    1
11    1    2    3    4    5    6    7    8    9   10   12   70  210  264  247  175  101   54   17   11    5    1
11    1    2    3    4    5    6    7    8    9   10   12   72  211  268  238  165   94   47   20    8    3    1
11    1    2    3    4    5    6    7    8    9   10   12   74  211  262  239  153   85   45   18    8    3    1
11    1    2    3    4    5    6    7    8    9   10   12   79  223  247  225  151   75   42   15    7    3    1
11    1    2    3    4    5    6    7    8    9   10   12   81  229  239  221  141   69   40   12    5    3    1
11    1    2    3    4    5    6    7    8    9   10   12   82  239  240  201  135   62   37   13    4    1    1
11    1    2    3    4    5    6    7    8    9   10   11   88  242  230  194  128   57   34   12    3    1    1
11    1    2    3    4    5    6    7    8    9   10   11   97  237  238  186  116   50   26   11    2    1    1
11    1    2    3    4    5    6    7    8    9   10   11  102  235  235  177   98   50   25    9    1    1    1
10    1    2    3    4    5    6    7    8    9   10  109  232  232  158   99   41   24    8    2    1
 9    1    2    3    4    5    6    7    8   10  110  238  216  158   90   33   24    6    1
 9    1    2    3    4    5    6    7    8   10  115  241  202  148   83   30   24    4    1
 9    1    2    3    4    5    6    7    8   10  121  232  192  139   76   27   21    4    1
 9    1    2    3    4    5    6    7    8   10  119  233  191  125   68   24   18    4    1
 9    1    2    3    4    5    6    7    8   10  123  224  188  115   64   24   13    4    1
 9    1    2    3    4    5    6    7    8   10  128  216  179  108   57   19   14    2    1
 9    1    2    3    4    5    6    7    8    9  126  203  176   93   49   21   10    2    1
 9    1    2    3    4    5    6    7    8    9  132  191  174   87   39   18    4    1    1
 8    1    2    3    4    5    6    7    8  129  187  161   75   35   17    5    1
 7    1    2    3    4    5    6    7  119  181  145   71   33   11    5
 7    1    2    3    4    5    6    7  113  179  131   71   29   11    3
 7    1    2    3    4    5    6    7  114  168  131   56   25   10    2
 7    1    2    3    4    5    6    7  102  153  111   54   21    6    2
 7    1    2    3    4    5    6    7   90  130  105   44   21    3    2
 7    1    2    3    4    5    6    7   81  125   87   41   14    1    2
 6    1    2    3    4    5    7   60   95   55   28   10    1
 6    1    2    3    4    5    7   55   91   51   25    9    1
 6    1    2    3    4    5    7   43   76   37   20    5    1
 6    1    2    3    4    5    6   43   75   33   14    4    1
 5    1    2    3    4    5   22   43   14   10    2
 5    1    2    3    4    5   16   31   11    4    1
 5    1    2    3    4    5   14   30   13    2    1
 4    1    2    3    4   11   26    9    3
 4    1    2    3    4    9   22    7    3
 4    1    2    3    4    9   22    7    3
 4    1    2    3    4    8   15    6    2
 3    1    2    3    4    5    2
 3    1    2    3    3    6    1
 3    1    2    3    3    6    1
 3    1    2    3    3    2    1
 2    1    2    2    4
 2    1    2    2    3
 2    1    2    2    2
 2    1    2    2    1
 2    1    2    2    1
