# n  list(x)  list(y)
11   14   13   12   11   10    9    8    7    6    5    4    2    4   26  101  250  401  772  482  330  128    4
11   14   13   12   11   10    9    8    7    6    5    4    2    2   23   94  238  377  753  492  345  135   14
12   14   13   12   11   10    9    8    7    6    5    4    3    2    1   23   84  226  368  720  503  356  135   31    1
12   14   13   12   11   10    9    8    7    6    5    4    3    1    1   19   75  207  357  686  527  369  144   37    2
11   14   12   11   10    9    8    7    6    5    4    3    1   19   69  187  331  673  542  374  157   44    3
12   14   12   11   10    9    8    7    6    5    4    3    2    1   18   58  176  311  638  558  388  176   47    3    1
11   14   12   11   10    9    8    7    6    5    4    3    1   18   55  161  306  602  557  406  183   56    5
11   14   12   11   10    9    8    7    6    5    4    3    1   14   52  153  288  565  558  430  193   64    7
12   14   12   11   10    9    8    7    6    5    4    3    1    1   13   53  137  273  542  559  434  211   67    9    1
12   14   12   11   10    9    8    7    6    5    4    3    1    1   12   39  140  251  520  536  463  227   73   12    1
12   14   12   11   10    9    8    7    6    5    4    3    1    1   10   36  133  234  487  533  483  234   84   14    1
12   14   12   11   10    9    8    7    6    5    4    3    1    1   10   32  112  227  473  521  487  255   90   16    1
13   14   12   11   10    9    8    7    6    5    4    3    2    1    1    6   35   95  221  436  518  501  275   93   16    2    1
13   14   12   11   10    9    8    7    6    5    4    3    2    1    1    4   31   86  203  394  535  493  305  103   15    4    1
13   14   12   11   10    9    8    7    6    5    4    3    2    1    1    2   31   72  190  375  526  493  323  114   17    5    1
13   14   12   11   10    9    8    7    6    5    4    3    2    1    1    2   30   66  183  357  511  492  328  126   21    7    1
13   14   12   11   10    9    8    7    6    5    4    3    2    1    1    2   29   60  169  346  492  485  340  138   27   10    1
13   14   12   11   10    9    8    7    6    5    4    3    2    1    1    2   26   58  154  327  474  489  345  156   32   10    1
13   14   12   11   10    9    8    7    6    5    4    3    2    1    1    1   23   58  140  309  456  485  354  170   42   10    1
13   14   12   11   10    9    8    7    6    5    4    3    2    1    1    1   20   50  126  296  438  484  366  186   45   11    1
13   14   12   11   10    9    8    7    6    5    4    3    2    1    1    1   20   42  120  282  412  490  370  202   46   12    2
13   14   12   11   10    9    8    7    6    5    4    3    2    1    1    1   18   38  105  280  392  488  375  209   53   12    3
13   14   12   11   10    9    8    7    6    5    4    3    2    1    1    1   18   37   93  261  378  487  371  224   63   13    3
13   14   12   11   10    9    8    7    6    5    4    3    2    1    1    1   15   34   90  228  379  476  373  236   73   15    4
13   14   12   11   10    9    8    7    6    5    4    3    2    1    1    1   14   31   86  218  364  458  378  245   82   18    4
12   14   11   10    9    8    7    6    5    4    3    2    1    1   12   31   73  210  331  466  379  251   97   20    4
12   14   11   10    9    8    7    6    5    4    3    2    1    1   11   28   69  186  334  447  382  263  103   23    3
12   14   11   10    9    8    7    6    5    4    3    2    1    1    9   26   68  176  314  427  391  266  117   27    3
12   13   11   10    9    8    7    6    5    4    3    2    1    1    7   24   63  157  312  410  390  279  120   32    5
12   13   11   10    9    8    7    6    5    4    3    2    1    1    7   21   62  148  292  406  380  287  130   35    6
12   13   11   10    9    8    7    6    5    4    3    2    1    1    6   19   59  146  273  384  384  297  131   42    8
12   13   11   10    9    8    7    6    5    4    3    2    1    1    4   18   54  136  256  372  385  310  135   45    9
12   13   11   10    9    8    7    6    5    4    3    2    1    1    3   13   48  134  236  351  395  318  140   52    9
12   13   11   10    9    8    7    6    5    4    3    2    1    1    3   12   43  122  234  333  389  323  148   55   10
12   13   11   10    9    8    7    6    5    4    3    2    1    1    2   12   35  116  211  332  375  336  159   58   11
12   13   11   10    9    8    7    6    5    4    3    2    1    1    2    9   33  106  205  294  392  330  174   66   11
12   13   11   10    9    8    7    6    5    4    3    2    1    1    2    8   24   98  183  289  386  335  188   72   12
12   12   11   10    9    8    7    6    5    4    3    2    1    1    2    7   21   92  177  269  379  331  203   77   14
11   11   10    9    8    7    6    5    4    3    2    1    1    7   19   83  158  266  369  336  204   91   13
10   10    9    8    7    6    5    4    3    2    1    7   16   73  153  258  356  334  214   91   15
10   10    9    8    7    6    5    4    3    2    1    4   15   63  143  253  343  330  229   94   18
10   10    9    8    7    6    5    4    3    2    1    3   12   51  144  235  327  341  227  107   18
10   10    9    8    7    6    5    4    3    2    1    1   10   45  132  225  318  339  233  118   19
 9    9    8    7    6    5    4    3    2    1    9   37  126  205  310  335  249  122   22
 9    9    8    7    6    5    4    3    2    1    9   30  111  187  309  337  257  122   26
 9    9    8    7    6    5    4    3    2    1    9   28   98  185  290  339  263  121   30
 9    9    8    7    6    5    4    3    2    1    9   25   91  167  281  335  271  124   34
 9    9    8    7    6    5    4    3    2    1    8   23   77  159  273  327  276  135   34
 9    9    8    7    6    5    4    3    2    1    6   21   72  150  249  328  281  140   38
 9    9    8    7    6    5    4    3    2    1    4   20   56  144  240  321  285  147   43
 9    9    8    7    6    5    4    3    2    1    4   20   48  130  219  320  283  163   48
 9    9    8    7    6    5    4    3    2    1    3   16   46  119  212  306  285  167   52
 9    9    8    7    6    5    4    3    2    1    3   16   41  109  192  302  284  180   54
 9    9    8    7    6    5    4    3    2    1    2   12   39  100  171  302  278  193   56
 9    9    8    7    6    5    4    3    2    1    1   10   37   87  164  293  271  206   57
 9    9    8    7    6    5    4    3    2    1    1    9   34   86  142  282  258  215   63
 9    9    8    7    6    5    4    3    2    1    1    9   29   84  130  265  257  220   67
 9    9    8    7    6    5    4    3    2    1    1    6   23   73  126  258  248  227   74
 9    9    8    7    6    5    4    3    2    1    1    5   19   62  119  248  245  231   80
 9    9    8    7    6    5    4    3    2    1    1    5   17   50  122  223  249  231   85
 8    8    7    6    5    4    3    2    1    6   13   42  104  210  230  227   79
 8    8    7    6    5    4    3    2    1    6    9   40   96  200  214  231   81
 8    8    7    6    5    4    3    2    1    5   10   31   83  200  209  228   86
 8    8    7    6    5    4    3    2    1    4   10   31   72  190  202  207   88
 8    8    7    6    5    4    3    2    1    3   11   25   66  170  200  190   95
 8    8    7    6    5    4    3    2    1    3    9   26   58  148  183  167   90
 8    8    7    6    5    4    3    2    1    2    8   22   39  117  159  151   92
 8    8    7    6    5    4    3    2    1    1    6   18   36  100  155  147   91
 8    8    7    6    5    4    3    2    1    1    6   13   34   85  147  141   89
 7    7    6    5    4    3    2    1    7   12   32   74  131  129   80
 7    7    6    5    4    3    2    1    6   11   25   50   83   89   52
 7    7    6    5    4    3    2    1    4    8   23   45   75   91   54
 6    6    5    4    3    2    1    9   18   41   66   83   48
 6    6    5    4    3    2    1    8   15   39   61   80   46
 6    6    5    4    3    2    1    4    8   18   41   47   25
 6    6    5    4    3    2    1    3    6   19   39   47   27
 6    6    5    4    3    2    1    3    6   18   33   46   23
 6    6    5    4    3    2    1    3    4   19   32   41   22
 6    6    5    4    3    2    1    2    5   12   28   43   23
 6    6    5    4    3    2    1    2    4    7   16   20   12
 5    5    4    3    2    1    5    5   13   19   10
 5    5    4    3    2    1    3    5   10   16    9
 5    5    4    3    2    1    3    1   14   15    7
 4    4    3    2    1    2    6    7   10
 4    5    3    2    1    3    6   10    3
 4    5    3    2    1    3    6   10    3
 4    4    3    2    1    2    4    8    4
 4    4    3    2    1    1    2    2    6
 4    4    3    2    1    1    2    2    6
 4    4    3    2    1    1    2    2    6
 3    3    2    1    1    5    1
 3    3    2    1    2    3    2
 3    3    2    1    1    2    3
 3    3    2    1    1    2    3
 2    2    1    3    2
 2    2    1    2    2
 2    2    1    2    2
 2    2    1    2    2
 2    2    1    1    2
