# n  list(x)  list(y)
 8    3    4    5    6    7    8    9   10    2   40  219  671  942  569   55    2
 8    3    4    5    6    7    8    9   10    4   45  247  688  915  524   50    2
 8    3    4    5    6    7    8    9   10    6   56  270  704  879  488   45    2
 8    3    4    5    6    7    8    9   10    8   69  298  711  847  447   43    2
 8    3    4    5    6    7    8    9   10    8   79  335  720  816  399   41    2
 8    3    4    5    6    7    8    9   10   12   96  351  723  792  360   39    2
 8    3    4    5    6    7    8    9   10   14  114  362  737  764  323   34    2
 8    3    4    5    6    7    8    9   10   21  131  387  729  722  301   32    2
 8    3    4    5    6    7    8    9   10   23  148  414  730  682  270   31    2
 8    3    4    5    6    7    8    9   10   33  159  434  744  624  252   27    2
 9    2    3    4    5    6    7    8    9   10    2   36  173  449  747  591  224   26    2
 8    2    3    4    5    6    7    8    9    3   37  196  467  710  585  200   27
 8    2    3    4    5    6    7    8    9    5   46  212  481  702  547  181   26
 8    2    3    4    5    6    7    8    9    6   54  233  496  680  520  162   24
 8    2    3    4    5    6    7    8    9    7   70  253  495  660  495  148   22
 8    2    3    4    5    6    7    8    9    9   83  264  515  623  478  131   22
 8    2    3    4    5    6    7    8    9   11  101  275  511  613  450  121   18
 9    1    2    3    4    5    6    7    8    9    1   13  111  296  507  614  410  106   17
 9    1    2    3    4    5    6    7    8    9    1   14  120  308  525  604  362  102   14
 9    1    2    3    4    5    6    7    8    9    1   14  127  329  531  584  333   92   14
 9    1    2    3    4    5    6    7    8    9    1   20  140  337  546  554  309   81   12
 9    1    2    3    4    5    6    7    8    9    2   22  151  355  551  533  280   71   10
 9    1    2    3    4    5    6    7    8    9    2   27  155  375  554  497  266   65    9
 9    1    2    3    4    5    6    7    8    9    2   36  155  392  549  471  252   60    8
 9    1    2    3    4    5    6    7    8    9    2   39  167  419  546  434  237   52    4
 9    1    2    3    4    5    6    7    8    9    3   44  182  423  550  406  215   48    4
 9    1    2    3    4    5    6    7    8    9    4   51  196  428  540  381  201   46    3
 9    1    2    3    4    5    6    7    8    9    5   59  209  435  514  369  185   46    3
 9    1    2    3    4    5    6    7    8    9    5   70  210  442  506  348  176   40    3
 9    1    2    3    4    5    6    7    8    9    9   79  219  442  500  332  155   36    3
 9    1    2    3    4    5    6    7    8    9   12   90  218  455  490  305  150   28    2
 9    1    2    3    4    5    6    7    8    9   15   91  228  459  483  290  135   23    1
 8    1    2    3    4    5    6    7    8   16   98  238  453  477  271  125   22
 8    1    2    3    4    5    6    7    8   18  107  248  458  465  248  113   18
 8    1    2    3    4    5    6    7    8   23  110  262  465  438  240   97   15
 8    1    2    3    4    5    6    7    8   26  119  262  480  405  232   87   14
 8    1    2    3    4    5    6    7    8   25  122  273  474  390  217   82   13
 8    1    2    3    4    5    6    7    8   27  132  285  473  373  195   75   10
 8    1    2    3    4    5    6    7    8   29  132  306  466  353  183   66    9
 8    1    2    3    4    5    6    7    8   33  142  319  457  333  169   59    7
 8    1    2    3    4    5    6    7    8   37  145  342  436  317  157   52    7
 8    1    2    3    4    5    6    7    8   39  157  345  427  302  145   46    6
 8    1    2    3    4    5    6    7    8   37  177  350  412  296  123   41    4
 8    1    2    3    4    5    6    7    8   45  177  360  410  263  118   36    4
 8    1    2    3    4    5    6    7    8   52  182  368  399  249  100   31    4
 8    1    2    3    4    5    6    7    8   53  190  375  385  235   94   25    4
 8    1    2    3    4    5    6    7    8   59  196  373  374  215   92   23    4
 8    1    2    3    4    5    6    7    8   58  207  381  348  202   86   21    2
 8    1    2    3    4    5    6    7    8   62  213  386  327  187   78   21    2
 8    1    2    3    4    5    6    7    8   55  214  386  301  174   76   17    2
 8    1    2    3    4    5    6    7    8   59  218  379  292  167   67   13    2
 8    1    2    3    4    5    6    7    8   60  227  373  276  151   65    8    1
 8    1    2    3    4    5    6    7    8   63  241  359  262  136   58    8    1
 7    1    2    3    4    5    6    7   65  252  345  255  121   53    7
 7    1    2    3    4    5    6    7   73  255  343  235  117   44    5
 7    1    2    3    4    5    6    7   74  245  294  217  103   33    3
 7    1    2    3    4    5    6    7   61  194  223  151   83   21    3
 7    1    2    3    4    5    6    7   63  194  211  146   75   18    3
 7    1    2    3    4    5    6    7   61  187  210  130   66   15    3
 7    1    2    3    4    5    6    7   60  191  201  115   60   15    1
 7    1    2    3    4    5    6    7   60  188  182  112   53   11    1
 7    1    2    3    4    5    6    7   45  154  117   83   33    6    1
 7    1    2    3    4    5    6    7   45  146  115   78   31    3    1
 6    1    2    3    4    5    6   36  126   92   57   18    3
 6    1    2    3    4    5    6   16   55   43   26   11    3
 6    1    2    3    4    5    6   17   55   38   25   11    1
 5    1    2    3    4    5   22   51   38   22    8
 6    1    2    3    4    5    6   13   31   28   15    7    2
 6    1    2    3    4    5    6   15   30   26   14    7    2
 6    1    2    3    4    5    6   13   25   21    9    4    1
 6    1    2    3    4    5    6   13   25   21    9    4    1
 6    1    2    3    4    5    6   12   23   17   11    1    1
 6    1    2    3    4    5    6   11   22   12   11    1    1
 6    1    2    3    4    5    6   10   23   11   11    1    1
 5    1    2    3    4    6   11   21   13    8    1
 5    1    2    3    4    6   12   15   14    5    1
 4    1    2    3    4    7    9    9    3
 4    1    2    3    4    7    9    9    3
 6    1    2    3    4    5    6    5   10    6    3    1    1
 5    1    2    3    4    5    6   10    5    3    1
 5    1    2    3    4    5    8    9    3    2    1
 5    1    2    3    4    5    7    9    4    1    1
 5    1    2    3    4    5    6   10    3    1    1
 3    1    2    3    4    5    4
 3    1    2    3    4    5    4
 3    1    2    3    4    4    2
 3    1    2    3    4    4    2
 4    1    2    3    4    3    4    1    1
 3    1    2    3    1    5    1
 2    1    2    2    3
 2    1    2    2    2
 2    1    2    2    2
 2    1    2    2    2
 2    1    2    2    2
 2    1    2    2    2
 2    1    2    2    1
 2    1    2    2    1
