# n  list(x)  list(y)
33   43   41   40   35   34   33   30   29   28   27   26   25   24   23   22   21   20   19   18   17   16   15   14   13   12   11   10    9    8    7    6    5    4    1    1    1    1    1    1    1    2    3    3    1    1    6    9    6    6    5    8   16   15   22   26   27   56   68   77   98  148  231  403 1098  154    4
33   42   41   40   35   34   33   29   28   27   26   25   24   23   22   21   20   19   18   17   16   15   14   13   12   11   10    9    8    7    6    5    4    3    1    1    1    1    1    1    3    3    3    1    1    6    8    6    7    4    8   16   14   22   26   26   52   66   75   96  147  220  386 1049  206   17    1
33   42   40   39   35   34   33   29   28   27   26   25   24   23   22   21   20   19   18   17   16   15   14   13   12   11   10    9    8    7    6    5    4    2    1    1    1    1    1    1    3    2    3    2    1    5    9    4    7    5    8   11   16   19   28   25   53   61   77   96  136  221  366 1006  248   31    1
32   42   39   35   34   33   29   28   27   26   25   24   23   22   21   20   19   18   17   16   15   14   13   12   11   10    9    8    7    6    5    4    2    1    2    1    1    1    2    2    3    2    1    5    8    5    5    6    7   11   16   18   25   22   44   67   78   94  132  215  355  952  298   45    1
33   42   39   38   35   32   29   28   27   26   25   24   23   22   21   20   19   18   17   16   15   14   13   12   11   10    9    8    7    6    5    4    3    2    1    1    1    1    2    2    2    2    2    2    3    8    7    4    5    8    7   14   20   21   27   39   63   77   94  127  204  346  905  343   60    1    1
34   41   39   38   35   32   31   29   28   27   26   25   24   23   22   21   20   19   18   17   16   15   14   13   12   11   10    9    8    7    6    5    4    3    2    1    1    1    1    1    1    1    3    2    2    1    3    9    6    4    4   10    6   14   19   21   26   40   57   78   91  122  196  329  874  371   75    4    1
34   41   39   38   34   32   31   29   28   27   26   25   24   23   22   21   20   19   18   17   16   15   14   13   12   11   10    9    8    7    6    5    4    3    2    1    1    1    1    1    1    1    3    2    2    1    3    8    7    3    5    8    7   13   18   20   28   35   59   73   88  118  195  317  833  402   86    8    1
34   41   38   36   34   32   31   29   28   27   26   25   24   23   22   21   20   19   18   17   16   15   14   13   12   11   10    9    8    7    6    5    4    3    2    1    1    1    1    1    1    1    3    2    2    1    3    5    8    4    6    6    5   12   20   20   29   32   57   73   85  115  192  295  799  432   99   12    1
33   40   37   34   32   31   29   28   27   26   25   24   23   22   21   20   19   18   17   16   15   14   13   12   11   10    9    8    7    6    5    4    3    2    1    1    2    1    1    1    3    2    2    1    3    5    7    5    6    5    6    7   22   21   23   35   53   71   86  107  189  289  760  441  127   16    1
32   40   35   34   31   30   29   28   27   26   24   23   22   21   20   19   18   17   16   15   14   13   12   11   10    9    8    7    6    5    4    3    2    1    1    2    1    1    1    2    3    2    4    5    5    5    6    6    5    8   20   19   23   35   51   61   89  104  183  289  717  460  141   24    1
33   40   35   34   33   31   30   29   28   27   26   24   23   22   21   20   19   18   17   16   15   14   13   12   11   10    9    8    7    6    5    4    3    2    1    1    1    1    1    1    1    2    2    3    3    4    4    8    5    6    5    8   17   21   20   36   52   56   88   99  176  281  682  483  156   24    2
32   40   35   33   32   30   29   28   27   26   24   23   22   21   20   19   18   17   16   15   14   13   12   11   10    9    8    7    6    5    4    3    2    1    1    1    1    1    2    2    1    4    2    5    4    6    7    6    4    9   15   22   20   31   50   53   84   96  172  277  658  481  175   31    3
32   40   34   33   32   30   29   28   27   26   24   23   22   21   20   19   18   17   16   15   14   13   12   11   10    9    8    7    6    5    4    3    2    1    1    1    1    1    2    1    2    4    2    4    5    3    9    6    2   10   14   21   20   29   42   60   77   95  173  259  635  486  191   40    3
32   40   34   33   32   30   29   28   26   25   24   23   22   21   20   19   18   17   16   15   14   13   12   11   10    9    8    7    6    5    4    3    2    1    1    1    1    1    2    1    4    2    2    3    6    3    7    5    4    9   14   21   17   29   42   55   80   90  172  243  616  472  222   45    4
32   40   34   33   32   30   29   28   26   25   24   23   22   21   20   19   18   17   16   15   14   13   12   11   10    9    8    7    6    5    4    3    2    1    1    1    1    1    2    1    4    2    1    3    7    3    7    3    3   11   13   21   17   23   43   50   85   91  164  245  569  490  228   53    6
32   40   34   33   32   30   29   28   26   25   24   23   22   21   20   19   18   17   16   15   14   13   12   11   10    9    8    7    6    5    4    3    2    1    1    1    1    1    2    1    3    2    2    3    6    4    7    2    4    9   15   19   17   22   39   52   81   89  156  239  547  494  232   66    7
31   40   33   32   30   29   28   26   25   24   23   22   21   20   19   18   17   16   15   14   13   12   11   10    9    8    7    6    5    4    3    2    1    2    1    1    1    2    3    1    1    5    3    5    6    5    2   10   11   20   17   23   34   50   85   81  151  223  518  505  251   73    9
30   39   33   32   29   28   26   25   24   23   22   21   20   19   18   17   16   15   14   13   12   11   10    9    8    7    6    5    4    3    2    1    1    2    2    1    2    2    1    6    3    5    6    5    2    6   14   17   18   21   35   48   81   78  145  212  491  516  263   80   11
30   39   32   31   29   27   26   25   24   23   22   21   20   19   18   17   16   15   14   13   12   11   10    9    8    7    6    5    4    3    2    1    2    1    2    1    2    1    2    6    1    7    5    4    4    5   13   15   20   16   32   49   84   77  138  201  480  494  283   88   16
30   37   32   30   28   27   26   25   24   23   22   21   20   19   18   17   16   15   14   13   12   11   10    9    8    7    6    5    4    3    2    1    1    2    2    1    2    1    2    4    3    6    6    3    3    6   11   16   21   15   29   43   77   78  131  203  466  485  282  104   21
30   37   32   30   29   27   26   24   23   22   21   20   19   18   17   16   15   14   13   12   11   10    9    8    7    6    5    4    3    2    1    1    1    1    1    2    3    1    4    4    4    8    4    3    5    8   17   16   19   28   37   75   80  122  193  451  477  294  117   23    1
31   37   31   30   29   27   26   25   24   23   22   21   20   19   18   17   16   15   14   13   12   11   10    9    8    7    6    5    4    3    2    1    1    1    1    1    2    2    1    1    3    1    7    9    4    2    5    8   14   18   19   27   36   66   83  117  187  427  479  307  120   25    1
29   37   30   28   27   25   24   23   22   21   20   19   18   17   16   15   14   13   12   11   10    9    8    7    6    5    4    3    2    1    1    2    1    2    3    1    2    2    5   10    5    1    5    7   13   17   21   27   32   60   83  112  179  405  490  306  126   29    3
29   37   29   27   26   25   24   23   22   21   20   19   18   17   16   15   14   13   12   11   10    9    8    7    6    5    4    3    2    1    1    1    1    2    2    1    2    2    3    7    7    3    6    4   15   15   20   25   33   47   85  115  173  378  491  318  132   32    4
27   37   29   26   25   23   22   21   20   19   18   17   16   15   14   13   12   11   10    9    8    7    6    5    4    3    2    1    1    1    2    3    3    1    2    7    7    3    6    5   13   15   17   27   23   51   81  114  159  370  475  330  144   35    5
28   36   29   26   25   24   23   22   21   20   19   18   17   16   15   14   13   12   11   10    9    8    7    6    5    4    3    2    1    1    1    2    2    1    2    1    2    6    8    3    3    8   14   11   19   23   25   50   72  113  148  355  471  325  168   36    5
28   36   29   26   25   24   23   22   21   20   19   18   17   16   15   14   13   12   11   10    9    8    7    6    5    4    3    2    1    1    1    2    2    1    2    1    1    7    5    5    4    7   14   10   18   25   20   50   70  107  147  345  454  327  175   44    5
28   34   28   26   25   24   23   22   21   20   19   18   17   16   15   14   13   12   11   10    9    8    7    6    5    4    3    2    1    1    1    2    2    1    2    1    1    6    4    6    4    8    8   12   17   23   24   43   71   98  150  315  453  339  170   57    6
27   34   28   26   25   23   22   21   20   19   18   17   16   15   14   13   12   11   10    9    8    7    6    5    4    3    2    1    1    1    1    3    2    1    2    5    2    7    4    5   10   12   17   21   21   42   65   98  146  296  449  337  181   65    6
26   34   28   24   23   22   21   20   19   18   17   16   15   14   13   12   11   10    9    8    7    6    5    4    3    2    1    1    1    1    2    3    2    4    3    6    5    4   11   10   17   18   24   40   58   95  138  280  442  347  183   71    9
25   33   28   23   22   21   20   19   18   17   16   15   14   13   12   11   10    9    8    7    6    5    4    3    2    1    1    1    3    3    1    2    5    5    5    6    9   10   17   18   23   39   56   91  125  280  435  341  186   78   10
24   33   28   23   22   21   20   18   17   16   15   14   13   12   11   10    9    8    7    6    5    4    3    2    1    1    1    3    3    1    2    9    3    6   11    9   18   16   19   38   54   79  123  264  425  347  198   83   12
24   33   28   23   22   21   20   18   17   16   15   14   13   12   11   10    9    8    7    6    5    4    3    2    1    1    1    2    4    1    2    7    4    2   13    6   21   16   18   38   51   73  123  244  415  343  215   88   12
24   33   27   23   22   21   20   18   17   16   15   14   13   12   11   10    9    8    7    6    5    4    3    2    1    1    1    2    2    2    2    6    5    2   10    8   17   16   17   41   45   74  116  228  410  336  225   94   15
24   33   26   23   22   21   20   18   17   16   15   14   13   12   11   10    9    8    7    6    5    4    3    2    1    1    1    1    1    3    3    5    3    3    8    7   18   15   13   41   47   68  107  223  395  337  232  102   16
24   33   26   23   22   21   20   18   17   16   15   14   13   12   11   10    9    8    7    6    5    4    3    2    1    1    1    1    1    3    3    3    3    4    8    7   19   12   11   39   47   63  101  210  386  336  240  108   16
23   32   25   22   21   20   19   17   16   15   14   13   12   11   10    9    8    7    6    5    4    3    2    1    1    1    2    3    2    1    5    3    7    9   15   15   13   36   47   63   89  192  366  343  258  110   17
24   30   25   22   21   20   19   18   17   16   15   14   13   12   11   10    9    8    7    6    5    4    3    2    1    1    1    2    2    1    2    1    5    1    7    9   12   16   15   31   39   69   77  189  353  339  263  120   18
24   30   25   22   21   20   19   18   17   16   15   14   13   12   11   10    9    8    7    6    5    4    3    2    1    1    1    2    2    1    2    1    4    2    6    9   12   14   13   27   40   69   70  190  344  326  260  132   20
23   30   25   22   21   20   18   17   16   15   14   13   12   11   10    9    8    7    6    5    4    3    2    1    1    1    2    1    2    2    3    3    6    7   13   14   12   21   42   65   73  179  338  305  270  140   23
22   30   25   22   20   18   17   16   15   14   13   12   11   10    9    8    7    6    5    4    3    2    1    1    1    2    3    2    3    2    6    6   13   13   12   19   40   59   77  163  318  310  273  146   29
23   28   25   22   21   20   18   17   16   15   14   13   12   11   10    9    8    7    6    5    4    3    2    1    1    1    1    1    3    1    1    5    6    5   12   13    8   20   38   57   72  158  300  309  273  156   30
24   28   24   22   21   20   19   18   17   16   15   14   13   12   11   10    9    8    7    6    5    4    3    2    1    1    1    1    1    1    2    1    1    4    7    4    9   14   10   16   37   54   70  157  278  301  271  166   38
24   27   24   22   21   20   19   18   17   16   15   14   13   12   11   10    9    8    7    6    5    4    3    2    1    1    1    1    1    1    1    2    1    4    6    3   11   12   10   16   37   50   71  137  270  311  262  171   39
21   27   24   21   19   18   16   15   14   13   12   11   10    9    8    7    6    5    4    3    2    1    1    1    2    1    3    1    9    2   10   11   10   17   28   44   73  133  255  301  272  175   45
21   27   24   21   19   18   17   15   14   13   12   11   10    9    8    7    6    5    4    3    2    1    1    1    2    1    2    1    8    3    9   11   11   17   28   39   69  134  231  301  277  172   50
20   26   23   21   18   17   15   14   13   12   11   10    9    8    7    6    5    4    3    2    1    1    1    2    3    1    3    6   10   11    9   16   26   40   60  130  215  295  280  178   55
20   26   23   21   18   17   15   14   13   12   11   10    9    8    7    6    5    4    3    2    1    1    1    2    3    1    1    6    8   14    8   15   25   31   59  125  203  294  275  182   63
19   25   23   21   18   15   14   13   12   11   10    9    8    7    6    5    4    3    2    1    1    1    2    3    2    5    8   13    8   10   26   27   59  119  189  289  272  188   68
20   25   23   21   18   17   15   14   13   12   11   10    9    8    7    6    5    4    3    2    1    1    1    2    2    1    1    5    5   15   10    8   24   26   57  106  180  280  273  193   75
20   25   23   21   18   17   15   14   13   12   11   10    9    8    7    6    5    4    3    2    1    1    1    2    1    2    1    4    6   13   10   10   20   25   51  103  177  260  277  198   78
20   23   20   19   18   17   15   14   13   12   11   10    9    8    7    6    5    4    3    2    1    2    1    1    1    2    1    4    6   10   13    8   18   25   44   94  181  242  278  200   84
19   23   22   19   17   15   14   13   12   11   10    9    8    7    6    5    4    3    2    1    1    1    2    2    1    3    5   10   13   10   15   24   42   82  177  233  266  208   92
21   23   22   19   18   17   16   15   14   13   12   11   10    9    8    7    6    5    4    3    2    1    1    1    1    1    1    1    1    3    5    6   10   14   15   20   40   74  164  229  266  215   94
20   23   19   18   17   16   15   14   13   12   11   10    9    8    7    6    5    4    3    2    1    1    1    2    1    1    1    3    5    4    8   13   13   20   40   66  162  216  257  218  103
20   23   19   18   17   16   15   14   13   12   11   10    9    8    7    6    5    4    3    2    1    1    1    2    1    1    1    3    3    4    7   12   15   18   38   64  149  208  255  216  109
19   22   18   17   16   15   14   13   12   11   10    9    8    7    6    5    4    3    2    1    1    2    2    1    1    2    4    4    2   16   14   18   34   58  137  200  253  219  109
19   22   18   17   16   15   14   13   12   11   10    9    8    7    6    5    4    3    2    1    1    1    2    2    1    1    5    3    2   15   10   19   30   56  128  194  245  218  109
19   21   18   17   16   15   14   13   12   11   10    9    8    7    6    5    4    3    2    1    1    1    2    1    1    2    4    2    2   13   11   18   29   47  119  184  247  221  112
18   21   17   16   15   14   13   12   11   10    9    8    7    6    5    4    3    2    1    1    3    1    1    2    3    2    1   10   13   18   27   43  107  172  242  222  114
17   21   17   16   15   14   13   12   10    9    8    7    6    5    4    3    2    1    1    3    1    1    1    3    2   10    9   18   27   33  105  160  237  224  116
16   17   16   15   14   13   12   10    9    8    7    6    5    4    3    2    1    2    1    1    1    1    3    5   12   14   25   33   90  161  216  227  121
16   17   16   15   13   12   11   10    9    8    7    6    5    4    3    2    1    2    1    1    2    2    1    3   14   12   21   33   77  161  205  223  123
15   17   16   15   13   12   10    9    8    7    6    5    4    3    2    1    1    1    2    2    2    2   10   16   17   28   67  149  198  238  121
15   16   15   14   13   12   10    9    8    7    6    5    4    3    2    1    2    1    1    1    2    1    9   14   18   24   64  140  190  229  121
13   15   14   13   11    9    8    7    6    5    4    3    2    1    2    1    1    2    7   12   15   26   57  126  189  228  125
14   15   14   13   11   10    9    8    7    6    5    4    3    2    1    1    2    1    1    1    4    9   17   20   56  123  181  223  123
14   15   14   13   12   11    9    8    7    6    5    4    3    2    1    1    1    1    1    1    5    6   16   21   51  118  176  216  121
12   14   12   10    9    8    7    6    5    4    3    2    1    2    2    1    3    4   18   22   40  106  176  210  121
11   14   12    9    8    7    6    5    4    3    2    1    2    2    3    5   12   21   32   94  180  206  123
11   14   12    9    8    7    6    5    4    3    2    1    2    2    1    3    9   25   27   77  181  200  124
13   14   13   12   11    9    8    7    6    5    4    3    2    1    1    1    1    1    1    3    5   25   26   70  159  191  121
13   14   13   12   11    9    8    7    6    5    4    3    2    1    1    1    1    1    1    3    3   24   24   68  151  183  119
12   14   13   10    9    8    7    6    5    4    3    2    1    1    1    1    1    4    3   20   21   63  140  183  116
12   14   13   10    9    8    7    6    5    4    3    2    1    1    1    1    1    2    3   17   21   59  126  172  114
12   14   13   10    9    8    7    6    5    4    3    2    1    1    1    1    1    1    3   14   21   53  119  163  111
12   14   12   10    9    8    7    6    5    4    3    2    1    1    1    1    1    1    2   12   18   42  113  162  106
11   13   12   10    9    7    6    5    4    3    2    1    1    1    1    1    3    9   15   23   90  116   82
11   13   12    9    8    7    6    5    4    3    2    1    1    1    1    1    1    6   17   19   80  105   76
10   13   12    8    7    6    5    4    3    2    1    1    1    1    2    5   14   19   62   83   67
 8    9    7    6    5    4    3    2    1    1    2    3   12   17   45   69   56
 8    9    7    6    5    4    3    2    1    1    2    2    9   14   40   68   52
 7    9    6    5    4    3    2    1    1    3    9   13   39   57   53
 7    9    6    5    4    3    2    1    1    1    8   11   38   51   49
 6    7    5    4    3    2    1    1    8    6   30   47   41
 6    7    5    4    3    2    1    1    5    7   24   35   38
 6    7    5    4    3    2    1    1    4    6   20   29   31
 5    7    4    3    2    1    1    4    7   15   16
 5    6    4    3    2    1    1    1    5   10    9
 3    5    2    1    1    6    5
 3    5    2    1    1    5    5
 3    3    2    1    1    4    3
 4    4    3    2    1    1    1    3    1
 3    3    2    1    1    1    3
 3    3    2    1    1    2    1
 3    3    2    1    1    2    1
 2    2    1    1    2
 2    2    1    1    2
