# n  list(x)  list(y)
13    4    5    6    7    8    9   10   11   12   13   14   15   16    4  102  474  586  503  405  205  112   61   34    8    5    1
14    3    4    5    6    7    8    9   10   11   12   13   14   15   16    1   11  111  486  593  493  375  196  110   57   29    7    5    1
14    3    4    5    6    7    8    9   10   11   12   13   14   15   16    3   21  143  464  582  486  363  194   97   60   25    6    5    1
14    3    4    5    6    7    8    9   10   11   12   13   14   15   16    3   30  171  471  572  475  347  178   86   59   21    7    4    1
14    3    4    5    6    7    8    9   10   11   12   13   14   15   16    4   40  183  481  574  449  342  162   80   55   21    4    4    1
14    3    4    5    6    7    8    9   10   11   12   13   14   15   16    7   48  194  478  580  444  320  145   79   52   20    3    4    1
14    2    3    4    5    6    7    8    9   10   11   12   13   14   15    1    6   59  214  490  553  448  295  137   70   52   18    3    4
14    2    3    4    5    6    7    8    9   10   11   12   13   14   15    1    8   73  228  492  544  436  282  121   71   47   15    3    4
14    2    3    4    5    6    7    8    9   10   11   12   13   14   15    1   11   89  239  498  534  422  256  116   74   39   14    3    4
14    2    3    4    5    6    7    8    9   10   11   12   13   14   15    1   13   95  257  488  535  407  244  113   65   36   15    3    3
14    2    3    4    5    6    7    8    9   10   11   12   13   14   15    1   18  101  271  496  531  387  224  108   61   32   16    1    3
14    2    3    4    5    6    7    8    9   10   11   12   13   14   15    3   19  109  287  502  518  376  204  106   52   32   13    1    3
15    1    2    3    4    5    6    7    8    9   10   11   12   13   14   15    1    3   23  121  292  496  530  350  197   92   49   29   13    1    3
15    1    2    3    4    5    6    7    8    9   10   11   12   13   14   15    1    3   24  131  321  501  503  335  186   80   45   28   13    1    3
15    1    2    3    4    5    6    7    8    9   10   11   12   13   14   15    1    5   29  135  329  509  498  311  178   71   42   27   11    2    2
15    1    2    3    4    5    6    7    8    9   10   11   12   13   14   15    1    5   38  152  336  507  476  299  164   70   37   25   13    1    1
15    1    2    3    4    5    6    7    8    9   10   11   12   13   14   15    2    8   43  155  362  511  439  294  149   63   38   24   10    1    1
15    1    2    3    4    5    6    7    8    9   10   11   12   13   14   15    2    9   48  169  370  496  435  278  137   59   38   23    9    1    1
15    1    2    3    4    5    6    7    8    9   10   11   12   13   14   15    2   13   54  182  388  485  408  266  128   59   35   22    6    1    1
15    1    2    3    4    5    6    7    8    9   10   11   12   13   14   15    3   11   64  203  385  473  402  247  122   56   32   20    5    1    1
15    1    2    3    4    5    6    7    8    9   10   11   12   13   14   15    3   14   70  216  391  464  394  231  115   47   31   17    5    1    1
15    1    2    3    4    5    6    7    8    9   10   11   12   13   14   15    3   22   72  230  392  456  378  223  104   45   29   16    3    1    1
15    1    2    3    4    5    6    7    8    9   10   11   12   13   14   15    3   25   87  225  409  455  354  213   93   38   30   13    3    1    1
15    1    2    3    4    5    6    7    8    9   10   11   12   13   14   15    3   25  105  226  420  448  329  200   88   38   27   11    3    1    1
14    1    2    3    4    5    6    7    8    9   10   11   12   13   14    3   29  110  237  420  445  320  179   83   36   24    9    4    1
14    1    2    3    4    5    6    7    8    9   10   11   12   13   14    3   29  116  255  428  443  291  164   79   33   22    8    3    1
14    1    2    3    4    5    6    7    8    9   10   11   12   13   14    4   28  120  269  432  439  269  154   74   29   21    8    2    1
14    1    2    3    4    5    6    7    8    9   10   11   12   13   14    5   30  135  275  432  421  262  140   72   26   18    6    2    1
14    1    2    3    4    5    6    7    8    9   10   11   12   13   14    5   37  141  290  417  416  242  138   64   25   17    5    2    1
14    1    2    3    4    5    6    7    8    9   10   11   12   13   14    5   38  146  303  418  407  233  119   59   25   15    4    2    1
14    1    2    3    4    5    6    7    8    9   10   11   12   13   14    6   48  148  312  426  388  215  108   56   23   13    4    2    1
14    1    2    3    4    5    6    7    8    9   10   11   12   13   14    7   51  159  321  425  374  202  102   48   19   14    1    1    1
14    1    2    3    4    5    6    7    8    9   10   11   12   13   14    8   54  173  318  431  354  187   95   46   21   10    1    1    1
14    1    2    3    4    5    6    7    8    9   10   11   12   13   14    8   59  177  329  434  323  184   87   44   21    6    1    1    1
14    1    2    3    4    5    6    7    8    9   10   11   12   13   14    9   62  186  322  427  313  182   83   39   18    6    1    1    1
13    1    2    3    4    5    6    7    8    9   10   11   12   14   11   66  203  320  419  305  170   78   31   14    6    1    1
13    1    2    3    4    5    6    7    8    9   10   11   12   13   14   70  205  336  407  280  162   77   30   12    5    1    1
13    1    2    3    4    5    6    7    8    9   10   11   12   13   15   75  213  347  392  260  163   65   26   12    4    1    1
12    1    2    3    4    5    6    7    8    9   10   11   13   17   78  229  354  370  260  140   58   26   13    3    1
12    1    2    3    4    5    6    7    8    9   10   11   13   18   84  241  354  361  245  130   50   24   12    3    1
12    1    2    3    4    5    6    7    8    9   10   11   12   22   95  248  350  355  226  119   46   23   10    3    1
12    1    2    3    4    5    6    7    8    9   10   11   12   26   99  255  348  343  216  109   41   23   10    2    1
12    1    2    3    4    5    6    7    8    9   10   11   12   26  111  260  343  328  212   97   36   22   10    1    1
11    1    2    3    4    5    6    7    8    9   10   11   28  122  267  337  318  202   87   33   18    7    2
11    1    2    3    4    5    6    7    8    9   10   11   32  129  267  338  299  200   80   30   12    6    2
11    1    2    3    4    5    6    7    8    9   10   11   33  138  267  337  285  188   73   29   12    5    2
11    1    2    3    4    5    6    7    8    9   10   11   36  151  278  323  272  171   70   27    9    6    1
11    1    2    3    4    5    6    7    8    9   10   11   39  159  291  317  258  149   67   24    8    4    1
11    1    2    3    4    5    6    7    8    9   10   11   41  162  291  319  240  140   63   24    6    4    1
10    1    2    3    4    5    6    7    8    9   10   48  174  280  308  240  126   61   18    5    5
10    1    2    3    4    5    6    7    8    9   10   51  178  284  295  231  115   59   15    5    5
10    1    2    3    4    5    6    7    8    9   10   58  182  275  298  218  107   53   12    6    4
10    1    2    3    4    5    6    7    8    9   10   61  185  282  279  206  108   44   12    5    4
10    1    2    3    4    5    6    7    8    9   10   67  192  277  274  193   97   40   12    5    2
10    1    2    3    4    5    6    7    8    9   10   78  195  275  264  178   87   37   13    4    2
10    1    2    3    4    5    6    7    8    9   10   83  196  270  256  172   75   37    9    4    2
10    1    2    3    4    5    6    7    8    9   10   91  201  262  247  159   68   37    6    5    1
10    1    2    3    4    5    6    7    8    9   10   98  205  254  244  148   62   29    5    5    1
10    1    2    3    4    5    6    7    8    9   10   97  204  240  237  136   54   27    5    4    1
10    1    2    3    4    5    6    7    8    9   10  108  198  243  222  125   50   23    6    3    1
10    1    2    3    4    5    6    7    8    9   10  107  199  237  210  120   44   23    4    1    1
10    1    2    3    4    5    6    7    8    9   10  115  196  242  202  100   41   20    2    1    1
 9    1    2    3    4    5    6    7    8    9  126  204  228  188   90   42   13    2    1
 9    1    2    3    4    5    6    7    8    9  123  207  232  171   76   40   12    2    1
 9    1    2    3    4    5    6    7    8    9  125  209  213  163   75   33   12    1    1
 9    1    2    3    4    5    6    7    8    9  126  204  213  149   72   24    8    1    1
 8    1    2    3    4    5    6    7    9  129  205  198  137   67   24    7    1
 8    1    2    3    4    5    6    7    9  131  192  204  124   52   22    6    1
 8    1    2    3    4    5    6    7    9  120  176  174  110   46   16    5    1
 8    1    2    3    4    5    6    7    9  121  166  160  101   42   15    4    1
 8    1    2    3    4    5    6    7    9   98  144  125   91   27   14    3    1
 8    1    2    3    4    5    6    7    9  100  143  120   81   21   11    2    1
 8    1    2    3    4    5    6    7    9   94  134  118   71   19   10    2    1
 8    1    2    3    4    5    6    7    8   94  126  110   66   20    6    2    1
 8    1    2    3    4    5    6    7    8   84  103  102   60   17    5    1    1
 8    1    2    3    4    5    6    7    8   71   85   84   47   16    5    1    1
 8    1    2    3    4    5    6    7    8   67   86   77   43   13    5    1    1
 8    1    2    3    4    5    6    7    8   61   82   68   37   12    5    1    1
 7    1    2    3    4    5    6    7   61   70   72   28   11    4    2
 6    1    2    3    4    5    7   37   41   40   14    7    2
 6    1    2    3    4    5    7   34   41   40   14    6    2
 6    1    2    3    4    5    7   30   34   32   12    4    2
 6    1    2    3    4    5    7   31   30   32   10    1    2
 7    1    2    3    4    5    6    7   30   28   30   10    1    1    1
 6    1    2    3    4    5    6   23   20   22    5    1    1
 6    1    2    3    4    5    6   19   22   18    4    1    1
 5    1    2    3    4    6   15   21   13    4    1
 5    1    2    3    4    5   10   15    7    3    1
 4    1    2    3    4    9   11    7    2
 4    1    2    3    4    8   11    4    2
 4    1    2    3    4    5   10    3    1
 4    1    2    3    6    1    3    5    1
 4    1    2    3    6    1    3    5    1
 2    1    2    2    4
 3    1    2    3    3    2    1
 3    1    2    3    3    2    1
 3    1    2    3    3    2    1
 2    1    2    2    1
 2    1    2    2    1
