# n  list(x)  list(y)
18   22   20   19   18   17   16   15   14   13   12   11   10    9    8    7    6    5    4    1    1    1    4    4    5   12   27   49   77  130  190  272  450  505  631  137    4
18   22   20   19   18   17   16   15   14   13   12   11   10    9    8    7    6    5    4    1    1    1    4    4    5   10   24   48   77  118  177  271  435  502  622  160   15
18   22   20   19   18   17   16   15   14   13   12   11   10    9    8    7    6    5    4    1    1    1    2    6    3    9   22   43   69  112  171  260  417  503  611  202   17
19   21   20   19   18   17   16   15   14   13   12   11   10    9    8    7    6    5    4    3    1    1    1    2    5    3    7   21   40   65  113  160  248  405  504  594  230   22    3
17   21   18   17   16   15   14   13   12   11   10    9    8    7    6    5    4    3    1    3    4    2    8   19   36   64  105  151  247  390  501  587  242   34    6
17   20   18   17   16   15   14   13   12   11   10    9    8    7    6    5    4    3    1    3    4    1    8   17   29   63   95  149  242  369  497  584  262   44    7
17   20   18   17   16   15   14   13   12   11   10    9    8    7    6    5    4    3    1    2    2    2    7   13   30   58   89  143  238  354  471  594  284   53    9
16   20   18   17   15   14   13   12   11   10    9    8    7    6    5    4    3    1    1    3    8   12   29   55   82  142  229  334  465  580  306   68   10
18   19   18   17   16   15   14   13   12   11   10    9    8    7    6    5    4    3    2    1    1    2    1    6    7   33   50   82  127  226  327  453  564  328   80   11    1
18   19   18   17   16   15   14   13   12   11   10    9    8    7    6    5    4    3    2    1    1    2    1    5    5   31   42   82  119  219  313  454  550  334   97   18    1
16   18   17   15   14   13   12   11   10    9    8    7    6    5    4    3    2    1    3    5    6   27   40   80  113  209  306  449  541  336  111   21    2
16   18   17   15   14   13   12   11   10    9    8    7    6    5    4    3    2    1    3    5    6   22   39   82  106  191  302  435  539  343  121   27    3
17   18   17   16   15   14   13   12   11   10    9    8    7    6    5    4    3    2    1    2    1    4    5   20   35   76  102  182  287  434  518  361  138   31    3
17   17   16   15   14   13   12   11   10    9    8    7    6    5    4    3    2    1    3    1    3    6   19   34   68  108  166  285  424  501  353  162   39    2    1
17   17   16   15   14   13   12   11   10    9    8    7    6    5    4    3    2    1    1    3    1    5   17   32   61  104  165  269  414  494  363  175   41    4    1
17   17   16   15   14   13   12   11   10    9    8    7    6    5    4    3    2    1    1    3    1    5   15   30   53   95  168  261  401  475  378  184   48    6    1
16   17   16   14   13   12   11   10    9    8    7    6    5    4    3    2    1    1    3    5   14   25   49   92  159  252  393  469  380  191   59    7    1
17   17   16   15   14   13   12   11   10    9    8    7    6    5    4    3    2    1    1    2    1    4   10   21   50   79  158  237  389  470  385  197   61    9    1
17   17   16   15   14   13   12   11   10    9    8    7    6    5    4    3    2    1    1    2    1    4    9   15   50   74  137  235  382  463  389  205   70   12    1
17   17   16   15   14   13   12   11   10    9    8    7    6    5    4    3    2    1    1    1    1    4    9   13   44   77  122  228  368  458  398  211   74   15    1
16   17   15   14   13   12   11   10    9    8    7    6    5    4    3    2    1    1    2    2    9   14   40   68  117  230  338  455  405  224   77   17    1
16   17   15   14   13   12   11   10    9    8    7    6    5    4    3    2    1    1    2    2    6   14   34   63  110  225  311  454  413  234   86   19    1
16   17   15   14   13   12   11   10    9    8    7    6    5    4    3    2    1    1    2    2    3   15   29   62  106  196  306  450  413  248   94   21    2
16   17   15   14   13   12   11   10    9    8    7    6    5    4    3    2    1    1    2    2    3   13   30   55   99  176  294  444  423  255  101   24    3
16   17   15   14   13   12   11   10    9    8    7    6    5    4    3    2    1    1    1    3    1   14   28   48   95  171  281  426  425  257  118   27    4
15   17   15   14   12   11   10    9    8    7    6    5    4    3    2    1    1    1    3   12   23   51   88  160  270  411  433  265  124   29    4
15   17   15   14   12   11   10    9    8    7    6    5    4    3    2    1    1    1    3   10   22   47   82  157  251  402  433  274  132   31    4
16   17   15   14   13   12   11   10    9    8    7    6    5    4    3    2    1    1    1    1    2    9   18   45   77  143  242  399  422  294  129   38    4
15   17   15   13   12   11   10    9    8    7    6    5    4    3    2    1    1    1    3    9   16   42   72  136  236  389  420  289  135   47    4
15   16   15   13   12   11   10    9    8    7    6    5    4    3    2    1    1    1    2    9   10   42   62  124  222  382  418  306  141   49    6
14   15   13   12   11   10    9    8    7    6    5    4    3    2    1    2    2    7    9   37   59  114  211  371  414  313  151   52    8
14   15   13   12   11   10    9    8    7    6    5    4    3    2    1    2    2    6    7   32   57  106  204  354  396  336  155   59    9
14   15   13   12   11   10    9    8    7    6    5    4    3    2    1    2    2    6    6   30   53   93  198  325  411  336  164   64   10
14   15   13   12   11   10    9    8    7    6    5    4    3    2    1    1    2    5    7   26   45   86  189  303  419  329  183   70   10
14   15   13   12   11   10    9    8    7    6    5    4    3    2    1    1    1    3   10   19   46   78  174  292  425  320  196   74   11
14   15   13   12   11   10    9    8    7    6    5    4    3    2    1    1    1    3    8   15   45   64  159  287  402  340  199   88   13
14   15   13   12   11   10    9    8    7    6    5    4    3    2    1    1    1    3    6   14   37   69  148  274  389  340  206   98   14
14   15   13   12   11   10    9    8    7    6    5    4    3    2    1    1    1    3    5   11   31   70  131  254  389  342  209  113   15
14   15   13   12   11   10    9    8    7    6    5    4    3    2    1    1    1    3    4   12   28   65  121  248  368  359  209  111   20
14   15   13   12   11   10    9    8    7    6    5    4    3    2    1    1    1    1    6    9   25   65  112  236  351  355  219  123   19
14   14   13   12   11   10    9    8    7    6    5    4    3    2    1    1    1    1    5   10   16   63  113  209  347  355  226  126   22
13   14   13   11   10    9    8    7    6    5    4    3    2    1    1    1    6    9   15   58  106  202  326  351  237  133   25
13   14   13   11   10    9    8    7    6    5    4    3    2    1    1    1    5    8   16   51   97  193  309  339  254  141   30
13   14   13   11   10    9    8    7    6    5    4    3    2    1    1    1    4    8   14   50   90  171  300  338  262  146   33
13   14   13   11   10    9    8    7    6    5    4    3    2    1    1    1    3    8   14   41   85  164  286  330  275  147   38
13   14   13   11   10    9    8    7    6    5    4    3    2    1    1    1    1    8   12   39   78  150  276  319  279  166   37
12   12   11   10    9    8    7    6    5    4    3    2    1    1    1    6   10   37   68  143  265  310  292  171   38
12   12   11   10    9    8    7    6    5    4    3    2    1    1    1    5   10   32   66  127  260  297  297  178   42
12   12   11   10    9    8    7    6    5    4    3    2    1    1    1    5    9   25   65  116  248  295  299  180   48
12   12   11   10    9    8    7    6    5    4    3    2    1    1    1    3    9   25   59  106  235  295  287  198   49
12   12   11   10    9    8    7    6    5    4    3    2    1    1    1    2    7   20   58  104  211  293  285  203   58
11   11   10    9    8    7    6    5    4    3    2    1    1    2    8   19   49  101  194  285  287  208   63
11   11   10    9    8    7    6    5    4    3    2    1    1    1    8   17   44   88  186  275  291  211   70
11   11   10    9    8    7    6    5    4    3    2    1    1    1    7   13   40   79  166  275  285  221   79
10   10    9    8    7    6    5    4    3    2    1    1    6   10   41   67  156  268  286  223   81
 9    9    8    7    6    5    4    3    2    1    7    7   37   61  141  255  276  234   93
 9    9    8    7    6    5    4    3    2    1    6    8   33   54  132  242  272  240   97
 9    9    8    7    6    5    4    3    2    1    6    5   26   56  113  240  267  241  100
 9    9    8    7    6    5    4    3    2    1    5    4   21   57  103  228  253  246  102
 9    9    8    7    6    5    4    3    2    1    5    4   14   55   88  227  248  246  103
 9    9    8    7    6    5    4    3    2    1    3    6   12   44   80  206  254  251  101
 9    9    8    7    6    5    4    3    2    1    3    5   10   39   78  187  259  244  102
 9    9    8    7    6    5    4    3    2    1    1    5   11   32   74  171  251  240  105
 9    9    8    7    6    5    4    3    2    1    1    4   10   31   66  159  240  244  111
 8    8    7    6    5    4    3    2    1    5    7   25   60  145  237  240  116
 8    8    7    6    5    4    3    2    1    5    6   19   54  135  225  246  113
 8    8    7    6    5    4    3    2    1    4    3   21   46  124  218  240  115
 8    8    7    6    5    4    3    2    1    3    3   22   40  110  216  222  117
 8    8    7    6    5    4    3    2    1    2    4   14   35  100  196  226  117
 8    8    7    6    5    4    3    2    1    1    3   11   30   82  173  227  110
 8    8    7    6    5    4    3    2    1    1    2    9   24   69  149  226  113
 8    8    7    6    5    4    3    2    1    1    2    8   19   60  134  216  109
 8    8    7    6    5    4    3    2    1    1    1    7   14   52  119  199  104
 7    8    6    5    4    3    2    1    1    6   15   46  107  189  100
 7    8    6    5    4    3    2    1    1    4   12   38   82  141   86
 7    8    6    5    4    3    2    1    1    4    9   34   76  119   81
 7    8    6    5    4    3    2    1    1    2    3   16   26   30   25
 7    8    6    5    4    3    2    1    1    1    3   12   27   25   22
 7    7    6    5    4    3    2    1    1    1    2   11   28   22   19
 6    6    5    4    3    2    1    1    1   11   23   26   18
 6    6    5    4    3    2    1    1    1   11   21   25   16
 6    6    5    4    3    2    1    1    1    7   13   21   12
 5    5    4    3    2    1    1    4    7    9    8
 5    5    4    3    2    1    1    4    7    9    8
 4    4    3    2    1    1    4    5    4
 4    4    3    2    1    1    3    4    3
 4    4    3    2    1    1    3    4    3
 4    4    3    2    1    1    3    3    3
 4    4    3    2    1    1    1    5    3
 3    3    2    1    2    3    4
 3    3    2    1    2    2    4
 3    3    2    1    1    2    3
 3    3    2    1    1    2    3
 3    3    2    1    1    2    3
 2    2    1    3    2
 2    2    1    3    2
 2    2    1    1    2
