# n  list(x)  list(y)
 6    8    7    6    5    4    3  635 1003  616  160   83    3
 6    8    7    6    5    4    3  577  956  667  184   87    4
 6    8    7    6    5    4    3  520  943  673  213   89   12
 6    8    7    6    5    4    3  472  912  693  238   98   12
 6    8    7    6    5    4    3  425  885  706  267   99   18
 7    8    7    6    5    4    3    2  388  846  707  305  109   19    1
 7    8    7    6    5    4    3    2  356  816  710  321  122   23    2
 7    8    7    6    5    4    3    2  316  792  712  342  131   30    2
 7    8    7    6    5    4    3    2  296  736  717  373  135   39    4
 7    8    7    6    5    4    3    2  269  699  711  401  147   42    6
 7    8    7    6    5    4    3    2  246  662  697  432  161   46    6
 7    8    7    6    5    4    3    2  223  612  707  446  178   52    7
 7    8    7    6    5    4    3    2  195  583  693  468  200   53    8
 7    8    7    6    5    4    3    2  180  557  676  479  210   62   11
 8    8    7    6    5    4    3    2    1  163  517  666  494  228   66   15    1
 8    8    7    6    5    4    3    2    1  153  485  652  498  242   78   16    1
 8    8    7    6    5    4    3    2    1  134  452  628  517  269   80   19    1
 8    8    7    6    5    4    3    2    1  121  415  628  510  292   87   20    2
 8    8    7    6    5    4    3    2    1  109  392  609  506  309  102   21    2
 8    8    7    6    5    4    3    2    1   92  370  593  514  316  112   26    2
 8    8    7    6    5    4    3    2    1   81  337  563  538  327  120   31    3
 8    8    7    6    5    4    3    2    1   73  309  554  533  324  143   36    3
 8    8    7    6    5    4    3    2    1   57  286  547  534  329  155   37    5
 8    8    7    6    5    4    3    2    1   52  260  524  537  344  162   39    7
 8    8    7    6    5    4    3    2    1   49  248  485  538  363  170   41    6
 8    8    7    6    5    4    3    2    1   48  237  460  528  364  184   47    7
 8    8    7    6    5    4    3    2    1   43  224  436  516  375  198   51    6
 8    8    7    6    5    4    3    2    1   33  202  430  507  383  207   56    6
 8    8    7    6    5    4    3    2    1   31  180  418  496  379  225   61    9
 8    8    7    6    5    4    3    2    1   23  168  391  490  390  231   72    9
 8    8    7    6    5    4    3    2    1   23  148  368  487  393  240   79   11
 8    8    7    6    5    4    3    2    1   20  141  339  481  399  244   88   12
 8    8    7    6    5    4    3    2    1   18  126  317  479  409  244   93   13
 8    8    7    6    5    4    3    2    1   15  106  304  467  422  243   99   18
 8    8    7    6    5    4    3    2    1   11  101  285  444  416  271   99   22
 8    8    7    6    5    4    3    2    1   10   94  274  418  421  281   99   27
 8    8    7    6    5    4    3    2    1    6   81  255  414  416  290  110   27
 8    8    7    6    5    4    3    2    1    6   70  237  396  425  298  113   28
 8    8    7    6    5    4    3    2    1    5   61  216  385  427  306  118   30
 8    8    7    6    5    4    3    2    1    5   54  203  356  431  317  125   29
 8    8    7    6    5    4    3    2    1    5   51  194  333  428  313  132   37
 8    8    7    6    5    4    3    2    1    5   46  168  331  416  322  141   39
 8    8    7    6    5    4    3    2    1    1   41  158  316  409  326  147   45
 8    8    7    6    5    4    3    2    1    1   38  143  296  408  334  146   50
 8    8    7    6    5    4    3    2    1    1   35  128  288  390  334  163   51
 7    7    6    5    4    3    2    1   33  111  282  370  336  177   45
 7    7    6    5    4    3    2    1   28  100  254  363  343  188   53
 7    7    6    5    4    3    2    1   26   93  239  350  348  190   59
 7    7    6    5    4    3    2    1   21   84  219  345  337  206   67
 7    7    6    5    4    3    2    1   20   74  201  326  342  207   69
 7    7    6    5    4    3    2    1   19   65  195  312  340  212   66
 7    7    6    5    4    3    2    1   15   58  176  313  335  211   72
 7    7    6    5    4    3    2    1   15   49  169  291  339  217   73
 7    7    6    5    4    3    2    1   13   45  159  271  335  229   77
 7    7    6    5    4    3    2    1   10   45  148  255  317  229   81
 7    7    6    5    4    3    2    1    9   38  136  247  302  233   87
 7    7    6    5    4    3    2    1    7   29  128  238  295  238   90
 7    7    6    5    4    3    2    1    6   24  120  225  294  235   96
 7    7    6    5    4    3    2    1    6   21  105  213  272  222   91
 7    7    6    5    4    3    2    1    4   18   94  194  276  219   96
 7    7    6    5    4    3    2    1    4   15   79  176  256  207   91
 7    7    6    5    4    3    2    1    4   14   65  155  230  187   87
 7    7    6    5    4    3    2    1    4   14   55  131  196  149   75
 7    7    6    5    4    3    2    1    2    9   50  127  185  153   77
 7    7    6    5    4    3    2    1    1    9   37  120  183  155   79
 7    7    6    5    4    3    2    1    1    9   33  117  178  150   78
 7    7    6    5    4    3    2    1    1    4   20   69  114   96   51
 7    7    6    5    4    3    2    1    1    3   17   54   82   65   42
 6    6    5    4    3    2    1    2   15   38   71   64   40
 6    6    5    4    3    2    1    2   10   32   68   66   32
 6    6    5    4    3    2    1    2    8   32   66   62   34
 6    6    5    4    3    2    1    1    9   31   63   59   32
 5    5    4    3    2    1    2   12   27   23   13
 4    4    3    2    1    5   14   25   14
 4    4    3    2    1   12   13   10   11
 4    4    3    2    1   11   11    9    9
 4    4    3    2    1   11   11    9    9
 4    4    3    2    1   11   11    8    9
 4    4    3    2    1   11   10    9    8
 4    4    3    2    1    6   13   10    7
 4    4    3    2    1    6   11    9    7
 4    4    3    2    1    6    9   10    7
 4    4    3    2    1    2    4   11    4
 4    4    3    2    1    1    4   10    4
 4    4    3    2    1    3    3    7    1
 3    3    2    1    2    5    4
 3    3    2    1    2    6    2
 3    3    2    1    2    3    4
 4    4    3    2    1    1    3    4    1
 4    4    3    2    1    1    3    4    1
 4    4    3    2    1    1    3    4    1
 3    3    2    1    2    1    4
 3    3    2    1    2    2    2
 3    3    2    1    2    2    2
 3    3    2    1    2    2    2
 3    3    2    1    2    2    2
 2    2    1    2    2
 2    2    1    2    2
 2    2    1    1    2
