# n  list(x)  list(y)
14    4    5    6    7    8    9   10   11   12   13   14   15   16   19    4  104  449  607  518  364  233  133   57   21    5    2    2    1
14    4    5    6    7    8    9   10   11   12   13   14   15   16   19   15  115  468  598  495  345  234  125   54   16    5    2    2    1
15    3    4    5    6    7    8    9   10   11   12   13   14   15   16   17    1   16  139  467  592  501  317  227  120   46   15    4    3    1    1
15    3    4    5    6    7    8    9   10   11   12   13   14   15   16   17    1   22  159  478  581  481  321  208  116   36   13    5    2    1    1
14    3    4    5    6    7    8    9   10   11   12   13   14   15   17    2   33  170  492  561  476  306  198  107   33   15    4    2    1
14    3    4    5    6    7    8    9   10   11   12   13   14   15   16    2   40  192  493  552  473  287  191   94   32   12    5    1    1
14    3    4    5    6    7    8    9   10   11   12   13   14   15   16    4   46  221  484  560  445  279  180   83   29   12    5    1    1
14    3    4    5    6    7    8    9   10   11   12   13   14   15   16    5   55  250  485  555  424  258  172   77   26   12    4    1    1
15    2    3    4    5    6    7    8    9   10   11   12   13   14   15   16    1    8   67  259  500  541  403  254  157   71   23   10    4    1    1
14    2    3    4    5    6    7    8    9   10   11   12   13   14   16    2   15   75  269  512  515  401  237  149   64   20   10    5    1
14    2    3    4    5    6    7    8    9   10   11   12   13   14   16    2   18   92  286  513  501  384  227  134   60   19    8    5    1
14    2    3    4    5    6    7    8    9   10   11   12   13   14   16    2   20  106  306  504  496  362  220  124   55   17    7    5    1
14    2    3    4    5    6    7    8    9   10   11   12   13   14   16    2   24  114  317  511  485  346  207  116   50   17    5    5    1
15    1    2    3    4    5    6    7    8    9   10   11   12   13   14   16    1    2   23  131  331  508  480  325  195  110   43   17    3    5    1
15    1    2    3    4    5    6    7    8    9   10   11   12   13   14   16    1    2   29  143  332  519  476  300  185  104   36   15    3    4    1
15    1    2    3    4    5    6    7    8    9   10   11   12   13   14   16    1    3   34  149  348  522  453  291  170   99   34   13    4    3    1
15    1    2    3    4    5    6    7    8    9   10   11   12   13   14   16    1    5   40  161  358  525  437  271  165   86   31   12    4    3    1
14    2    3    4    5    6    7    8    9   10   11   12   13   14   16    8   46  165  374  510  422  267  156   84   25   10    5    2    1
14    2    3    4    5    6    7    8    9   10   11   12   13   14   16   12   51  180  380  503  402  258  151   76   22    8    4    2    1
14    2    3    4    5    6    7    8    9   10   11   12   13   14   15   15   63  187  391  493  379  251  143   72   18    7    3    2    1
14    2    3    4    5    6    7    8    9   10   11   12   13   14   15   19   64  206  394  492  359  238  140   57   20    6    2    2    1
14    2    3    4    5    6    7    8    9   10   11   12   13   14   15   22   75  209  407  486  341  229  127   51   18    6    1    2    1
13    2    3    4    5    6    7    8    9   10   11   12   14   15   22   77  218  421  482  317  223  119   45   17    6    2    1
13    2    3    4    5    6    7    8    9   10   11   12   14   15   27   83  227  420  468  317  206  115   39   16    4    2    1
14    2    3    4    5    6    7    8    9   10   11   12   13   14   15   29   89  249  426  438  312  190  110   38   13    3    1    1    1
14    2    3    4    5    6    7    8    9   10   11   12   13   14   15   31   98  271  428  424  292  175  105   33   13    2    1    1    1
14    2    3    4    5    6    7    8    9   10   11   12   13   14   15   36  111  271  439  400  281  169   94   35    9    2    1    1    1
12    2    3    4    5    6    7    8    9   10   11   12   15   39  120  288  428  393  271  161   84   29    8    3    1
12    2    3    4    5    6    7    8    9   10   11   12   15   41  138  291  424  371  266  153   77   27    8    3    1
13    1    2    3    4    5    6    7    8    9   10   11   12   15    1   46  149  294  425  355  252  147   70   24    8    3    1
13    1    2    3    4    5    6    7    8    9   10   11   12   15    2   49  160  302  407  358  234  138   65   24    7    3    1
13    1    2    3    4    5    6    7    8    9   10   11   12   15    4   53  179  305  398  343  222  132   57   21    7    3    1
13    1    2    3    4    5    6    7    8    9   10   11   12   15    5   57  197  306  389  327  215  119   57   18    6    3    1
13    1    2    3    4    5    6    7    8    9   10   11   12   14    9   66  201  313  375  311  211  110   55   15    5    3    1
13    1    2    3    4    5    6    7    8    9   10   11   12   14   10   74  203  315  371  301  201  105   49   12    6    2    1
13    1    2    3    4    5    6    7    8    9   10   11   12   14   13   80  208  318  364  293  194   92   43   12    6    1    1
13    1    2    3    4    5    6    7    8    9   10   11   12   14   17   82  221  308  352  295  180   85   42   10    6    1    1
13    1    2    3    4    5    6    7    8    9   10   11   12   14   21   93  226  308  339  284  168   81   40    7    6    1    1
13    1    2    3    4    5    6    7    8    9   10   11   12   13   25   94  237  315  322  272  158   76   36    8    5    1    1
13    1    2    3    4    5    6    7    8    9   10   11   12   13   25  104  244  320  321  245  152   70   30    7    5    1    1
13    1    2    3    4    5    6    7    8    9   10   11   12   13   29  106  248  319  307  249  135   65   26    8    4    1    1
13    1    2    3    4    5    6    7    8    9   10   11   12   13   30  119  249  322  296  241  121   61   21    8    2    1    1
12    1    2    3    4    5    6    7    8    9   10   11   13   30  124  256  318  284  231  118   55   19    8    2    1
12    1    2    3    4    5    6    7    8    9   10   11   12   36  124  262  320  283  212  108   49   18    5    1    1
12    1    2    3    4    5    6    7    8    9   10   11   12   42  134  269  307  280  195  105   39   17    4    1    1
12    1    2    3    4    5    6    7    8    9   10   11   12   53  129  283  304  267  185   97   33   13    3    1    1
11    1    2    3    4    5    6    7    8    9   10   11   57  137  287  306  248  174   88   32   10    3    2
11    1    2    3    4    5    6    7    8    9   10   11   57  146  291  298  237  165   83   27    8    3    2
11    1    2    3    4    5    6    7    8    9   10   11   60  150  309  280  230  152   77   21    8    2    2
11    1    2    3    4    5    6    7    8    9   10   11   61  164  303  273  226  138   71   18    7    2    2
11    1    2    3    4    5    6    7    8    9   10   11   65  169  298  272  215  132   65   14    6    3    1
11    1    2    3    4    5    6    7    8    9   10   11   69  180  288  268  205  122   63   11    6    1    1
11    1    2    3    4    5    6    7    8    9   10   11   71  188  286  252  204  110   58    9    6    1    1
10    1    2    3    4    5    6    7    8    9   10   75  196  278  239  199  104   50    9    6    2
10    1    2    3    4    5    6    7    8    9   10   79  206  270  244  171  103   42   10    4    2
10    1    2    3    4    5    6    7    8    9   10   88  203  277  222  166  102   32   10    3    2
10    1    2    3    4    5    6    7    8    9   10   92  206  274  220  154   90   27   10    3    1
10    1    2    3    4    5    6    7    8    9   10   90  206  264  218  143   81   24   10    1    1
 9    1    2    3    4    5    6    7    8    9   99  200  261  215  126   79   22    6    2
 9    1    2    3    4    5    6    7    8    9  104  207  260  209  108   71   17    7    1
 9    1    2    3    4    5    6    7    8    9   99  217  263  192  111   54   10    6    1
 9    1    2    3    4    5    6    7    8    9  108  218  257  174  111   48    7    6    1
 9    1    2    3    4    5    6    7    8    9  108  218  235  164  100   37    6    6    1
 9    1    2    3    4    5    6    7    8    9  114  214  245  150   86   30    6    4    1
 9    1    2    3    4    5    6    7    8    9  112  220  240  134   78   24    7    2    1
 9    1    2    3    4    5    6    7    8    9  110  217  238  119   71   24    4    2    1
 9    1    2    3    4    5    6    7    8    9  106  218  229  109   62   25    2    2    1
 8    1    2    3    4    5    6    7    8  112  220  205  108   53   18    2    2
 7    1    2    3    4    5    6    7  116  223  194   95   48   18    2
 7    1    2    3    4    5    6    7  113  226  179   90   40   15    2
 7    1    2    3    4    5    6    7  113  204  165   82   34   13    2
 7    1    2    3    4    5    6    7  111  172  144   76   31   10    2
 7    1    2    3    4    5    6    7  110  162  135   71   28    6    1
 7    1    2    3    4    5    6    7   40   74   47   26   12    3    1
 6    1    2    3    4    5    6   31   60   43   20   10    2
 6    1    2    3    4    5    6   35   35   41   17    6    1
 5    1    2    3    4    5   33   38   38   15    5
 5    1    2    3    4    5   29   28   34   12    3
 5    1    2    3    4    5   26   26   28    9    2
 5    1    2    3    4    5   13   17   14    5    1
 4    1    2    3    4   12   14   14    5
 4    1    2    3    4   11   15   13    5
 4    1    2    3    4   10   18   12    2
 4    1    2    3    4   11    9   13    4
 5    1    2    3    4    5    6    9    2    1    2
 5    1    2    3    4    5    6    9    2    1    2
 5    1    2    3    4    5    5   10    1    1    2
 5    1    2    3    4    5    5    6    1    1    2
 5    1    2    3    4    5    6    4    1    2    1
 5    1    2    3    4    5    5    4    2    1    1
 4    1    2    3    5    4    5    1    1
 4    1    2    3    5    4    5    1    1
 4    1    2    3    5    4    5    1    1
 4    1    2    3    5    4    3    1    1
 4    1    2    3    5    4    3    1    1
 4    1    2    3    4    3    3    1    1
 3    1    2    3    3    1    1
