# n  list(x)  list(y)
14    4    5    6    7    8    9   10   11   12   13   14   15   16   17    4   97  485  593  503  353  246  121   55   27   11    2    2    1
15    3    4    5    6    7    8    9   10   11   12   13   14   15   16   17    1   13  112  505  574  482  349  235  116   50   25    8    2    2    1
15    3    4    5    6    7    8    9   10   11   12   13   14   15   16   17    2   15  137  502  583  464  329  230  104   48   24    7    2    2    1
15    3    4    5    6    7    8    9   10   11   12   13   14   15   16   17    3   21  169  491  594  443  322  204   98   47   21    7    2    2    1
15    3    4    5    6    7    8    9   10   11   12   13   14   15   16   17    4   31  191  489  581  439  316  185   88   44   21    6    2    2    1
15    3    4    5    6    7    8    9   10   11   12   13   14   15   16   17    5   40  210  491  571  426  309  166   87   39   21    5    2    2    1
14    3    4    5    6    7    8    9   10   11   12   13   14   15   16    6   48  232  487  565  420  287  165   77   34   20    4    3    2
13    3    4    5    6    7    8    9   10   11   12   13   14   15    8   57  247  498  553  401  279  152   72   30   20    3    5
14    2    3    4    5    6    7    8    9   10   11   12   13   14   15    1   12   65  268  495  538  390  258  151   67   30   18    4    3
14    2    3    4    5    6    7    8    9   10   11   12   13   14   15    1   17   67  285  510  529  358  255  139   63   28   18    2    3
14    2    3    4    5    6    7    8    9   10   11   12   13   14   15    1   18   83  292  520  513  344  245  131   57   26   17    1    2
14    2    3    4    5    6    7    8    9   10   11   12   13   14   15    2   18   94  315  506  499  333  240  126   50   25   14    1    2
14    2    3    4    5    6    7    8    9   10   11   12   13   14   15    4   22  111  326  496  483  329  231  114   47   22   12    2    1
14    2    3    4    5    6    7    8    9   10   11   12   13   14   15    5   24  121  345  496  462  338  209   98   46   16   13    1    1
14    2    3    4    5    6    7    8    9   10   11   12   13   14   15    7   30  132  358  500  447  323  191   92   40   17   11    1    1
13    2    3    4    5    6    7    8    9   10   11   12   13   15    6   38  149  355  519  429  297  185   83   37   17    9    1
13    2    3    4    5    6    7    8    9   10   11   12   13   15    7   46  166  356  510  420  277  179   82   30   18    8    1
13    2    3    4    5    6    7    8    9   10   11   12   13   14    9   51  174  374  500  403  268  164   78   31   15    7    1
13    2    3    4    5    6    7    8    9   10   11   12   13   14   10   58  188  387  483  397  258  154   66   28   14    6    1
12    2    3    4    5    6    7    8    9   10   11   12   13   10   63  201  394  468  398  237  149   59   26   14    6
13    1    2    3    4    5    6    7    8    9   10   11   12   13    1   15   66  214  405  464  383  223  138   53   22   11    5
13    1    2    3    4    5    6    7    8    9   10   11   12   13    3   16   73  226  407  449  368  219  134   44   21   11    4
13    1    2    3    4    5    6    7    8    9   10   11   12   13    4   18   82  233  409  440  354  209  126   41   19   10    4
13    1    2    3    4    5    6    7    8    9   10   11   12   13    4   22   91  241  414  431  342  193  116   42   17    9    2
13    1    2    3    4    5    6    7    8    9   10   11   12   13    5   24   92  257  414  421  330  185  103   43   16    7    2
13    1    2    3    4    5    6    7    8    9   10   11   12   13    7   27  102  263  406  411  320  184   91   40   16    6    2
13    1    2    3    4    5    6    7    8    9   10   11   12   13    7   28  112  293  390  392  308  178   83   38   14    5    2
13    1    2    3    4    5    6    7    8    9   10   11   12   13    6   32  124  294  389  388  290  171   75   36   13    6    1
13    1    2    3    4    5    6    7    8    9   10   11   12   13    6   35  132  303  380  382  282  153   72   39    9    5    1
13    1    2    3    4    5    6    7    8    9   10   11   12   13    7   37  137  307  382  382  266  136   75   31   10    3    1
13    1    2    3    4    5    6    7    8    9   10   11   12   13    7   43  144  310  376  371  259  122   77   28    8    3    1
13    1    2    3    4    5    6    7    8    9   10   11   12   13    9   47  154  301  386  364  239  120   70   24    7    2    1
13    1    2    3    4    5    6    7    8    9   10   11   12   13   12   51  158  310  383  350  227  113   62   24    7    1    1
13    1    2    3    4    5    6    7    8    9   10   11   12   13   12   60  161  326  375  345  204  105   56   23    5    1    1
13    1    2    3    4    5    6    7    8    9   10   11   12   13   15   64  174  328  377  324  196   94   53   18    4    1    1
12    1    2    3    4    5    6    7    8    9   10   11   12   17   69  178  334  368  307  195   89   46   15    4    2
12    1    2    3    4    5    6    7    8    9   10   11   12   18   72  189  334  373  286  184   87   36   17    2    2
12    1    2    3    4    5    6    7    8    9   10   11   12   21   75  198  335  367  274  177   78   31   15    2    2
12    1    2    3    4    5    6    7    8    9   10   11   12   21   79  205  342  353  263  169   72   29   14    1    2
11    1    2    3    4    5    6    7    8    9   10   11   25   85  224  342  337  254  149   71   27    8    2
11    1    2    3    4    5    6    7    8    9   10   11   25   91  235  338  331  240  136   70   25    5    2
11    1    2    3    4    5    6    7    8    9   10   11   25  101  242  340  315  224  134   60   25    3    1
10    1    2    3    4    5    6    7    8    9   10   29  105  257  327  315  210  121   54   22    4
10    1    2    3    4    5    6    7    8    9   10   38  104  260  329  301  204  112   50   19    2
10    1    2    3    4    5    6    7    8    9   10   39  112  259  330  286  199  103   48   17    1
10    1    2    3    4    5    6    7    8    9   10   39  123  271  314  283  186   95   44   12    1
10    1    2    3    4    5    6    7    8    9   10   41  134  274  302  270  180   88   43    9    1
10    1    2    3    4    5    6    7    8    9   10   44  142  284  297  256  168   78   39    8    1
10    1    2    3    4    5    6    7    8    9   10   46  150  283  289  252  150   75   40    6    1
10    1    2    3    4    5    6    7    8    9   10   49  157  278  289  235  143   73   37    5    1
10    1    2    3    4    5    6    7    8    9   10   52  156  286  279  230  137   63   30    5    1
10    1    2    3    4    5    6    7    8    9   10   53  166  284  282  218  122   54   28    3    1
10    1    2    3    4    5    6    7    8    9   10   54  179  281  272  207  118   48   24    2    1
10    1    2    3    4    5    6    7    8    9   10   56  184  269  281  189  110   44   22    2    1
 9    1    2    3    4    5    6    7    8    9   66  183  274  270  180   98   41   16    3
 9    1    2    3    4    5    6    7    8    9   74  187  272  258  174   89   35   14    3
 9    1    2    3    4    5    6    7    8    9   82  194  261  252  164   81   34   11    3
 9    1    2    3    4    5    6    7    8    9   87  200  258  249  145   77   29   11    1
 9    1    2    3    4    5    6    7    8    9   93  190  245  238  132   68   25    9    1
 9    1    2    3    4    5    6    7    8    9   98  193  240  223  136   56   21    8    1
 9    1    2    3    4    5    6    7    8    9   96  200  232  210  130   52   19    7    1
 8    1    2    3    4    5    6    7    8  105  202  224  196  125   44   16    7
 8    1    2    3    4    5    6    7    8  109  201  236  175  119   35   14    4
 8    1    2    3    4    5    6    7    8  115  194  233  163  115   29   13    4
 8    1    2    3    4    5    6    7    8  122  183  232  160  100   26    8    4
 8    1    2    3    4    5    6    7    8  121  200  207  152   92   28    4    4
 8    1    2    3    4    5    6    7    8  127  193  195  146   83   25    5    2
 7    1    2    3    4    5    6    7  132  184  196  132   85   14    5
 7    1    2    3    4    5    6    7  134  186  187  124   71   12    4
 7    1    2    3    4    5    6    7  130  182  173  120   55   13    2
 7    1    2    3    4    5    6    7  139  169  170  103   48   11    1
 7    1    2    3    4    5    6    7  131  170  163   88   41    9    1
 7    1    2    3    4    5    6    7  119  159  134   74   34    6    1
 6    1    2    3    4    5    6  104  124  117   54   29    5
 6    1    2    3    4    5    6   97  111  107   45   28    3
 6    1    2    3    4    5    6   95  106  108   43   25    3
 6    1    2    3    4    5    6   95   93   93   35   18    3
 6    1    2    3    4    5    6   62   68   60   21   10    3
 6    1    2    3    4    5    6   47   55   52   19    9    1
 6    1    2    3    4    5    6   45   53   45   17    8    1
 6    1    2    3    4    5    6   24   27   27    8    3    1
 5    1    2    3    4    5   16   27   10    3    2
 5    1    2    3    4    5   15   28    7    3    2
 5    1    2    3    4    5   12   16    6    2    2
 5    1    2    3    4    5   12   16    6    2    2
 5    1    2    3    4    5   11   15    5    2    2
 5    1    2    3    4    5   11   15    5    2    2
 4    1    2    3    4    9   10    5    3
 4    1    2    3    4    6   10    2    1
 3    1    2    3    4    4    2
 3    1    2    3    4    2    2
 3    1    2    3    3    3    1
 3    1    2    3    3    3    1
 3    1    2    3    3    3    1
 3    1    2    3    3    1    1
 3    1    2    3    3    1    1
 3    1    2    3    3    1    1
 2    1    2    2    1
