#n_nodes  m_edges  aspl  diameter  acluster  assort    n_conn  n_comp  o_largestc
2500  9900   4.58624729892   8  0.112959987826   0.0757926033594  4   1  2500
2475  9701   4.60343581327   8  0.113059610666   0.0755421981727  4   1  2475
2450  9513   4.61327488938   8  0.113081727515   0.0739967198336  4   1  2450
2425  9320   4.63299921745   8  0.113440914654   0.0742658081423  4   1  2425
2400  9110   4.66256322079   8   0.11404488065   0.0700857704454  3   1  2400
2375  8921   4.67461783355   8   0.11437315442   0.0674158580358  3   1  2375
2350  8741   4.69083666205   9  0.114224314309   0.0709019682926  3   1  2350
2325  8541   4.71838802213   9  0.114114296371   0.0690682633363  3   1  2325
2300  8361    4.7343990771   9  0.114120289487   0.0675869580793  3   1  2300
2275  8179   4.75489267109   9  0.114836565742   0.0653192023792  3   1  2275
2250  8008   4.77349103305   9  0.115194440183   0.0673221786726  1   1  2250
2225  7836   4.78842858298   9  0.115654112199   0.0655397435119  1   1  2225
2200  7671   4.79927363678   9  0.115640384865     0.06570354545  1   1  2200
2175  7503   4.81794668443   9  0.115998929234   0.0628276998901  1   1  2175
2150  7352   4.82870518467   9  0.115688752272   0.0661257842299  1   1  2150
2125  7182   4.84435759389   9  0.115068902068   0.0660423868821  1   1  2125
2100  7007   4.86730279725   9  0.115681838357   0.0703600648039  1   1  2100
2075  6837   4.88641098628   9  0.116238787996   0.0731260029371  1   1  2075
2050  6691   4.90278089252   9  0.116271059779    0.073473306507  1   1  2050
2025  6513   4.92719953155   9  0.115494722795   0.0762630174586  1   1  2025
2000  6336   4.96371285643   9     0.115996146   0.0731727119145  1   1  2000
1975  6173   4.99459043515   9  0.115993700241   0.0688185552318  1   1  1975
1950  6025    5.0117604031   9   0.11607364222   0.0686569711623  1   1  1950
1925  5896   5.02013662014  10  0.116301422651   0.0699781856093  1   1  1925
1900  5750   5.04351486932  10  0.115722015102   0.0718562917637  1   1  1900
1875  5600   5.07597580932  10  0.116224944332     0.07216396035  1   1  1875
1850  5466   5.10265358923  10  0.116068003578   0.0745215231021  1   1  1850
1825  5336   5.12074861812  10  0.117133484874   0.0772273791993  1   1  1825
1800  5192   5.14948366376  10  0.118895082536   0.0778865202599  1   1  1800
1775  5065   5.17784588024  10  0.120559232046   0.0796208084252  1   1  1775
1750  4922   5.21070587274  10  0.120017788249   0.0733083100546  1   1  1750
1725  4782   5.24157032852  10   0.11832067832   0.0767872885569  1   1  1725
1700  4655    5.2606024305  10  0.116744974597   0.0727507334793  1   1  1700
1675  4526   5.29007049199  10   0.11751159323   0.0707809159129  1   2  1674
1650  4397   5.31512258091  12  0.117001524401   0.0747672659389  1   2  1649
1625  4233   5.41026070481  12  0.114975021803   0.0615134919228  1   1  1625
1600  4102   5.46006722952  12  0.115246949435   0.0622151318513  1   1  1600
1575  3981   5.48171355963  12  0.116121965077   0.0626437918604  1   1  1575
1550  3839    5.5439184737  12  0.117047462626   0.0607766352481  1   2  1549
1525  3707   5.61980809776  12  0.116327661286   0.0532943717693  1   1  1525
1500  3589   5.66264887703  13  0.116549215273   0.0591657909909  1   1  1500
1475  3467   5.71126287671  14  0.117806629185   0.0585830251291  1   3  1473
1450  3340   5.77318762003  14  0.119536613294   0.0569323816729  1   3  1448
1425  3240   5.81211026802  14   0.11632586166   0.0565527125253  1   3  1423
1400  3128   5.85396972227  14  0.114248178894   0.0563055520506  1   4  1397
1375  3002   5.95143772694  14  0.112851628001   0.0675741988269  1   6  1370
1350  2883   6.02524443322  14   0.11096720193   0.0610630934267  1   7  1344
1325  2782   6.08046636548  14  0.113749749982   0.0642212291881  1   8  1318
1300  2696   6.11429727588  14  0.111938927604   0.0645002160507  1   8  1293
1275  2593   6.17210701139  14  0.111859915485   0.0697406596766  1  11  1262
1250  2493   6.22508391478  15  0.111765190706   0.0644352421315  1  11  1237
1225  2397   6.28784352799  15  0.110823051616   0.0726431135797  1  12  1211
1200  2303   6.35790735361  14  0.111166934878    0.070769326776  1  15  1183
1175  2219   6.40642785153  14  0.104651489872   0.0789444876672  1  16  1157
1150  2128   6.52043176197  14  0.106774022864   0.0748339423318  1  19  1128
1125  2043   6.58236981142  15  0.105909216199   0.0765620970886  1  20  1103
1100  1944   6.67628599887  15  0.104016216342   0.0691579362359  1  23  1075
1075  1859   6.80132257194  15  0.104438887025   0.0631979324794  1  25  1048
1050  1780   6.89589406772  16  0.109893034379   0.0623509602298  1  27  1021
1025  1687   7.12563781101  16  0.110214838419   0.0497416624541  1  30   991
1000  1596   7.20888432156  16   0.10454818349   0.0669819492993  1  32   964
 975  1521   7.29997280141  16   0.10552098712   0.0728123821229  1  37   932
 950  1429   7.53021827599  17   0.10367208325   0.0571928638326  1  40   901
 925  1355    7.6363239554  17  0.100195921575   0.0611309860039  1  45   870
 900  1275   7.89178353235  21  0.100858296351   0.0464305599668  1  50   832
 875  1195   8.08805891768  22 0.0904520917679   0.0502834447141  1  55   798
 850  1138   8.31168390422  22 0.0931899922185   0.0506270361159  1  58   772
 825  1067   8.46978054392  24 0.0941297508462   0.0488953866597  1  64   737
 800  1015    8.5819551902  26 0.0988818746266    0.048598597492  1  69   705
 775   968   8.58807944649  24  0.101362173784   0.0560592203799  1  75   669
 750   917   8.86493413371  26  0.103818455607   0.0563987398688  1  76   643
 725   842   9.01865840718  23  0.106087341874   0.0282270228093  1  84   591
 700   789    9.0250216212  22  0.102036510807   0.0267030436428  1  92   553
 675   728   9.48759689922  25 0.0968300110742 -0.00410365709259  1  99   516
 650   691   9.81212226583  30  0.101282423539 -0.00804508827871  1 102   492
 625   635    10.025880527  30 0.0958191916075  0.00879984285995  1 107   463
 600   579   10.0033389556  30 0.0792264752791   0.0318857174715  1 116   418
 575   531     10.28238811  28 0.0765873015873   0.0259553090654  1 121   378
 550   481   10.1132020529  24 0.0655120481928   0.0289285911831  1 129   332
 525   442   9.95035166609  23 0.0517675544794   0.0273216879664  1 130   295
 500   393   11.5448382782  27 0.0450250138966  0.00679302722878  1 141   257
 475   361   13.0598930481  30 0.0517560870502  0.00738755230126  1 144   221
 450   326    12.873562623  30 0.0432922407542   0.0235600421685  1 148   197
 425   286    14.494083262  37 0.0299319727891  -0.0538155029421  1 156   168
 400   256   11.6023988006  25 0.0232348111658   0.0187213978644  1 158   116
 375   228   11.4837758112  25 0.0236424394319   0.0456688413734  1 159   114
 350   199   10.5142857143  24 0.0056338028169  -0.0466822274091  1 160    71
 325   176   5.02528735632  13 0.0188888888889  -0.0917225950783  1 156    30
 300   149    5.5582010582  15 0.0440476190476   -0.146198830409  1 156    28
 275   124   4.42292490119  11 0.0536231884058   -0.202614379085  1 155    23
 250   111             4.4  11 0.0633333333333   -0.260096930533  1 143    20
 225    90   3.73529411765   8 0.0745098039216   -0.305118110236  1 138    17
 200    72   3.73529411765   8 0.0745098039216   -0.305118110236  1 131    17
 175    56   3.73529411765   8 0.0745098039216   -0.305118110236  1 120    17
 150    40   3.36363636364   8           0.125   -0.282442748092  1 111    12
 125    25   2.88888888889   6             0.0   -0.641025641026  1 100     9
 100    12   1.66666666667   3             0.0              -0.5  1  88     4
  75     6             1.0   1             0.0                na  1  69     2
  50     4             1.0   1             0.0                na  1  46     2
  25     0               0   0             0.0                na  0  25     1
   1     0               0   0             0.0                na  0   1     1
