# n  list(x)  list(y)
11   14   13   12   11   10    9    8    7    6    5    4    1    6   17  105  227  453  750  501  299  137    4
11   14   13   12   11   10    9    8    7    6    5    4    1    6   16   94  211  425  725  523  321  142   11
10   13   12   11   10    9    8    7    6    5    4    7   15   88  199  401  696  539  332  151   22
11   13   12   11   10    9    8    7    6    5    4    3    7   14   80  186  387  664  542  356  159   29    1
11   13   12   11   10    9    8    7    6    5    4    3    5   16   75  166  369  637  548  377  170   34    3
11   13   12   11   10    9    8    7    6    5    4    3    3   15   73  154  345  619  547  389  184   42    4
12   13   12   11   10    9    8    7    6    5    4    3    2    3   15   68  151  322  595  543  407  189   49    7    1
12   13   12   11   10    9    8    7    6    5    4    3    2    3   13   62  148  306  571  542  410  199   60   10    1
12   13   12   11   10    9    8    7    6    5    4    3    2    3   13   57  131  294  555  534  421  208   69   14    1
12   13   12   11   10    9    8    7    6    5    4    3    2    3   12   50  131  258  539  550  421  220   73   15    3
12   13   12   11   10    9    8    7    6    5    4    3    2    3   11   46  122  242  523  532  443  226   80   17    5
12   13   12   11   10    9    8    7    6    5    4    3    2    3    9   44  111  220  498  533  450  241   94   17    5
12   13   12   11   10    9    8    7    6    5    4    3    2    2    8   43  102  200  474  527  459  255  104   21    5
12   13   12   11   10    9    8    7    6    5    4    3    2    2    7   38   91  194  454  511  469  268  111   25    5
12   13   12   11   10    9    8    7    6    5    4    3    2    2    7   33   85  185  425  505  478  280  116   29    5
13   13   12   11   10    9    8    7    6    5    4    3    2    1    1    7   29   81  172  406  500  472  302  117   33    4    1
13   13   12   11   10    9    8    7    6    5    4    3    2    1    1    6   23   74  167  386  483  476  308  134   37    4    1
12   12   11   10    9    8    7    6    5    4    3    2    1    6   19   70  160  362  472  474  318  148   40    5    1
12   12   11   10    9    8    7    6    5    4    3    2    1    5   19   60  152  349  456  479  321  150   49    9    1
12   12   11   10    9    8    7    6    5    4    3    2    1    5   15   57  141  322  453  474  331  162   53   11    1
12   12   11   10    9    8    7    6    5    4    3    2    1    5   14   49  129  312  432  476  341  170   57   14    1
12   12   11   10    9    8    7    6    5    4    3    2    1    5   13   43  117  298  419  475  341  191   57   15    1
12   12   11   10    9    8    7    6    5    4    3    2    1    3   13   40  107  278  402  470  358  198   65   15    1
12   12   11   10    9    8    7    6    5    4    3    2    1    2   13   36   97  254  383  469  370  218   66   16    1
12   12   11   10    9    8    7    6    5    4    3    2    1    2    9   32   86  242  352  494  363  229   73   17    1
12   12   11   10    9    8    7    6    5    4    3    2    1    2    9   31   74  226  336  484  365  242   86   18    2
12   12   11   10    9    8    7    6    5    4    3    2    1    2    7   24   75  211  323  476  360  259   93   18    2
11   11   10    9    8    7    6    5    4    3    2    1    5   26   71  186  312  467  362  270  100   24    2
11   11   10    9    8    7    6    5    4    3    2    1    4   26   62  170  303  443  380  266  118   25    3
11   11   10    9    8    7    6    5    4    3    2    1    4   25   54  158  286  431  392  270  124   25    6
11   11   10    9    8    7    6    5    4    3    2    1    2   18   54  149  268  424  388  279  135   26    7
11   11   10    9    8    7    6    5    4    3    2    1    2   15   52  134  248  415  393  291  134   33    7
11   11   10    9    8    7    6    5    4    3    2    1    2   13   50  126  230  399  398  294  138   38   10
10   10    9    8    7    6    5    4    3    2    1   12   46  121  222  375  407  296  144   41    9
10   10    9    8    7    6    5    4    3    2    1   11   42  112  213  361  396  302  156   46    9
10   10    9    8    7    6    5    4    3    2    1    9   39   98  204  348  392  319  157   47   10
10   10    9    8    7    6    5    4    3    2    1    7   35   89  188  332  387  323  174   51   12
10   10    9    8    7    6    5    4    3    2    1    7   33   80  171  327  371  338  181   51   14
10   10    9    8    7    6    5    4    3    2    1    7   28   69  163  303  370  338  201   52   16
10   10    9    8    7    6    5    4    3    2    1    6   23   57  153  290  368  331  216   60   18
10   10    9    8    7    6    5    4    3    2    1    5   17   56  139  283  348  343  220   64   22
10   10    9    8    7    6    5    4    3    2    1    5   15   52  133  260  335  343  230   74   25
10   10    9    8    7    6    5    4    3    2    1    5   11   41  122  248  326  354  231   82   26
10   10    9    8    7    6    5    4    3    2    1    4   10   40  106  228  312  356  246   89   30
10   10    9    8    7    6    5    4    3    2    1    4    9   37   89  221  306  341  262   93   34
10   10    9    8    7    6    5    4    3    2    1    2    8   35   79  208  290  342  260  110   37
10   10    9    8    7    6    5    4    3    2    1    2    6   29   73  195  291  334  258  117   40
10   10    9    8    7    6    5    4    3    2    1    2    4   27   65  186  268  331  268  122   47
10   10    9    8    7    6    5    4    3    2    1    2    3   25   61  165  262  327  267  130   53
10   10    9    8    7    6    5    4    3    2    1    2    2   23   54  156  240  324  273  143   51
10   10    9    8    7    6    5    4    3    2    1    2    2   19   53  137  224  319  281  149   52
10   10    9    8    7    6    5    4    3    2    1    1    2   16   47  135  213  297  285  163   53
10   10    9    8    7    6    5    4    3    2    1    1    2   14   39  129  204  294  278  166   57
10   10    9    8    7    6    5    4    3    2    1    1    1    9   34  121  202  272  283  171   66
10   10    9    8    7    6    5    4    3    2    1    1    1    7   28  111  190  265  275  182   66
10   10    9    8    7    6    5    4    3    2    1    1    1    6   22   96  176  260  265  191   74
 9   10    8    7    6    5    4    3    2    1    1    6   20   92  164  248  258  200   78
 9   10    8    7    6    5    4    3    2    1    1    4   17   76  159  241  254  211   78
 9   10    8    7    6    5    4    3    2    1    1    4   14   62  145  242  255  207   80
 9   10    8    7    6    5    4    3    2    1    1    3   12   59  128  224  251  204   77
 9   10    8    7    6    5    4    3    2    1    1    3   11   52  120  206  247  200   80
 9   10    8    7    6    5    4    3    2    1    1    3   11   45  113  189  243  198   83
 9    9    8    7    6    5    4    3    2    1    1    1   10   40   94  182  220  200   79
 9    9    8    7    6    5    4    3    2    1    1    1    6   35   78  177  216  191   81
 9    9    8    7    6    5    4    3    2    1    1    1    5   26   75  165  208  185   81
 9    9    8    7    6    5    4    3    2    1    1    1    5   19   67  160  197  187   80
 8    9    7    6    5    4    3    2    1    1    6   15   50  152  192  181   83
 8    9    7    6    5    4    3    2    1    1    5   10   43  139  183  179   86
 8    9    7    6    5    4    3    2    1    1    5    9   37  124  182  176   91
 8    9    7    6    5    4    3    2    1    1    3    9   36  110  180  172   90
 7    9    6    5    4    3    2    1    1    8   30   77  125  134   60
 7    9    6    5    4    3    2    1    1    6   26   69  120  129   61
 7    9    6    5    4    3    2    1    1    5   19   57  107  112   53
 7    9    6    5    4    3    2    1    1    3   18   53  104  105   55
 7    8    6    5    4    3    2    1    1    1   17   39   91   83   46
 6    7    5    4    3    2    1    1    6   20   52   56   29
 6    7    5    4    3    2    1    1    4   10   45   37   30
 5    5    4    3    2    1    2    3   22   12   16
 5    5    4    3    2    1    2    3   18    9   18
 5    5    4    3    2    1    1    2   12   14    9
 5    5    4    3    2    1    1    1    7   11    6
 5    5    4    3    2    1    1    1    6   10    7
 4    4    3    2    1    2    6   10    6
 4    4    3    2    1    2    6    7    8
 4    4    3    2    1    2    6    7    8
 4    4    3    2    1    2    6    7    8
 4    4    3    2    1    2    6    7    8
 4    4    3    2    1    1    5    6    5
 4    4    3    2    1    1    2    3    4
 3    3    2    1    1    3    3
 3    3    2    1    1    3    3
 3    3    2    1    2    3    2
 2    2    1    3    2
 3    3    2    1    1    1    3
 2    2    1    1    2
 2    2    1    1    2
 1    2    3
 1    2    3
