# n  list(x)  list(y)
14    4    5    6    7    8    9   10   11   12   13   14   15   16   17    4   98  488  561  535  379  209  119   66   26    9    4    1    1
15    3    4    5    6    7    8    9   10   11   12   13   14   15   16   17    1    8  113  501  567  513  369  199  106   59   25    8    4    1    1
14    3    4    5    6    7    8    9   10   11   12   13   14   15   16    2   11  141  502  559  501  358  191   95   57   19    8    4    2
13    3    4    5    6    7    8    9   10   11   12   13   14   15    2   13  161  520  556  489  331  186   89   48   17    9    4
13    3    4    5    6    7    8    9   10   11   12   13   14   15    2   20  179  522  558  466  319  178   83   44   19    8    2
13    3    4    5    6    7    8    9   10   11   12   13   14   15    3   29  190  544  537  452  315  159   79   39   18    8    2
13    3    4    5    6    7    8    9   10   11   12   13   14   15    4   39  215  529  543  433  304  151   74   34   16    6    2
14    2    3    4    5    6    7    8    9   10   11   12   13   14   15    1    2   57  225  533  524  422  294  143   70   35   13    4    2
14    2    3    4    5    6    7    8    9   10   11   12   13   14   15    1    6   63  252  528  504  411  279  139   67   33   12    3    2
14    2    3    4    5    6    7    8    9   10   11   12   13   14   15    1   10   71  276  512  505  387  278  128   64   28   12    2    1
14    2    3    4    5    6    7    8    9   10   11   12   13   14   15    1   14   84  282  525  496  368  260  117   61   29   10    2    1
14    2    3    4    5    6    7    8    9   10   11   12   13   14   15    1   16   94  309  520  488  347  241  114   59   23   10    2    1
14    2    3    4    5    6    7    8    9   10   11   12   13   14   15    1   21  105  337  501  480  341  221  100   60   21   10    1    1
13    2    3    4    5    6    7    8    9   10   11   12   13   15    1   24  125  342  494  478  325  207   91   59   21    7    1
13    2    3    4    5    6    7    8    9   10   11   12   13   15    2   32  138  346  501  460  309  197   81   58   19    6    1
13    2    3    4    5    6    7    8    9   10   11   12   13   15    3   37  142  371  498  450  293  178   76   54   17    5    1
13    2    3    4    5    6    7    8    9   10   11   12   13   15    4   40  153  374  500  435  287  163   74   48   16    5    1
14    1    2    3    4    5    6    7    8    9   10   11   12   13   15    1    4   47  163  386  505  405  282  150   68   44   15    4    1
13    1    2    3    4    5    6    7    8    9   10   11   12   13    1    5   50  174  398  494  393  268  147   63   39   14    4
13    1    2    3    4    5    6    7    8    9   10   11   12   13    1   11   55  185  399  493  385  245  139   63   32   14    3
13    1    2    3    4    5    6    7    8    9   10   11   12   13    1   16   61  197  406  484  373  235  127   55   30   13    2
13    1    2    3    4    5    6    7    8    9   10   11   12   13    2   15   70  203  425  478  345  224  124   51   26   10    2
13    1    2    3    4    5    6    7    8    9   10   11   12   13    2   15   83  212  428  476  325  213  114   48   23   10    1
13    1    2    3    4    5    6    7    8    9   10   11   12   13    2   15   91  228  440  446  315  207  106   44   21    9    1
13    1    2    3    4    5    6    7    8    9   10   11   12   13    3   16  100  229  440  439  310  191  100   42   20    9    1
13    1    2    3    4    5    6    7    8    9   10   11   12   13    3   23  106  231  441  435  290  184   93   42   18    8    1
13    1    2    3    4    5    6    7    8    9   10   11   12   13    3   25  116  244  447  413  282  167   88   42   15    7    1
13    1    2    3    4    5    6    7    8    9   10   11   12   13    2   31  115  259  444  400  269  166   79   39   14    6    1
13    1    2    3    4    5    6    7    8    9   10   11   12   13    5   30  120  266  449  385  251  166   71   37   13    6    1
13    1    2    3    4    5    6    7    8    9   10   11   12   13    6   30  131  279  425  382  247  153   71   33   11    6    1
13    1    2    3    4    5    6    7    8    9   10   11   12   13    7   34  139  292  413  375  240  136   65   31   11    6    1
12    1    2    3    4    5    6    7    8    9   10   11   12    7   41  153  292  402  368  228  124   67   28    9    6
12    1    2    3    4    5    6    7    8    9   10   11   12    7   45  160  304  401  357  211  117   63   22   10    3
12    1    2    3    4    5    6    7    8    9   10   11   12    7   53  160  322  389  341  212   98   61   22    9    1
12    1    2    3    4    5    6    7    8    9   10   11   12    9   61  176  316  392  317  206   91   52   22    7    1
11    1    2    3    4    5    6    7    8    9   10   11    9   68  189  320  387  290  199   88   47   22    5
11    1    2    3    4    5    6    7    8    9   10   11    8   75  204  322  373  287  182   82   42   18    5
11    1    2    3    4    5    6    7    8    9   10   11   14   77  203  329  379  264  171   77   38   18    3
11    1    2    3    4    5    6    7    8    9   10   11   17   78  217  338  368  251  155   71   35   16    2
11    1    2    3    4    5    6    7    8    9   10   11   19   87  227  338  355  239  144   69   30   15    1
11    1    2    3    4    5    6    7    8    9   10   11   21  102  230  329  351  227  136   60   29   13    1
11    1    2    3    4    5    6    7    8    9   10   11   25  101  236  347  337  205  133   56   20   12    1
10    1    2    3    4    5    6    7    8    9   10   29  106  247  343  324  192  133   43   19   12
10    1    2    3    4    5    6    7    8    9   10   29  115  260  339  307  188  121   38   15   11
10    1    2    3    4    5    6    7    8    9   10   35  126  271  330  283  192  103   37   12    9
10    1    2    3    4    5    6    7    8    9   10   39  133  264  332  271  188   94   29   14    7
10    1    2    3    4    5    6    7    8    9   10   42  140  273  314  270  172   86   29   13    6
10    1    2    3    4    5    6    7    8    9   10   43  145  275  309  259  164   82   25   11    6
10    1    2    3    4    5    6    7    8    9   10   46  155  271  301  249  159   75   23    9    6
10    1    2    3    4    5    6    7    8    9   10   52  151  280  291  238  149   79   14    9    6
10    1    2    3    4    5    6    7    8    9   10   56  158  270  295  219  150   70   13    9    3
10    1    2    3    4    5    6    7    8    9   10   61  164  266  296  207  142   60   11    8    3
10    1    2    3    4    5    6    7    8    9   10   64  172  266  290  201  134   46    9    7    3
10    1    2    3    4    5    6    7    8    9   10   68  182  272  271  186  127   39    8    9    1
 9    1    2    3    4    5    6    7    8    9   74  185  271  256  177  119   33    9    9
 9    1    2    3    4    5    6    7    8    9   79  186  264  254  165  115   27    9    7
 9    1    2    3    4    5    6    7    8    9   82  196  266  242  154  101   24    9    4
 9    1    2    3    4    5    6    7    8    9   86  210  257  231  144   91   22    9    3
 9    1    2    3    4    5    6    7    8    9   99  206  254  220  138   82   21    5    2
 9    1    2    3    4    5    6    7    8    9  104  200  256  211  132   65   20    5    2
 9    1    2    3    4    5    6    7    8    9  114  206  238  204  123   60   17    4    2
 9    1    2    3    4    5    6    7    8    9  119  210  227  198  115   50   13    3    2
 9    1    2    3    4    5    6    7    8    9  123  212  211  195  111   46    9    2    2
 9    1    2    3    4    5    6    7    8    9  133  206  211  179  104   37    6    2    2
 9    1    2    3    4    5    6    7    8    9  140  198  208  177   89   30    5    2    2
 9    1    2    3    4    5    6    7    8    9  141  204  197  165   81   26    2    2    1
 9    1    2    3    4    5    6    7    8    9  139  210  182  153   71   23    3    1    1
 9    1    2    3    4    5    6    7    8    9  134  208  179  141   61   17    3    1    1
 9    1    2    3    4    5    6    7    8    9  134  196  186  123   53   15    2    1    1
 7    1    2    3    4    5    6    8   92  126  126   80   40   14    1
 7    1    2    3    4    5    6    7   83  116  120   69   34   11    1
 7    1    2    3    4    5    6    7   80  112  109   67   28   11    1
 6    1    2    3    4    5    6   73  112  104   62   25   10
 6    1    2    3    4    5    6   54   89   67   38   23    6
 6    1    2    3    4    5    6   54   88   66   31   18    5
 6    1    2    3    4    5    6   55   84   63   33   12    5
 6    1    2    3    4    5    6   27   51   26   15    7    1
 5    1    2    3    4    5   23   38   16   10    3
 5    1    2    3    4    5   22   37   19    7    3
 5    1    2    3    4    5   22   37   19    7    3
 5    1    2    3    4    5   16   29   13    6    3
 5    1    2    3    4    5    9   16    6    4    1
 5    1    2    3    4    5    9   15    4    3    1
 5    1    2    3    4    5    8   15    3    3    1
 4    1    2    3    4    7   15    3    4
 4    1    2    3    4    6    8    6    2
 4    1    2    3    4    4   10    4    2
 4    1    2    3    4    4    8    4    2
 4    1    2    3    4    4    7    2    2
 4    1    2    3    4    4    6    2    1
 4    1    2    3    4    3    7    1    1
 3    1    2    3    3    4    1
 3    1    2    3    3    4    1
 2    1    2    2    2
 2    1    2    2    2
 2    1    2    2    2
 2    1    2    2    2
 2    1    2    2    2
 2    1    2    2    2
