# n  list(x)  list(y)
39   60   59   53   50   49   46   44   43   39   36   33   32   30   29   28   27   26   25   24   23   22   21   20   19   18   17   16   15   14   13   12   11   10    9    8    7    6    5    4    1    1    1    1    1    1    1    1    1    2    2    2    2    2    2    4    5    5    7    6   14   14   11   14   13   18   26   23   23   25   57   51   62  110  151  345 1327  164    4
40   59   52   50   49   46   43   42   39   36   33   32   31   30   29   28   27   26   25   24   23   22   21   20   19   18   17   16   15   14   13   12   11   10    9    8    7    6    5    4    3    2    1    1    1    1    1    1    1    1    2    1    1    2    2    2    3    5    6    6    4   13   13   15   11   16   18   22   21   27   24   54   49   63  105  149  328 1255  231   16    1
40   59   58   52   50   49   44   43   42   38   35   33   31   30   29   28   27   26   25   24   23   22   21   20   19   18   17   16   15   14   13   12   11   10    9    8    7    6    5    4    3    1    1    1    1    1    1    1    1    1    1    2    1    2    2    3    2    5    6    6    3   11   15   13   14   12   19   21   17   30   24   51   49   62  100  145  313 1191  289   30    2
38   58   57   52   49   42   38   35   33   32   31   30   29   28   27   26   25   24   23   22   21   20   19   18   17   16   15   14   13   12   11   10    9    8    7    6    5    4    3    1    1    1    2    3    1    1    1    1    1    1    3    3    1    3    7    7    2   11   13   11   12   16   16   18   16   32   27   43   50   62   97  131  308 1124  348   46    4
39   58   57   51   49   48   42   40   38   33   32   31   30   29   28   27   26   25   24   23   22   21   20   19   18   17   16   15   14   13   12   11   10    9    8    7    6    5    4    3    1    1    1    1    1    2    1    1    1    1    1    1    1    4    2    1    7    8    1    9   13   11   15   13   14   21   16   26   31   40   51   58   95  127  283 1072  402   60    6
38   58   57   51   48   42   41   40   38   32   31   30   29   28   27   26   25   24   23   22   21   20   19   18   17   16   15   14   13   12   11   10    9    8    7    6    5    4    3    1    1    1    2    1    1    1    1    1    1    1    2    4    2    1    5    4    7    7   13   12   14   12   14   15   21   26   31   40   50   56   98  113  279 1035  415   80    7
35   58   57   51   48   41   40   37   32   31   29   28   27   25   24   23   22   21   20   19   18   17   16   15   14   13   12   11   10    9    8    7    6    5    4    3    1    1    1    2    2    1    1    1    1    3    4    1    6    5    6    7   12   11   15   10   14   16   23   21   30   38   49   55   94  119  262  983  449   94   12
34   57   56   51   48   40   37   32   30   29   28   27   25   24   23   22   21   20   19   18   17   16   15   14   13   12   11   10    9    8    7    6    5    4    3    1    1    1    2    3    1    1    1    3    2    3    5    5    5    9    6   15   13   11   14   15   21   21   29   36   47   54   92  120  252  931  473  116   16
36   56   55   50   48   40   39   37   31   30   29   28   27   26   25   24   23   22   21   20   19   18   17   16   15   14   13   12   11   10    9    8    7    6    5    4    3    1    1    1    2    2    1    1    1    1    1    3    3    1    5    4    3    9    5   15   14   10   14   17   20   19   26   32   50   50   91  120  233  883  504  136   21
37   56   55   48   47   46   40   39   38   36   30   29   28   27   26   25   24   23   22   21   20   19   18   17   16   15   14   13   12   11   10    9    8    7    6    5    4    3    1    1    1    1    1    1    1    1    1    1    1    3    2    1    6    5    2    8    4    9   18   13   12   19   18   20   24   32   49   51   86  114  223  836  533  153   23
37   55   48   47   46   40   39   38   35   30   29   28   27   26   25   24   23   22   21   20   19   18   17   16   15   14   13   12   11   10    9    8    7    6    5    4    3    2    2    1    1    1    1    1    1    1    1    1    2    3    1    3    4    5    7    5    3   19   13   13   20   17   19   22   31   46   50   85  111  205  785  564  173   31    2
35   54   53   47   46   40   39   38   35   29   28   27   25   24   23   22   21   20   19   18   17   16   15   14   13   12   11   10    9    8    7    6    5    4    3    2    1    1    1    2    1    1    1    1    2    1    4    3    3    5    7    5    3   15   15   11   19   18   19   25   30   45   49   80  110  194  738  581  196   36    2
36   53   51   46   45   39   38   37   35   29   28   27   26   25   24   23   22   21   20   19   18   17   16   15   14   13   12   11   10    9    8    7    6    5    4    3    2    1    1    2    1    1    1    1    1    1    2    3    1    2    3    4    4    7    3   14   17   11   16   20   19   24   24   49   47   78  103  190  708  570  224   43    4
36   53   51   46   45   39   38   36   35   28   27   26   25   24   23   22   21   20   19   18   17   16   15   14   13   12   11   10    9    8    7    6    5    4    3    2    1    1    1    1    2    1    1    1    1    3    1    1    2    3    5    3    6    3   11   17   12   17   19   19   24   22   46   45   76  101  174  665  591  244   52    3    1
35   53   50   46   44   39   38   36   35   28   27   26   24   23   22   21   20   19   18   17   16   15   14   13   12   11   10    9    8    7    6    5    4    3    2    1    1    1    1    2    1    1    1    1    2    1    2    4    4    4    5    5    8   17   14   12   15   25   21   22   44   43   71  107  161  630  595  258   64    5    2
36   53   49   46   44   43   39   38   36   33   28   27   26   24   23   22   21   20   19   18   17   16   15   14   13   12   11   10    9    8    7    6    5    4    3    2    1    1    1    1    1    1    1    1    1    1    1    1    3    1    7    3    4    7    4   20   13   12   14   22   24   24   39   40   71  103  154  594  588  285   70   10    2
35   53   49   44   43   39   38   36   33   28   27   26   24   23   22   21   20   19   18   17   16   15   14   13   12   11   10    9    8    7    6    5    4    3    2    1    1    1    1    2    1    1    1    1    1    1    3    1    5    4    5    7    2   18   13   12   13   22   27   24   36   38   63  101  150  549  603  291   88   12    2
33   53   49   43   42   39   38   35   33   28   26   23   22   21   20   19   18   17   16   15   14   13   12   11   10    9    8    7    6    5    4    3    2    1    1    1    1    2    1    1    1    1    1    4    6    3    5    8    2   13   14   12   12   24   26   24   36   37   60  100  147  511  601  311   91   16    2
33   52   48   43   42   39   37   35   32   28   26   23   22   21   20   19   18   17   16   15   14   13   12   11   10    9    8    7    6    5    4    3    2    1    1    1    1    2    1    1    1    1    1    4    4    5    5    6    3   11   14   12   13   19   25   27   36   36   57   99  143  476  593  331  102   16    3
35   52   48   43   42   41   39   36   35   32   28   26   25   23   22   21   20   19   18   17   16   15   14   13   12   11   10    9    8    7    6    5    4    3    2    1    1    1    1    1    1    1    1    1    1    1    2    2    3    5    4    4    5    9   16   12   11   17   27   27   32   40   51   97  141  448  585  342  109   22    4
33   52   48   43   41   39   35   32   28   26   25   23   22   21   20   19   18   17   16   15   14   13   12   11   10    9    8    7    6    5    4    3    2    1    1    1    1    2    1    2    1    1    2    2    3    3    6    2    3   10   15   12   13   13   25   30   33   36   48   95  138  424  573  358  118   24    3
34   52   48   43   41   40   39   35   32   28   26   25   23   22   21   20   19   18   17   16   15   14   13   12   11   10    9    8    7    6    5    4    3    2    1    1    1    1    1    1    1    2    1    1    2    2    3    2    6    2    3   10   13   12   14   13   23   30   34   34   44   86  136  402  568  357  139   25    4
33   52   47   43   40   39   35   32   28   26   25   23   22   21   20   19   18   17   16   15   14   13   12   11   10    9    8    7    6    5    4    3    2    1    1    1    1    1    2    2    1    1    1    3    2    3    3    4    4    7   15   11   13   16   20   28   32   35   46   79  127  385  563  365  141   30    5
33   51   46   42   39   35   32   28   26   25   24   23   22   21   20   19   18   17   16   15   14   13   12   11   10    9    8    7    6    5    4    3    2    1    1    1    1    2    2    1    1    1    1    2    1    2    4    3    6    6    9   14   13   12   27   23   30   33   42   75  125  359  553  375  156   36    6
32   51   46   42   39   34   32   28   25   24   23   22   21   20   19   18   17   16   15   14   13   12   11   10    9    8    7    6    5    4    3    2    1    1    1    1    2    2    1    1    1    2    1    2    5    3    6    5    7   13   12   13   25   21   34   32   39   71  120  338  534  397  163   39    6
31   51   42   39   38   34   31   27   25   24   22   21   20   19   18   17   16   15   14   13   12   11   10    9    8    7    6    5    4    3    2    1    1    1    1    1    2    1    1    1    2    3    4    4    4    5    8    9   13   12   24   24   32   30   42   64  112  319  513  409  183   42    6
31   42   37   35   34   33   31   26   24   23   22   21   20   19   18   17   16   15   14   13   12   11   10    9    8    7    6    5    4    3    2    1    1    1    1    1    1    1    1    1    2    2    2    2    4    3    9    8   11   13   24   22   31   30   42   53  113  283  511  410  209   48    8
31   42   36   35   34   33   31   26   24   23   22   21   20   19   18   17   16   15   14   13   12   11   10    9    8    7    6    5    4    3    2    1    1    1    1    1    1    1    1    1    1    3    2    2    3    4    6    9    8   12   25   21   29   32   37   55  105  266  497  408  219   58   13
29   42   36   34   33   30   26   23   22   21   20   19   18   17   16   15   14   13   12   11   10    9    8    7    6    5    4    3    2    1    1    1    2    1    1    1    2    3    2    2    2    3    6    6   11   12   22   23   22   38   33   57   97  252  479  412  228   64   13
29   42   35   34   33   30   26   23   22   21   20   19   18   17   16   15   14   13   12   11   10    9    8    7    6    5    4    3    2    1    1    1    1    2    1    1    2    3    2    1    2    4    5    7   10   12   20   22   25   31   38   55   93  237  459  409  245   67   16
28   42   35   33   29   26   23   22   21   20   19   18   17   16   15   14   13   12   11   10    9    8    7    6    5    4    3    2    1    1    1    3    1    1    1    3    2    2    2    4    3    8    6    9   22   22   24   36   34   51   89  218  440  420  257   70   17
29   42   35   33   32   28   25   23   22   21   20   19   18   17   16   15   14   13   12   11   10    9    8    7    6    5    4    3    2    1    1    1    2    1    1    1    1    2    2    3    1    3    4    7    7    8   18   23   23   37   33   55   78  213  418  422  258   75   23
28   41   33   32   28   25   23   22   21   20   19   18   17   16   15   14   13   12   11   10    9    8    7    6    5    4    3    2    1    1    2    2    1    1    1    2    1    2    1    5    3    8    6    7   12   22   24   35   38   53   71  199  401  420  274   82   22
28   40   33   32   28   25   23   22   21   20   19   18   17   16   15   14   13   12   11   10    9    8    7    6    5    4    3    2    1    1    1    3    1    1    1    2    1    1    2    3    3    7    7    8    9   21   23   32   40   46   71  196  384  409  275  101   22
28   40   32   31   28   25   23   22   21   20   19   18   17   16   15   14   13   12   11   10    9    8    7    6    5    4    3    2    1    1    3    1    1    1    1    2    1    1    1    4    3    4    8    5   10   22   22   29   35   49   70  181  368  411  279  111   22
28   40   32   31   27   25   23   22   21   20   19   18   17   16   15   14   13   12   11   10    9    8    7    6    5    4    3    2    1    1    3    1    1    1    1    2    1    1    1    3    1    7    6    6    9   19   24   30   36   45   67  168  354  403  286  119   25
28   40   32   30   26   25   23   22   21   20   19   18   17   16   15   14   13   12   11   10    9    8    7    6    5    4    3    2    1    1    2    2    1    1    1    1    2    1    1    2    1    7    6    2   14   18   23   26   38   42   64  163  336  395  286  133   27
27   40   32   30   25   23   22   21   20   19   18   17   16   15   14   13   12   11   10    9    8    7    6    5    4    3    2    1    1    1    2    2    1    1    2    1    1    1    1    6    5    5   12   17   20   23   36   43   62  145  329  393  295  138   26
26   40   31   30   29   25   22   21   20   19   17   16   15   14   13   12   11   10    9    8    7    6    5    4    3    2    1    1    1    1    1    2    2    2    1    1    1    4    5    6   11   16   18   25   34   35   61  139  311  386  304  147   28
26   40   31   30   28   24   22   21   20   19   17   16   15   14   13   12   11   10    9    8    7    6    5    4    3    2    1    1    1    1    1    2    1    2    1    1    1    2    5    6    8   15   18   24   36   36   59  124  289  380  316  155   32
26   39   31   29   27   24   22   21   20   18   17   16   15   14   13   12   11   10    9    8    7    6    5    4    3    2    1    1    1    1    1    2    1    1    2    1    1    2    4    7    8   13   15   24   36   35   53  122  265  376  317  166   34
23   39   30   27   23   21   20   17   16   15   14   13   12   11   10    9    8    7    6    5    4    3    2    1    1    1    2    2    2    2    2    2    4    6    8   12   13   23   36   31   50  113  259  361  326  172   35
24   38   30   27   26   22   21   20   17   16   15   14   13   12   11   10    9    8    7    6    5    4    3    2    1    1    1    1    1    2    2    2    2    2    4    2   10    9   13   22   30   36   43  108  243  360  321  178   45
23   38   30   27   26   22   21   20   17   16   15   13   12   11   10    9    8    7    6    5    4    3    2    1    1    1    1    1    2    2    2    2    2    4   11    7   11   21   28   39   42  102  219  355  327  180   51
24   37   29   26   25   22   21   20   17   16   15   14   13   12   11   10    9    8    7    6    5    4    3    2    1    1    1    1    1    2    1    2    2    1    2    2    8    9   11   18   27   36   34  107  200  335  331  197   57
24   37   29   26   25   22   20   19   17   16   15   14   13   12   11   10    9    8    7    6    5    4    3    2    1    1    1    1    1    1    3    1    2    1    2    2    6    9   11   19   23   32   33   96  184  331  335  204   62
22   37   26   25   22   20   19   17   15   14   13   12   11   10    9    8    7    6    5    4    3    2    1    1    1    1    1    2    2    2    2    1    6    5   14   20   18   32   35   83  165  320  339  215   71
23   34   26   25   22   19   18   17   16   15   14   13   12   11   10    9    8    7    6    5    4    3    2    1    1    1    1    1    2    1    1    1    2    1    5    5   13   17   20   28   33   70  157  310  344  226   70
23   31   26   25   20   19   18   17   16   15   14   13   12   11   10    9    8    7    6    5    4    3    2    1    1    1    1    1    1    1    1    1    1    2    3    7   11   17   17   26   36   64  144  308  334  233   74
22   31   26   24   20   19   17   16   15   14   13   12   11   10    9    8    7    6    5    4    3    2    1    1    1    1    1    1    2    1    1    1    3    7    7   19   18   26   34   58  132  294  328  244   81
20   30   26   24   19   16   15   14   13   12   11   10    9    8    7    6    5    4    3    2    1    1    1    1    2    3    1    1    3    5    6   19   15   29   29   56  125  273  326  253   81
20   30   26   24   19   16   15   14   13   12   11   10    9    8    7    6    5    4    3    2    1    1    1    1    2    3    1    1    1    7    4   18   17   26   30   55  109  262  322  254   84
20   28   26   24   19   16   15   14   13   12   11   10    9    8    7    6    5    4    3    2    1    1    1    1    2    3    1    1    1    5    5   15   20   21   29   51  104  242  325  250   93
20   28   25   23   19   18   16   14   13   12   11   10    9    8    7    6    5    4    3    2    1    1    1    1    1    1    2    2    1    5    3   14   21   17   27   50   95  233  311  260   99
20   28   24   23   19   18   16   14   13   12   11   10    9    8    7    6    5    4    3    2    1    1    1    1    1    1    2    2    1    3    4   11   20   19   28   41   95  219  291  269  109
20   28   24   19   18   16   15   14   13   12   11   10    9    8    7    6    5    4    3    2    1    1    1    1    1    1    1    1    1    2    5    8   21   18   28   38   82  207  286  273  115
19   28   24   19   18   16   15   14   12   11   10    9    8    7    6    5    4    3    2    1    1    1    1    1    1    1    1    3    3    8   18   19   25   34   82  191  276  266  120
17   27   19   17   16   14   13   11   10    9    8    7    6    5    4    3    2    1    1    1    1    1    1    1    5    7   17   13   27   35   73  174  272  275  118
17   27   19   17   16   14   13   11   10    9    8    7    6    5    4    3    2    1    1    1    1    1    1    1    5    5   14   12   24   36   67  163  265  264  127
17   25   18   17   15   14   13   11   10    9    8    7    6    5    4    3    2    1    1    1    1    1    1    1    1    6   12   14   23   30   65  156  252  263  133
17   25   17   16   15   14   12   11   10    9    8    7    6    5    4    3    2    1    1    1    1    1    1    1    1    4   10   15   19   33   63  139  240  257  132
13   25   14   11   10    9    8    7    6    5    4    3    2    1    1    2    2    3    9   10   20   30   62  127  234  255  136
13   25   13   11   10    9    8    7    6    5    4    3    2    1    1    2    2    2    8   11   17   26   54  119  230  249  136
13   24   13   11   10    9    8    7    6    5    4    3    2    1    1    2    2    2    7    9   18   25   47  112  220  238  134
14   24   13   12   11   10    9    8    7    6    5    4    3    2    1    1    1    1    2    2    4    8   18   20   44   95  218  236  137
14   23   13   12   11   10    9    8    7    6    5    4    3    2    1    1    1    1    2    2    2    9   11   20   47   87  193  245  133
13   13   12   11   10    9    8    7    6    5    4    3    2    1    1    1    2    2    1    6   12   15   43   84  170  252  135
11   13   11   10    8    7    6    5    4    3    2    1    1    1    3    5   13   14   39   82  157  246  125
12   12   11   10    9    8    7    6    5    4    3    2    1    1    1    1    1    5    9   17   32   80  142  234  125
11   12   11    9    8    7    6    5    4    3    2    1    1    1    1    4    6   16   21   80  133  219  136
11   12   11    9    8    7    6    5    4    3    2    1    1    1    1    3    6   16   20   69  127  213  137
11   12   11    9    8    7    6    5    4    3    2    1    1    1    1    3    4   13   20   58  123  192  135
10   11    9    8    7    6    5    4    3    2    1    2    1    3    3   10   20   49  113  188  135
10   11    9    8    7    6    5    4    3    2    1    2    1    1    4    9   21   43   95  173  139
 9   10    9    7    6    5    4    3    2    1    2    1    5    3   15   25   72  112  101
 8    9    7    6    5    4    3    2    1    1    1    5   10   20   60   77   76
 7    8    6    5    4    3    2    1    1    4    8   15   44   64   58
 7    7    6    5    4    3    2    1    1    3    6    9   33   44   42
 7    7    6    5    4    3    2    1    1    3    5    9   30   42   44
 7    7    6    5    4    3    2    1    1    3    5    6   29   41   41
 7    7    6    5    4    3    2    1    1    2    2    8   28   37   37
 6    6    5    4    3    2    1    1    1    6   22   29   27
 6    6    5    4    3    2    1    1    1    4   13   27   20
 4    4    3    2    1    5    8   12   10
 4    4    3    2    1    4    9   12    9
 4    4    3    2    1    3    6    8    8
 4    4    3    2    1    3    6    8    8
 4    4    3    2    1    3    4    7    6
 3    3    2    1    5    5    3
 3    3    2    1    5    5    3
 3    3    2    1    5    5    3
 3    3    2    1    5    4    3
 3    3    2    1    2    5    2
 3    3    2    1    2    5    2
 2    2    1    2    2
 1    2    3
 1    2    3
 2    2    1    1    2
