# n  list(x)  list(y)
43   66   55   54   53   48   47   45   44   41   38   37   36   35   34   32   31   30   29   28   27   26   25   24   23   22   21   20   19   18   17   16   15   14   13   12   11   10    9    8    7    6    5    4    1    1    1    1    1    1    1    1    1    1    1    1    3    1    3    1    2    5    2    4    3    5    2    8   12    9   13   10    9   11   24   24   27   36   49   60   82  108  137  329 1344  161    4
41   66   53   52   48   46   44   41   38   36   35   34   33   32   31   30   29   28   27   26   25   24   23   22   21   20   19   18   17   16   15   14   13   12   11   10    9    8    7    6    5    4    1    1    1    1    1    2    1    1    1    2    2    1    2    2    2    4    2    2    6    5    2    6   13    8   15    8   11   10   19   23   29   36   43   58   83  106  133  319 1251  246   16
42   66   52   51   48   46   43   42   41   37   36   35   34   32   31   30   29   28   27   26   25   24   23   22   21   20   19   18   17   16   15   14   13   12   11   10    9    8    7    6    5    4    3    1    1    1    1    1    1    1    1    1    1    2    1    4    1    1    4    4    2    5    5    2    7    9   10   14    9   12    9   17   23   31   32   46   55   79  106  126  307 1198  287   31    1
41   66   51   47   46   43   42   41   37   36   35   34   32   31   30   29   28   27   26   25   24   23   22   21   20   19   18   17   16   15   14   13   12   11   10    9    8    7    6    5    4    3    1    2    1    1    1    1    1    1    1    2    1    3    1    2    2    4    4    4    5    3    6    7   10   14   10   10   11   13   23   28   34   43   56   75  107  120  297 1132  345   42    1
38   64   51   46   45   43   41   36   34   33   31   30   29   28   27   26   25   24   23   22   21   20   19   18   17   16   15   14   13   12   11   10    9    8    7    6    5    4    3    1    2    1    1    1    2    1    2    1    4    2    2    3    5    2    4    5    5    8   11   10   11   12    9   13   21   28   31   38   56   71  106  121  278 1068  402   58    4
39   63   50   49   45   44   43   41   40   34   33   31   30   29   28   27   26   25   24   23   22   21   20   19   18   17   16   15   14   13   12   11   10    9    8    7    6    5    4    3    1    1    1    1    1    1    1    1    1    2    3    2    3    2    4    3    5    4    4   10    8    8   14   11   10   10   25   23   31   41   56   64  107  124  267 1000  448   71    6
40   63   49   48   45   44   43   41   40   34   33   32   31   30   29   28   27   26   25   24   23   22   21   20   19   18   17   16   15   14   13   12   11   10    9    8    7    6    5    4    3    1    1    1    1    1    1    1    1    1    1    1    2    1    4    1    5    1    6    4    4    9    6    9   15    8   12    9   23   24   26   42   54   60  102  130  251  941  486   94   10
38   62   49   48   45   44   41   40   34   33   31   30   29   28   27   26   25   24   23   22   21   20   19   18   17   16   15   14   13   12   11   10    9    8    7    6    5    4    3    1    1    1    1    1    1    2    1    1    3    1    3    2    3    3    3    5    5    9    5    8   14    9   12    9   22   21   25   42   54   61   94  128  248  881  518  112   15
37   61   49   48   45   44   41   40   34   33   31   29   28   27   26   25   24   23   22   21   20   19   18   17   16   15   14   13   12   11   10    9    8    7    6    5    4    3    1    1    1    1    1    1    2    1    1    3    3    3    2    4    2    5    5    8    5    7   14   10   11    9   20   22   23   42   53   62   84  123  248  839  526  139   18
36   61   48   44   40   39   33   31   30   29   28   27   26   25   24   23   22   21   20   19   18   17   16   15   14   13   12   11   10    9    8    7    6    5    4    3    2    1    2    2    2    1    2    2    1    3    1    3    4    3    4    5    7    6    7   13   11    8   10   16   27   20   39   51   60   81  121  230  811  549  147   24    1
36   59   48   44   39   33   32   31   30   29   28   27   26   25   24   23   22   21   20   19   18   17   16   15   14   13   12   11   10    9    8    7    6    5    4    3    2    1    2    2    3    1    1    1    2    1    3    3    3    4    3    4    8    7    7   10   13    7   12   15   26   18   38   52   58   80  120  223  774  547  172   27    2
38   59   48   46   44   42   39   38   32   31   30   29   27   26   25   24   23   22   21   20   19   18   17   16   15   14   13   12   11   10    9    8    7    6    5    4    3    2    1    1    1    1    1    1    2    1    1    2    1    2    5    3    3    3    5    5    7    7   11   12    8   11   15   25   20   34   53   57   77  116  211  735  561  193   32    1    1
37   59   48   45   43   42   38   32   31   30   29   27   26   25   24   23   22   21   20   19   18   17   16   15   14   13   12   11   10    9    8    7    6    5    4    3    2    1    1    1    1    1    1    3    1    1    2    2    4    4    2    3    5    4    6    9   12   10    7   12   13   24   20   35   52   54   78  107  210  696  566  211   40    1    1
37   58   48   44   43   42   38   37   31   30   29   27   26   25   24   23   22   21   20   19   18   17   16   15   14   13   12   11   10    9    8    7    6    5    4    3    2    1    1    1    1    1    1    2    1    1    2    3    3    4    3    2    5    5    3   10   13   10    7   13   10   25   20   34   44   60   75  107  205  661  568  225   41    7    1
38   58   48   44   43   42   38   37   36   31   29   28   27   26   25   24   23   22   21   20   19   18   17   16   15   14   13   12   11   10    9    8    7    6    5    4    3    2    1    1    1    1    1    1    1    1    1    1    3    2    2    2    5    3    3    7    2    9   14   11    6   11    9   21   22   33   43   57   77   94  205  623  576  244   49    5    3
38   58   48   44   43   42   38   37   36   31   29   28   27   26   25   24   23   22   21   20   19   18   17   16   15   14   13   12   11   10    9    8    7    6    5    4    3    2    1    1    1    1    1    1    1    1    1    1    1    2    3    2    4    4    4    5    3   10   13   10    6   12   10   18   21   32   43   52   73   92  192  596  579  258   61    7    2
35   57   48   43   40   38   36   31   28   27   26   25   24   23   22   21   20   19   18   17   16   15   14   13   12   11   10    9    8    7    6    5    4    3    2    1    1    1    2    1    1    2    1    3    3    1    3    5    3    4    4    7   14    6   11   11    9   17   22   32   35   53   67   93  186  562  571  288   70    8    2
36   57   47   43   41   40   38   36   30   28   27   26   25   24   23   22   21   20   19   18   17   16   15   14   13   12   11   10    9    8    7    6    5    4    3    2    1    1    1    1    1    1    1    2    1    3    3    1    2    5    3    4    5    5   12    9   11    5   11   17   23   29   38   49   69   92  173  536  569  303   75   11    2
36   57   46   43   41   40   38   36   30   28   27   26   25   24   23   22   21   20   19   18   17   16   15   14   13   12   11   10    9    8    7    6    5    4    3    2    1    1    1    1    1    1    1    2    1    2    3    2    2    2    6    4    4    4   12    7   13    6   10   13   22   27   41   44   68   89  168  500  570  317   88   14    2
36   56   46   43   41   40   36   35   30   28   27   26   25   24   23   22   21   20   19   18   17   16   15   14   13   12   11   10    9    8    7    6    5    4    3    2    1    1    1    1    1    1    2    1    1    1    3    2    2    3    3    6    3    5   11    8   11    8    9   10   23   24   39   46   62   88  161  460  575  335   97   18    2
35   55   46   41   40   36   35   30   28   27   26   25   24   23   22   21   20   19   18   17   16   15   14   13   12   11   10    9    8    7    6    5    4    3    2    1    1    1    2    1    2    1    1    1    1    4    2    3    2    5    4    3    9   11   13    5    8   13   23   21   35   46   61   80  162  439  567  350  101   19    2
34   44   41   38   35   34   30   28   27   26   25   24   23   22   21   20   19   18   17   16   15   14   13   12   11   10    9    8    7    6    5    4    3    2    1    1    2    1    2    1    1    1    1    3    2    4    1    3    4    5    8    9   11    7    9   13   20   23   34   42   61   77  157  400  552  376  120   21    2
33   44   41   38   34   30   28   27   26   25   24   23   22   21   20   19   18   17   16   15   14   13   12   11   10    9    8    7    6    5    4    3    2    1    1    2    1    3    1    1    1    3    2    3    2    2    5    5    6    9   10    9   10   11   19   22   33   42   55   76  155  375  538  383  139   22    3
34   44   40   39   38   34   33   30   27   26   25   24   23   22   21   20   19   18   17   16   15   14   13   12   11   10    9    8    7    6    5    4    3    2    1    1    1    1    1    2    1    1    1    3    1    3    2    3    3    5    5    9    9   12    8   10   17   20   30   44   47   77  147  339  533  409  146   30    3
32   43   40   39   34   33   29   27   26   25   24   22   21   20   19   18   17   16   15   14   13   12   11   10    9    8    7    6    5    4    3    2    1    1    1    1    1    2    1    1    2    2    3    3    4    5    3    9    9   11    7   10   16   17   32   43   48   70  142  308  513  429  171   31    3
32   43   40   37   34   33   32   29   27   26   24   22   21   20   19   18   17   16   15   14   13   12   11   10    9    8    7    6    5    4    3    2    1    1    1    1    1    1    1    1    1    2    5    1    5    3    5    5   12   11    7   11   16   17   27   42   46   70  134  298  494  436  180   34    5
32   43   40   37   33   32   28   27   25   24   23   22   21   20   19   18   17   16   15   14   13   12   11   10    9    8    7    6    5    4    3    2    1    1    1    1    2    1    1    1    1    3    2    1    4    4    4    6    9   12    8   12   11   15   29   41   45   60  133  285  471  441  199   40    5
31   43   39   36   33   32   27   25   24   23   22   21   20   19   18   17   16   15   14   13   12   11   10    9    8    7    6    5    4    3    2    1    1    1    1    1    2    1    1    3    3    1    3    5    4    5    7   12   10   11   10   16   23   41   42   62  119  279  454  451  203   47    5
30   43   39   35   32   31   25   24   23   22   21   20   19   18   17   16   15   14   13   12   11   10    9    8    7    6    5    4    3    2    1    1    1    1    2    1    2    2    2    3    1    7    3    6    6   10   11   12    6   18   20   36   40   53  122  264  436  449  223   53    8
30   43   35   32   31   29   25   24   23   22   21   20   19   18   17   16   15   14   13   12   11   10    9    8    7    6    5    4    3    2    1    1    1    1    1    1    2    1    1    3    2    6    3    4    7   10   10   12    5   17   21   31   44   48  112  244  431  439  244   60   12
30   42   34   32   29   27   25   24   23   22   21   20   19   18   17   16   15   14   13   12   11   10    9    8    7    6    5    4    3    2    1    1    1    1    1    1    1    2    1    2    3    4    4    5    2   10   10   13    6   14   19   31   37   47  103  237  407  447  266   60   13
30   40   34   30   29   27   25   24   23   22   21   20   19   18   17   16   15   14   13   12   11   10    9    8    7    6    5    4    3    2    1    1    1    1    1    1    1    2    1    2    2    3    2    8    2    8   10   10   10   10   20   30   34   46   90  222  407  443  277   65   14
29   40   33   29   28   27   25   23   22   21   20   19   18   17   16   15   14   13   12   11   10    9    8    7    6    5    4    3    2    1    1    1    1    1    1    1    3    2    2    2    3    6    3    8    7   12    8    9   20   27   33   41   92  202  391  454  278   75   16
29   40   33   29   28   27   25   23   22   21   20   19   18   17   16   15   14   13   12   11   10    9    8    7    6    5    4    3    2    1    1    1    1    1    1    1    3    2    2    2    2    6    4    7    8   11    7    8   18   27   31   43   86  192  367  451  294   78   20
28   39   31   28   27   25   23   22   21   20   19   18   17   16   15   14   13   12   11   10    9    8    7    6    5    4    3    2    1    1    1    2    1    1    2    2    3    2    2    6    3    6    7   11    9    8   14   26   33   42   77  184  345  444  311   88   18
28   38   31   27   26   25   23   22   21   20   19   18   17   16   15   14   13   12   11   10    9    8    7    6    5    4    3    2    1    1    1    2    1    1    1    3    3    2    2    4    5    5    6   11    9   10   12   25   31   43   74  163  334  451  301  103   20
28   37   31   27   26   25   24   22   21   20   19   18   17   16   15   14   13   12   11   10    9    8    7    6    5    4    3    2    1    1    1    1    1    1    1    2    5    1    3    2    7    3    7   12    8   10   12   23   31   40   72  160  317  444  294  115   24
28   37   31   27   25   24   23   22   21   20   19   18   17   16   15   14   13   12   11   10    9    8    7    6    5    4    3    2    1    1    1    1    1    1    1    2    4    2    2    3    6    4    6   10    8   11   11   20   32   34   70  155  299  423  314  126   25
27   36   30   27   24   23   22   21   20   19   18   17   16   15   14   13   12   11   10    9    8    7    6    5    4    3    2    1    1    1    1    1    2    1    4    3    2    1    6    6    6    7    9   11   11   17   28   33   62  153  296  400  315  142   28
26   36   30   26   23   22   21   20   19   18   17   16   15   14   13   12   11   10    9    8    7    6    5    4    3    2    1    1    1    1    2    2    1    4    2    2    4    6    6    6   10   11   10   15   30   31   57  143  286  391  318  150   32
25   36   30   26   23   22   20   19   18   17   16   15   14   13   12   11   10    9    8    7    6    5    4    3    2    1    1    1    1    2    2    4    2    2    3    7    5    6   11    9   10   15   23   36   52  129  274  377  328  160   38
25   36   30   25   23   21   20   19   18   17   16   15   14   13   12   11   10    9    8    7    6    5    4    3    2    1    1    1    1    2    2    4    2    1    3    7    3    5   13    9   11   12   23   36   52  118  258  372  319  175   41
25   35   29   25   23   22   21   20   19   17   16   15   14   13   12   11   10    9    8    7    6    5    4    3    2    1    1    1    1    1    1    2    3    2    5    6    3    5   13    9   11   12   21   32   52  111  245  361  315  188   45
26   35   29   24   23   22   21   20   19   18   17   16   15   14   13   12   11   10    9    8    7    6    5    4    3    2    1    1    1    1    1    1    2    2    2    1    3    5    5    6   12    9   12   11   19   31   54   96  237  355  309  194   48
25   35   28   24   22   21   20   19   18   17   16   15   14   13   12   11   10    9    8    7    6    5    4    3    2    1    1    1    1    2    1    2    2    2    2    5    5    4   11    8   15   10   20   27   52   89  224  341  316  202   49
23   34   27   22   21   20   18   17   16   15   14   13   12   11   10    9    8    7    6    5    4    3    2    1    1    1    3    1    2    3    3    2    7    4   11    6   16   11   18   23   54   84  198  340  320  200   59
23   33   27   22   21   19   18   17   16   15   14   13   12   11   10    9    8    7    6    5    4    3    2    1    1    1    3    1    2    3    3    1    7    3   10    8   12   15   14   19   50   77  195  321  327  204   63
23   33   26   22   21   19   18   17   16   15   14   13   12   11   10    9    8    7    6    5    4    3    2    1    1    1    3    1    2    3    2    2    6    4    8    9   12   14   14   19   47   70  182  309  326  214   65
23   32   25   22   21   19   18   17   16   15   14   13   12   11   10    9    8    7    6    5    4    3    2    1    1    1    3    1    2    2    3    2    3    5    8   10   11   10   14   20   43   65  172  291  330  220   72
23   32   24   22   21   19   18   17   16   15   14   13   12   11   10    9    8    7    6    5    4    3    2    1    1    1    2    2    1    2    2    2    3    4    7   10   10    7   15   18   40   55  157  285  337  221   80
22   32   22   21   19   18   17   16   15   14   13   12   11   10    9    8    7    6    5    4    3    2    1    1    2    3    1    1    1    4    2    5    5    9    9    9   14   20   35   54  148  273  338  213   90
21   22   21   20   19   17   16   15   14   13   12   11   10    9    8    7    6    5    4    3    2    1    1    3    1    1    2    3    2    2    6   10    6   10   11   20   33   49  143  252  331  222  104
21   22   21   20   19   17   16   15   14   13   12   11   10    9    8    7    6    5    4    3    2    1    1    2    2    1    1    3    3    1    5   12    5    7    8   19   30   47  125  255  322  223  104
21   22   21   20   19   17   16   15   14   13   12   11   10    9    8    7    6    5    4    3    2    1    1    1    2    1    1    4    2    1    5    7    8    7    7   19   25   48  117  244  313  229  108
18   22   21   20   16   15   13   12   11   10    9    8    7    6    5    4    3    2    1    1    1    2    4    3    3    8    7    6    8   14   27   41   98  239  298  243  121
18   22   20   16   15   14   13   12   11   10    9    8    7    6    5    4    3    2    1    1    3    2    4    1    2    5    7    4    8   13   27   33   91  225  291  250  126
18   21   20   16   15   14   13   12   11   10    9    8    7    6    5    4    3    2    1    1    3    2    4    1    1    5    6    5    7   13   28   32   82  207  284  257  125
18   20   18   16   15   14   13   12   11   10    9    8    7    6    5    4    3    2    1    3    1    1    3    1    2    5    4    3    8   15   25   28   78  197  275  255  131
19   20   19   17   16   15   14   13   12   11   10    9    8    7    6    5    4    3    2    1    2    1    1    1    2    1    1    4    5    1   10   12   22   27   71  183  270  259  133
18   20   19   18   16   15   14   12   11   10    9    8    7    6    5    4    3    2    1    1    1    1    2    1    2    3    7    1    7   11   23   25   64  168  261  262  138
17   20   18   17   16   15   14   11   10    9    8    7    6    5    4    3    2    1    1    1    1    1    1    2    9    1    7    7   19   27   61  148  252  267  140
15   20   18   17   14   11   10    9    8    7    6    5    4    3    2    1    1    1    1    3    6    4    6    5   18   31   57  135  238  256  148
15   19   18   13   12   11   10    9    8    7    6    5    4    3    2    1    1    1    1    2    4    4    7    4   17   28   45  135  227  248  156
15   19   18   13   12   11   10    9    8    7    6    5    4    3    2    1    1    1    1    1    5    4    7    2   18   23   40  131  205  252  161
15   19   18   13   12   11   10    9    8    7    6    5    4    3    2    1    1    1    1    1    5    4    4    3   12   22   41  117  192  251  158
14   19   17   12   11   10    9    8    7    6    5    4    3    2    1    1    1    2    3    4    3    6   11   18   39  107  187  246  153
14   18   17   12   11   10    9    8    7    6    5    4    3    2    1    1    1    2    2    3    3    5    7   18   32  103  177  226  156
14   17   16   12   11   10    9    8    7    6    5    4    3    2    1    1    1    1    1    3    3    6    8   14   28   85  171  227  154
14   17   16   12   11   10    9    8    7    6    5    4    3    2    1    1    1    1    1    3    3    4   10   13   27   77  168  215  158
12   17   15   10    9    8    7    6    5    4    3    2    1    1    1    4    4    3    8   16   24   69  161  207  159
12   17   14   10    9    8    7    6    5    4    3    2    1    1    1    3    4    3    5   18   18   62  148  196  162
12   17   14   10    9    8    7    6    5    4    3    2    1    1    1    3    3    2    7   14   19   53  134  177  156
10   17   10    8    7    6    5    4    3    2    1    1    3    4    4   10   16   51  116  162  149
11   17   10    9    8    7    6    5    4    3    2    1    1    1    2    3    3    9   17   44  100  162  145
11   17   10    9    8    7    6    5    4    3    2    1    1    1    1    3    3    9   16   40   87  156  134
 7    8    6    5    4    3    2    1    2    2    9   16   40   81   61
 8   15    8    6    5    4    3    2    1    1    1    3    4   13   27   48   50
 8   12    8    6    5    4    3    2    1    1    1    1    2    7   16   35   34
 8   12    7    6    5    4    3    2    1    1    1    1    2    7   15   34   32
 7   11    6    5    4    3    2    1    1    2    2    5    8   30   27
 7    7    6    5    4    3    2    1    1    1    3    4   12   16   20
 6    7    6    5    3    2    1    1    1    2   14   14   17
 6    6    5    4    3    2    1    1    1    2    7   11   16
 5    5    4    3    2    1    2    1    8   13   12
 5    5    4    3    2    1    1    2    6   12   13
 5    5    4    3    2    1    1    2    3    9   12
 4    4    3    2    1    2    3    6    9
 4    4    3    2    1    2    3    5    9
 4    4    3    2    1    2    2    5    8
 4    4    3    2    1    2    1    4    7
 4    4    3    2    1    1    2    4    6
 3    4    3    1    1    1    5
 3    4    3    1    1    1    5
 3    3    2    1    1    1    3
 3    3    2    1    1    1    3
 2    3    1    1    3
 2    3    1    1    3
