# n  list(x)  list(y)
 6    8    7    6    5    4    3  635 1003  616  160   83    3
 6    8    7    6    5    4    3  577  988  621  195   89    5
 6    8    7    6    5    4    3  523  960  641  227   92    7
 7    8    7    6    5    4    3    2  477  918  669  256   96    8    1
 8    8    7    6    5    4    3    2    1  437  889  684  271  105   11    2    1
 8    8    7    6    5    4    3    2    1  396  852  698  295  112   18    3    1
 8    8    7    6    5    4    3    2    1  366  792  718  327  121   22    3    1
 8    8    7    6    5    4    3    2    1  331  770  706  356  126   31    4    1
 8    8    7    6    5    4    3    2    1  296  734  723  365  138   39    3    2
 8    8    7    6    5    4    3    2    1  272  685  746  371  155   40    4    2
 8    8    7    6    5    4    3    2    1  238  658  745  388  170   44    5    2
 8    8    7    6    5    4    3    2    1  211  641  720  420  173   51    7    2
 8    8    7    6    5    4    3    2    1  188  607  706  445  186   58    8    2
 8    8    7    6    5    4    3    2    1  175  558  704  457  203   67    9    2
 8    8    7    6    5    4    3    2    1  163  529  683  468  220   73   12    2
 8    8    7    6    5    4    3    2    1  151  500  666  477  231   83   15    2
 8    8    7    6    5    4    3    2    1  140  471  637  499  236   97   17    3
 8    8    7    6    5    4    3    2    1  131  434  627  510  248  100   21    4
 8    8    7    6    5    4    3    2    1  122  399  630  500  272   97   25    4
 8    8    7    6    5    4    3    2    1  111  362  612  520  280  106   29    4
 8    8    7    6    5    4    3    2    1   94  339  602  520  291  117   32    4
 8    8    7    6    5    4    3    2    1   83  325  583  518  294  130   36    5
 8    8    7    6    5    4    3    2    1   68  312  548  521  317  138   40    5
 8    8    7    6    5    4    3    2    1   59  280  526  538  321  151   42    7
 8    8    7    6    5    4    3    2    1   53  264  490  545  327  164   49    7
 8    8    7    6    5    4    3    2    1   50  239  480  541  334  171   50    9
 8    8    7    6    5    4    3    2    1   46  219  460  538  341  177   52   16
 8    8    7    6    5    4    3    2    1   40  203  437  528  357  183   58   18
 8    8    7    6    5    4    3    2    1   35  182  428  505  380  182   67   17
 8    8    7    6    5    4    3    2    1   28  165  403  505  384  195   74   17
 8    8    7    6    5    4    3    2    1   25  155  368  510  376  212   81   19
 8    8    7    6    5    4    3    2    1   23  143  346  490  400  216   80   23
 8    8    7    6    5    4    3    2    1   23  134  315  489  396  222   88   27
 8    8    7    6    5    4    3    2    1   19  124  294  480  400  231   90   29
 8    8    7    6    5    4    3    2    1   19  110  289  460  395  244   89   34
 8    8    7    6    5    4    3    2    1   17  102  266  448  393  260   92   36
 8    8    7    6    5    4    3    2    1   16   86  257  425  388  278   99   39
 8    8    7    6    5    4    3    2    1   14   76  243  419  388  279  100   42
 8    8    7    6    5    4    3    2    1   14   69  224  399  393  282  112   40
 8    8    7    6    5    4    3    2    1   13   65  205  381  390  288  123   42
 8    8    7    6    5    4    3    2    1   10   62  185  365  384  294  138   43
 8    8    7    6    5    4    3    2    1   10   54  170  347  387  295  143   46
 8    8    7    6    5    4    3    2    1    7   53  153  329  379  303  157   47
 8    8    7    6    5    4    3    2    1    5   50  142  311  371  309  164   50
 8    8    7    6    5    4    3    2    1    3   48  119  294  373  311  176   51
 8    8    7    6    5    4    3    2    1    3   46  107  271  372  319  180   52
 8    8    7    6    5    4    3    2    1    1   41   99  252  356  300  181   59
 8    8    7    6    5    4    3    2    1    1   35   95  231  344  296  174   64
 8    8    7    6    5    4    3    2    1    1   28   95  207  343  288  188   69
 8    8    7    6    5    4    3    2    1    1   22   84  200  335  278  190   74
 8    8    7    6    5    4    3    2    1    1   20   77  186  321  277  199   77
 8    8    7    6    5    4    3    2    1    1   19   67  174  294  270  197   81
 7    7    6    5    4    3    2    1   12   57  170  273  282  197   84
 7    7    6    5    4    3    2    1   11   52  158  261  281  203   84
 7    7    6    5    4    3    2    1   10   46  142  242  276  217   90
 7    7    6    5    4    3    2    1    7   44  125  242  274  215   94
 7    7    6    5    4    3    2    1    6   31  113  236  268  224   93
 7    7    6    5    4    3    2    1    2   26   82  191  225  197   81
 7    7    6    5    4    3    2    1    1   26   76  180  213  199   84
 7    7    6    5    4    3    2    1    1   22   68  168  192  196   85
 7    7    6    5    4    3    2    1    1   21   64  151  197  184   88
 6    6    5    4    3    2    1   18   48  118  151  147   73
 6    6    5    4    3    2    1    7   23   66   97   91   44
 6    6    5    4    3    2    1    7   19   62   82   80   41
 6    6    5    4    3    2    1    5   15   56   77   79   44
 6    6    5    4    3    2    1    3   16   50   76   80   44
 6    6    5    4    3    2    1    2   15   49   72   81   43
 5    5    4    3    2    1    6   22   37   42   23
 5    5    4    3    2    1    4   20   34   44   24
 5    5    4    3    2    1    2   14   29   34   19
 5    5    4    3    2    1    6   14   21   30   19
 5    5    4    3    2    1    6   14   16   29   16
 5    5    4    3    2    1    5    8   11   12   10
 5    5    4    3    2    1    5    8   11   12   10
 5    5    4    3    2    1    5    6    9   12   12
 4    4    3    2    1    3   11   12    9
 5    5    4    3    2    1    5    4   10    7    9
 5    5    4    3    2    1    3    6   10    4    9
 5    5    4    3    2    1    3    3    8    6    7
 5    5    4    3    2    1    1    4    4   10    7
 5    5    4    3    2    1    1    2    5    9    6
 5    5    4    3    2    1    1    2    5    9    6
 4    4    3    2    1    1    5    9    5
 4    4    3    2    1    1    7    6    3
 4    4    3    2    1    1    7    6    3
 4    4    3    2    1    1    4    6    4
 4    4    3    2    1    1    4    6    4
 3    3    2    1    4    6    4
 3    3    2    1    2    3    4
 3    3    2    1    3    1    3
 3    3    2    1    2    2    2
 3    3    2    1    2    2    2
 3    3    2    1    2    2    2
 3    3    2    1    2    2    2
 3    3    2    1    2    2    2
 3    3    2    1    2    2    2
 2    2    1    1    2
