# n  list(x)  list(y)
17    4    5    6    7    8    9   10   11   12   13   14   15   16   17   18   19   20    4  123  713  535  388  217  179  129   73   57   29   20   19    5    5    2    2
17    4    5    6    7    8    9   10   11   12   13   14   15   16   17   18   19   20   17  155  688  530  375  209  172  127   76   48   28   17   20    6    3    2    2
17    4    5    6    7    8    9   10   11   12   13   14   15   16   17   18   19   20   28  186  679  524  344  212  179  111   71   42   31   15   18    4    2    2    2
18    3    4    5    6    7    8    9   10   11   12   13   14   15   16   17   18   19   20    4   32  221  657  515  334  207  177   98   72   38   29   15   16    4    2    2    2
18    3    4    5    6    7    8    9   10   11   12   13   14   15   16   17   18   19   20    7   38  255  656  484  329  202  168   93   64   37   29   15   13    4    2    3    1
18    3    4    5    6    7    8    9   10   11   12   13   14   15   16   17   18   19   20    8   54  274  642  478  314  207  155   86   61   36   25   13   12    4    3    2    1
17    3    4    5    6    7    8    9   10   11   12   13   14   15   16   17   18   19   10   67  307  619  467  300  200  147   88   55   32   25   14    9    4    4    2
17    3    4    5    6    7    8    9   10   11   12   13   14   15   16   17   18   19   15   76  329  598  451  304  183  143   84   54   35   21   13    9    4    4    2
18    2    3    4    5    6    7    8    9   10   11   12   13   14   15   16   17   18   19    1   14   83  355  601  430  293  171  140   77   54   33   19   11    9    3    4    2
18    2    3    4    5    6    7    8    9   10   11   12   13   14   15   16   17   18   19    1   19  106  351  603  423  271  166  138   73   48   33   16    9   10    5    2    1
17    2    3    4    5    6    7    8    9   10   11   12   13   14   15   16   17   18    1   24  118  367  586  412  265  157  134   68   48   31   14    8   10    5    2
17    2    3    4    5    6    7    8    9   10   11   12   13   14   15   16   17   18    2   28  135  382  572  393  259  155  121   72   42   28   14    6   11    4    1
17    2    3    4    5    6    7    8    9   10   11   12   13   14   15   16   17   18    3   35  160  377  575  368  257  145  120   70   32   28    9    6   11    3    1
17    2    3    4    5    6    7    8    9   10   11   12   13   14   15   16   17   18    4   39  180  384  555  360  250  139  113   68   34   20   10    5   12    1    1
17    2    3    4    5    6    7    8    9   10   11   12   13   14   15   16   17   18    6   51  187  389  539  354  238  136  113   58   33   18    9    9    8    1    1
17    2    3    4    5    6    7    8    9   10   11   12   13   14   15   16   17   18    6   57  201  392  539  333  236  126  111   50   31   17    8    8    8    1    1
16    2    3    4    5    6    7    8    9   10   11   12   13   14   15   16   18    9   66  207  407  515  326  227  122  109   45   27   14    9    8    8    1
16    2    3    4    5    6    7    8    9   10   11   12   13   14   15   16   18   12   72  210  429  496  314  212  122  102   43   26   11    9    9    7    1
16    2    3    4    5    6    7    8    9   10   11   12   13   14   15   16   18   14   79  220  431  479  304  212  118   91   46   20   11    8   11    5    1
16    2    3    4    5    6    7    8    9   10   11   12   13   14   15   16   18   16   89  242  416  472  291  202  111   94   39   19   12    6   12    3    1
16    2    3    4    5    6    7    8    9   10   11   12   13   14   15   16   17   19   92  257  417  452  289  194  105   93   32   20   10    6   10    3    1
16    2    3    4    5    6    7    8    9   10   11   12   13   14   15   16   17   19  105  268  419  448  277  176   98   87   33   18   10    6    7    3    1
16    2    3    4    5    6    7    8    9   10   11   12   13   14   15   16   17   21  112  277  433  433  259  167   98   76   33   16    9    5    7    3    1
16    2    3    4    5    6    7    8    9   10   11   12   13   14   15   16   17   25  120  289  429  410  251  167   92   69   36   13    9    5    6    3    1
16    2    3    4    5    6    7    8    9   10   11   12   13   14   15   16   17   31  124  302  420  402  239  168   83   64   30   13    9    7    4    3    1
17    1    2    3    4    5    6    7    8    9   10   11   12   13   14   15   16   17    1   37  128  316  422  376  233  164   73   64   27   12    9    6    4    2    1
16    1    2    3    4    5    6    7    8    9   10   11   12   13   14   15   16    2   43  144  306  423  370  221  155   73   61   18   16    6    5    5    2
16    1    2    3    4    5    6    7    8    9   10   11   12   13   14   15   16    5   43  154  309  415  361  212  154   68   57   15   14    7    6    4    1
16    1    2    3    4    5    6    7    8    9   10   11   12   13   14   15   16    9   45  156  330  403  347  214  130   69   50   18   11    8    6    3    1
15    1    2    3    4    5    6    7    8    9   10   11   12   13   14   15   12   51  157  335  402  339  203  122   62   49   16   11    8    6    2
15    1    2    3    4    5    6    7    8    9   10   11   12   13   14   15   15   58  165  328  405  324  197  115   59   44   16    8    9    5    2
15    1    2    3    4    5    6    7    8    9   10   11   12   13   14   15   17   67  175  338  395  307  180  113   54   39   17    9    8    4    2
15    1    2    3    4    5    6    7    8    9   10   11   12   13   14   15   21   69  189  339  396  287  173  103   47   40   15    7    9    3    2
15    1    2    3    4    5    6    7    8    9   10   11   12   13   14   15   21   77  193  340  393  276  162   98   51   30   13    9    7    3    2
15    1    2    3    4    5    6    7    8    9   10   11   12   13   14   15   22   83  197  357  370  263  158   87   55   27   11    8    9    1    2
15    1    2    3    4    5    6    7    8    9   10   11   12   13   14   15   25   92  202  360  367  242  153   78   52   23   10   10    7    1    2
15    1    2    3    4    5    6    7    8    9   10   11   12   13   14   15   26   97  219  346  367  232  146   70   50   19   11   10    3    1    2
15    1    2    3    4    5    6    7    8    9   10   11   12   13   14   15   25  102  227  348  362  213  140   66   49   17   11    8    3    2    1
15    1    2    3    4    5    6    7    8    9   10   11   12   13   14   15   26  111  239  337  353  210  123   60   49   18   14    3    3    2    1
15    1    2    3    4    5    6    7    8    9   10   11   12   13   14   15   28  112  249  340  340  201  115   58   43   18   11    3    3    2    1
15    1    2    3    4    5    6    7    8    9   10   11   12   13   14   15   29  118  255  350  329  184  106   51   39   19    9    4    2    2    1
15    1    2    3    4    5    6    7    8    9   10   11   12   13   14   15   32  127  259  352  316  166  101   54   34   17    8    3    1    2    1
15    1    2    3    4    5    6    7    8    9   10   11   12   13   14   15   42  132  254  366  295  157   92   50   32   15    7    2    1    2    1
15    1    2    3    4    5    6    7    8    9   10   11   12   13   14   15   47  142  260  358  280  149   85   45   28   16    6    2    1    2    1
14    1    2    3    4    5    6    7    8    9   10   11   12   14   15   50  145  272  353  261  141   85   41   27   12    4    3    2    1
14    1    2    3    4    5    6    7    8    9   10   11   12   13   14   54  151  271  337  263  129   79   43   24   10    4    2    1    2
14    1    2    3    4    5    6    7    8    9   10   11   12   13   14   55  161  272  342  240  125   69   43   19   10    2    2    1    2
14    1    2    3    4    5    6    7    8    9   10   11   12   13   14   61  170  265  335  228  123   64   37   19    8    2    2    1    2
14    1    2    3    4    5    6    7    8    9   10   11   12   13   14   67  178  263  321  216  118   61   34   20    6    2    2    1    2
14    1    2    3    4    5    6    7    8    9   10   11   12   13   14   71  185  263  309  205  114   55   31   21    4    3    1    2    1
13    1    2    3    4    5    6    7    8    9   10   11   12   14   77  190  271  301  187  104   53   28   18    3    4    2    1
13    1    2    3    4    5    6    7    8    9   10   11   12   13   79  201  267  295  180   98   42   29   14    4    3    1    1
13    1    2    3    4    5    6    7    8    9   10   11   12   13   87  208  268  277  168   93   38   29   11    2    3    1    1
13    1    2    3    4    5    6    7    8    9   10   11   12   13   92  205  282  259  160   80   38   27   10    1    3    1    1
13    1    2    3    4    5    6    7    8    9   10   11   12   13  105  202  284  248  143   75   37   25    6    2    2    1    1
12    1    2    3    4    5    6    7    8    9   10   11   13  109  207  274  249  124   74   33   22    6    2    3    1
12    1    2    3    4    5    6    7    8    9   10   11   12  108  221  277  225  116   67   31   20    6    2    2    1
12    1    2    3    4    5    6    7    8    9   10   11   12  116  222  267  220   98   64   32   17    4    3    1    1
12    1    2    3    4    5    6    7    8    9   10   11   12  119  229  255  209   99   54   30   16    4    2    1    1
12    1    2    3    4    5    6    7    8    9   10   11   12  120  233  247  207   84   54   25   12    5    1    1    1
12    1    2    3    4    5    6    7    8    9   10   11   12  122  237  236  196   85   44   26    8    4    1    1    1
12    1    2    3    4    5    6    7    8    9   10   11   12  126  232  232  184   82   42   19    7    4    1    1    1
12    1    2    3    4    5    6    7    8    9   10   11   12  129  237  217  172   80   38   17    7    4    1    1    1
11    1    2    3    4    5    6    7    8    9   10   11  129  248  211  157   74   33   11    8    2    2    1
10    1    2    3    4    5    6    7    8    9   10  134  255  190  150   69   28    9    7    2    3
10    1    2    3    4    5    6    7    8    9   10  137  248  194  126   68   25   11    4    2    3
10    1    2    3    4    5    6    7    8    9   10  139  251  182  117   61   24   10    4    2    2
10    1    2    3    4    5    6    7    8    9   10  135  240  165  113   53   21    8    3    3    1
10    1    2    3    4    5    6    7    8    9   10  134  229  160  107   45   19    6    3    3    1
 9    1    2    3    4    5    6    7    8    9  137  218  159  101   36   18    5    5    1
 9    1    2    3    4    5    6    7    8    9  133  215  157   91   33   19    2    3    1
 9    1    2    3    4    5    6    7    8    9  137  205  152   86   26   13    2    2    1
 7    1    2    3    4    5    6    7  136  202  140   70   24    9    4
 7    1    2    3    4    5    6    7  132  178  118   59   20    7    4
 7    1    2    3    4    5    6    7  128  154  108   52   13    8    3
 7    1    2    3    4    5    6    7  110  136   87   41   13    6    2
 7    1    2    3    4    5    6    7  108  125   85   40    7    6    2
 7    1    2    3    4    5    6    7   92  104   77   30    7    6    2
 6    1    2    3    4    5    6   76   92   57   21    5    5
 6    1    2    3    4    5    6   59   55   43   16    4    4
 6    1    2    3    4    5    6   45   49   36    9    1    3
 6    1    2    3    4    5    6   34   35   21    7    1    2
 6    1    2    3    4    5    6   34   33   21    5    1    2
 4    1    2    3    4   12    9    8    2
 4    1    2    3    4   11   11    5    2
 4    1    2    3    4    6    9    2    1
 3    1    2    3    3    5    5
 3    1    2    3    3    5    5
 3    1    2    3    3    5    5
 3    1    2    3    3    5    5
 3    1    2    3    3    6    3
 3    1    2    3    1    5    1
 3    1    2    3    1    5    1
 3    1    2    3    1    3    1
 3    1    2    3    1    3    1
 2    1    2    2    1
 2    1    2    2    1
