# n  list(x)  list(y)
42   63   52   50   49   48   44   43   42   38   37   36   35   33   32   31   30   29   28   27   26   25   24   23   22   21   20   19   18   17   16   15   14   13   12   11   10    9    8    7    6    5    4    1    1    1    2    1    1    1    1    2    1    1    1    1    1    3    3    4    2    1    6   11    2    5    3    5   14   12   10   11   13   26   31   50   58   67   78  106  153  327 1316  163    4
40   61   52   50   48   47   44   43   41   38   37   35   32   31   30   29   28   27   26   25   24   23   22   21   20   19   18   17   16   15   14   13   12   11   10    9    8    7    6    5    4    1    1    1    2    1    1    1    1    2    1    2    2    3    1    5    3    1    5   11    3    5    3    2   14   12   12    9   15   21   32   50   58   60   80  106  149  307 1253  233    6
40   60   51   50   48   47   44   43   41   38   37   35   32   31   30   29   28   27   26   25   24   23   22   21   20   19   18   17   16   15   14   13   12   11   10    9    8    7    6    5    4    1    1    1    2    1    1    1    1    1    2    2    2    2    2    2    3    3    4   12    3    4    4    3   11   13   13    9   11   24   29   48   58   57   83   93  154  291 1192  289   17
41   60   51   49   48   46   44   42   41   38   37   36   35   32   31   30   29   28   27   26   25   24   23   22   21   20   19   18   17   16   15   14   13   12   11   10    9    8    7    6    5    4    1    1    1    1    2    1    1    1    1    1    1    2    2    2    2    1    2    1    8    8    7    3    3    3   12   10   16   10   10   23   24   46   56   62   76   92  146  285 1133  338   30
41   59   50   48   46   43   42   40   37   36   35   34   32   31   30   29   28   27   26   25   24   23   22   21   20   19   18   17   16   15   14   13   12   11   10    9    8    7    6    5    4    3    1    1    2    2    1    1    1    2    1    1    1    1    3    2    1    2    1    4    7    9    4    3    4   11   10   13   11   11   20   26   41   58   57   75   93  145  266 1074  390   43    1
41   57   49   48   46   43   41   39   37   36   35   33   32   31   30   29   28   27   26   25   24   23   22   21   20   19   18   17   16   15   14   13   12   11   10    9    8    7    6    5    4    3    1    1    2    2    1    1    1    1    2    1    1    1    3    1    2    2    1    4    5   10    4    4    4    9   10   12   11   14   18   26   41   57   53   78   92  140  255 1025  412   64    3
39   57   48   47   46   42   41   39   37   35   33   31   30   29   28   27   26   25   24   23   22   21   20   19   18   17   16   15   14   13   12   11   10    9    8    7    6    5    4    3    1    1    2    2    1    1    1    1    3    1    2    3    1    2    2    2    6    9    4    3    5    9   10   10    9   16   13   29   39   53   55   76   92  132  238  978  437   96    5
39   57   48   47   46   45   42   41   39   37   35   33   31   30   28   27   26   25   24   23   22   21   20   19   18   17   16   15   14   13   12   11   10    9    8    7    6    5    4    3    1    1    2    1    1    1    1    1    1    3    1    2    1    4    2    2    6    8    4    5    4   10   10   10    6   17   14   28   33   53   54   80   85  134  233  922  459  116    9
40   54   48   46   45   42   41   39   36   35   34   33   31   30   28   27   26   25   24   23   22   21   20   19   18   17   16   15   14   13   12   11   10    9    8    7    6    5    4    3    2    1    1    2    2    1    1    1    1    1    1    2    1    2    3    1    2    8    6    3    6    6    9   10    8    7   18   13   25   32   51   55   71   85  131  227  862  489  140   14    1
39   54   48   46   45   41   39   36   35   34   33   30   29   28   27   26   25   24   23   22   21   20   19   18   17   16   15   14   13   12   11   10    9    8    7    6    5    4    3    2    1    1    2    2    2    1    1    1    1    2    2    1    1    2    1    9    6    4    4    7    6   10   10    9   15   14   26   29   46   54   74   75  129  222  830  503  152   19    1
40   54   48   46   45   44   43   41   39   36   35   33   32   30   29   28   27   25   24   23   22   21   20   19   18   17   16   15   14   13   12   11   10    9    8    7    6    5    4    3    2    1    1    1    1    1    1    2    1    1    1    2    1    2    1    1    1    8    7    4    5    4    9    9   10    8   15   14   27   26   37   58   71   76  121  212  791  531  160   26    2
40   54   47   46   44   43   42   41   38   35   34   33   32   30   29   28   27   25   24   23   22   21   20   19   18   17   16   15   14   13   12   11   10    9    8    7    6    5    4    3    2    1    1    1    1    1    1    2    1    1    1    1    2    1    2    1    1    7    6    4    6    1   10    6   12    9   15   14   25   28   29   58   68   79  112  213  737  542  190   32    3
37   54   46   45   42   41   38   35   33   32   30   29   28   27   25   24   23   22   21   20   19   18   17   16   15   14   13   12   11   10    9    8    7    6    5    4    3    2    1    1    1    1    4    1    1    2    2    1    2    1    1    4    7    6    3    3   11    5   12    9   15   14   19   32   26   56   68   74  113  206  700  548  209   36    5
37   53   45   41   40   39   38   35   33   32   31   29   28   26   25   24   23   22   21   20   19   18   17   16   15   14   13   12   11   10    9    8    7    6    5    4    3    2    1    1    1    2    2    1    1    1    1    2    2    2    1    4    5    5    6    2    7    9   10   10   10   17   20   27   25   53   64   75  113  181  658  561  245   43    7
35   53   45   40   39   38   37   35   31   29   28   26   25   24   23   22   21   20   19   18   17   16   15   14   13   12   11   10    9    8    7    6    5    4    3    2    1    1    2    2    1    1    1    4    1    3    1    3    4    4    6    4    5    9   11    9    9   17   22   25   25   47   65   77  106  174  614  578  259   50    9
35   52   44   40   39   38   36   35   31   30   28   27   25   24   23   22   21   20   19   18   17   16   15   14   13   12   11   10    9    8    7    6    5    4    3    2    1    1    2    2    1    1    1    2    2    3    1    4    4    3    6    5    5    9   10    8   10   15   22   22   25   45   66   73  107  168  575  580  274   62   10
37   52   43   40   39   37   36   35   31   30   28   27   26   25   24   23   22   21   20   19   18   17   16   15   14   13   12   11   10    9    8    7    6    5    4    3    2    1    1    1    2    2    1    1    1    1    3    2    1    1    4    3    4    5    5    5    9   10    8   10   14   20   23   24   42   62   75  106  157  557  574  278   77   10    1
39   52   42   40   39   38   36   35   34   31   30   29   28   27   26   25   24   23   22   21   20   19   18   17   16   15   14   13   12   11   10    9    8    7    6    5    4    3    2    1    1    1    2    1    1    1    1    1    1    1    1    1    1    2    3    2    4    6    4    6    6    7   12   11   15   14   27   22   37   60   77  102  150  514  586  290   90   12    2
35   51   40   39   38   35   34   30   29   28   26   25   24   23   22   21   20   19   18   17   16   15   14   13   12   11   10    9    8    7    6    5    4    3    2    1    1    1    2    2    1    2    2    1    1    3    2    3    4    4    6    5    2   11   11    8   17   14   25   24   35   52   77  102  143  492  576  303  101   15    2
35   51   40   39   38   37   34   30   29   27   26   25   24   23   22   21   20   19   18   17   16   15   14   13   12   11   10    9    8    7    6    5    4    3    2    1    1    1    2    1    1    3    2    1    1    3    1    3    4    5    5    5    3    8   11    9   16   12   29   22   29   54   70  107  139  464  564  313  117   17    2
36   51   39   38   37   36   34   33   30   29   28   26   25   24   23   22   21   20   19   18   17   16   15   14   13   12   11   10    9    8    7    6    5    4    3    2    1    1    1    2    1    1    2    1    1    1    1    3    1    4    2    7    4    3    3    6   11   12   11   12   27   24   28   49   68  101  138  428  566  332  126   20    2
35   48   39   38   37   36   34   33   32   29   28   26   24   23   22   21   20   19   18   17   16   15   14   13   12   11   10    9    8    7    6    5    4    3    2    1    1    1    1    1    1    2    1    1    1    1    3    2    2    6    3    4    3    8    9   11   13    9   24   21   32   48   63   98  130  397  552  360  136   27    3
34   47   39   37   35   33   32   29   28   26   25   24   23   22   21   20   19   18   17   16   15   14   13   12   11   10    9    8    7    6    5    4    3    2    1    1    1    2    1    2    2    1    1    2    1    2    2    5    2    4    4    6   12    7   15   10   23   21   28   50   59   93  133  365  549  362  151   28    5
32   46   38   37   36   35   33   32   28   25   24   23   22   20   19   18   17   16   15   14   13   12   11   10    9    8    7    6    5    4    3    2    1    1    1    1    1    1    2    2    2    3    2    2    4    6    3    7    9    7   15    9   23   22   30   43   59   89  131  353  529  363  167   33    5
33   46   38   37   36   34   33   32   31   28   25   23   22   21   20   19   18   17   16   15   14   13   12   11   10    9    8    7    6    5    4    3    2    1    1    1    1    1    1    1    1    2    2    3    2    4    1    5    4    5    8    6   15   11   22   22   26   47   54   88  121  336  514  369  184   34    8
34   45   38   37   36   33   32   31   29   28   25   24   23   22   21   20   19   18   17   16   15   14   13   12   11   10    9    8    7    6    5    4    3    2    1    1    1    1    1    2    1    1    1    2    2    1    1    4    1    3    6    4    6    7   14   13   18   21   30   44   51   85  113  315  497  381  200   38    9
32   42   38   37   36   32   31   28   25   24   23   22   21   20   19   18   17   16   15   14   13   12   11   10    9    8    7    6    5    4    3    2    1    1    1    1    1    3    1    3    1    2    1    3    1    2    6    5    5    8   13   10   19   21   23   43   51   84  106  303  478  392  210   42   10
31   41   38   37   35   32   31   28   27   24   23   21   20   19   18   17   16   15   14   13   12   11   10    9    8    7    6    5    4    3    2    1    1    1    1    1    1    3    2    1    3    1    4    2    6    4    3   10   10   13   16   20   25   42   45   85  104  287  465  389  223   46   11
31   41   38   37   34   32   31   30   28   27   24   23   21   19   18   17   16   15   14   13   12   11   10    9    8    7    6    5    4    3    2    1    1    1    1    1    1    1    2    1    2    2    2    4    6    5    3    9    9   15   12   22   23   46   40   78  102  269  447  400  233   50   12
33   41   38   36   34   32   31   30   27   25   24   23   22   21   20   19   18   17   16   15   14   13   12   11   10    9    8    7    6    5    4    3    2    1    1    1    1    1    1    1    2    2    1    2    1    1    3    1    4    5    4    7    9   16   13   18   24   40   41   78   97  244  447  398  241   57   13
31   40   38   36   34   31   29   27   26   23   22   21   20   19   18   17   16   15   14   13   12   11   10    9    8    7    6    5    4    3    2    1    1    1    1    1    2    1    1    1    3    1    2    1    4    4    4    8    8   13   13   13   28   39   37   71  102  229  435  403  238   69   16
29   39   36   34   30   28   27   26   23   21   20   19   18   17   16   15   14   13   12   11   10    9    8    7    6    5    4    3    2    1    1    2    1    1    2    1    1    3    3    1    3    4    5    8    7   10   13   14   25   40   35   65   97  212  416  417  242   77   19
29   39   36   34   30   28   26   23   22   21   20   19   18   17   16   15   14   13   12   11   10    9    8    7    6    5    4    3    2    1    1    2    1    1    2    2    2    1    2    2    2    5    5    7    5   11   12   14   25   36   37   56   95  200  398  419  248   89   20
30   38   36   33   30   27   26   25   23   22   21   20   19   18   17   16   15   14   13   12   11   10    9    8    7    6    5    4    3    2    1    1    2    1    1    1    1    2    1    1    1    4    2    4    6    7    4    8   14   12   21   37   33   56   86  187  385  426  254   94   23
30   38   35   33   32   30   27   26   25   23   21   20   19   18   17   16   15   14   13   12   11   10    9    8    7    6    5    4    3    2    1    1    1    1    1    1    1    1    2    1    1    4    3    3    4    7    6    8   12   11   21   34   34   56   83  175  366  422  264   99   26
29   37   33   32   30   27   26   25   23   21   20   19   18   17   16   15   14   13   12   11   10    9    8    7    6    5    4    3    2    1    1    1    2    1    1    1    1    2    1    4    2    2    5    8    4    9   11    8   24   32   34   54   79  168  354  408  268  110   28
27   37   33   31   29   27   25   23   20   19   18   17   16   15   14   13   12   11   10    9    8    7    6    5    4    3    2    1    1    1    2    1    1    2    2    3    3    3    5    6    4   10    7   10   23   29   36   51   79  159  345  402  269  111   31
27   37   32   31   29   27   25   23   20   19   18   17   16   15   14   13   12   11   10    9    8    7    6    5    4    3    2    1    1    1    2    1    1    1    3    3    3    2    6    5    5    9    6   11   22   28   31   55   73  155  328  398  270  117   33
26   35   32   30   28   23   22   20   19   18   17   16   15   14   13   12   11   10    9    8    7    6    5    4    3    2    1    1    1    2    1    2    1    1    5    2    4    5    6    8    7   10   16   30   33   44   75  148  320  377  276  132   37
24   34   32   29   28   22   19   18   17   16   15   14   13   12   11   10    9    8    7    6    5    4    3    2    1    1    1    2    1    3    5    2    3    7    4    8    8    7   16   26   36   44   67  142  293  374  286  140   42
24   33   32   29   28   22   19   18   17   16   15   14   13   12   11   10    9    8    7    6    5    4    3    2    1    1    1    2    1    3    5    1    3    8    3    7   10    6   15   24   31   44   60  135  292  351  302  140   48
24   32   31   28   22   21   19   18   17   16   15   14   13   12   11   10    9    8    7    6    5    4    3    2    1    1    1    3    1    2    4    2    3    8    2    7    8    8   14   20   32   43   54  125  277  351  299  155   48
23   31   28   22   21   19   18   17   16   15   14   13   12   11   10    9    8    7    6    5    4    3    2    1    1    4    1    1    1    3    3    7    4    8    5    9   14   16   26   50   50  108  266  336  317  160   52
23   31   28   27   22   21   18   17   16   15   14   13   12   11   10    9    8    7    6    5    4    3    2    1    1    2    2    1    1    3    2    4    8    8    4    9   13   12   25   49   49  104  248  328  322  169   51
24   30   28   27   26   22   21   18   17   16   15   14   13   12   11   10    9    8    7    6    5    4    3    2    1    1    2    1    1    1    1    3    1    2    8    9    4    7   13   10   23   49   45   95  230  321  322  182   58
24   30   28   27   25   22   21   18   17   16   15   14   13   12   11   10    9    8    7    6    5    4    3    2    1    1    1    2    1    1    1    3    1    2    5   12    3    6   11   12   22   40   50   86  219  307  322  195   61
24   30   27   26   25   21   20   18   17   16   15   14   13   12   11   10    9    8    7    6    5    4    3    2    1    1    1    2    1    1    1    3    1    1    4   11    6    6    9   12   18   39   49   75  198  298  335  202   65
24   30   27   26   25   20   19   18   17   16   15   14   13   12   11   10    9    8    7    6    5    4    3    2    1    1    1    2    1    1    1    2    2    1    3    8    7    6   11    7   18   39   49   67  178  297  339  201   70
21   29   26   25   19   18   17   16   14   13   12   11   10    9    8    7    6    5    4    3    2    1    1    3    1    1    2    1    3    9    6    7   11    6   16   35   49   64  169  285  337  205   74
21   27   26   25   24   18   16   15   14   13   12   11   10    9    8    7    6    5    4    3    2    1    1    1    1    2    3    3    1    4    8    6   10    7   15   31   42   61  160  264  337  227   73
21   27   24   23   22   18   16   15   14   13   12   11   10    9    8    7    6    5    4    3    2    1    1    1    2    1    2    2    3    2    8    7    5   11   13   28   42   56  145  253  337  232   80
21   27   24   23   22   17   16   15   14   13   12   11   10    9    8    7    6    5    4    3    2    1    1    1    1    2    1    2    3    2    9    3    9    9   15   27   31   62  136  243  328  238   80
21   26   23   22   21   17   16   15   14   13   12   11   10    9    8    7    6    5    4    3    2    1    1    2    1    1    1    2    2    2    5    4   10    7   12   23   35   56  125  233  316  253   87
20   26   23   22   21   16   15   14   13   12   11   10    9    8    7    6    5    4    3    2    1    1    2    1    1    3    2    2    3    5    8    9   10   23   32   53  115  223  305  259   92
19   25   23   21   16   15   14   13   12   11   10    9    8    7    6    5    4    3    2    1    1    1    3    1    2    2    3    3    6   11   11   19   28   57  103  214  301  251   99
20   25   23   21   20   16   15   14   13   12   11   10    9    8    7    6    5    4    3    2    1    1    1    2    1    1    1    3    3    3    5    8   13   17   28   50   97  203  294  256  101
20   25   22   21   20   16   15   14   13   12   11   10    9    8    7    6    5    4    3    2    1    1    1    2    1    1    1    3    3    3    4    7   14   16   23   48   93  192  289  245  104
19   25   21   20   16   15   14   13   12   11   10    9    8    7    6    5    4    3    2    1    1    3    1    1    1    2    3    2    4    6   16   14   24   46   81  191  276  246  107
18   25   21   20   16   15   14   13   11   10    9    8    7    6    5    4    3    2    1    1    1    3    1    1    2    3    4    6   11   17   21   46   71  177  270  252  115
19   25   21   20   19   16   15   14   13   11   10    9    8    7    6    5    4    3    2    1    1    1    1    2    1    1    1    4    4    6    9   16   21   39   69  163  260  259  114
17   24   19   18   16   13   12   11   10    9    8    7    6    5    4    3    2    1    1    3    1    1    5    1    3    6    8   14   22   36   61  150  253  265  117
17   24   19   18   16   13   12   11   10    9    8    7    6    5    4    3    2    1    1    1    2    2    5    1    2    6    8   14   19   37   57  146  242  255  124
18   24   19   18   16   15   13   12   11   10    9    8    7    6    5    4    3    2    1    1    1    2    1    1    2    3    2    6    4   12   21   37   50  132  231  257  132
17   23   18   15   14   13   12   11   10    9    8    7    6    5    4    3    2    1    1    2    1    1    2    2    3    6    4    6   21   35   49  117  217  263  138
17   23   18   15   14   13   12   11   10    9    8    7    6    5    4    3    2    1    1    2    1    1    1    2    3    4    5    7   17   30   49  112  205  258  136
16   23   17   15   13   12   11   10    9    8    7    6    5    4    3    2    1    1    2    1    2    2    2    3    5    6   15   26   44  106  193  257  139
16   22   16   15   13   12   11   10    9    8    7    6    5    4    3    2    1    1    1    1    2    1    2    2    5    7   13   26   42   92  187  244  142
16   22   15   14   13   12   11   10    9    8    7    6    5    4    3    2    1    1    1    1    1    1    3    1    6    5   13   22   41   89  162  241  143
16   21   15   14   13   12   11   10    9    8    7    6    5    4    3    2    1    1    1    1    1    1    3    1    2    7   12   20   41   83  146  236  139
15   20   15   14   13   11   10    9    8    7    6    5    4    3    2    1    1    1    1    1    3    2    1    4   10   20   37   74  137  233  136
15   19   15   14   13   11   10    9    8    7    6    5    4    3    2    1    1    1    1    1    1    3    2    2    8   17   34   66  133  228  133
14   18   15   14   13   10    9    8    7    6    5    4    3    2    1    1    1    1    1    3    3    2    8   15   27   64  126  216  136
14   18   15   14   13   10    9    8    7    6    5    4    3    2    1    1    1    1    1    3    3    1    8   14   26   53  111  201  128
11   18   14   13    9    7    6    5    4    3    2    1    1    1    2    5    7   17   25   47  108  185  131
12   16   14   13    9    8    7    6    5    4    3    2    1    1    1    2    3    1    6   12   23   51   96  161  122
12   16   14   11    9    8    7    6    5    4    3    2    1    1    1    1    1    2    7    7   24   41   83  156  106
10   16   13    9    7    6    5    4    3    2    1    1    1    1    2   10   19   41   68  149  101
10   16   13    9    7    6    5    4    3    2    1    1    1    1    2    7   17   33   65  133  102
10   16   12    8    7    6    5    4    3    2    1    1    1    1    2    6   16   32   56  122  100
 9   15   12    7    6    5    4    3    2    1    1    1    3    3   14   24   46  116   92
 9   15   12    7    6    5    4    3    2    1    1    1    3    3   13   22   43   99   88
 9   14   11    7    6    5    4    3    2    1    1    1    2    3    9   23   36   90   76
 8   13    7    6    5    4    3    2    1    1    1    2    7   21   22   69   65
 7   12    6    5    4    3    2    1    1    2    8   18   17   56   59
 7   10    6    5    4    3    2    1    1    1    5   19   16   52   51
 5    9    4    3    2    1    1   12    6   23   29
 5    9    4    3    2    1    1    6    2   14   19
 5    9    4    3    2    1    1    4    3   15   16
 5    9    4    3    2    1    1    4    3   14   16
 5    8    4    3    2    1    1    2    4   11   12
 5    8    4    3    2    1    1    2    4   10   12
 4    7    3    2    1    1    5    8   10
 4    7    3    2    1    1    2    9    9
 2    2    1    4    2
 3    3    2    1    1    1    3
 3    3    2    1    1    1    3
 2    2    1    2    2
