# n  list(x)  list(y)
33   43   41   40   35   34   33   30   29   28   27   26   25   24   23   22   21   20   19   18   17   16   15   14   13   12   11   10    9    8    7    6    5    4    1    1    1    1    1    1    1    2    3    3    1    1    6    9    6    6    5    8   16   15   22   26   27   56   68   77   98  148  231  403 1098  154    4
32   43   41   39   35   34   33   29   28   27   26   24   23   22   21   20   19   18   17   16   15   14   13   12   11   10    9    8    7    6    5    4    3    1    1    1    1    1    1    3    2    4    1    4    8    8    7    3    9   14   16   21   24   28   55   62   83   93  139  222  393 1062  193   14    1
32   42   41   39   35   34   32   29   28   27   26   24   23   22   21   20   19   18   17   16   15   14   13   12   11   10    9    8    7    6    5    4    3    1    1    1    1    1    1    3    1    4    2    3    9    6    9    3    8   12   17   20   23   30   52   57   81   93  129  220  381 1016  240   24    1
33   42   41   39   35   34   32   29   28   27   26   25   24   23   22   21   20   19   18   17   16   15   14   13   12   11   10    9    8    7    6    5    4    3    1    1    1    1    1    1    2    2    4    1    1    2    8    5   10    3    8   12   16   19   25   23   55   57   79   93  127  213  354  979  285   35    1
33   42   41   39   35   34   32   29   28   27   26   25   24   23   22   21   20   19   18   17   16   15   14   13   12   11   10    9    8    7    6    5    4    3    1    1    1    1    1    1    1    3    3    1    2    1    7    6    9    5    7    7   20   17   25   23   51   59   74   97  116  204  352  928  320   54    2
32   42   41   39   35   34   32   29   28   27   26   25   23   22   21   20   19   18   17   16   15   14   13   12   11   10    9    8    7    6    5    4    3    1    1    1    1    1    1    1    3    3    1    2    5    9    7    5    8    6   17   19   24   23   43   55   78   93  112  201  336  894  353   67    4
32   42   41   39   34   32   29   28   27   26   25   23   22   21   20   19   18   17   16   15   14   13   12   11   10    9    8    7    6    5    4    3    2    1    1    1    2    1    1    3    3    1    2    3    8    9    6    8    6   13   21   22   19   41   55   77   84  110  200  321  862  377   84    7    1
32   42   40   38   34   32   29   28   27   26   25   23   22   21   20   19   18   17   16   15   14   13   12   11   10    9    8    7    6    5    4    3    2    1    1    1    2    1    1    2    2    2    3    3    5   11    5   10    5   11   19   20   22   38   54   77   80  109  193  308  813  413   99   12    2
34   41   40   38   34   33   32   29   28   27   26   25   24   23   22   21   20   19   18   17   16   15   14   13   12   11   10    9    8    7    6    5    4    3    2    1    1    1    1    1    1    1    1    3    2    1    2    2    3   12    7    9    6    6   21   20   19   36   55   69   78  107  188  293  773  438  123   17    2
32   41   40   38   34   33   32   28   27   26   24   23   22   21   20   19   18   17   16   15   14   13   12   11   10    9    8    7    6    5    4    3    2    1    1    1    1    1    1    2    3    2    3    2    2   13    5    8    5    8   16   22   15   37   45   73   82   96  181  281  739  461  140   26    2
32   41   40   38   34   33   32   28   27   26   24   23   22   21   20   19   18   17   16   15   14   13   12   11   10    9    8    7    6    5    4    3    2    1    1    1    1    1    1    2    2    3    1    4    2   13    5    8    4    7   15   19   16   36   41   77   76   99  169  274  702  465  168   34    2
32   40   38   34   33   32   28   27   26   25   24   23   22   21   20   19   18   17   16   15   14   13   12   11   10    9    8    7    6    5    4    3    2    2    1    1    1    1    1    2    3    1    1    2    4   10    7    5    6    7   15   20   14   34   37   68   74  104  152  274  678  471  187   39    3
30   40   38   32   28   27   26   25   24   23   22   21   20   19   18   17   16   15   14   13   12   11   10    9    8    7    6    5    4    3    2    2    1    3    1    2    3    1    1    2    3   10    7    5    5    7   13   20   15   33   38   62   75   96  151  264  656  469  204   45    6
31   40   38   32   30   29   28   27   26   25   23   22   21   20   19   18   17   16   15   14   13   12   11   10    9    8    7    6    5    4    3    2    2    1    1    1    1    1    1    3    1    3    1    7   10    7    5    7   13   14   16   35   33   60   70   92  150  260  615  488  220   50    7
30   40   38   32   29   28   27   26   25   23   22   21   20   19   18   17   16   15   14   13   12   11   10    9    8    7    6    5    4    3    2    2    1    1    1    2    1    3    1    2    1    7   11    6    6    6   11   16   15   35   28   59   68   86  148  257  579  497  233   56   11
29   39   37   32   29   28   27   26   24   22   21   20   19   18   17   16   15   14   13   12   11   10    9    8    7    6    5    4    3    2    2    1    1    1    1    2    2    2    3    4   12    6    6    8    6   18   13   35   23   57   62   86  145  249  554  496  247   69   14
29   39   37   32   29   28   26   25   24   22   21   20   19   18   17   16   15   14   13   12   11   10    9    8    7    6    5    4    3    2    2    1    1    1    1    3    1    2    2    5   11    7    6    7    6   17   11   36   21   52   58   85  146  230  520  505  269   79   15
28   38   35   32   28   26   25   24   22   21   20   19   18   17   16   15   14   13   12   11   10    9    8    7    6    5    4    3    2    2    1    1    2    2    2    1    3    4    9    7    7    5    8   13   15   28   25   52   52   82  134  226  500  509  279   87   19
29   38   37   33   31   27   26   25   24   23   22   20   19   18   17   16   15   14   13   12   11   10    9    8    7    6    5    4    3    2    1    1    1    1    2    2    1    1    1    2    8    8    5    9    9    9   12   33   22   48   53   75  124  228  459  519  302   92   22
28   37   33   31   27   26   25   24   23   22   20   19   18   17   16   15   14   13   12   11   10    9    8    7    6    5    4    3    2    2    1    1    2    1    1    2    1    2    6    7    5    6   11    9   14   28   21   47   49   76  116  221  443  506  316  106   25
29   37   36   33   31   27   26   25   24   23   22   20   19   18   17   16   15   14   13   12   11   10    9    8    7    6    5    4    3    2    1    1    1    1    1    2    1    2    1    2    4    7    7    6   10    7   16   27   19   47   46   70  113  211  424  495  333  116   29
30   37   36   33   31   27   26   24   23   22   21   20   19   18   17   16   15   14   13   12   11   10    9    8    7    6    5    4    3    2    1    1    1    1    1    1    2    1    1    3    1    3    8    6    3   11    9   13   22   23   42   52   65  108  202  409  487  343  121   34    1
28   37   35   32   31   26   23   22   21   20   19   18   17   16   15   14   13   12   11   10    9    8    7    6    5    4    3    2    1    1    1    1    1    3    2    1    3    2    8    6    4    9    9   13   20   21   41   52   57  106  200  387  474  365  122   40    1
27   37   35   32   31   26   23   22   20   19   18   17   16   15   14   13   12   11   10    9    8    7    6    5    4    3    2    1    1    1    1    1    3    2    1    4    8    7    4    9    7   12   21   22   35   52   60  104  193  380  447  369  136   43    2
28   37   35   31   30   26   25   23   21   20   19   18   17   16   15   14   13   12   11   10    9    8    7    6    5    4    3    2    1    1    1    1    1    2    1    2    1    4    8    5    4   11    6   12   18   14   37   53   59  101  184  365  435  376  152   42    4
27   35   30   29   26   25   23   21   20   19   18   17   16   15   14   13   12   11   10    9    8    7    6    5    4    3    2    1    2    1    1    1    1    3    1    2    9    4    5   10    3   14   19   11   38   49   56   98  163  352  436  386  161   45    4
27   35   29   28   26   25   23   21   20   19   18   17   16   15   14   13   12   11   10    9    8    7    6    5    4    3    2    1    2    1    1    1    1    3    1    2    9    4    3   10    5    9   21   12   36   40   63   94  155  327  429  388  181   48    4
27   35   29   28   25   23   22   21   20   19   18   17   16   15   14   13   12   11   10    9    8    7    6    5    4    3    2    1    2    1    1    2    2    1    1    1    8    6    3    9    5    8   19   12   37   39   53   93  150  311  420  390  189   56    6
28   35   34   29   28   25   23   22   21   20   19   18   17   16   15   14   13   12   11   10    9    8    7    6    5    4    3    2    1    1    1    1    1    1    3    1    1    1    5    6    4    9    3   10   17   13   33   40   54   84  151  296  417  386  196   60    5
26   34   33   29   27   25   23   21   19   18   17   16   15   14   13   12   11   10    9    8    7    6    5    4    3    2    1    1    1    1    1    1    3    2    5    6    4    7    4   10   13   15   26   43   50   86  142  275  424  381  201   67    6
28   33   32   29   27   24   23   22   21   20   19   18   17   16   15   14   13   12   11   10    9    8    7    6    5    4    3    2    1    1    1    1    1    1    1    2    1    1    2    5    3    5    6    9   12   17   24   37   47   81  128  263  420  387  216   69    9
26   33   31   29   26   23   22   20   19   18   17   16   15   14   13   12   11   10    9    8    7    6    5    4    3    2    1    1    1    1    1    1    3    2    2    5    3    4    5    9   11   15   19   37   47   75  124  250  403  386  234   76   10
26   33   30   26   23   22   21   20   19   18   17   16   15   14   13   12   11   10    9    8    7    6    5    4    3    2    1    1    1    1    1    1    2    1    2    5    1    5    6    9   11   14   17   32   47   67  119  240  390  384  246   87    9
26   32   30   26   23   22   21   20   19   18   17   16   15   14   13   12   11   10    9    8    7    6    5    4    3    2    1    1    1    1    1    1    1    2    2    2    3    4    4    9   13   13   15   33   45   60  100  246  367  396  250   94    9
26   31   30   26   23   22   21   20   19   18   17   16   15   14   13   12   11   10    9    8    7    6    5    4    3    2    1    1    1    1    1    1    1    1    2    2    3    3    3    7   15   10   16   30   47   54   92  232  353  394  267  102    9
26   31   29   26   23   22   21   20   19   18   17   16   15   14   13   12   11   10    9    8    7    6    5    4    3    2    1    1    1    1    1    1    1    1    1    2    4    3    3    6   10   14   18   28   41   48   94  219  332  396  276  110   11
25   30   27   25   22   21   20   19   18   17   16   15   14   13   12   11   10    9    8    7    6    5    4    3    2    1    1    1    1    1    1    1    1    2    3    4    2    3    9   14   17   26   39   47   82  211  318  399  285  117   13
23   30   26   24   21   19   18   17   16   15   14   13   12   11   10    9    8    7    6    5    4    3    2    1    1    1    1    2    2    2    2    5    1    4    7   14   16   22   37   47   80  190  318  387  295  125   14
22   30   25   24   21   19   17   16   15   14   13   12   11   10    9    8    7    6    5    4    3    2    1    1    1    1    2    2    3    5    2    1    7   16   13   23   36   43   71  177  310  379  298  139   17
22   29   25   23   21   19   17   16   15   14   13   12   11   10    9    8    7    6    5    4    3    2    1    1    1    1    2    2    3    4    3    1    6   14   13   22   38   40   61  165  291  382  305  145   21
23   29   25   23   21   20   19   17   16   15   14   13   12   11   10    9    8    7    6    5    4    3    2    1    1    1    1    1    1    2    2    4    2    2    3   14    9   24   32   39   59  157  279  374  314  149   26
21   25   22   20   19   17   16   15   14   13   12   11   10    9    8    7    6    5    4    3    2    1    1    1    1    3    2    2    4    1    4   13   10   15   33   37   56  143  263  365  330  155   32
20   25   21   20   19   18   16   15   13   12   11   10    9    8    7    6    5    4    3    2    1    1    1    1    2    1    3    4    4   12   11   11   30   38   53  132  242  363  332  167   38
19   25   19   18   16   15   14   13   12   11   10    9    8    7    6    5    4    3    2    1    1    3    2    2    4    1    1   12    9   12   25   42   48  124  221  363  331  175   45
19   24   19   18   16   15   14   13   12   11   10    9    8    7    6    5    4    3    2    1    1    2    3    2    3    1    1   12    7   14   23   40   49  116  210  351  325  188   48
20   24   19   18   17   16   15   14   13   12   11   10    9    8    7    6    5    4    3    2    1    1    2    2    1    2    2    1    2   11    6   12   23   39   47  112  192  334  330  199   51
19   23   19   18   17   16   15   13   12   11   10    9    8    7    6    5    4    3    2    1    1    1    3    1    2    2    2   12    6   11   19   36   46  106  185  315  334  207   55
19   23   19   18   17   16   15   13   12   11   10    9    8    7    6    5    4    3    2    1    1    1    2    1    3    2    2   11    6    9   19   32   47  102  179  301  327  216   57
20   22   19   18   17   16   15   14   13   12   11   10    9    8    7    6    5    4    3    2    1    1    1    1    2    1    2    1    1    9    7    8   17   31   41   96  157  300  326  226   60
18   20   19   17   15   14   13   12   11   10    9    8    7    6    5    4    3    2    1    1    1    3    1    1    2    6   10    6   14   33   39   83  150  295  320  228   68
18   20   19   17   15   14   13   12   11   10    9    8    7    6    5    4    3    2    1    1    1    3    1    1    2    6    8    5   12   28   39   77  139  277  321  233   80
16   20   17   15   13   12   11   10    9    8    7    6    5    4    3    2    1    1    2    2    3    4   10    2   12   24   42   64  135  265  310  236   90
17   20   17   15   14   13   12   11   10    9    8    7    6    5    4    3    2    1    1    2    1    1    2    3    7    3   11   21   41   56  130  253  303  240   95
18   20   17   16   15   14   13   12   11   10    9    8    7    6    5    4    3    2    1    1    1    1    1    1    2    2    7    4   10   19   35   54  123  248  295  244  100
16   20   16   15   13   12   11   10    9    8    7    6    5    4    3    2    1    1    1    2    3    1    6    5    9   16   30   56  114  223  299  255   99
16   19   16   15   13   12   11   10    9    8    7    6    5    4    3    2    1    1    1    2    1    2    4    5    7   14   25   49  114  206  299  259  105
17   19   16   15   14   13   12   11   10    9    8    7    6    5    4    3    2    1    1    1    1    1    1    1    3    7    6   12   18   51  106  188  296  256  116
17   18   16   15   14   13   12   11   10    9    8    7    6    5    4    3    2    1    1    1    1    1    1    1    3    5    6    9   17   45   96  183  287  257  121
15   17   14   13   12   11   10    9    8    7    6    5    4    3    2    1    1    1    3    1    3    5    6    9   14   37   93  179  268  269  120
14   16   13   12   11   10    9    8    7    6    5    4    3    2    1    1    2    2    2    5    5    9   16   30   85  163  263  271  121
14   16   13   12   11   10    9    8    7    6    5    4    3    2    1    1    2    1    2    5    6    6   16   25   83  156  249  272  128
14   16   13   12   11   10    9    8    7    6    5    4    3    2    1    1    1    2    2    5    6    4   15   21   74  158  240  273  124
14   16   13   12   11   10    9    8    7    6    5    4    3    2    1    1    1    1    3    4    5    3   12   22   65  154  222  274  132
14   15   13   12   11   10    9    8    7    6    5    4    3    2    1    1    1    1    3    3    4    3    9   18   57  138  220  271  141
13   15   13   11   10    9    8    7    6    5    4    3    2    1    1    1    3    3    3    1   10   18   50  124  223  253  141
13   15   12   11   10    9    8    7    6    5    4    3    2    1    1    1    2    4    2    2    9   14   48  109  213  252  139
13   15   12   11   10    9    8    7    6    5    4    3    2    1    1    1    1    4    3    2    7   14   45  102  197  249  142
12   15   11   10    9    8    7    6    5    4    3    2    1    1    2    4    2    2    7   13   39   94  182  230  143
12   14   11   10    9    8    7    6    5    4    3    2    1    1    1    3    4    1    6   11   31   87  175  209  145
12   14   11   10    9    8    7    6    5    4    3    2    1    1    1    3    4    1    4   13   27   78  167  207  143
12   14   11   10    9    8    7    6    5    4    3    2    1    1    1    3    2    2    4   10   27   69  153  194  137
10   14   10    9    7    6    5    4    3    2    1    1    4    2    5    8   26   60  144  199  131
11   13   10    9    8    7    6    5    4    3    2    1    1    2    1    1    2    9   17   54  131  191  120
 9   12    9    8    6    5    4    3    2    1    1    1    1    6    9   34  110  162  104
 9   12    8    7    6    5    4    3    2    1    1    1    1    3    8   30   99  155  100
 8   12    7    6    5    4    3    2    1    1    2    2    9   25   79  150  100
 8   12    7    6    5    4    3    2    1    1    1    3    7   25   68  141  100
 7   11    6    5    4    3    2    1    1    1    7   20   54   97   78
 7   11    6    5    4    3    2    1    1    1    6   14   42   80   69
 7    9    6    5    4    3    2    1    1    1    5    5   21   44   43
 7    8    6    5    4    3    2    1    1    1    4    5   19   43   39
 6    8    5    4    3    2    1    1    5    3   12   38   33
 6    8    5    4    3    2    1    1    3    3    9   28   30
 6    8    5    4    3    2    1    1    3    3    7   15   28
 6    8    5    4    3    2    1    1    2    4    5   16   25
 5    7    4    3    2    1    1    3    4    8   17
 5    7    4    3    2    1    1    1    4    6   13
 5    6    4    3    2    1    1    1    2    6   10
 5    6    4    3    2    1    1    1    1    6    9
 4    5    4    2    1    1    1    4    7
 4    5    4    2    1    1    1    4    7
 4    5    4    2    1    1    1    4    7
 3    4    2    1    2    3    6
 3    3    2    1    2    1    4
 3    3    2    1    2    1    4
 2    3    1    1    3
 2    3    1    1    3
 2    3    1    1    3
 2    3    1    1    3
 2    2    1    1    2
