# n  list(x)  list(y)
31   42   40   38   32   31   30   28   27   26   25   24   23   22   21   20   19   18   17   16   15   14   13   12   11   10    9    8    7    6    5    4    2    1    1    2    2    2    2    2    1    4    3    7    5    3   13    7   11   17   16   36   43   42   63   86   90  150  228  399 1111  147    4
31   42   40   38   32   31   30   28   27   26   25   24   23   22   21   20   19   18   17   16   15   14   13   12   11   10    9    8    7    6    5    4    2    1    1    2    2    2    1    1    2    3    4    8    4    4   11    8   10   19   13   32   42   43   60   89   81  145  231  388 1055  196   15
32   42   40   38   32   31   30   28   27   26   25   24   23   22   21   20   19   18   17   16   15   14   13   12   11   10    9    8    7    6    5    4    3    2    1    1    1    2    3    1    1    1    3    5    5    7    3   12    7    9   20   13   28   42   43   58   85   83  138  227  374 1005  242   27    1
32   42   40   38   32   31   30   28   27   26   25   24   23   22   21   20   19   18   17   16   15   14   13   12   11   10    9    8    7    6    5    4    3    2    1    1    1    1    4    1    1    1    2    4    5    9    3   12    5   10   18   13   30   37   42   58   75   93  119  223  365  961  286   40    2
33   42   41   40   37   32   31   30   29   28   26   25   24   23   22   21   20   19   18   17   16   15   14   13   12   11   10    9    8    7    6    5    4    3    1    1    1    1    1    1    2    1    2    1    1    4    6    8    3   12    5    7   16   17   23   34   44   59   70   90  118  202  355  921  334   56    3
32   41   39   36   32   30   29   28   27   26   25   24   23   22   21   20   19   18   17   16   15   14   13   12   11   10    9    8    7    6    5    4    3    1    2    1    1    2    2    1    1    1    1    4    4    9    3   10    8    5   17   15   22   36   40   60   67   86  117  199  345  894  339   73    9
31   41   38   36   32   30   29   28   26   25   24   23   22   21   20   19   18   17   16   15   14   13   12   11   10    9    8    7    6    5    4    3    1    2    1    1    1    2    2    1    2    4    2    9    5    9    8    5   15   14   24   30   41   61   60   91  115  187  330  857  369   87   14
31   41   38   36   32   30   29   28   26   25   24   23   22   21   20   19   18   17   16   15   14   13   12   11   10    9    8    7    6    5    4    3    1    2    1    1    1    1    3    1    2    4    2    9    4    9    9    4   11   19   19   29   42   55   64   86  117  180  316  840  376   97   20
33   41   38   36   32   30   29   28   27   26   25   24   23   22   21   20   19   18   17   16   15   14   13   12   11   10    9    8    7    6    5    4    3    2    1    2    1    1    1    1    2    1    1    1    5    2    9    4    8    8    5   11   17   16   32   38   52   65   85  118  170  302  798  406  112   24    1
31   41   38   36   30   29   28   27   25   24   23   22   21   20   19   18   17   16   15   14   13   12   11   10    9    8    7    6    5    4    3    2    1    1    2    2    1    2    1    1    5    3    6    6    5    7    6   10   17   14   32   38   46   66   75  117  171  282  756  441  133   24    4
31   41   37   36   35   30   28   27   25   24   23   22   21   20   19   18   17   16   15   14   13   12   11   10    9    8    7    6    5    4    3    2    1    1    1    1    2    2    1    1    2    4    7    6    4    6    7   10   15   11   35   33   42   67   67  116  167  265  727  462  154   29    4
31   41   36   35   30   29   28   26   25   24   23   22   21   20   19   18   17   16   15   14   13   12   11   10    9    8    7    6    5    4    3    2    1    1    2    1    1    2    1    1    1    3    7    7    3    8    7    7   16    7   36   31   36   61   76  108  163  260  689  476  169   37    7
29   40   35   34   29   28   25   24   23   22   21   20   19   18   17   16   15   14   13   12   11   10    9    8    7    6    5    4    3    2    1    2    1    2    2    2    1    3    3    9    4    6    9    8   13    7   36   28   39   58   68  112  148  261  649  497  182   41    8
30   40   35   34   33   29   28   25   23   22   21   20   19   18   17   16   15   14   13   12   11   10    9    8    7    6    5    4    3    2    1    1    1    1    1    2    2    2    4    3    8    3    7    8    7   15    7   31   29   40   57   62  108  149  243  625  496  207   47    8    1
30   40   35   33   28   27   25   24   23   22   21   20   19   18   17   16   15   14   13   12   11   10    9    8    7    6    5    4    3    2    1    1    1    2    2    2    1    1    2    3    8    4    8    5    7   16    8   27   29   37   58   57  101  147  236  594  501  229   53    9    1
31   39   34   32   31   28   27   25   24   23   22   21   20   19   18   17   16   15   14   13   12   11   10    9    8    7    6    5    4    3    2    1    1    1    1    1    2    2    1    1    2    3    6    5    8    4    7   14   11   22   26   38   54   59   90  145  227  579  489  258   58    9    1
31   38   34   31   29   28   27   25   24   23   22   21   20   19   18   17   16   15   14   13   12   11   10    9    8    7    6    5    4    3    2    1    1    1    1    1    2    2    1    1    2    3    6    5    7    5    7   11   11   22   25   39   53   55   93  131  225  545  506  258   67   13    1
31   37   33   30   29   28   27   25   24   23   22   21   20   19   18   17   16   15   14   13   12   11   10    9    8    7    6    5    4    3    2    1    1    1    1    1    1    3    1    1    2    2    7    4    8    5    5   10   11   15   27   41   51   55   92  126  214  522  502  281   67   17    1
31   35   33   29   28   27   26   25   24   23   22   21   20   19   18   17   16   15   14   13   12   11   10    9    8    7    6    5    4    3    2    1    1    1    2    1    2    1    1    1    1    2    7    4    8    6    5    7   12   13   28   37   51   52   86  122  208  492  501  297   79   21    1
31   35   33   29   28   27   26   25   24   23   22   21   20   19   18   17   16   15   14   13   12   11   10    9    8    7    6    5    4    3    2    1    1    1    1    2    2    1    1    1    1    2    6    5    7    6    6    6   10   15   25   37   52   51   78  119  207  466  499  303   86   27    1
29   35   33   29   27   26   25   24   22   21   20   19   18   17   16   15   14   13   12   11   10    9    8    7    6    5    4    3    2    1    1    1    1    2    2    2    1    2    6    6    6    7    5    5   11   13   22   37   51   49   79  111  194  458  482  310  105   29    2
28   35   33   29   27   26   23   22   21   20   19   18   17   16   15   14   13   12   11   10    9    8    7    6    5    4    3    2    1    1    1    1    2    2    1    1    3    5    9    4    7    6    9   12   21   35   49   43   79  107  185  432  489  321  113   35    2
28   35   32   28   26   25   23   22   21   20   19   18   17   16   15   14   13   12   11   10    9    8    7    6    5    4    3    2    1    1    1    1    3    1    1    1    1    7    9    3    8    5    9    9   18   33   47   38   77  108  174  411  476  344  124   38    2
28   35   31   28   26   25   24   23   22   20   19   18   17   16   15   14   13   12   11   10    9    8    7    6    5    4    3    2    1    1    1    1    2    1    1    1    1    4    7    8    7    4    8   10   15   32   42   43   72  101  166  389  482  347  136   40    3
28   34   31   27   26   25   24   23   22   20   19   18   17   16   15   14   13   12   11   10    9    8    7    6    5    4    3    2    1    1    1    1    2    1    1    1    1    3    7    6    5    6    9    9   13   29   44   44   71   96  156  377  478  339  146   49    3
28   33   30   27   26   25   24   23   22   20   19   18   17   16   15   14   13   12   11   10    9    8    7    6    5    4    3    2    1    1    1    1    2    1    1    1    1    3    6    7    4    6    8    9   14   24   45   43   67  100  150  351  470  343  156   55    4
27   33   29   26   25   24   23   22   20   19   18   17   16   15   14   13   12   11   10    9    8    7    6    5    4    3    2    1    1    1    3    1    1    1    1    1    7    6    5    6    6   10   12   22   39   48   61   99  142  339  456  352  168   55    6
26   32   29   26   24   23   22   20   19   18   17   16   15   14   13   12   11   10    9    8    7    6    5    4    3    2    1    1    1    3    1    1    2    1    6    5    7    3    8   11   11   18   39   45   64   89  147  316  440  361  178   58    8
26   31   29   26   24   22   21   20   19   18   17   16   15   14   13   12   11   10    9    8    7    6    5    4    3    2    1    1    1    3    1    1    2    1    2    8    5    6    5   11   14   16   37   46   61   82  148  290  435  365  186   63    9
27   30   29   26   25   24   22   21   20   19   18   17   16   15   14   13   12   11   10    9    8    7    6    5    4    3    2    1    1    1    2    1    1    1    2    1    2    5    6    4    8   11   13   15   36   43   53   83  141  278  417  374  196   67   12
27   30   29   26   25   24   22   21   20   19   18   17   16   15   14   13   12   11   10    9    8    7    6    5    4    3    2    1    1    1    1    1    2    1    2    1    2    4    7    3    9    8   14   12   35   44   50   81  137  265  391  381  209   73   14
25   29   25   24   23   22   20   19   18   17   16   15   14   13   12   11   10    9    8    7    6    5    4    3    2    1    2    1    2    1    1    2    2    4    6    4    8    9   11   11   32   39   51   80  126  258  385  381  214   75   19
25   29   28   24   23   22   20   19   18   17   16   15   14   13   12   11   10    9    8    7    6    5    4    3    2    1    1    1    1    3    1    2    2    4    4    4    9   10    8   13   29   35   46   76  128  249  381  369  221   81   20
25   29   28   24   23   22   20   19   18   17   16   15   14   13   12   11   10    9    8    7    6    5    4    3    2    1    1    1    1    2    2    2    1    2    7    4    9    9    8   13   24   39   45   71  124  234  371  375  218   86   24
24   29   28   23   22   20   19   18   17   16   15   14   13   12   11   10    9    8    7    6    5    4    3    2    1    1    1    3    2    1    2    2    4    6    7   10   10   10   24   40   41   64  126  214  371  358  232   94   25
23   29   28   23   22   19   18   17   16   15   14   13   12   11   10    9    8    7    6    5    4    3    2    1    1    1    3    2    3    1    5    5    6   10    9    9   23   35   39   69  114  211  353  355  232  111   26
22   28   23   22   19   18   17   16   15   14   13   12   11   10    9    8    7    6    5    4    3    2    1    1    2    3    3    1    5    3    5    8   12    9   17   37   40   67  111  188  343  350  251  113   29
23   27   23   22   21   19   18   17   16   15   14   13   12   11   10    9    8    7    6    5    4    3    2    1    1    1    3    1    2    2    4    3    5    8   10    5   16   36   42   65  103  175  326  352  266  117   29
23   26   23   22   20   19   18   17   16   15   14   13   12   11   10    9    8    7    6    5    4    3    2    1    1    1    3    1    2    1    4    3    5    8    8    6   10   34   43   57  102  166  307  358  271  120   33
21   26   23   22   18   17   16   15   14   13   12   11   10    9    8    7    6    5    4    3    2    1    1    1    3    4    3    3    3   11    7    6   10   29   40   53   98  154  302  344  289  122   35
21   25   22   21   18   17   16   15   14   13   12   11   10    9    8    7    6    5    4    3    2    1    1    2    2    4    2    4    2   10    5   10    9   25   37   56   93  140  290  340  295  130   36
22   25   22   21   20   18   17   16   15   14   13   12   11   10    9    8    7    6    5    4    3    2    1    1    1    2    1    3    3    4    2   10    5    7   10   23   33   60   94  131  272  333  296  139   38
22   25   22   21   20   18   17   16   15   14   13   12   11   10    9    8    7    6    5    4    3    2    1    1    1    2    1    3    2    4    3    6    7    8    9   21   34   50   98  123  263  323  290  154   39
22   24   22   21   20   18   17   16   15   14   13   12   11   10    9    8    7    6    5    4    3    2    1    1    1    2    1    1    4    4    2    6    7    5   11   17   35   44   88  125  248  313  292  167   41
22   23   22   21   20   18   17   16   15   14   13   12   11   10    9    8    7    6    5    4    3    2    1    1    1    1    2    1    2    5    3    5    7    6    8   18   30   39   82  126  241  299  298  167   47
23   23   22   21   20   19   18   17   16   15   14   13   12   11   10    9    8    7    6    5    4    3    2    1    1    1    1    1    1    1    2    3    4    6    5    4   10   20   25   37   82  119  227  288  298  177   50
20   21   20   19   18   17   16   14   13   12   11   10    9    8    7    6    5    4    3    2    1    2    1    2    1    2    2    8    6    3   10   18   25   34   77  112  211  284  299  186   52
19   21   19   18   17   16   14   13   12   11   10    9    8    7    6    5    4    3    2    1    2    2    2    2    2    5    7    3    8   14   25   33   72   99  209  270  307  188   58
19   21   19   18   17   16   14   13   12   11   10    9    8    7    6    5    4    3    2    1    2    2    2    2    2    4    7    4    8   11   26   29   68   94  191  276  304  182   64
20   21   20   19   18   17   16   14   13   12   11   10    9    8    7    6    5    4    3    2    1    1    1    1    1    3    2    2    5    5    8    8   25   26   62   88  177  274  306  193   66
19   21   20   19   18   17   16   13   12   11   10    9    8    7    6    5    4    3    2    1    1    1    1    1    2    3    6    4    9    9   22   27   58   84  165  261  305  193   73
17   20   19   17   16   13   12   11   10    9    8    7    6    5    4    3    2    1    1    2    2    4    4    2    8   11   20   23   55   81  157  249  300  202   78
17   19   17   16   15   13   12   11   10    9    8    7    6    5    4    3    2    1    3    2    1    3    3    1    7   12   17   24   48   82  148  234  292  216   77
18   19   18   17   16   15   13   12   11   10    9    8    7    6    5    4    3    2    1    2    1    1    2    3    3    1    6    9   19   25   41   80  136  223  290  222   79
18   19   18   17   16   15   13   12   11   10    9    8    7    6    5    4    3    2    1    2    1    1    2    3    3    1    5    8   15   24   45   71  131  210  285  222   80
19   19   18   17   16   15   14   13   12   11   10    9    8    7    6    5    4    3    2    1    1    1    2    1    1    1    3    2    5    7    9   24   40   65  123  203  277  229   87
17   18   17   15   14   13   12   11   10    9    8    7    6    5    4    3    2    1    2    2    1    2    3    2    5    7    6   22   35   61  115  192  278  226   93
17   18   17   15   14   13   12   11   10    9    8    7    6    5    4    3    2    1    2    2    1    2    3    2    5    6    5   21   34   54  100  194  268  232   96
18   18   17   16   15   14   13   12   11   10    9    8    7    6    5    4    3    2    1    2    1    1    1    1    1    5    5    4    6   19   30   51   87  191  255  233  102
17   18   16   15   14   13   12   11   10    9    8    7    6    5    4    3    2    1    2    2    1    1    1    5    4    4    5   17   28   48   81  185  238  240  100
17   18   16   15   14   13   12   11   10    9    8    7    6    5    4    3    2    1    1    1    2    1    1    4    3    5    4   13   26   43   83  167  233  235  102
17   18   16   15   14   13   12   11   10    9    8    7    6    5    4    3    2    1    1    1    2    1    1    3    2    7    3    9   24   38   79  157  230  233  109
17   18   16   15   14   13   12   11   10    9    8    7    6    5    4    3    2    1    1    1    1    2    1    3    2    5    4    9   21   32   79  145  222  231  104
16   18   15   14   13   12   11   10    9    8    7    6    5    4    3    2    1    1    2    2    1    2    1    6    3    7   18   32   65  130  217  232  109
15   18   15   14   12   11   10    9    8    7    6    5    4    3    2    1    1    2    2    2    2    4    4    8   15   27   62  126  203  239  108
14   18   15   14   12   10    9    8    7    6    5    4    3    2    1    1    2    2    2    5    4    8   15   22   52  120  195  228  112
16   18   15   14   13   12   11   10    9    8    7    6    5    4    3    2    1    1    2    1    1    1    1    4    5    5   14   23   47  116  183  222  113
15   18   15   13   12   11   10    9    8    7    6    5    4    3    2    1    1    2    2    1    1    2    7    4   12   23   45  101  182  212  117
15   18   15   14   13   11   10    9    8    7    6    5    4    3    2    1    1    1    1    2    1    2    5    3   12   17   47   86  181  203  117
14   17   15   13   12   10    9    8    7    6    5    4    3    2    1    1    1    2    1    1    3    6    8   18   42   76  168  177  111
12   15   12   10    9    8    7    6    5    4    3    2    1    2    2    2    2    4    9   16   34   73  159  172  106
13   15   12   11   10    9    8    7    6    5    4    3    2    1    2    1    1    2    2    3   10   13   30   66  153  163  112
12   13   12   11    9    8    7    6    5    4    3    2    1    1    1    1    4    4    9    9   32   60  132  153  111
12   13   12   11    9    8    7    6    5    4    3    2    1    1    1    1    2    5    6    9   29   53  133  145  104
11   12   11    9    8    7    6    5    4    3    2    1    1    2    2    4    4    7   30   47  119  146  105
11   12   11    9    8    7    6    5    4    3    2    1    1    2    2    2    6    6   29   47  107  129  102
11   12   11    9    8    7    6    5    4    3    2    1    1    2    2    1    6    6   23   41   94  132   91
11   11   10    9    8    7    6    5    4    3    2    1    2    1    2    1    4    6   19   36   84  128   91
10   10    9    8    7    6    5    4    3    2    1    2    2    1    5    3   16   31   72  125   87
10   10    9    8    7    6    5    4    3    2    1    1    1    2    2    5   15   27   60  116   78
 9    9    8    7    6    5    4    3    2    1    1    2    2    5   13   19   56  115   76
 8    8    7    6    5    4    3    2    1    1    3    2    6    8   21   51   34
 6    6    5    4    3    2    1    1    3    6   21   39   24
 6    6    5    4    3    2    1    1    2    6   20   32   26
 6    6    5    4    3    2    1    1    2    6   19   27   25
 7    7    6    5    4    3    2    1    1    1    3    1    9   19   15
 4    4    3    2    1    5   11   13   15
 4    4    3    2    1    4    7   14   13
 4    4    3    2    1    1    6   10   10
 3    3    2    1    2    4    4
 3    3    2    1    2    3    4
 3    3    2    1    1    4    3
 3    3    2    1    1    4    3
 2    2    1    2    2
 2    3    1    1    3
 2    2    1    1    2
 2    2    1    1    2
 2    2    1    1    2
