# n  list(x)  list(y)
 6    8    7    6    5    4    3  630  989  615  173   89    4
 6    8    7    6    5    4    3  567  972  634  199   96    7
 6    8    7    6    5    4    3  506  956  650  224  100   14
 7    8    7    6    5    4    3    2  460  917  681  243  105   18    1
 7    8    7    6    5    4    3    2  421  885  686  269  116   22    1
 7    8    7    6    5    4    3    2  386  835  710  295  125   20    4
 7    8    7    6    5    4    3    2  352  798  720  318  132   26    4
 7    8    7    6    5    4    3    2  319  747  736  344  145   27    7
 8    8    7    6    5    4    3    2    1  289  708  741  361  158   36    6    1
 8    8    7    6    5    4    3    2    1  262  666  754  376  167   41    8    1
 8    8    7    6    5    4    3    2    1  240  622  761  394  181   43    8    1
 8    8    7    6    5    4    3    2    1  222  580  761  402  202   48    8    2
 8    8    7    6    5    4    3    2    1  199  552  747  418  219   55    7    3
 8    8    7    6    5    4    3    2    1  179  512  740  442  227   65    7    3
 8    8    7    6    5    4    3    2    1  159  493  721  460  233   72    9    3
 8    8    7    6    5    4    3    2    1  145  464  697  472  254   75   15    3
 8    8    7    6    5    4    3    2    1  126  440  683  479  269   82   18    3
 8    8    7    6    5    4    3    2    1  108  409  666  500  281   86   22    3
 8    8    7    6    5    4    3    2    1   96  365  663  504  300   94   23    5
 8    8    7    6    5    4    3    2    1   86  345  623  513  328   97   26    7
 8    8    7    6    5    4    3    2    1   79  329  585  528  337  104   31    7
 8    8    7    6    5    4    3    2    1   74  301  554  540  354  108   37    7
 8    8    7    6    5    4    3    2    1   68  271  539  524  384  117   39    8
 8    8    7    6    5    4    3    2    1   59  254  511  519  404  126   41   11
 8    8    7    6    5    4    3    2    1   50  238  492  503  424  139   42   12
 8    8    7    6    5    4    3    2    1   46  210  491  481  433  153   47   14
 8    8    7    6    5    4    3    2    1   41  194  462  489  437  161   51   14
 8    8    7    6    5    4    3    2    1   39  182  429  493  446  163   57   14
 8    8    7    6    5    4    3    2    1   31  163  420  470  451  186   62   15
 8    8    7    6    5    4    3    2    1   28  146  407  459  452  193   70   18
 8    8    7    6    5    4    3    2    1   26  129  380  454  458  202   80   19
 8    8    7    6    5    4    3    2    1   18  115  365  441  463  215   85   21
 8    8    7    6    5    4    3    2    1   17  110  336  427  466  233   85   24
 8    8    7    6    5    4    3    2    1   15  102  318  420  461  238   92   22
 8    8    7    6    5    4    3    2    1   14   92  307  397  464  245  100   22
 8    8    7    6    5    4    3    2    1   12   82  290  387  456  256  107   25
 8    8    7    6    5    4    3    2    1    9   75  261  383  450  270  115   26
 8    8    7    6    5    4    3    2    1    7   68  242  365  446  286  123   27
 8    8    7    6    5    4    3    2    1    6   59  215  359  445  290  137   28
 8    8    7    6    5    4    3    2    1    6   57  198  337  443  292  150   30
 8    8    7    6    5    4    3    2    1    5   53  168  324  451  294  159   33
 8    8    7    6    5    4    3    2    1    4   47  153  313  435  303  169   37
 8    8    7    6    5    4    3    2    1    3   43  139  299  430  303  179   39
 8    8    7    6    5    4    3    2    1    3   38  123  288  422  311  181   45
 8    8    7    6    5    4    3    2    1    3   28  117  272  411  313  196   45
 8    8    7    6    5    4    3    2    1    3   21  108  257  402  314  202   52
 8    8    7    6    5    4    3    2    1    3   17  107  237  389  320  201   60
 8    8    7    6    5    4    3    2    1    3   15   94  220  376  322  216   63
 8    8    7    6    5    4    3    2    1    3   14   83  206  356  323  223   69
 8    8    7    6    5    4    3    2    1    2   13   75  190  342  333  224   70
 8    8    7    6    5    4    3    2    1    1   14   64  166  329  339  236   69
 8    8    7    6    5    4    3    2    1    1   12   59  151  310  346  233   81
 8    8    7    6    5    4    3    2    1    1   11   52  139  284  357  238   77
 7    7    6    5    4    3    2    1    6   47  129  266  349  246   82
 7    7    6    5    4    3    2    1    2   37  122  245  335  264   85
 7    7    6    5    4    3    2    1    1   34  111  236  313  272   91
 7    7    6    5    4    3    2    1    1   33  100  217  307  264   90
 7    7    6    5    4    3    2    1    1   30   86  210  288  267   93
 6    6    5    4    3    2    1   23   77  182  271  256   92
 6    6    5    4    3    2    1   17   67  169  270  257   93
 6    6    5    4    3    2    1   14   55  161  256  247   91
 6    6    5    4    3    2    1   13   52  148  241  244   93
 6    6    5    4    3    2    1    9   36   95  178  183   70
 6    6    5    4    3    2    1    9   32   84  162  180   64
 6    6    5    4    3    2    1    3   11   35   78   83   29
 6    6    5    4    3    2    1    1   10   23   59   75   33
 6    6    5    4    3    2    1    1    9   20   54   76   33
 5    5    4    3    2    1    6   18   47   74   31
 6    6    5    4    3    2    1    2    4   13   25   42   13
 5    5    4    3    2    1    2   10   27   36   15
 6    6    5    4    3    2    1    2    3   11   19   27    8
 6    6    5    4    3    2    1    2    3   11   19   27    8
 6    6    5    4    3    2    1    2    3    9   14   29    9
 6    6    5    4    3    2    1    2    3    9   12   30    9
 6    6    5    4    3    2    1    1    1    6   14   14    5
 6    6    5    4    3    2    1    1    1    6   14   14    5
 6    6    5    4    3    2    1    1    1    6   14   14    5
 6    6    5    4    3    2    1    1    1    5   12   16    5
 6    6    5    4    3    2    1    1    1    4   11   16    6
 3    3    2    1    5   13    5
 5    6    5    4    3    2    1    1    1    7    9
 5    6    5    4    3    2    1    1    1    7    9
 5    6    5    4    3    2    1    1    1    7    9
 4    5    4    3    2    1    2    5   10
 5    5    4    3    2    1    1    2    4    9    1
 4    4    3    2    1    2    1    5    1
 4    4    3    2    1    2    1    5    1
 3    3    2    1    1    3    3
 3    3    2    1    1    3    3
 3    3    2    1    1    2    3
 3    3    2    1    1    2    1
 3    3    2    1    1    2    1
 2    2    1    2    2
 1    2    3
 2    2    1    1    2
 2    2    1    1    2
 2    2    1    1    2
 2    2    1    1    2
 2    2    1    1    2
