# n  list(x)  list(y)
19    4    5    6    7    8    9   10   11   12   13   14   15   16   17   18   19   20   21   22    4  104  562  600  474  302  190  106   72   38   18    9    7    4    5    2    1    1    1
18    4    5    6    7    8    9   10   11   12   13   14   15   16   17   18   19   20   22    7  134  555  593  458  287  184  107   70   37   15   10    4    4    5    2    2    1
19    3    4    5    6    7    8    9   10   11   12   13   14   15   16   17   18   19   20   22    2   18  158  546  583  446  279  174  109   63   32   15    7    6    4    3    2    2    1
20    2    3    4    5    6    7    8    9   10   11   12   13   14   15   16   17   18   19   20   22    1    2   28  178  541  568  436  270  169  104   60   28   15    7    6    5    3    2    1    1
20    2    3    4    5    6    7    8    9   10   11   12   13   14   15   16   17   18   19   20   22    1    3   35  210  533  554  426  257  165   97   56   27   12    7    6    4    4    1    1    1
20    2    3    4    5    6    7    8    9   10   11   12   13   14   15   16   17   18   19   20   22    1    5   44  238  524  550  412  245  157   89   53   23   10    7    7    4    3    1    1    1
20    2    3    4    5    6    7    8    9   10   11   12   13   14   15   16   17   18   19   20   22    1    5   52  269  520  528  404  245  148   79   46   21    9    7    7    3    3    1    1    1
19    2    3    4    5    6    7    8    9   10   11   12   13   14   15   16   17   18   20   22    2    9   53  296  519  523  383  237  135   74   47   18    9    6    5    3    4    1    1
19    2    3    4    5    6    7    8    9   10   11   12   13   14   15   16   17   18   20   22    2   10   71  306  522  514  358  237  128   64   46   16    8    6    4    3    3    1    1
19    2    3    4    5    6    7    8    9   10   11   12   13   14   15   16   17   18   20   21    2   10   87  318  529  505  345  222  114   67   37   15    8    5    3    3    3    1    1
19    2    3    4    5    6    7    8    9   10   11   12   13   14   15   16   17   18   20   21    2   14  100  329  531  483  334  213  109   64   33   16    7    6    2    2    3    1    1
19    2    3    4    5    6    7    8    9   10   11   12   13   14   15   16   17   18   20   21    2   17  110  351  524  480  320  194  109   53   31   15    5    6    2    1    3    1    1
19    2    3    4    5    6    7    8    9   10   11   12   13   14   15   16   17   18   20   21    2   23  124  359  527  456  310  186  100   53   28   13    5    6    2    1    3    1    1
18    2    3    4    5    6    7    8    9   10   11   12   13   14   15   16   17   18   20    2   29  138  376  509  447  299  175   96   47   27   13    5    5    2    2    2    1
18    2    3    4    5    6    7    8    9   10   11   12   13   14   15   16   17   18   20    2   34  150  384  508  425  286  170   97   39   28   11    6    3    2    2    2    1
18    2    3    4    5    6    7    8    9   10   11   12   13   14   15   16   17   18   20    3   44  160  392  498  421  274  162   82   42   21   10    6    3    2    2    2    1
18    2    3    4    5    6    7    8    9   10   11   12   13   14   15   16   17   18   20    4   47  181  392  491  413  258  154   76   39   21   12    2    3    2    2    2    1
18    2    3    4    5    6    7    8    9   10   11   12   13   14   15   16   17   18   19    4   55  193  399  482  396  258  141   71   36   17   11    2    4    1    3    1    1
18    2    3    4    5    6    7    8    9   10   11   12   13   14   15   16   17   18   19    4   66  208  398  473  382  253  126   69   33   18    9    1    4    1    3    1    1
18    2    3    4    5    6    7    8    9   10   11   12   13   14   15   16   17   18   19    5   71  220  414  462  365  232  126   64   30   17    8    2    3    2    2    1    1
18    2    3    4    5    6    7    8    9   10   11   12   13   14   15   16   17   18   19    7   84  229  418  466  347  211  120   57   28   16    6    4    2    1    2    1    1
18    2    3    4    5    6    7    8    9   10   11   12   13   14   15   16   17   18   19   10   93  237  424  451  334  198  116   54   27   14    6    4    2    2    1    1    1
17    2    3    4    5    6    7    8    9   10   11   12   13   14   15   16   18   19   13  101  243  436  440  319  186  110   47   28   11    5    4    2    3    1    1
17    2    3    4    5    6    7    8    9   10   11   12   13   14   15   16   18   19   14  118  246  439  432  302  175  105   41   26   11    5    4    2    3    1    1
17    2    3    4    5    6    7    8    9   10   11   12   13   14   15   16   18   19   15  131  263  433  410  289  170  101   40   24    9    4    5    1    3    1    1
18    1    2    3    4    5    6    7    8    9   10   11   12   13   14   15   16   17   18    1   19  139  273  422  405  281  167   88   32   26    8    3    5    1    3    1    1
17    1    2    3    4    5    6    7    8    9   10   11   12   13   14   16   17   18    2   26  143  280  428  379  283  153   80   31   23    8    4    5    3    1    1
17    1    2    3    4    5    6    7    8    9   10   11   12   13   14   16   17   18    4   27  155  290  426  375  260  145   72   30   21    8    3    4    3    1    1
17    1    2    3    4    5    6    7    8    9   10   11   12   13   14   15   16   17    4   32  166  297  415  369  247  139   64   30   17    8    3    4    2    1    2
17    1    2    3    4    5    6    7    8    9   10   11   12   13   14   15   16   17    6   34  175  309  404  364  224  135   64   24   19    6    2    4    2    1    2
17    1    2    3    4    5    6    7    8    9   10   11   12   13   14   15   16   17    6   44  176  314  398  346  224  132   56   21   18    5    3    3    1    1    2
17    1    2    3    4    5    6    7    8    9   10   11   12   13   14   15   16   17    6   51  184  333  392  327  216  114   50   24   14    7    2    1    1    2    1
17    1    2    3    4    5    6    7    8    9   10   11   12   13   14   15   16   17    6   58  196  333  377  330  201  106   47   19   14    7    1    1    1    2    1
17    1    2    3    4    5    6    7    8    9   10   11   12   13   14   15   16   17    7   66  203  330  378  307  196   98   47   18   13    6    1    1    2    1    1
17    1    2    3    4    5    6    7    8    9   10   11   12   13   14   15   16   17   12   66  214  341  353  307  183   89   44   17   14    4    1    1    2    1    1
17    1    2    3    4    5    6    7    8    9   10   11   12   13   14   15   16   17   14   72  230  343  334  301  174   82   36   19   12    2    1    1    2    1    1
16    1    2    3    4    5    6    7    8    9   10   11   12   13   14   15   17   16   79  236  343  335  285  162   77   32   15   12    2    1    1    3    1
15    1    2    3    4    5    6    7    8    9   10   11   12   13   15   16   18   90  239  331  341  273  150   69   32   11   13    1    2    3    1
15    1    2    3    4    5    6    7    8    9   10   11   12   13   15   16   20   97  248  339  325  259  139   65   28   12   10    2    1    3    1
14    1    2    3    4    5    6    7    8    9   10   11   12   13   15   23  101  248  353  305  259  130   54   24   15    5    2    1    4
14    1    2    3    4    5    6    7    8    9   10   11   12   14   15   26  109  241  354  314  237  122   46   29   10    5    2    1    3
14    1    2    3    4    5    6    7    8    9   10   11   12   14   15   29  115  247  352  301  237  101   43   30    8    5    1    1    3
13    1    2    3    4    5    6    7    8    9   10   11   14   15   31  119  253  357  294  211   97   41   29    7    5    3    1
13    1    2    3    4    5    6    7    8    9   10   11   13   14   33  124  263  352  284  194   93   41   25    6    4    2    2
13    1    2    3    4    5    6    7    8    9   10   11   13   14   36  129  269  352  267  183   89   37   23    5    4    2    2
13    1    2    3    4    5    6    7    8    9   10   11   13   14   41  129  281  336  262  177   76   39   20    4    3    3    1
14    1    2    3    4    5    6    7    8    9   10   11   12   13   14   37  140  279  346  244  164   65   43   15    4    2    1    2    1
14    1    2    3    4    5    6    7    8    9   10   11   12   13   14   42  144  288  340  226  159   60   37   11    4    2    2    1    1
13    1    2    3    4    5    6    7    8    9   10   11   12   13   48  148  291  335  217  143   56   33    9    5    1    2    2
13    1    2    3    4    5    6    7    8    9   10   11   12   13   54  156  290  330  206  129   59   22   10    3    1    2    2
13    1    2    3    4    5    6    7    8    9   10   11   12   13   59  161  292  320  195  120   58   17    9    3    2    2    1
12    1    2    3    4    5    6    7    8    9   10   12   13   59  172  291  311  189  106   52   17    8    4    2    1
13    1    2    3    4    5    6    7    8    9   10   11   12   13   61  181  305  288  178   99   48   13    8    3    1    1    1
12    1    2    3    4    5    6    7    8    9   10   11   12   66  188  312  267  172   91   43   10    6    3    1    2
12    1    2    3    4    5    6    7    8    9   10   11   12   75  188  300  265  165   87   35   10    5    1    2    1
11    1    2    3    4    5    6    7    8    9   11   12   76  191  298  254  158   82   30   10    6    2    1
11    1    2    3    4    5    6    7    8    9   10   11   86  189  301  248  143   71   29    7    6    2    1
11    1    2    3    4    5    6    7    8    9   10   11   90  188  306  233  135   63   28    5    4    2    1
10    1    2    3    4    5    6    7    8    9   11   97  192  296  226  125   55   26    4    3    1
10    1    2    3    4    5    6    7    8    9   11  102  188  301  205  114   50   25    4    3    1
10    1    2    3    4    5    6    7    8    9   11  106  201  295  190  105   47   18    3    3    1
10    1    2    3    4    5    6    7    8    9   11  113  206  281  177   98   44   16    2    3    1
10    1    2    3    4    5    6    7    8    9   11  123  205  270  163   88   43   15    1    3    1
10    1    2    3    4    5    6    7    8    9   11  129  209  254  157   77   37   14    1    3    1
 9    1    2    3    4    5    6    7    8   11  130  211  242  142   72   34   13    4    1
 9    1    2    3    4    5    6    7    8   11  136  216  220  133   68   34    7    4    1
 9    1    2    3    4    5    6    7    8   11  130  214  215  121   63   30    7    4    1
 9    1    2    3    4    5    6    7    8   10  138  204  202  108   64   25    4    4    1
 9    1    2    3    4    5    6    7    8   10  141  204  186  106   52   25    3    4    1
 9    1    2    3    4    5    6    7    8   10  142  202  174   94   51   18    3    4    1
 9    1    2    3    4    5    6    7    8   10  144  204  156   91   48   17    4    1    1
 8    1    2    3    4    5    6    7    8  145  197  153   87   36   15    2    2
 8    1    2    3    4    5    6    7    8  146  189  145   75   33   14    2    1
 8    1    2    3    4    5    6    7    8  136  180  133   71   29    9    2    1
 7    1    2    3    4    5    6    7  125  167  127   59   23    8    3
 7    1    2    3    4    5    6    7  119  158  115   51   20    9    2
 7    1    2    3    4    5    6    7  112  131   97   43   14    9    1
 7    1    2    3    4    5    6    7   94  108   74   34   13    5    1
 7    1    2    3    4    5    6    7   89   99   61   36   11    5    1
 6    1    2    3    4    5    6   84   91   57   32   11    4
 6    1    2    3    4    5    6   71   79   38   30    9    4
 6    1    2    3    4    5    6   36   25   19   12    3    2
 6    1    2    3    4    5    6   15   32   10   10    1    1
 6    1    2    3    4    5    6   15   32    8    8    1    1
 4    1    2    3    4    8   24    6    6
 4    1    2    3    4    9   22    7    4
 4    1    2    3    4    8   19    4    2
 4    1    2    3    4    5   12    1    2
 4    1    2    3    4    5   12    1    2
 4    1    2    3    4    4    8    2    1
 4    1    2    3    4    4    8    2    1
 4    1    2    3    4    4    6    2    1
 4    1    2    3    4    4    6    2    1
 4    1    2    3    4    4    5    2    1
 4    1    2    3    4    5    3    1    1
 3    1    2    4    4    3    1
 2    1    2    2    1
