# n  list(x)  list(y)
33   43   41   40   35   34   33   30   29   28   27   26   25   24   23   22   21   20   19   18   17   16   15   14   13   12   11   10    9    8    7    6    5    4    1    1    1    1    1    1    1    2    3    3    1    1    6    9    6    6    5    8   16   15   22   26   27   56   68   77   98  148  231  403 1098  154    4
32   43   41   40   34   33   30   29   28   27   26   25   24   23   22   21   20   19   18   17   16   15   14   13   12   11   10    9    8    7    6    5    4    1    1    1    1    2    1    2    2    3    1    2    5    6    8    5    5    6   16   16   17   26   29   49   68   73   93  149  222  387 1047  218   13
33   43   40   39   34   33   30   29   28   27   26   25   24   23   22   21   20   19   18   17   16   15   14   13   12   11   10    9    8    7    6    5    4    3    1    1    1    1    2    1    1    3    3    1    1    5    7    6    6    6    6   14   16   15   27   25   50   64   76   85  147  210  376 1011  261   20    1
34   43   40   39   34   33   32   30   29   28   27   26   25   24   23   22   21   20   19   18   17   16   15   14   13   12   11   10    9    8    7    6    5    4    3    1    1    1    1    1    1    1    1    1    5    1    1    5    6    7    4    8    6   14   12   17   22   32   39   68   68   90  143  200  360  964  303   38    3
31   43   39   33   32   30   29   28   27   26   24   23   22   21   20   19   18   17   16   15   14   13   12   11   10    9    8    7    6    5    4    3    1    2    2    1    1    1    1    4    1    3    6    9    3    8    6   14   11   17   21   30   37   58   77   87  140  193  352  905  348   56    5
32   42   39   38   33   32   30   29   28   27   26   24   23   22   21   20   19   18   17   16   15   14   13   12   11   10    9    8    7    6    5    4    3    1    1    1    2    1    1    1    1    3    2    3    5    7    6    8    6   13   11   16   21   29   32   60   70   89  133  187  338  868  381   70    8
30   42   38   33   32   30   28   27   25   24   23   22   21   20   19   18   17   16   15   14   13   12   11   10    9    8    7    6    5    4    3    1    2    1    1    1    2    3    2    3    2    7    7    8    6   11   12   16   23   26   31   57   64   91  120  193  317  842  404   83   14
31   41   38   37   33   32   30   28   27   25   24   23   22   21   20   19   18   17   16   15   14   13   12   11   10    9    8    7    6    5    4    3    1    1    1    1    1    1    2    3    2    1    3    6    8    7    8    6   14   15   23   25   29   57   60   91  119  184  308  808  420  102   18
31   40   37   33   32   29   28   27   25   24   23   22   21   20   19   18   17   16   15   14   13   12   11   10    9    8    7    6    5    4    3    2    1    2    1    1    1    2    3    1    2    2    5    8    8    8    6   14   14   21   26   30   43   69   87  113  176  297  772  438  126   22    1
31   40   37   36   33   31   28   27   25   24   23   22   21   20   19   18   17   16   15   14   13   12   11   10    9    8    7    6    5    4    3    2    1    1    1    1    1    3    3    1    2    1    6    6    9    9    6   12   16   19   26   28   39   68   81  102  183  287  746  444  145   27    1
30   40   36   35   33   31   28   27   26   24   22   21   20   19   18   17   16   15   14   13   12   11   10    9    8    7    6    5    4    3    2    1    1    1    1    1    1    3    1    3    6    6    6   10    8   12   12   19   25   29   38   61   83   96  174  280  717  446  172   35    2
31   40   36   35   33   31   28   27   26   24   23   22   21   20   19   18   17   16   15   14   13   12   11   10    9    8    7    6    5    4    3    2    1    1    1    1    1    1    3    1    1    2    6    6    4    9    8   13   13   15   26   27   40   56   74  102  169  265  691  453  187   46    2
29   40   36   35   33   30   27   26   23   22   21   20   19   18   17   16   15   14   13   12   11   10    9    8    7    6    5    4    3    2    1    1    1    1    1    3    2    2    4    8    5    9    7   13   14   13   24   27   41   54   75   97  157  261  654  479  195   46    5
30   40   36   35   33   29   27   26   25   23   22   21   20   19   18   17   16   15   14   13   12   11   10    9    8    7    6    5    4    3    2    1    1    1    1    1    2    2    1    2    4    7    5    9    7   10   14   15   21   28   37   54   78   91  154  249  608  503  212   52    5
30   40   35   34   33   29   27   26   25   23   22   21   20   19   18   17   16   15   14   13   12   11   10    9    8    7    6    5    4    3    2    1    1    1    1    1    2    2    1    1    3    6    6    6    9   11   12   17   18   26   36   55   75   85  153  238  578  508  223   67    7
29   40   35   34   31   27   26   25   23   22   21   20   19   18   17   16   15   14   13   12   11   10    9    8    7    6    5    4    3    2    1    1    1    1    2    2    1    1    1    5    4    9   10   10   12   16   18   26   26   57   75   86  140  236  559  495  246   74   10
28   39   34   31   27   26   25   23   22   21   20   19   18   17   16   15   14   13   12   11   10    9    8    7    6    5    4    3    2    1    2    1    2    1    2    1    1    3    6    9    7    9   13   15   18   22   28   52   74   86  133  219  533  508  267   76   11
26   39   34   30   27   25   22   21   20   19   18   17   16   15   14   13   12   11   10    9    8    7    6    5    4    3    2    1    2    1    1    4    2    2    4   10    7    9   12   12   22   20   25   51   71   88  121  211  512  506  289   79   13
27   38   33   30   27   25   24   22   21   20   19   18   17   16   15   14   13   12   11   10    9    8    7    6    5    4    3    2    1    2    1    1    2    2    2    1    4    7    8    9   12   11   21   18   26   43   72   87  121  198  495  497  298   96   15
27   38   33   32   30   27   25   24   21   20   19   18   17   16   15   14   13   12   11   10    9    8    7    6    5    4    3    2    1    1    1    1    1    1    3    2    4    7    7   10   13    9   19   18   20   46   68   82  114  199  476  485  319   99   19
28   38   33   32   30   27   25   24   23   21   20   19   18   17   16   15   14   13   12   11   10    9    8    7    6    5    4    3    2    1    1    1    1    1    1    2    1    1    3    8    7   11    7   13   17   14   22   37   67   79  114  185  461  475  339  109   22
28   36   33   32   30   27   24   23   21   20   19   18   17   16   15   14   13   12   11   10    9    8    7    6    5    4    3    2    1    1    1    1    1    1    2    2    1    3    6    9   10    8   13   16   12   23   28   65   70  119  176  437  475  343  122   29    1
26   36   32   30   26   24   23   20   19   18   17   16   15   14   13   12   11   10    9    8    7    6    5    4    3    2    1    1    2    1    1    1    3    3    7    8    8   10   10   18   12   19   31   61   70  110  162  429  457  356  136   32    2
28   36   32   31   29   25   24   23   22   20   19   18   17   16   15   14   13   12   11   10    9    8    7    6    5    4    3    2    1    1    1    1    1    1    1    2    1    1    3   10   10    9   11   15   15   18   28   58   70   98  158  406  453  371  146   31    5
27   35   32   30   29   25   24   23   22   19   18   17   16   15   14   13   12   11   10    9    8    7    6    5    4    3    2    1    1    1    1    1    1    1    2    1    4    9    9    9   10   15   15   18   26   54   66   95  156  388  439  382  155   36    5
26   33   32   29   24   23   22   21   19   18   17   16   15   14   13   12   11   10    9    8    7    6    5    4    3    2    1    1    1    1    1    2    1    1    3    4   10   11   12   13   13   20   23   47   69   93  149  367  419  401  165   42    6
24   32   29   24   23   21   19   18   17   16   15   14   13   12   11   10    9    8    7    6    5    4    3    2    1    2    1    1    2    2    2    5    7   12   12   12   13   20   21   48   66   89  140  360  410  395  177   46    7
24   32   29   24   23   21   19   18   17   16   15   14   13   12   11   10    9    8    7    6    5    4    3    2    1    2    1    1    2    2    2    3    8   11   12   13   12   18   20   46   66   83  138  349  395  395  187   52    7
25   32   29   24   23   22   21   20   18   17   16   15   14   13   12   11   10    9    8    7    6    5    4    3    2    1    2    1    1    1    1    1    1    4    8   12    9   12   14   17   20   42   65   78  132  329  386  403  194   56   11
25   32   31   29   24   23   21   20   18   17   16   15   14   13   12   11   10    9    8    7    6    5    4    3    2    1    1    1    1    1    1    2    1    2    3   13    8   14   14   16   18   39   63   73  130  306  377  407  210   61   12
24   32   31   29   23   21   19   18   17   16   15   14   13   12   11   10    9    8    7    6    5    4    3    2    1    1    1    1    2    2    1    2    2   11    6   12   16   14   18   36   58   72  125  296  356  410  226   69   12
25   32   31   29   23   22   21   20   18   17   16   15   14   13   12   11   10    9    8    7    6    5    4    3    2    1    1    1    1    1    1    1    1    3    2   10    7   10   15   16   17   32   55   69  120  271  354  399  242   81   14
24   32   30   29   22   21   20   18   17   16   15   14   13   12   11   10    9    8    7    6    5    4    3    2    1    1    1    1    1    1    2    1    3    8    9    8   12   20   16   28   48   68  119  254  343  399  246   96   14
23   31   30   29   21   20   18   17   16   15   14   13   12   11   10    9    8    7    6    5    4    3    2    1    1    1    1    2    2    1    1   10    7    8   13   19   18   21   48   66  114  238  338  380  264  106   15
24   31   30   29   21   20   19   18   17   16   15   14   13   12   11   10    9    8    7    6    5    4    3    2    1    1    1    1    2    1    1    1    1    9    8    5   12   20   15   22   45   52  117  221  331  383  271  112   17
24   31   30   29   21   20   19   18   17   16   15   14   13   12   11   10    9    8    7    6    5    4    3    2    1    1    1    1    1    2    1    1    1    9    5    7   11   21   16   20   43   53  114  206  311  382  280  118   19
23   29   28   21   20   19   18   17   16   15   14   13   12   11   10    9    8    7    6    5    4    3    2    1    2    1    1    2    1    1    1    6    6    6   10   24   13   18   37   55  106  200  299  380  289  118   23
22   29   28   20   19   18   17   16   15   14   13   12   11   10    9    8    7    6    5    4    3    2    1    2    1    3    1    1    1    6    6    4    9   24   13   19   36   50  106  181  290  378  293  127   23
23   29   28   27   20   19   18   17   16   15   14   13   12   11   10    9    8    7    6    5    4    3    2    1    1    1    1    3    1    1    1    4    6    4    8   18   20   15   33   52  100  164  289  370  291  137   29
21   28   27   20   19   18   16   15   14   13   12   11   10    9    8    7    6    5    4    3    2    1    1    2    3    1    1    4    5    4    9   19   15   17   30   51   90  151  279  361  301  147   32
21   27   26   20   19   18   16   15   14   13   12   11   10    9    8    7    6    5    4    3    2    1    2    1    3    1    1    3    5    5    7   16   18   17   29   46   84  146  269  348  313  152   30
21   27   25   20   19   18   16   15   14   13   12   11   10    9    8    7    6    5    4    3    2    1    2    1    2    2    1    2    4    5    6   15   17   18   25   47   80  130  261  334  322  163   34
20   26   25   20   19   16   15   14   13   12   11   10    9    8    7    6    5    4    3    2    1    2    1    1    3    3    3    5    5   13   16   21   24   41   76  130  245  327  321  171   36
21   26   25   24   19   18   16   15   14   13   12   11   10    9    8    7    6    5    4    3    2    1    1    1    1    2    2    1    5    4    3   12   14   19   24   38   70  125  227  328  321  180   41
21   26   25   24   19   18   17   15   14   13   12   11   10    9    8    7    6    5    4    3    2    1    1    1    1    1    2    1    4    4    5   12   11   20   22   35   69  118  218  323  316  184   46
20   25   24   19   18   17   15   14   13   12   11   10    9    8    7    6    5    4    3    2    1    1    1    1    2    1    3    4    5    9    8   18   19   33   62  118  210  304  321  195   53
20   25   24   19   18   17   15   14   13   12   11   10    9    8    7    6    5    4    3    2    1    1    1    1    1    2    2    4    5    7    9   18   17   31   58  106  206  292  319  204   58
20   25   23   19   17   16   15   14   13   12   11   10    9    8    7    6    5    4    3    2    1    1    1    1    2    1    2    2    3    9    8   17   15   30   53   98  198  284  315  212   61
20   24   23   19   17   16   15   14   13   12   11   10    9    8    7    6    5    4    3    2    1    1    1    1    2    1    1    3    2   10    8   14   18   29   49   92  192  266  317  214   67
19   23   19   17   16   15   14   13   12   11   10    9    8    7    6    5    4    3    2    1    2    1    1    1    2    3    1   10    8   13   17   26   48   79  191  254  301  225   78
18   23   19   17   16   15   14   12   11   10    9    8    7    6    5    4    3    2    1    2    1    1    1    2    2   10    8   10   17   24   50   69  181  253  294  229   82
18   23   22   17   15   14   13   12   11   10    9    8    7    6    5    4    3    2    1    1    1    1    2    2    1    7   10    9   15   23   43   69  166  260  291  220   90
18   23   22   16   15   14   13   12   11   10    9    8    7    6    5    4    3    2    1    1    1    1    2    2    1    4    9   12   14   21   40   60  162  244  287  230   94
18   23   22   16   15   14   13   12   11   10    9    8    7    6    5    4    3    2    1    1    1    1    2    2    1    3    8   12   11   23   34   60  147  233  285  237   99
16   21   16   14   13   12   11   10    9    8    7    6    5    4    3    2    1    1    1    2    2    2    6   10   12   20   33   43  133  235  282  243  105
16   21   16   14   13   12   11   10    9    8    7    6    5    4    3    2    1    1    1    1    3    1    5    9   11   18   34   38  121  223  278  246  109
15   21   16   13   12   11   10    9    8    7    6    5    4    3    2    1    1    1    3    2    3    9   10   12   36   36  112  205  283  242  116
14   21   15   13   11   10    9    8    7    6    5    4    3    2    1    1    1    2    2    9   10   12   32   32   95  195  271  256  122
14   21   14   13   11   10    9    8    7    6    5    4    3    2    1    1    1    2    1    6   12   10   25   30  100  183  258  256  131
13   21   13   11   10    9    8    7    6    5    4    3    2    1    1    3    1    4   11    9   23   28   93  172  244  262  128
13   20   13   11   10    9    8    7    6    5    4    3    2    1    1    3    1    4   10    7   23   25   89  156  234  266  130
14   19   13   12   11   10    9    8    7    6    5    4    3    2    1    1    2    1    1    4    8    6   21   23   83  151  218  262  142
13   19   13   11   10    9    8    7    6    5    4    3    2    1    1    2    2    2    6    7   21   18   76  151  203  249  155
13   13   12   11   10    9    8    7    6    5    4    3    2    1    1    1    2    1    4    7   15   19   66  135  210  240  156
12   12   11   10    9    8    7    6    5    4    3    2    1    2    2    1    2    8   13   20   56  124  201  235  160
11   12   11    9    8    7    6    5    4    3    2    1    2    2    1    5   12   21   50  112  188  234  157
11   12   11    9    8    7    6    5    4    3    2    1    2    2    1    4   12   20   50   93  176  219  155
11   12   11   10    8    7    6    5    4    3    2    1    2    1    1    2   12   14   46   80  147  196  138
11   12   11   10    8    7    6    5    4    3    2    1    2    1    1    2    8   10   44   72  138  201  139
11   12   11   10    9    7    6    5    4    3    2    1    1    1    1    1    8    9   38   65  136  190  130
10   12   10    9    7    6    5    4    3    2    1    1    1    2    7    6   35   56  119  190  129
11   12   10    9    8    7    6    5    4    3    2    1    1    1    1    1    5    7   30   48  113  173  127
 9   12   10    7    6    5    4    3    2    1    1    1    7    5   27   45  106  159  124
 9   11    9    7    6    5    4    3    2    1    1    1    2    1   13   25   61   89   62
 9   11    9    7    6    5    4    3    2    1    1    1    1    1   13   24   56   88   62
 9   11    9    7    6    5    4    3    2    1    1    1    1    1   12   21   58   85   61
 9   11    9    7    6    5    4    3    2    1    1    1    1    1   10   17   50   79   53
 8   10    7    6    5    4    3    2    1    1    2    1    6   13   32   64   40
 8    9    7    6    5    4    3    2    1    1    2    1    5   11   28   61   40
 8    9    7    6    5    4    3    2    1    1    2    1    5    9   26   58   40
 7    8    7    5    4    3    2    1    1    2    4    9   18   47   34
 7    8    7    5    4    3    2    1    1    1    4    8   15   40   30
 7    8    7    5    4    3    2    1    1    1    4    7   11   38   24
 7    8    7    5    4    3    2    1    1    1    4    7    9   30   22
 7    8    7    5    4    3    2    1    1    1    4    5    9   30   18
 6    6    5    4    3    2    1    2    3    4    9   24   16
 6    6    5    4    3    2    1    2    2    4   10   24   14
 4    4    3    2    1    1    9   10   11
 4    4    3    2    1    1    7   11    9
 4    4    3    2    1    1    6   11    8
 4    4    3    2    1    1    5    8    7
 3    3    2    1    6    7    6
 3    3    2    1    3    5    5
 3    3    2    1    1    1    3
 3    3    2    1    1    1    3
 3    3    2    1    1    1    3
 3    3    2    1    1    1    3
 2    3    1    1    3
 2    2    1    1    2
