# n  list(x)  list(y)
18    4    5    6    7    8    9   10   11   12   13   14   15   16   17   18   19   20   21    4  127  708  541  378  240  171  112   78   59   25   26    6   14    3    5    1    2
18    4    5    6    7    8    9   10   11   12   13   14   15   16   17   18   19   20   21   17  157  696  530  364  233  165  107   74   58   24   21    8   12    4    2    1    2
19    3    4    5    6    7    8    9   10   11   12   13   14   15   16   17   18   19   20   21    1   36  169  701  517  349  233  159   92   74   48   24   19   10    9    4    2    1    2
19    3    4    5    6    7    8    9   10   11   12   13   14   15   16   17   18   19   20   21    1   40  215  683  509  342  214  149   94   69   43   21   21    9    7    3    2    1    2
19    3    4    5    6    7    8    9   10   11   12   13   14   15   16   17   18   19   20   21    8   48  241  676  473  340  207  142   91   70   42   20   19    9    7    2    2    1    2
19    3    4    5    6    7    8    9   10   11   12   13   14   15   16   17   18   19   20   21   12   56  261  672  462  333  192  133   93   65   37   23   16    9    5    1    2    1    2
19    2    3    4    5    6    7    8    9   10   11   12   13   14   15   16   17   18   19   20    2   12   70  279  647  463  327  177  129   89   65   33   22   17    8    4    1    2    3
19    2    3    4    5    6    7    8    9   10   11   12   13   14   15   16   17   18   19   20    2   16   78  290  651  439  315  181  121   83   63   32   21   16    8    3    1    2    3
19    2    3    4    5    6    7    8    9   10   11   12   13   14   15   16   17   18   19   20    2   18   86  327  622  432  292  183  119   78   60   30   19   17    7    2    1    3    2
19    2    3    4    5    6    7    8    9   10   11   12   13   14   15   16   17   18   19   20    2   20   99  340  613  430  268  177  116   83   56   24   18   15    6    3    1    2    2
17    2    3    4    5    6    7    8    9   10   11   12   13   14   15   16   17   19    2   24  113  364  597  415  255  174  109   85   48   24   18   13    4    2    3
17    2    3    4    5    6    7    8    9   10   11   12   13   14   15   16   17   19    3   30  125  378  590  395  247  163  115   73   49   20   18   11    4    1    3
17    2    3    4    5    6    7    8    9   10   11   12   13   14   15   16   17   19    3   31  138  388  585  395  226  165  104   62   47   22   16   11    3    1    3
17    2    3    4    5    6    7    8    9   10   11   12   13   14   15   16   17   19    3   37  149  399  570  391  215  157   96   62   44   22   17    8    1    1    3
17    2    3    4    5    6    7    8    9   10   11   12   13   14   15   16   17   19    6   47  155  409  555  371  211  154   95   57   41   23   16    5    1    1    3
17    2    3    4    5    6    7    8    9   10   11   12   13   14   15   16   17   19    9   49  169  422  531  364  207  144   89   58   37   23   14    4    1    1    3
17    2    3    4    5    6    7    8    9   10   11   12   13   14   15   16   17   19   12   53  176  434  521  357  196  139   84   51   41   19    9    3    1    1    3
18    2    3    4    5    6    7    8    9   10   11   12   13   14   15   16   17   18   19   12   56  196  452  513  331  185  131   82   42   42   19    6    3    1    1    2    1
19    1    2    3    4    5    6    7    8    9   10   11   12   13   14   15   16   17   18   19    1   12   67  209  460  494  313  180  124   80   40   40   16    8    1    1    1    2    1
18    1    2    3    4    5    6    7    8    9   10   11   12   13   14   15   16   18   19    1   13   82  227  452  469  304  175  120   78   38   39   13    8    1    2    2    1
18    1    2    3    4    5    6    7    8    9   10   11   12   13   14   15   16   17   19    1   16   89  235  447  455  296  172  119   70   38   39   10    7    1    2    2    1
18    1    2    3    4    5    6    7    8    9   10   11   12   13   14   15   16   17   19    1   23   93  247  440  445  283  172  110   67   44   31    8    5    1    3    1    1
17    1    2    3    4    5    6    7    8    9   10   11   12   13   14   15   16   19    2   27  100  260  438  430  272  164  105   64   45   26    7    4    2    3    1
17    1    2    3    4    5    6    7    8    9   10   11   12   13   14   15   16   19    2   27  104  274  434  421  260  162   93   66   43   22    7    4    2    3    1
17    1    2    3    4    5    6    7    8    9   10   11   12   13   14   15   16   19    3   26  117  268  430  416  264  151   88   64   42   14    7    4    2    3    1
17    1    2    3    4    5    6    7    8    9   10   11   12   13   14   15   16   18    3   32  125  274  424  405  252  151   79   65   36   13    6    4    3    2    1
17    1    2    3    4    5    6    7    8    9   10   11   12   13   14   15   16   17    4   33  130  292  417  384  246  146   79   63   28   13    5    5    2    2    1
17    1    2    3    4    5    6    7    8    9   10   11   12   13   14   15   16   17    5   38  137  292  414  377  231  138   79   60   26   13    6    5    1    2    1
17    1    2    3    4    5    6    7    8    9   10   11   12   13   14   15   16   17    5   41  145  295  412  374  213  135   75   56   24   10    8    4    1    1    1
17    1    2    3    4    5    6    7    8    9   10   11   12   13   14   15   16   17    5   47  152  305  416  352  197  135   73   49   22   10    7    2    1    1    1
17    1    2    3    4    5    6    7    8    9   10   11   12   13   14   15   16   17    8   48  158  320  418  325  184  136   67   45   21   10    6    1    1    1    1
16    1    2    3    4    5    6    7    8    9   10   11   12   13   14   15   16   10   56  159  326  419  313  174  129   60   47   16    6    6    1    2    1
16    1    2    3    4    5    6    7    8    9   10   11   12   13   14   15   16   11   66  161  337  409  301  168  120   54   43   15    6    5    2    1    1
16    1    2    3    4    5    6    7    8    9   10   11   12   13   14   15   16   14   67  168  347  396  290  158  118   54   37   12    5    5    2    1    1
16    1    2    3    4    5    6    7    8    9   10   11   12   13   14   15   16   19   71  185  347  385  272  154  107   50   35   11    7    3    2    1    1
16    1    2    3    4    5    6    7    8    9   10   11   12   13   14   15   16   21   73  198  350  377  264  147   92   47   32   10    7    3    2    1    1
16    1    2    3    4    5    6    7    8    9   10   11   12   13   14   15   16   23   78  205  352  375  250  139   82   43   33    7    7    3    1    1    1
16    1    2    3    4    5    6    7    8    9   10   11   12   13   14   15   16   25   91  204  346  366  244  128   80   39   29    8    6    3    1    1    1
16    1    2    3    4    5    6    7    8    9   10   11   12   13   14   15   16   26  108  207  350  345  232  123   71   44   20   11    5    1    1    1    1
15    1    2    3    4    5    6    7    8    9   10   11   12   14   15   16   31  114  211  346  335  223  116   67   39   20   11    4    1    1    1
15    1    2    3    4    5    6    7    8    9   10   11   12   14   15   16   34  114  220  344  318  215  111   64   38   19   10    3    1    1    1
14    1    2    3    4    5    6    7    8    9   10   11   12   14   16   32  119  241  334  303  207  106   58   36   17   10    1    1    1
14    1    2    3    4    5    6    7    8    9   10   11   12   14   15   31  126  266  329  293  186  101   56   27   17    5    1    1    1
14    1    2    3    4    5    6    7    8    9   10   11   12   14   15   33  126  266  343  278  178   94   49   25   15    5    1    1    1
13    1    2    3    4    5    6    7    8    9   10   11   13   15   37  132  266  342  266  164   90   44   28   12    5    1    1
13    1    2    3    4    5    6    7    8    9   10   11   13   15   41  132  275  337  263  149   83   44   23    9    3    1    1
13    1    2    3    4    5    6    7    8    9   10   11   12   15   44  141  278  325  254  144   77   42   18    8    2    1    1
13    1    2    3    4    5    6    7    8    9   10   11   12   14   49  149  273  321  246  131   71   40   18    6    1    1    1
13    1    2    3    4    5    6    7    8    9   10   11   12   13   54  152  272  320  239  123   63   34   16    6    1    1    1
12    1    2    3    4    5    6    7    8    9   10   12   13   56  161  274  306  234  115   63   27   14    5    1    1
12    1    2    3    4    5    6    7    8    9   10   12   13   58  168  287  302  210  102   58   25   14    4    1    1
12    1    2    3    4    5    6    7    8    9   10   12   13   59  173  285  300  192   92   60   23   13    3    1    1
12    1    2    3    4    5    6    7    8    9   10   11   13   65  172  284  288  187   86   59   18   13    2    1    1
11    1    2    3    4    5    6    7    8    9   10   13   71  187  277  278  173   84   47   22    7    3    1
11    1    2    3    4    5    6    7    8    9   10   11   72  196  280  268  164   74   43   20    4    3    1
11    1    2    3    4    5    6    7    8    9   10   11   74  221  262  260  151   65   44   16    6    1    1
11    1    2    3    4    5    6    7    8    9   10   11   79  226  253  256  137   63   38   13    6    1    1
11    1    2    3    4    5    6    7    8    9   10   11   91  225  250  248  123   59   33   12    4    1    1
10    1    2    3    4    5    6    7    8    9   10   95  233  248  236  109   52   30   12    4    1
10    1    2    3    4    5    6    7    8    9   10   98  245  236  222   99   46   27   11    4    1
10    1    2    3    4    5    6    7    8    9   10  105  247  230  210   91   41   25   11    3    1
 9    1    2    3    4    5    6    7    8    9  110  247  217  199   84   43   22    7    3
 9    1    2    3    4    5    6    7    8    9  112  247  215  182   78   41   18    6    3
 9    1    2    3    4    5    6    7    8    9  113  246  210  175   77   30   18    6    2
 9    1    2    3    4    5    6    7    8    9  119  238  205  163   74   23   14    6    2
 9    1    2    3    4    5    6    7    8    9  126  237  203  141   73   19   14    4    2
 9    1    2    3    4    5    6    7    8    9  132  232  190  130   70   17   10    4    2
 9    1    2    3    4    5    6    7    8    9  133  230  185  117   67   14    9    3    2
 9    1    2    3    4    5    6    7    8    9  134  220  181  113   58   12    8    4    1
 9    1    2    3    4    5    6    7    8    9  133  220  166  107   50   11    8    4    1
 8    1    2    3    4    5    6    7    8  133  205  165   91   37    9    7    4
 8    1    2    3    4    5    6    7    8  139  193  152   82   35    9    6    3
 8    1    2    3    4    5    6    7    8  129  188  148   75   28    8    5    3
 8    1    2    3    4    5    6    7    8  128  181  140   68   23    4    5    3
 8    1    2    3    4    5    6    7    8  130  180  121   57   19    2    6    2
 8    1    2    3    4    5    6    7    8  128  169  113   47   16    2    7    1
 8    1    2    3    4    5    6    7    8  114  149  102   41   12    2    6    1
 7    1    2    3    4    5    6    7   59   81   53   26    7    2    3
 7    1    2    3    4    5    6    7   51   77   46   15    4    3    1
 6    1    2    3    4    5    6   41   49   28   14    3    3
 6    1    2    3    4    5    6   31   28   24    8    1    1
 6    1    2    3    4    5    6   27   27   18    7    1    1
 6    1    2    3    4    5    6   25   28   16    7    1    1
 6    1    2    3    4    5    6   20   23   15    5    1    1
 5    1    2    3    4    5   17   19   10    4    1
 5    1    2    3    4    5   11   13    4    1    1
 5    1    2    3    4    5   11   12    4    1    1
 4    1    2    3    4    6    4    2    1
 4    1    2    3    4    6    1    2    1
 4    1    2    3    4    6    1    2    1
 3    1    2    3    5    1    3
 3    1    2    3    1    4    3
 3    1    2    3    1    4    3
 3    1    2    3    2    3    2
 3    1    2    3    2    3    2
 3    1    2    3    3    2    1
 2    1    2    2    1
