# n  list(x)  list(y)
18    4    5    6    7    8    9   10   11   12   13   14   15   16   17   18   19   21   25    3   93  583  612  441  321  177  123   58   34   21   11    8    7    3    3    1    1
18    4    5    6    7    8    9   10   11   12   13   14   15   16   17   18   19   21   25    6  123  587  598  429  305  167  120   53   32   21   12    7    7    5    1    1    1
18    4    5    6    7    8    9   10   11   12   13   14   15   16   17   18   19   20   25   14  155  582  579  414  297  166  110   53   29   19   11    7    7    4    1    1    1
18    4    5    6    7    8    9   10   11   12   13   14   15   16   17   18   19   20   24   20  183  593  553  405  282  161  101   53   27   15   13    6    6    4    1    1    1
16    4    5    6    7    8    9   10   11   12   13   14   15   16   17   18   19   30  207  597  532  400  266  158   92   52   23   15   12    5    5    5    1
17    3    4    5    6    7    8    9   10   11   12   13   14   15   16   17   18   19    2   36  224  617  507  386  263  144   85   51   23   12   11    3    6    4    1
16    3    4    5    6    7    8    9   10   11   12   13   14   15   16   17   18    2   42  262  592  504  384  236  143   81   48   19   16    7    4    5    5
16    3    4    5    6    7    8    9   10   11   12   13   14   15   16   17   18    3   56  279  582  507  360  221  145   72   48   16   17    6    5    4    4
16    3    4    5    6    7    8    9   10   11   12   13   14   15   16   17   18    6   72  287  587  485  351  214  136   70   45   14   15    6    5    4    3
16    3    4    5    6    7    8    9   10   11   12   13   14   15   16   17   18   11   81  301  589  470  337  210  123   65   46   11   14    5    6    3    3
16    3    4    5    6    7    8    9   10   11   12   13   14   15   16   17   18   19   97  302  593  463  309  210  112   63   43   11   11    6    5    4    2
16    3    4    5    6    7    8    9   10   11   12   13   14   15   16   17   18   23  115  306  596  435  308  202  110   59   33   12   10    7    3    4    2
17    2    3    4    5    6    7    8    9   10   11   12   13   14   15   16   17   18    5   23  136  312  576  426  302  195  103   59   27   13    7    8    2    4    2
17    2    3    4    5    6    7    8    9   10   11   12   13   14   15   16   17   18    6   25  144  336  571  398  303  178  103   57   21   11    8    6    4    3    1
16    2    3    4    5    6    7    8    9   10   11   12   13   14   15   16   17    6   33  158  348  563  380  295  171   94   50   22   11    8    4    4    3
16    2    3    4    5    6    7    8    9   10   11   12   13   14   15   16   17    7   43  172  352  542  372  289  162   94   42   21   10    9    3    5    2
16    2    3    4    5    6    7    8    9   10   11   12   13   14   15   16   17    7   47  183  370  528  375  268  151   87   39   18    9    8    5    3    2
16    2    3    4    5    6    7    8    9   10   11   12   13   14   15   16   17    9   54  194  386  510  369  252  141   82   37   15   10    6    5    3    2
15    2    3    4    5    6    7    8    9   10   11   12   13   14   15   16   11   61  203  407  488  360  244  129   77   34   15    6    7    5    3
15    2    3    4    5    6    7    8    9   10   11   12   13   14   15   16   13   70  207  414  481  348  233  119   74   31   14    8    5    6    2
16    1    2    3    4    5    6    7    8    9   10   11   12   13   14   15   16    1   16   73  216  438  467  334  215  111   69   28   15    6    4    5    2
16    1    2    3    4    5    6    7    8    9   10   11   12   13   14   15   16    1   15   81  225  442  460  327  200  103   67   27   10    6    6    3    2
16    1    2    3    4    5    6    7    8    9   10   11   12   13   14   15   16    1   20   87  235  450  440  311  199  102   60   19   10    6    5    4    1
16    1    2    3    4    5    6    7    8    9   10   11   12   13   14   15   16    1   23   97  242  446  431  303  186   98   58   15    9    8    3    4    1
16    1    2    3    4    5    6    7    8    9   10   11   12   13   14   15   16    1   29  105  252  450  415  294  177   88   54   14    8    7    2    3    1
16    1    2    3    4    5    6    7    8    9   10   11   12   13   14   15   16    1   34  110  265  440  405  285  171   83   49   12    9    6    1    3    1
16    1    2    3    4    5    6    7    8    9   10   11   12   13   14   15   16    2   37  124  276  440  391  271  158   77   43   12   11    3    3    1    1
16    1    2    3    4    5    6    7    8    9   10   11   12   13   14   15   16    3   42  128  287  437  385  250  146   80   36   13    9    4    2    1    1
15    1    2    3    4    5    6    7    8    9   10   11   12   13   14   15    5   48  130  304  425  370  242  139   73   34   13    9    4    1    2
15    1    2    3    4    5    6    7    8    9   10   11   12   13   14   15    5   53  146  320  411  364  225  127   67   29   14    7    3    2    1
15    1    2    3    4    5    6    7    8    9   10   11   12   13   14   15    7   58  152  330  404  347  220  114   65   26   13    8    2    2    1
15    1    2    3    4    5    6    7    8    9   10   11   12   13   14   15    7   64  159  350  386  331  208  108   61   27   10    8    2    2    1
14    1    2    3    4    5    6    7    8    9   10   11   12   13   14    8   66  174  353  392  304  195  104   59   23   10    6    2    3
14    1    2    3    4    5    6    7    8    9   10   11   12   13   14   12   68  181  353  388  290  189  102   51   20    9    6    2    3
14    1    2    3    4    5    6    7    8    9   10   11   12   13   14   13   76  189  351  371  299  170   97   46   22    6    5    1    3
14    1    2    3    4    5    6    7    8    9   10   11   12   13   14   14   80  198  356  360  287  156   94   45   19    6    6    1    2
14    1    2    3    4    5    6    7    8    9   10   11   12   13   14   15   86  207  361  352  271  145   88   43   17    5    6    1    2
14    1    2    3    4    5    6    7    8    9   10   11   12   13   14   19   93  222  353  351  254  132   87   36   15    5    4    1    2
14    1    2    3    4    5    6    7    8    9   10   11   12   13   14   22  100  242  343  353  224  130   78   33   13    6    2    2    1
13    1    2    3    4    5    6    7    8    9   10   11   12   13   25  107  238  355  343  208  122   74   28   13    8    1    2
12    1    2    3    4    5    6    7    8    9   10   11   13   27  116  247  356  331  198  110   64   26   14    7    2
12    1    2    3    4    5    6    7    8    9   10   11   12   29  123  247  360  321  186  101   62   24    9    8    1
11    1    2    3    4    5    6    7    8    9   10   11   32  131  251  351  320  171   97   57   19    9    7
11    1    2    3    4    5    6    7    8    9   10   11   33  134  259  354  294  169   95   50   17    8    6
11    1    2    3    4    5    6    7    8    9   10   11   36  143  257  357  277  167   85   43   15   10    4
11    1    2    3    4    5    6    7    8    9   10   11   40  152  263  342  272  158   78   35   17    7    4
11    1    2    3    4    5    6    7    8    9   10   11   43  154  272  348  249  144   72   33   17    6    3
11    1    2    3    4    5    6    7    8    9   10   11   47  160  280  338  237  132   70   30   14    6    2
11    1    2    3    4    5    6    7    8    9   10   11   47  168  288  324  237  107   73   28   11    4    2
11    1    2    3    4    5    6    7    8    9   10   11   47  174  291  318  223  105   66   26    8    3    1
11    1    2    3    4    5    6    7    8    9   10   11   49  187  297  312  205  105   47   23    9    1    1
10    1    2    3    4    5    6    7    8    9   10   55  190  297  309  194   94   45   18    7    2
10    1    2    3    4    5    6    7    8    9   10   61  189  309  299  187   84   34   14    7    1
 9    1    2    3    4    5    6    7    8    9   65  195  305  293  166   80   30   14    6
 9    1    2    3    4    5    6    7    8    9   67  207  299  278  162   67   27   14    5
 9    1    2    3    4    5    6    7    8    9   72  209  308  256  150   63   23   14    3
 8    1    2    3    4    5    6    7    8   80  210  306  245  136   62   22   11
 8    1    2    3    4    5    6    7    8   84  207  302  242  125   55   21   11
 8    1    2    3    4    5    6    7    8   96  205  301  227  108   48   19   10
 8    1    2    3    4    5    6    7    8   96  216  291  215  100   44   17    7
 8    1    2    3    4    5    6    7    8  104  222  273  207   86   44   13    6
 8    1    2    3    4    5    6    7    8  107  226  278  184   84   35   13    6
 8    1    2    3    4    5    6    7    8  110  235  259  176   71   34   12    5
 8    1    2    3    4    5    6    7    8  114  228  256  162   64   29    8    4
 8    1    2    3    4    5    6    7    8  119  235  241  147   59   28    9    3
 8    1    2    3    4    5    6    7    8  125  235  230  130   59   25    8    2
 8    1    2    3    4    5    6    7    8  128  243  211  123   48   21    9    1
 8    1    2    3    4    5    6    7    8  135  248  193  114   39   20    9    1
 8    1    2    3    4    5    6    7    8  130  243  181  104   41   16    8    1
 8    1    2    3    4    5    6    7    8  127  234  168   92   36   15    5    1
 8    1    2    3    4    5    6    7    8  127  232  153   87   31   11    5    1
 8    1    2    3    4    5    6    7    8  128  219  148   86   19    8    5    1
 8    1    2    3    4    5    6    7    8  125  219  135   82   15    8    3    1
 8    1    2    3    4    5    6    7    8  121  204  123   71   13    7    3    1
 8    1    2    3    4    5    6    7    8  118  185  114   64   13    6    1    1
 8    1    2    3    4    5    6    7    8  112  169  102   55   11    5    1    1
 8    1    2    3    4    5    6    7    8  115  151   96   43   12    3    1    1
 8    1    2    3    4    5    6    7    8  108  128   82   37   11    3    1    1
 6    1    2    3    4    5    6  101  121   71   32   10    3
 6    1    2    3    4    5    6   94  114   60   25    8    3
 6    1    2    3    4    5    6   86   98   53   21    7    3
 6    1    2    3    4    5    6   66   74   44   12    6    3
 6    1    2    3    4    5    6   60   58   32   12    6    2
 6    1    2    3    4    5    6   42   38   21    7    5    2
 6    1    2    3    4    5    6   38   37   20    7    4    2
 5    1    2    3    4    5   13   14    5    3    2
 4    1    2    3    4   11    7    3    4
 4    1    2    3    4    9    5    5    2
 3    1    2    3    5    7    3
 4    1    2    3    4    5    3    3    1
 4    1    2    3    4    6    2    2    1
 3    1    2    3    5    2    3
 2    1    3    3    1
 3    1    2    3    1    2    1
 3    1    2    3    1    2    1
 3    1    2    3    1    2    1
