# n  list(x)  list(y)
 6    8    7    6    5    4    3  664  963  622  167   82    2
 6    8    7    6    5    4    3  609  938  636  197   90    5
 6    8    7    6    5    4    3  569  900  652  226   91   12
 6    8    7    6    5    4    3  522  875  674  226  109   19
 6    8    7    6    5    4    3  478  841  682  261  116   22
 6    8    7    6    5    4    3  426  808  704  288  125   24
 6    8    7    6    5    4    3  386  776  711  311  139   27
 7    8    7    6    5    4    3    2  344  750  718  333  146   33    1
 7    8    7    6    5    4    3    2  311  710  717  375  146   39    2
 7    8    7    6    5    4    3    2  278  664  726  397  167   41    2
 7    8    7    6    5    4    3    2  253  616  736  411  179   51    4
 7    8    7    6    5    4    3    2  221  598  717  440  184   60    5
 7    8    7    6    5    4    3    2  209  550  712  464  194   64    7
 7    8    7    6    5    4    3    2  184  512  716  478  203   72   10
 7    8    7    6    5    4    3    2  168  488  696  485  221   79   13
 7    8    7    6    5    4    3    2  151  477  670  483  244   84   16
 8    8    7    6    5    4    3    2    1  136  443  658  495  256   93   18    1
 7    8    7    6    5    4    3    2  122  407  632  526  265  103   20
 8    8    7    6    5    4    3    2    1  110  374  613  545  270  116   21    1
 8    8    7    6    5    4    3    2    1   90  358  589  555  277  130   25    1
 8    8    7    6    5    4    3    2    1   77  318  580  557  304  134   29    1
 8    8    7    6    5    4    3    2    1   74  293  548  563  312  153   29    3
 8    8    7    6    5    4    3    2    1   61  269  539  556  330  159   30    6
 8    8    7    6    5    4    3    2    1   56  242  528  530  353  173   36    7
 8    8    7    6    5    4    3    2    1   50  227  500  521  363  187   45    7
 8    8    7    6    5    4    3    2    1   42  205  483  513  381  189   53    9
 8    8    7    6    5    4    3    2    1   39  184  464  511  375  207   58   12
 8    8    7    6    5    4    3    2    1   33  175  428  508  377  221   68   14
 8    8    7    6    5    4    3    2    1   31  160  401  505  384  230   73   15
 8    8    7    6    5    4    3    2    1   28  148  365  500  388  246   83   16
 8    8    7    6    5    4    3    2    1   22  139  336  497  385  263   91   15
 8    8    7    6    5    4    3    2    1   22  127  317  490  382  271   99   14
 8    8    7    6    5    4    3    2    1   20  115  289  484  382  280  112   15
 8    8    7    6    5    4    3    2    1   17  103  276  466  383  280  124   23
 8    8    7    6    5    4    3    2    1   15   95  255  449  381  299  124   29
 8    8    7    6    5    4    3    2    1   15   88  237  428  393  294  135   30
 8    8    7    6    5    4    3    2    1   13   78  217  426  388  302  138   30
 8    8    7    6    5    4    3    2    1   12   69  204  407  381  314  145   34
 8    8    7    6    5    4    3    2    1   12   63  189  396  378  305  156   42
 8    8    7    6    5    4    3    2    1   12   55  180  369  379  308  163   48
 8    8    7    6    5    4    3    2    1   10   53  167  357  373  310  165   50
 8    8    7    6    5    4    3    2    1    9   53  158  341  364  309  170   49
 8    8    7    6    5    4    3    2    1    9   46  150  321  358  317  171   54
 8    8    7    6    5    4    3    2    1    9   41  137  298  359  321  180   56
 8    8    7    6    5    4    3    2    1    7   39  125  277  362  316  191   62
 8    8    7    6    5    4    3    2    1    6   33  115  256  367  309  202   64
 8    8    7    6    5    4    3    2    1    5   23  114  231  353  311  205   65
 8    8    7    6    5    4    3    2    1    5   22  102  222  342  298  216   72
 8    8    7    6    5    4    3    2    1    5   19   93  209  333  300  217   78
 8    8    7    6    5    4    3    2    1    4   16   83  186  324  305  229   83
 8    8    7    6    5    4    3    2    1    4   14   73  166  318  307  231   89
 8    8    7    6    5    4    3    2    1    4   10   69  155  302  302  238   95
 8    8    7    6    5    4    3    2    1    4    9   63  148  279  305  237   98
 8    8    7    6    5    4    3    2    1    4    6   55  141  271  297  244   96
 8    8    7    6    5    4    3    2    1    4    5   48  125  253  295  238   93
 8    8    7    6    5    4    3    2    1    3    4   39  120  241  289  245   95
 8    8    7    6    5    4    3    2    1    2    4   32   96  179  216  192   80
 8    8    7    6    5    4    3    2    1    1    5   25   88  161  210  198   81
 8    8    7    6    5    4    3    2    1    1    4   18   77  141  190  193   75
 8    8    7    6    5    4    3    2    1    1    2    8   38  103  138  137   52
 8    8    7    6    5    4    3    2    1    1    2    6   35   93  138  139   49
 8    8    7    6    5    4    3    2    1    1    1    6   29   93  133  134   51
 7    7    6    5    4    3    2    1    1    3   21   63   79   68   33
 7    7    6    5    4    3    2    1    1    2   14   54   82   68   37
 7    7    6    5    4    3    2    1    1    2    8   51   69   77   34
 6    6    5    4    3    2    1    3    8   49   67   77   35
 7    7    6    5    4    3    2    1    1    5   15   20   35   39   23
 7    7    6    5    4    3    2    1    1    5   15   18   29   30   21
 7    7    6    5    4    3    2    1    1    1   16   19   24   27   19
 6    6    5    4    3    2    1    2   14   20   24   27   18
 5    5    4    3    2    1    1   13   25   21   10
 5    5    4    3    2    1    1   10   15   25   10
 5    5    4    3    2    1    1    8   14   25   11
 5    5    4    3    2    1    1    8   14   25   11
 5    5    4    3    2    1    1    8   10   20    9
 5    5    4    3    2    1    1    7   10   16    9
 4    4    3    2    1    5   12    9   12
 5    5    4    3    2    1    2    3    3    5    5
 5    5    4    3    2    1    1    3    4    4    5
 5    5    4    3    2    1    1    3    4    4    5
 5    5    4    3    2    1    1    3    4    4    5
 5    5    4    3    2    1    1    3    3    5    4
 3    3    2    1    6    2    2
 3    3    2    1    2    4    4
 3    3    2    1    2    4    4
 3    3    2    1    2    2    4
 3    3    2    1    2    2    4
 4    4    3    2    1    1    1    2    3
 3    3    2    1    1    2    3
 3    3    2    1    1    2    3
 3    3    2    1    1    2    3
 3    3    2    1    1    2    3
 3    3    2    1    1    2    3
 3    3    2    1    1    2    3
 3    3    2    1    1    2    3
 3    3    2    1    1    2    3
 2    2    1    3    2
