# n  list(x)  list(y)
41   55   54   49   45   43   41   40   37   36   35   34   33   32   31   30   29   28   27   26   25   24   23   22   21   20   19   18   17   16   15   14   13   12   11   10    9    8    7    6    5    4    1    1    1    1    1    1    1    1    3    3    2    2    4    2    2    3    1    2    9    7    5    6    7    4    9   14   13   20   19   25   34   30   43   60   74   93  170  291 1379  152    4
26   28   27   26   25   24   23   22   21   20   19   18   17   16   15   14   13   12   11   10    9    8    7    6    5    4    3    3    2    2    6    7    7    4    8    7   10    7   25   11   27   27   38   40   54   70   91  146  247 1140  416   75    5
21   22   21   20   19   18   17   16   15   14   13   12   11   10    9    8    7    6    5    4    3    2    4    4    9    5   10   18   20   14   31   37   38   49   64   88  132  225 1001  522  164   14    1
17   18   17   16   15   14   13   12   11   10    9    8    7    6    5    4    3    2    5   13   19   16   22   38   35   47   62   77  129  210  888  606  226   27    5
15   16   15   14   13   12   11   10    9    8    7    6    5    4    3    2    8   16   22   35   32   41   52   84  115  199  771  695  285   40    5
14   14   13   12   11   10    9    8    7    6    5    4    3    2    1   14   33   32   40   49   76  113  181  679  746  346   54   10    2
13   13   12   11   10    9    8    7    6    5    4    3    2    1   15   29   39   50   71  105  162  613  766  415   72   10    3
12   12   11   10    9    8    7    6    5    4    3    2    1   13   39   46   66   97  147  553  776  481   90   13    4
11   11   10    9    8    7    6    5    4    3    2    1   20   43   65   95  131  482  788  547  108   17    4
10   10    9    8    7    6    5    4    3    2    1   31   60   88  124  431  777  608  129   22    4
 9    9    8    7    6    5    4    3    2    1   54   87  115  384  763  657  153   31    5
 9    9    8    7    6    5    4    3    2    1   20   84  109  345  736  699  192   34    5
 8    8    7    6    5    4    3    2    1   66   93  321  710  742  221   40    6
 8    8    7    6    5    4    3    2    1   33   89  277  689  787  239   53    7
 8    8    7    6    5    4    3    2    1    6   79  249  650  825  258   72    9
 7    7    6    5    4    3    2    1   52  214  613  866  289   79   10
 7    7    6    5    4    3    2    1   19  186  580  893  315   91   14
 6    6    5    4    3    2    1  154  545  905  340  110   17
 6    6    5    4    3    2    1  110  507  912  370  126   21
 6    6    5    4    3    2    1   74  468  917  384  145   32
 6    6    5    4    3    2    1   32  431  923  410  158   41
 5    5    4    3    2    1  382  924  446  170   48
 5    5    4    3    2    1  327  897  478  183   57
 5    5    4    3    2    1  280  859  508  201   68
 5    5    4    3    2    1  228  828  537  220   77
 5    5    4    3    2    1  193  784  547  248   88
 5    5    4    3    2    1  148  739  586  265   92
 5    5    4    3    2    1  106  690  623  281  105
 5    5    4    3    2    1   61  654  645  304  112
 5    5    4    3    2    1   25  604  665  336  118
 4    4    3    2    1  556  663  371  131
 4    4    3    2    1  511  643  380  151
 4    4    3    2    1  466  625  389  147
 4    4    3    2    1  420  606  398  156
 4    4    3    2    1  374  580  394  164
 4    4    3    2    1  335  531  382  161
 4    4    3    2    1  291  501  388  169
 4    4    3    2    1  236  485  373  169
 4    4    3    2    1  187  464  393  188
 4    4    3    2    1  149  441  389  201
 4    4    3    2    1  112  335  291  149
 4    4    3    2    1   75  296  302  146
 4    4    3    2    1   26  276  299  158
 3    3    2    1  233  281  147
 3    3    2    1  186  217  116
 3    3    2    1  186  217  116
 3    3    2    1  186  217  116
 3    3    2    1  185  213  115
 3    3    2    1  164  194  110
 3    3    2    1   70  100   48
 3    3    2    1   55   73   39
 3    3    2    1   32   54   28
 3    3    2    1    8   15   10
 2    2    1    9    2
 2    2    1    9    2
 2    2    1    9    2
 2    2    1    9    2
 2    2    1    8    2
 2    2    1    8    2
 2    2    1    3    2
