# n  list(x)  list(y)
16    4    5    6    7    8    9   10   11   12   13   14   15   16   17   18   19    3   88  572  651  411  302  204  112   71   33   27   10    6    5    4    1
16    4    5    6    7    8    9   10   11   12   13   14   15   16   17   18   19    8  122  558  648  404  286  203  101   65   29   27    8    6    5    4    1
16    3    4    5    6    7    8    9   10   11   12   13   14   15   16   17   18    1   16  142  566  625  394  283  193   95   62   27   22   10    4    5    5
16    3    4    5    6    7    8    9   10   11   12   13   14   15   16   17   18    1   21  160  582  606  385  271  180   94   58   23   25    8    2    5    4
16    3    4    5    6    7    8    9   10   11   12   13   14   15   16   17   18    3   29  184  580  596  375  260  165   91   56   20   24    6    3    4    4
16    3    4    5    6    7    8    9   10   11   12   13   14   15   16   17   18    3   37  204  594  574  361  246  160   83   53   20   24    7    3    3    3
16    3    4    5    6    7    8    9   10   11   12   13   14   15   16   17   18    4   41  236  580  557  360  234  153   78   50   20   22    6    4    3    2
17    2    3    4    5    6    7    8    9   10   11   12   13   14   15   16   17   18    1    7   51  256  572  549  352  212  154   72   42   22   21    6    3    4    1
17    2    3    4    5    6    7    8    9   10   11   12   13   14   15   16   17   18    1    9   61  278  575  526  345  201  143   69   39   25   14    7    3    3    1
17    2    3    4    5    6    7    8    9   10   11   12   13   14   15   16   17   18    2   13   68  289  568  514  345  193  130   64   40   23   13    6    4    2    1
16    2    3    4    5    6    7    8    9   10   11   12   13   14   15   16   17    3   16   82  310  555  498  329  195  121   57   38   23   10    6    6    1
16    2    3    4    5    6    7    8    9   10   11   12   13   14   15   16   17    4   19   97  330  546  486  315  180  118   48   42   19    9    7    4    1
16    2    3    4    5    6    7    8    9   10   11   12   13   14   15   16   17    4   26  107  343  538  470  300  177  110   49   36   21    8    7    3    1
16    2    3    4    5    6    7    8    9   10   11   12   13   14   15   16   17    4   29  120  369  535  438  286  166  108   50   34   18    7    7    3    1
16    2    3    4    5    6    7    8    9   10   11   12   13   14   15   16   17    5   35  130  367  550  410  275  168   93   50   33   18    6    7    2    1
15    2    3    4    5    6    7    8    9   10   11   12   13   14   15   16    8   38  145  384  531  399  265  167   82   44   34   14    5    6    3
15    2    3    4    5    6    7    8    9   10   11   12   13   14   15   16    8   43  166  381  522  386  256  161   80   39   31   15    6    3    3
15    2    3    4    5    6    7    8    9   10   11   12   13   14   15   16   10   45  173  404  502  378  239  154   76   40   28   16    4    3    3
15    2    3    4    5    6    7    8    9   10   11   12   13   14   15   16   10   52  186  411  506  352  229  144   73   36   32   11    2    4    2
16    1    2    3    4    5    6    7    8    9   10   11   12   13   14   15   16    1   10   56  201  407  495  349  215  144   68   32   30   10    1    5    1
16    1    2    3    4    5    6    7    8    9   10   11   12   13   14   15   16    1   13   61  224  403  487  332  208  134   62   33   26   10    1    4    1
16    1    2    3    4    5    6    7    8    9   10   11   12   13   14   15   16    2   13   74  225  412  471  319  204  130   56   32   24    7    1    4    1
15    1    2    3    4    5    6    7    8    9   10   11   12   13   15   16    3   16   85  241  399  462  306  196  128   50   33   20    6    4    1
15    1    2    3    4    5    6    7    8    9   10   11   12   13   15   16    3   19   91  262  392  456  295  185  116   50   25   20    6    4    1
15    1    2    3    4    5    6    7    8    9   10   11   12   13   15   16    4   24   98  271  387  449  289  176  106   45   22   18    6    4    1
15    1    2    3    4    5    6    7    8    9   10   11   12   13   15   16    4   28  104  280  402  420  285  167   97   43   22   14    5    3    1
14    1    2    3    4    5    6    7    8    9   10   11   12   13   15    4   34  113  284  403  418  267  151   96   43   18   10    5    4
14    1    2    3    4    5    6    7    8    9   10   11   12   13   15    6   37  116  305  399  396  258  141   92   40   17   12    2    4
14    1    2    3    4    5    6    7    8    9   10   11   12   13   15    7   39  131  310  392  391  244  136   77   42   15   10    2    4
14    1    2    3    4    5    6    7    8    9   10   11   12   13   15    7   45  134  306  400  371  237  132   75   38   17    7    2    4
15    1    2    3    4    5    6    7    8    9   10   11   12   13   14   15    7   57  133  315  400  362  227  117   72   36   13    5    1    1    3
15    1    2    3    4    5    6    7    8    9   10   11   12   13   14   15    7   59  149  317  401  335  224  109   67   35   11    5    1    2    2
15    1    2    3    4    5    6    7    8    9   10   11   12   13   14   15    9   59  158  320  397  319  214  105   66   32   10    4    1    3    1
14    1    2    3    4    5    6    7    8    9   10   11   12   13   14   13   62  161  333  393  305  200  101   60   29    8    4    1    3
14    1    2    3    4    5    6    7    8    9   10   11   12   13   14   14   72  177  333  388  284  184   97   59   24    9    3    1    3
14    1    2    3    4    5    6    7    8    9   10   11   12   13   14   15   79  181  338  375  275  176   90   57   23    7    4    1    2
13    1    2    3    4    5    6    7    8    9   10   11   12   13   15   82  196  344  361  260  169   88   51   20    5    3    3
13    1    2    3    4    5    6    7    8    9   10   11   12   13   13   88  200  351  354  244  157   90   46   17    5    2    3
13    1    2    3    4    5    6    7    8    9   10   11   12   13   13   93  207  362  345  229  146   84   43   13    5    2    3
13    1    2    3    4    5    6    7    8    9   10   11   12   13   15   95  221  360  325  223  143   81   35   14    3    3    2
13    1    2    3    4    5    6    7    8    9   10   11   12   13   18  103  232  355  319  208  134   73   31   13    4    2    2
13    1    2    3    4    5    6    7    8    9   10   11   12   13   19  109  235  359  310  193  124   71   29   12    3    2    2
13    1    2    3    4    5    6    7    8    9   10   11   12   13   20  119  241  357  298  189  116   58   30    8    4    2    1
13    1    2    3    4    5    6    7    8    9   10   11   12   13   26  122  249  352  283  187  100   59   25    8    4    2    1
13    1    2    3    4    5    6    7    8    9   10   11   12   13   32  124  251  345  272  179   98   55   23    8    3    2    1
13    1    2    3    4    5    6    7    8    9   10   11   12   13   32  134  263  332  263  167   90   52   19    8    4    1    1
13    1    2    3    4    5    6    7    8    9   10   11   12   13   38  134  272  322  258  152   88   45   17    8    4    1    1
12    1    2    3    4    5    6    7    8    9   10   11   13   38  147  273  314  244  156   74   39   18    6    4    1
12    1    2    3    4    5    6    7    8    9   10   11   13   43  156  272  313  230  144   72   35   15    5    3    1
12    1    2    3    4    5    6    7    8    9   10   11   13   48  158  268  314  214  145   62   31   14    5    3    1
12    1    2    3    4    5    6    7    8    9   10   11   13   50  163  280  291  216  133   58   26   12    5    3    1
12    1    2    3    4    5    6    7    8    9   10   11   13   50  169  273  286  212  127   53   26   10    4    3    1
12    1    2    3    4    5    6    7    8    9   10   11   12   54  171  273  281  203  112   52   24    8    5    2    1
12    1    2    3    4    5    6    7    8    9   10   11   12   58  182  273  274  194  100   45   21    7    4    1    1
12    1    2    3    4    5    6    7    8    9   10   11   12   58  194  277  260  180   96   40   17    8    3    1    1
11    1    2    3    4    5    6    7    8    9   10   11   64  202  274  251  167   89   37   11    8    3    2
11    1    2    3    4    5    6    7    8    9   10   11   71  203  277  232  163   78   31   12    8    2    2
11    1    2    3    4    5    6    7    8    9   10   11   75  218  262  233  142   71   34    8    5    2    2
11    1    2    3    4    5    6    7    8    9   10   11   77  222  253  225  129   70   29    9    4    2    2
11    1    2    3    4    5    6    7    8    9   10   11   83  234  239  216  116   68   23    8    4    2    1
11    1    2    3    4    5    6    7    8    9   10   11   90  232  249  197  103   60   23    7    4    1    1
11    1    2    3    4    5    6    7    8    9   10   11   99  237  243  187   92   54   20    6    3    1    1
10    1    2    3    4    5    6    7    8    9   11  107  237  232  180   94   40   19    6    3    1
10    1    2    3    4    5    6    7    8    9   11  106  235  235  158   91   31   22    2    3    1
10    1    2    3    4    5    6    7    8    9   11  112  232  231  153   72   30   17    1    3    1
10    1    2    3    4    5    6    7    8    9   11  114  230  230  138   61   29   14    2    2    1
 9    1    2    3    4    5    6    7    8    9  117  233  221  122   62   23    9    3    1
 8    1    2    3    4    5    6    7    8  122  231  204  114   52   21    6    4
 8    1    2    3    4    5    6    7    8  119  230  188  107   45   19    6    4
 8    1    2    3    4    5    6    7    8  121  225  174  100   42   16    5    3
 8    1    2    3    4    5    6    7    8  120  222  162   95   42   12    4    2
 8    1    2    3    4    5    6    7    8  121  227  148   88   34    9    3    1
 7    1    2    3    4    5    6    7  130  216  138   75   24    8    2
 7    1    2    3    4    5    6    7  131  206  125   66   23    7    1
 7    1    2    3    4    5    6    7  123  197  104   64   14    5    1
 6    1    2    3    4    5    6  120  187   99   57   13    5
 6    1    2    3    4    5    6  108  167   88   47   12    4
 6    1    2    3    4    5    6  104  152   74   41    8    3
 6    1    2    3    4    5    6   88  126   67   28    7    3
 6    1    2    3    4    5    6   70  104   55   19    7    2
 6    1    2    3    4    5    6   68   91   52   13    8    1
 6    1    2    3    4    5    6   58   79   40   10    8    1
 6    1    2    3    4    5    6   49   73   35   11    6    1
 5    1    2    3    4    5   37   39   23    6    4
 5    1    2    3    4    5   33   41   21    5    4
 5    1    2    3    4    5   17   26   10    2    1
 5    1    2    3    4    5   11   17    4    2    1
 4    1    2    3    4    7    7    3    1
 4    1    2    3    4    6    5    2    1
 4    1    2    3    4    6    5    2    1
 4    1    2    3    4    5    5    1    1
 4    1    2    3    4    5    2    1    1
 4    1    2    3    4    5    1    1    1
 4    1    2    3    4    5    1    1    1
 2    1    3    4    2
 2    1    3    4    2
 2    1    3    4    2
 2    1    2    2    1
 2    1    2    2    1
