# n  list(x)  list(y)
 6    8    7    6    5    4    3  636 1035  589  164   73    3
 6    8    7    6    5    4    3  583 1005  618  184   78    7
 6    8    7    6    5    4    3  520  988  646  203   86    7
 6    8    7    6    5    4    3  469  964  652  232   98   10
 7    8    7    6    5    4    3    2  430  913  673  265  105   12    2
 7    8    7    6    5    4    3    2  393  872  692  289  110   17    2
 7    8    7    6    5    4    3    2  357  845  687  316  124   17    4
 7    8    7    6    5    4    3    2  315  806  703  344  131   22    4
 8    8    7    6    5    4    3    2    1  290  767  702  364  146   24    6    1
 8    8    7    6    5    4    3    2    1  261  721  715  380  163   28    6    1
 8    8    7    6    5    4    3    2    1  223  695  699  414  178   34    6    1
 8    8    7    6    5    4    3    2    1  205  656  685  433  198   40    7    1
 8    8    7    6    5    4    3    2    1  182  609  683  455  216   43   11    1
 8    8    7    6    5    4    3    2    1  162  567  684  462  237   50   12    1
 8    8    7    6    5    4    3    2    1  149  521  682  473  249   62   12    2
 8    8    7    6    5    4    3    2    1  136  473  683  486  264   67   14    2
 8    8    7    6    5    4    3    2    1  121  436  670  496  279   80   16    2
 8    8    7    6    5    4    3    2    1  105  418  653  492  291   95   18    3
 8    8    7    6    5    4    3    2    1   92  381  637  512  296  108   21    3
 8    8    7    6    5    4    3    2    1   74  364  600  538  305  117   24    3
 8    8    7    6    5    4    3    2    1   69  330  580  552  307  128   32    2
 8    8    7    6    5    4    3    2    1   62  301  552  563  330  129   35    3
 8    8    7    6    5    4    3    2    1   52  277  543  538  362  134   41    3
 8    8    7    6    5    4    3    2    1   48  258  515  540  367  141   53    3
 8    8    7    6    5    4    3    2    1   42  238  482  544  388  144   56    6
 8    8    7    6    5    4    3    2    1   37  222  452  547  396  156   60    5
 8    8    7    6    5    4    3    2    1   30  212  433  533  407  167   60    8
 8    8    7    6    5    4    3    2    1   27  193  402  524  420  184   66    9
 8    8    7    6    5    4    3    2    1   26  172  383  521  418  198   70   11
 8    8    7    6    5    4    3    2    1   24  153  355  518  422  215   72   14
 8    8    7    6    5    4    3    2    1   19  144  334  508  421  227   78   15
 8    8    7    6    5    4    3    2    1   15  137  322  485  424  233   86   19
 8    8    7    6    5    4    3    2    1   14  129  295  482  418  239   98   20
 8    8    7    6    5    4    3    2    1   12  119  283  454  422  253  105   22
 8    8    7    6    5    4    3    2    1   11  111  265  436  420  258  119   23
 8    8    7    6    5    4    3    2    1   10   98  239  426  429  263  126   27
 8    8    7    6    5    4    3    2    1   10   92  225  411  420  266  140   29
 8    8    7    6    5    4    3    2    1   10   85  203  403  417  271  146   33
 8    8    7    6    5    4    3    2    1    8   78  187  386  408  292  145   38
 8    8    7    6    5    4    3    2    1    7   68  178  363  416  286  156   43
 8    8    7    6    5    4    3    2    1    6   64  159  346  423  281  164   49
 8    8    7    6    5    4    3    2    1    5   56  149  327  405  296  172   55
 8    8    7    6    5    4    3    2    1    5   50  141  308  393  312  170   60
 8    8    7    6    5    4    3    2    1    5   41  131  290  389  315  177   66
 8    8    7    6    5    4    3    2    1    4   37  116  275  382  321  185   69
 8    8    7    6    5    4    3    2    1    3   32  108  262  367  320  193   76
 8    8    7    6    5    4    3    2    1    3   26   96  237  350  322  198   77
 8    8    7    6    5    4    3    2    1    2   22   86  226  337  325  205   79
 8    8    7    6    5    4    3    2    1    2   21   75  217  322  321  208   87
 8    8    7    6    5    4    3    2    1    1   18   72  195  311  306  201   93
 8    8    7    6    5    4    3    2    1    1   16   65  182  295  310  208   92
 8    8    7    6    5    4    3    2    1    1   13   58  168  268  302  211   83
 8    8    7    6    5    4    3    2    1    1   12   52  156  263  297  217   83
 8    8    7    6    5    4    3    2    1    1   12   45  136  261  291  217   85
 8    8    7    6    5    4    3    2    1    1    7   42  112  258  286  227   87
 7    7    6    5    4    3    2    1    4   37  103  241  283  237   90
 7    7    6    5    4    3    2    1    2   26   89  202  247  216   76
 7    7    6    5    4    3    2    1    2   20   77  189  243  221   76
 7    7    6    5    4    3    2    1    2   19   68  181  239  225   77
 7    7    6    5    4    3    2    1    1   18   59  156  244  224   74
 7    7    6    5    4    3    2    1    1   16   53  144  238  228   74
 7    7    6    5    4    3    2    1    1    9   35   85  151  157   53
 7    7    6    5    4    3    2    1    1    9   34   83  138  155   55
 7    7    6    5    4    3    2    1    1    9   32   80  130  158   57
 6    6    5    4    3    2    1   10   19   59  105  143   52
 6    6    5    4    3    2    1    1   10   36   53   65   25
 6    6    5    4    3    2    1    1    6   22   40   43   22
 5    5    4    3    2    1    6   18   38   42   24
 6    6    5    4    3    2    1    1    2   10   26   39   20
 6    6    5    4    3    2    1    1    5    9   20   18   15
 6    6    5    4    3    2    1    1    3   10   18   20   15
 5    5    4    3    2    1    4   10   18   20   14
 5    5    4    3    2    1    3    8    8   21   11
 5    5    4    3    2    1    1    5   12   10    9
 5    5    4    3    2    1    1    4   12   10    9
 5    5    4    3    2    1    1    4   12   10    9
 4    4    3    2    1    3    6    9   12
 4    4    3    2    1    2    6    9   12
 4    4    3    2    1    2    6    9   12
 4    4    3    2    1    2    8    8    6
 3    3    2    1   10    8    4
 4    4    3    2    1    2    3    5    3
 4    4    3    2    1    1    1    7    3
 3    4    2    1    1    8    2
 4    4    3    2    1    1    4    3    2
 4    4    3    2    1    1    4    3    2
 3    3    2    1    5    2    3
 3    4    2    1    1    6    2
 3    4    2    1    1    6    2
 3    4    2    1    1    6    2
 4    4    3    2    1    1    2    3    2
 3    3    2    1    3    3    1
 3    3    2    1    3    3    1
 2    3    2    2    4
 2    2    1    1    2
