# n  list(x)  list(y)
 6    8    7    6    5    4    3  630  989  615  173   89    4
 6    8    7    6    5    4    3  572  951  646  204   97    5
 6    8    7    6    5    4    3  532  906  683  212  107   10
 6    8    7    6    5    4    3  482  879  692  246  109   17
 7    8    7    6    5    4    3    2  425  860  722  265  106   21    1
 7    8    7    6    5    4    3    2  380  820  738  300  110   26    1
 7    8    7    6    5    4    3    2  350  778  738  337  112   33    2
 7    8    7    6    5    4    3    2  316  746  731  361  132   37    2
 7    8    7    6    5    4    3    2  286  703  732  392  147   37    3
 7    8    7    6    5    4    3    2  265  652  740  411  163   41    3
 7    8    7    6    5    4    3    2  243  620  731  421  183   47    5
 7    8    7    6    5    4    3    2  224  592  706  441  202   55    5
 8    8    7    6    5    4    3    2    1  207  561  685  463  216   61    6    1
 8    8    7    6    5    4    3    2    1  192  534  657  478  235   69    9    1
 8    8    7    6    5    4    3    2    1  168  510  639  496  246   79   11    1
 8    8    7    6    5    4    3    2    1  153  484  628  502  258   87   12    1
 8    8    7    6    5    4    3    2    1  139  458  606  512  276   93   15    1
 8    8    7    6    5    4    3    2    1  123  432  593  516  286  109   15    1
 8    8    7    6    5    4    3    2    1  107  400  579  530  301  115   17    1
 8    8    7    6    5    4    3    2    1   90  383  562  532  313  122   22    1
 8    8    7    6    5    4    3    2    1   78  357  538  538  327  138   23    1
 8    8    7    6    5    4    3    2    1   71  336  507  549  341  143   26    2
 8    8    7    6    5    4    3    2    1   62  315  486  540  362  152   30    3
 8    8    7    6    5    4    3    2    1   59  296  470  526  371  163   36    3
 8    8    7    6    5    4    3    2    1   55  277  446  524  380  171   42    4
 8    8    7    6    5    4    3    2    1   50  257  419  523  398  175   47    5
 8    8    7    6    5    4    3    2    1   43  229  417  510  405  186   54    5
 8    8    7    6    5    4    3    2    1   41  213  385  516  401  202   61    5
 8    8    7    6    5    4    3    2    1   39  193  376  500  401  212   71    7
 8    8    7    6    5    4    3    2    1   34  187  361  481  401  218   78   12
 8    8    7    6    5    4    3    2    1   31  154  362  465  414  226   82   13
 8    8    7    6    5    4    3    2    1   25  147  338  462  413  234   85   17
 8    8    7    6    5    4    3    2    1   21  126  312  470  413  246   92   16
 8    8    7    6    5    4    3    2    1   17  119  286  460  408  269   92   20
 8    8    7    6    5    4    3    2    1   16  110  265  436  427  266  104   22
 8    8    7    6    5    4    3    2    1   14   93  258  410  432  276  115   23
 8    8    7    6    5    4    3    2    1   12   82  242  397  423  293  117   30
 8    8    7    6    5    4    3    2    1   12   76  223  388  417  298  123   34
 8    8    7    6    5    4    3    2    1   10   70  198  383  417  300  133   35
 8    8    7    6    5    4    3    2    1   10   60  185  374  417  292  141   42
 8    8    7    6    5    4    3    2    1   10   48  169  368  402  301  151   47
 8    8    7    6    5    4    3    2    1   10   41  152  344  411  299  163   50
 8    8    7    6    5    4    3    2    1   10   36  140  330  395  311  169   53
 8    8    7    6    5    4    3    2    1    9   32  126  316  386  314  178   52
 8    8    7    6    5    4    3    2    1    8   30  115  289  397  311  182   54
 8    8    7    6    5    4    3    2    1    8   28  107  266  386  318  189   56
 8    8    7    6    5    4    3    2    1    8   24   93  260  377  313  191   65
 8    8    7    6    5    4    3    2    1    6   22   76  247  367  322  195   69
 8    8    7    6    5    4    3    2    1    5   20   68  221  360  334  200   71
 8    8    7    6    5    4    3    2    1    4   16   60  202  347  339  194   79
 8    8    7    6    5    4    3    2    1    3   14   59  179  328  348  198   85
 8    8    7    6    5    4    3    2    1    2   10   49  172  315  344  196   90
 8    8    7    6    5    4    3    2    1    1    7   44  157  299  355  194   91
 7    7    6    5    4    3    2    1    7   42  143  285  344  198   92
 7    7    6    5    4    3    2    1    5   38  126  282  327  204   90
 7    7    6    5    4    3    2    1    3   37  112  265  321  211   96
 7    7    6    5    4    3    2    1    2   34  100  256  306  223   98
 7    7    6    5    4    3    2    1    1   33   92  241  290  224  105
 7    7    6    5    4    3    2    1    1   26   86  211  274  206  103
 7    7    6    5    4    3    2    1    1   25   78  192  266  204  103
 7    7    6    5    4    3    2    1    1   16   73  176  248  187  100
 6    6    5    4    3    2    1   10   59  143  209  159   88
 6    6    5    4    3    2    1    8   56  131  205  157   81
 6    6    5    4    3    2    1    4   24   70  112   82   42
 6    6    5    4    3    2    1    3   20   51   93   77   35
 6    6    5    4    3    2    1    2   16   32   52   67   28
 6    6    5    4    3    2    1    1   14   30   52   65   30
 6    6    5    4    3    2    1    1    3   25   38   44   13
 5    5    4    3    2    1    6   16   43   37   15
 6    6    5    4    3    2    1    1    5   19   32   35   13
 6    6    5    4    3    2    1    1    4   15   33   36   13
 6    6    5    4    3    2    1    1    4   13   33   33   15
 4    4    3    2    1   11   19   29   13
 5    5    4    3    2    1    2    6   17   19   11
 5    5    4    3    2    1    2    5   17   19   11
 5    5    4    3    2    1    2    4   18   16   10
 5    5    4    3    2    1    2    4   16   11   10
 5    5    4    3    2    1    1    4   15   11   10
 5    5    4    3    2    1    1    4   14   12    9
 5    5    4    3    2    1    1    3   12   14    7
 5    5    4    3    2    1    1    3    6   15    7
 5    5    4    3    2    1    1    1    3   16    4
 4    4    3    2    1    2    3   14    5
 3    3    2    1    3    8    5
 3    3    2    1    3    8    5
 3    3    2    1    2    8    4
 3    3    2    1    2    7    4
 3    3    2    1    2    7    4
 3    3    2    1    2    7    4
 3    3    2    1    2    3    4
 3    3    2    1    1    3    3
 3    4    2    1    1    2    4
 2    2    1    4    2
 2    2    1    4    2
 2    2    1    2    2
 2    2    1    2    2
 2    2    1    1    2
 2    2    1    1    2
 2    2    1    1    2
