# n  list(x)  list(y)
 8    3    4    5    6    7    8    9   10    1   43  210  651  977  562   50    6
 8    3    4    5    6    7    8    9   10    2   52  226  689  938  517   46    5
 8    3    4    5    6    7    8    9   10    2   60  260  702  907  473   41    5
 8    3    4    5    6    7    8    9   10    3   75  286  711  871  439   36    4
 8    3    4    5    6    7    8    9   10   11   80  330  692  833  416   34    4
 8    3    4    5    6    7    8    9   10   15   95  345  718  801  368   29    4
 8    3    4    5    6    7    8    9   10   17  114  364  733  749  346   24    3
 9    2    3    4    5    6    7    8    9   10    1   23  120  385  735  721  314   23    3
 9    2    3    4    5    6    7    8    9   10    1   27  139  406  731  696  278   19    3
 9    2    3    4    5    6    7    8    9   10    1   32  159  415  733  658  257   17    3
 9    2    3    4    5    6    7    8    9   10    3   35  172  448  710  627  236   16    3
 9    2    3    4    5    6    7    8    9   10    5   39  187  468  700  596  212   15    3
 9    2    3    4    5    6    7    8    9   10    5   50  204  479  676  575  194   14    3
 9    2    3    4    5    6    7    8    9   10    7   61  219  484  670  533  186   12    3
 9    2    3    4    5    6    7    8    9   10    8   73  238  483  662  509  164   11    2
 9    2    3    4    5    6    7    8    9   10   11   76  255  503  647  469  152   10    2
 9    2    3    4    5    6    7    8    9   10   12   85  284  510  628  431  138   10    2
10    1    2    3    4    5    6    7    8    9   10    2   17   87  300  516  618  399  126    8    2
10    1    2    3    4    5    6    7    8    9   10    2   17  102  301  536  589  378  115    8    2
10    1    2    3    4    5    6    7    8    9   10    2   17  120  307  557  551  357  106    6    2
10    1    2    3    4    5    6    7    8    9   10    2   20  129  329  559  531  329   94    5    2
10    1    2    3    4    5    6    7    8    9   10    3   26  132  339  563  510  313   82    5    2
10    1    2    3    4    5    6    7    8    9   10    4   28  145  354  564  496  277   76    4    2
10    1    2    3    4    5    6    7    8    9   10    4   30  159  375  557  471  249   74    3    2
10    1    2    3    4    5    6    7    8    9   10    4   34  173  384  541  465  225   68    3    2
10    1    2    3    4    5    6    7    8    9   10    5   36  183  409  532  439  211   54    3    2
10    1    2    3    4    5    6    7    8    9   10    6   43  191  426  524  411  197   46    4    1
10    1    2    3    4    5    6    7    8    9   10   10   50  205  420  521  387  186   40    4    1
10    1    2    3    4    5    6    7    8    9   10    8   60  218  423  510  373  168   33    4    1
10    1    2    3    4    5    6    7    8    9   10    8   74  235  427  482  351  161   29    4    1
 9    1    2    3    4    5    6    7    8    9    8   80  244  436  473  334  145   23    4
 9    1    2    3    4    5    6    7    8    9    9   82  249  449  467  308  131   23    4
 9    1    2    3    4    5    6    7    8    9   10   89  259  452  448  299  115   24    2
 9    1    2    3    4    5    6    7    8    9   10   95  272  453  435  284  101   21    2
 9    1    2    3    4    5    6    7    8    9   12  107  288  448  423  261   91   16    2
 9    1    2    3    4    5    6    7    8    9   20  107  304  449  400  244   82   15    2
 9    1    2    3    4    5    6    7    8    9   22  116  319  430  390  230   75   14    2
 9    1    2    3    4    5    6    7    8    9   24  130  322  426  378  210   70   10    2
 9    1    2    3    4    5    6    7    8    9   29  133  327  427  368  192   60    9    2
 9    1    2    3    4    5    6    7    8    9   32  145  336  417  360  171   51    9    1
 9    1    2    3    4    5    6    7    8    9   36  145  345  417  345  157   43    7    1
 9    1    2    3    4    5    6    7    8    9   41  154  345  402  337  145   38    7    1
 9    1    2    3    4    5    6    7    8    9   45  165  344  399  320  130   34    7    1
 9    1    2    3    4    5    6    7    8    9   46  178  343  394  295  124   31    7    1
 9    1    2    3    4    5    6    7    8    9   51  186  340  395  271  114   29    4    1
 9    1    2    3    4    5    6    7    8    9   53  191  343  379  253  102   30    3    1
 9    1    2    3    4    5    6    7    8    9   54  204  362  351  240   90   25    2    1
 9    1    2    3    4    5    6    7    8    9   57  222  346  352  218   83   22    1    1
 9    1    2    3    4    5    6    7    8    9   63  228  343  345  198   76   21    1    1
 9    1    2    3    4    5    6    7    8    9   69  234  347  325  184   73   17    1    1
 9    1    2    3    4    5    6    7    8    9   76  235  332  330  163   65   16    1    1
 9    1    2    3    4    5    6    7    8    9   78  240  316  318  151   57   14    1    1
 8    1    2    3    4    5    6    7    9   87  245  317  299  137   50   14    1
 8    1    2    3    4    5    6    7    9   89  260  312  276  127   49   11    1
 7    1    2    3    4    5    6    7   94  261  310  259  124   43    8
 7    1    2    3    4    5    6    7   87  251  286  233  115   35    6
 7    1    2    3    4    5    6    7   97  238  281  221  110   31    4
 7    1    2    3    4    5    6    7   89  232  243  199   95   29    3
 7    1    2    3    4    5    6    7   91  219  235  190   87   24    3
 7    1    2    3    4    5    6    7   80  181  180  154   63   19    1
 7    1    2    3    4    5    6    7   74  180  164  133   59   14    1
 7    1    2    3    4    5    6    7   83  176  159  126   55   11    1
 7    1    2    3    4    5    6    7   81  172  142  116   46    9    1
 6    1    2    3    4    5    6   29   58   47   29   12    2
 6    1    2    3    4    5    6   26   61   44   27   12    2
 7    1    2    3    4    5    6    7   22   43   44   36    5    2    1
 6    1    2    3    4    5    6   20   43   45   33    3    3
 6    1    2    3    4    5    6   20   43   45   33    3    3
 6    1    2    3    4    5    6   20   40   45   32    3    3
 6    1    2    3    4    5    6   19   40   40   31    3    3
 6    1    2    3    4    5    6   19   39   36   25    3    2
 6    1    2    3    4    5    6   19   42   32   25    3    2
 6    1    2    3    4    5    6   10   26   22   15    2    1
 6    1    2    3    4    5    6   11   24   23   14    2    1
 6    1    2    3    4    5    6    9   27   19   14    2    1
 6    1    2    3    4    5    6    6   21   16    6    2    1
 6    1    2    3    4    5    6    7   19   16    6    1    1
 5    1    2    3    4    5    8   18   11    4    1
 4    1    2    3    4    4   16    4    1
 4    1    2    3    4    3   17    3    1
 4    1    2    3    4    3   17    3    1
 3    1    2    3    3   17    3
 3    1    2    3    3   14    3
 3    1    2    3    3    9    3
 3    1    2    3    3    9    3
 3    1    2    3    3    9    3
 4    1    2    3    4    2    7    4    2
 3    1    2    3    3    6    5
 3    1    2    3    4    5    4
 3    1    2    3    4    5    4
 3    1    2    3    4    1    4
 3    1    2    3    4    1    4
 3    1    2    3    4    1    4
 3    1    2    3    3    2    1
 2    1    2    2    3
 2    1    2    2    3
 2    1    2    2    2
 2    1    2    2    1
