482
1292
2084
457
715
1538
562
52
1846
464
2071
1966
28
1280
388
699
2353
24
1754
2496
2026
1013
1944
2359
921
1587
1414
846
849
969
1048
2187
1967
918
1610
789
281
981
2129
1225
676
444
603
700
880
2324
1559
244
1564
1036
252
907
1402
1561
2044
1271
1572
390
2227
1930
1509
1722
2287
496
236
2243
1524
1796
1306
741
2186
1661
1374
2321
867
1742
160
934
1794
1605
2127
784
2156
1957
2289
7
429
1766
2379
1392
1039
307
387
954
2297
1758
2329
2225
1831
2424
1639
2013
974
2361
734
504
1919
63
1953
1705
2214
972
280
69
1151
900
1493
780
228
1336
2136
330
2338
190
557
2154
718
279
1687
650
45
481
154
1513
289
1562
2363
928
1818
91
1444
937
389
1780
1344
842
2268
540
2357
1624
1235
2467
1063
1853
2368
2278
612
673
1463
293
2023
1262
1669
1961
379
401
1399
2047
109
1743
159
585
902
2349
2301
1340
578
171
276
410
1525
400
2247
2279
2337
2464
413
1920
1020
926
742
317
105
647
1096
1146
2356
2117
2169
419
1496
2459
2465
1332
130
430
2242
893
73
2447
1300
1294
463
218
1542
826
1627
213
1845
1886
1195
146
2298
298
1251
652
191
2444
327
2339
977
1495
440
627
1299
577
140
766
1772
2414
680
596
1471
727
1335
759
2272
2192
161
2313
2085
1870
1834
735
237
2024
368
461
2431
1511
1897
1028
694
2163
326
872
2179
1094
1750
2270
1767
2463
1734
2396
2251
1875
1713
1174
179
2399
1450
2416
150
779
1635
726
2408
2282
1970
839
2098
412
2441
1829
1138
963
1856
638
1132
1550
1140
1457
910
1712
1502
1204
2434
1579
988
2355
616
950
1350
620
182
1531
1327
418
1698
1974
1485
1234
1209
85
1069
2125
2113
1773
1437
1237
2139
936
1983
820
1675
1198
1833
1040
2409
1838
1555
2304
654
47
1289
1342
2052
763
1862
1663
1186
505
1725
1228
1580
2025
590
181
773
1680
2352
2086
328
534
364
1888
475
899
1479
760
1465
1714
2418
1512
1699
1942
1194
1083
767
61
115
922
1935
691
271
250
1260
2022
1264
318
454
990
637
2144
1449
204
1432
1153
1689
890
1131
800
2312
633
1042
2390
1072
1915
480
2140
1219
754
1929
1021
915
407
2378
1044
2457
117
452
1747
574
147
1129
2397
1802
1691
1088
668
945
2310
456
706
1670
1557
1397
1945
1761
1849
1827
41
1913
2248
730
2036
768
1588
2480
2281
2426
2070
799
224
622
427
333
851
2184
2078
2486
592
895
1395
20
1604
2120
1075
203
1850
2217
1018
1499
901
2224
1896
1985
798
1666
1958
698
2252
2149
1443
27
1630
1655
1940
74
2204
1475
619
2331
1406
1085
1381
2236
1927
916
1250
23
2269
908
2055
365
535
1900
2300
283
1231
648
641
508
2027
1095
2094
2080
1357
382
2340
1089
1223
1202
173
1266
1786
2479
392
394
1452
1144
787
357
1459
16
823
395
1229
739
746
1969
2232
2189
830
1679
1885
476
758
769
1626
1305
420
2141
349
1435
2093
825
528
1258
2041
193
804
1232
887
1133
431
1660
2210
256
196
103
1060
2250
223
303
861
2401
1066
2223
1650
1832
1330
1828
1130
144
2263
1205
509
1995
1799
1950
1965
1375
2171
2364
311
257
812
118
1943
1585
1254
1947
666
2325
2428
2130
1515
113
2319
1165
1776
167
1606
339
852
1050
35
1474
854
1749
772
1617
1672
2477
985
1304
1586
1425
1709
2155
436
962
1596
1057
2233
1480
343
1825
358
2365
46
858
898
1692
2228
1492
424
210
1898
539
1012
2500
1206
18
292
316
1842
490
120
123
1576
1847
614
149
220
1800
2351
942
583
576
1181
737
473
2260
602
1123
345
536
1962
1516
1676
1693
340
932
625
373
1059
1914
1946
1097
1308
48
786
523
174
617
1544
2369
385
2267
346
2099
1812
1701
909
2375
287
232
1303
863
1874
1622
794
1470
2288
1347
1894
325
1997
1337
354
1343
2063
2213
2456
2132
817
1203
2377
110
594
1581
1068
878
334
2007
1592
215
1917
1921
361
194
1125
1811
285
1549
1779
1102
1963
917
1909
177
938
517
417
2017
2018
2391
2029
2058
2239
78
978
2453
1276
753
579
1598
1928
1972
2145
1116
1859
1795
1880
835
1190
367
2454
560
888
1122
2490
2075
1684
1084
1362
1388
38
472
1417
396
353
935
1087
1285
722
1629
827
1976
1259
1783
2054
2438
1877
1453
1074
338
1863
2146
322
1404
2476
72
1175
783
2137
2489
1192
33
259
2134
201
2046
1338
538
1731
1821
1106
126
2231
360
393
51
515
125
979
501
1721
885
467
288
845
868
1844
2112
2460
205
491
708
2060
87
332
2244
2211
248
1892
1611
406
953
630
1864
1591
93
1890
2346
234
434
1982
2294
601
1389
2064
2432
141
233
597
1647
865
1527
1764
1226
1677
621
1619
90
2175
2045
135
1445
2142
1011
106
12
2398
2174
951
466
1510
1694
1419
1835
1210
919
2358
1434
438
450
2206
474
50
122
2481
477
1899
1396
163
1517
2395
645
435
2249
268
1139
2323
1049
1819
1098
1651
1615
2230
2115
1353
674
1482
1959
869
1312
17
1640
575
2033
2255
1791
2265
1281
1807
2168
2380
2387
1101
1534
1908
1090
1686
241
414
411
886
803
306
1111
1145
2074
952
226
258
1345
2172
478
212
623
1491
2306
423
2317
1481
2160
2050
1975
2342
111
2178
1759
2051
1556
1711
378
1371
277
42
1741
655
2166
267
609
1416
2123
195
752
555
1968
1546
1379
548
829
2039
629
512
732
2200
966
2341
537
2020
1625
247
1121
11
1427
2274
1467
2008
1394
1314
719
2196
2101
1038
1782
229
1628
1454
1286
1506
2205
1923
2328
856
631
1488
58
442
2405
2427
2119
643
688
88
2442
2108
107
2417
2309
1752
1702
1726
1016
1571
736
2384
2373
2429
323
1032
315
866
2114
1366
1971
1644
1583
750
853
1951
999
1372
2053
2371
844
2280
1120
1055
449
1199
559
493
1200
1224
2090
231
2452
1768
40
815
2028
729
1658
2182
1994
158
1939
2003
661
142
1903
1027
2354
1602
1348
1973
2069
1662
1797
138
198
1162
172
649
1682
971
2497
682
1573
809
1817
1118
2386
1062
1905
2102
1277
1674
2400
1489
1317
1191
2077
593
2286
2173
1152
510
2016
1185
1004
1977
1568
2135
624
221
2116
403
97
471
489
1529
821
1578
426
663
896
2006
1241
355
1739
931
432
611
243
1924
2318
675
943
451
770
551
206
116
2422
2143
693
525
2030
591
1718
1360
831
1826
2031
519
369
1520
2183
1553
341
2273
2488
2011
1329
2131
2262
470
2499
2170
1931
2495
1728
1052
447
658
1278
235
272
1385
632
1398
2402
2466
75
2449
1703
1603
2151
1590
1054
119
1352
1949
1690
939
156
502
1147
711
1377
1824
1843
1632
1272
1860
2212
1177
2413
2165
1043
660
2407
1681
709
1798
550
1193
1501
747
211
1469
531
265
595
168
1291
1035
679
99
2439
1700
2009
544
983
494
1934
1213
1952
296
1964
1142
1941
707
1486
696
704
834
1176
1114
2491
184
312
2258
2472
262
114
776
1298
667
2037
2292
1558
1270
310
2215
1484
1867
2061
677
94
1391
1164
744
1891
1220
1769
2040
2014
2235
2012
642
77
1373
1552
2483
884
2470
1505
1236
670
1005
651
217
1354
606
1998
2498
2079
748
678
1093
774
169
2253
992
9
1756
1001
1265
1777
2246
1
1543
2203
870
980
295
1757
2082
836
1618
1748
19
1521
200
1212
166
1532
1407
1462
2193
366
1926
2076
1708
14
1150
1321
1091
1415
2161
702
1879
405
1810
889
1649
245
1100
1155
1290
1645
571
640
238
1405
409
240
1884
2158
1124
2474
29
2207
755
1128
2307
968
404
1851
284
864
1197
2062
71
788
132
1273
657
1790
1171
1830
1316
2091
1065
2237
2066
728
2277
391
1770
1861
1852
2322
2097
128
1793
940
1719
1948
1126
2392
1487
749
1746
507
1410
1268
2264
610
375
483
1034
492
1221
1008
1597
2311
1858
1067
1806
1424
877
1382
2433
1809
100
1589
1002
1411
965
336
1960
1566
513
1710
2484
848
1577
2002
547
1451
2276
1609
2103
348
31
1346
1918
1433
2208
324
157
1866
639
994
1545
840
541
1765
855
445
948
1925
1570
1109
2092
1246
1804
690
516
1889
381
2344
567
2283
1822
56
1500
1762
1455
380
104
914
1136
1872
1540
1781
408
662
249
1365
563
913
1775
778
2458
1984
1567
1528
984
712
189
155
2188
15
151
2308
860
291
253
897
2001
838
644
1184
847
2362
1233
1249
2138
1173
2367
439
1992
1575
1064
2226
580
2157
1053
2335
2185
487
1367
1477
1078
2478
530
2494
2241
1170
1325
588
1056
521
188
634
1313
2266
1642
1071
810
1837
1261
873
2240
1876
10
1240
321
2448
599
949
2316
448
2105
2376
777
1408
546
1447
695
964
927
1104
344
713
2049
1010
458
1341
1323
991
520
209
2034
1061
1688
269
352
1047
1105
1738
1201
183
266
230
646
2348
1400
653
920
82
572
607
2209
37
871
1539
1574
186
1526
1848
2109
1441
2487
2032
1426
498
297
905
1563
1989
1166
2493
62
1297
553
1678
372
710
54
2471
1507
2229
2382
2372
1159
554
1359
533
2
522
2404
1238
995
2334
1813
1638
278
488
207
1667
565
2271
503
101
402
997
1823
329
1301
2330
1724
558
1458
1554
1537
2104
2385
1607
879
8
833
903
790
1778
446
2370
1468
342
543
944
1244
64
1787
2004
1614
1356
757
180
1938
1230
876
1364
1019
1351
1723
1478
86
1242
1217
1141
721
1420
924
170
1333
2451
1805
79
335
1912
714
112
1429
66
955
1070
805
1267
716
2176
2303
1023
246
255
32
1154
987
765
725
2333
1620
1720
930
1760
532
1293
1015
1840
84
1673
1099
2296
1541
2124
740
1247
1025
506
958
1326
1446
2083
3
589
1621
1390
1839
824
1836
2218
796
1163
1310
1442
214
1733
1361
1841
1472
751
882
497
1378
1744
2197
1999
1911
2195
1980
386
1383
1530
1393
587
2315
2347
1533
1536
261
1439
4
1422
701
145
1003
1978
1282
263
384
363
2128
96
1331
2089
2389
304
720
2107
723
2048
148
500
2455
1183
1029
1808
1816
1149
152
1160
1704
819
956
377
2492
1172
1751
2081
692
1092
1548
305
1956
883
1006
2122
1990
1466
455
923
1854
1736
2198
1671
1167
1274
775
1428
2475
1857
807
208
1448
2106
2110
1077
376
1257
239
308
529
2199
2072
586
1431
1363
1916
1665
2415
1110
2421
1685
282
1653
671
89
2087
697
542
1869
2285
2473
1955
1207
1082
2056
996
187
2295
1103
178
59
2180
499
165
2336
57
1248
687
1275
70
274
1115
659
717
2360
1339
875
495
422
2201
2461
1188
1904
1319
1409
946
1623
683
1887
2435
986
561
967
1180
25
1637
2152
1288
441
1076
1641
816
1551
1328
2256
1652
1438
383
1613
443
1873
1322
1401
2254
1358
1086
2381
2202
1803
993
479
1058
36
1740
1785
134
2293
941
911
1954
802
1547
121
2220
906
2343
731
2411
1000
1222
664
1307
811
762
1987
273
2015
290
681
892
39
1315
1595
2291
2403
1815
484
21
2216
1403
350
636
1519
139
227
613
362
1137
2238
1634
2326
1418
1295
309
222
1727
733
1612
398
1413
1196
1107
527
1017
1683
1079
486
2245
2412
65
81
1820
894
1732
2430
143
626
785
1216
933
1882
801
814
299
960
1157
1119
1255
2177
2088
415
874
686
129
2067
2181
2095
2222
1156
359
929
465
745
1386
1031
2194
313
1456
302
738
2393
2042
347
1022
1906
251
485
2257
453
43
2259
511
2275
1189
1910
1855
989
2133
1878
1483
331
1707
1030
761
1979
1498
13
1518
197
2388
469
1309
656
1636
1296
6
2118
795
1440
764
1256
1737
2190
604
665
371
1735
685
1993
67
2100
2320
1616
459
808
437
2005
164
216
2038
2043
1334
1302
2167
1755
1287
1007
301
568
1476
337
756
1252
136
314
2153
2035
219
635
1430
202
34
703
2437
569
1763
1668
2111
254
175
428
2059
131
1473
2462
2057
83
1503
862
1279
1135
192
1789
2420
2425
44
1127
1460
832
2284
1932
2147
1108
2068
1981
1868
1143
618
2436
1464
556
1593
2073
818
828
2000
1318
570
1522
1730
2150
2419
1368
1695
1933
514
1009
1369
1033
792
92
2406
2327
1508
1535
1907
1560
425
961
1601
1169
1936
1026
566
76
2065
1227
1696
1218
275
1045
1211
2191
684
1494
1349
605
1753
1582
1117
1569
2485
1014
2469
399
462
998
1600
1784
1239
1801
294
397
1656
973
1497
55
2482
564
1320
2121
416
1902
526
1715
705
2350
615
891
2332
1112
1584
1284
137
1412
1631
2314
2019
260
1937
1565
1208
320
581
1788
1046
1991
1883
374
124
2468
837
857
1380
1182
1893
185
162
1148
1490
1421
1771
351
841
2126
2443
850
1161
1073
1355
5
2299
1608
1178
2440
1024
1243
976
1643
1283
2423
133
2446
843
881
1792
1633
975
957
793
912
904
2234
1253
1324
1881
1986
102
49
1311
1179
600
549
724
1158
1664
2366
2159
2302
2383
1051
286
552
1384
2219
1245
806
1269
98
782
1523
1514
1504
1134
460
2450
2148
1657
270
1774
1697
176
1706
468
822
225
791
925
1716
1729
1387
598
1037
319
30
1041
982
1214
1814
1988
573
433
628
672
1654
2010
1865
1376
242
80
1895
608
771
356
1187
1436
1080
1871
26
947
2261
421
370
2290
518
582
1901
1659
264
1922
153
2394
797
2021
300
1168
53
1370
959
545
60
22
2305
108
199
2445
689
2162
95
859
1996
1745
1113
2374
2096
1423
1461
2345
524
1263
127
1594
1215
1081
669
584
2410
1648
1599
1717
743
2164
1646
2221
813
68
970
