# n  list(x)  list(y)
32   45   43   39   34   33   31   29   28   27   26   25   24   23   22   21   20   19   18   17   16   15   14   13   12   11   10    9    8    7    6    5    4    1    1    1    1    1    1    4    2    2    3    2    3    6    7    7    6   10   11   16   19   32   47   51   52   74  117  138  206  413 1110  152    4
32   45   43   38   34   32   31   29   28   27   26   25   24   23   22   21   20   19   18   17   16   15   14   13   12   11   10    9    8    7    6    5    4    1    1    1    1    1    1    2    3    1    3    3    3    4    7    9    4   10   12   14   19   29   45   47   54   72  110  141  197  394 1057  211   18
32   45   43   38   34   31   30   29   28   27   26   25   24   23   22   21   20   19   18   17   16   15   14   13   12   11   10    9    8    7    6    5    4    1    1    1    1    1    1    2    2    1    4    3    3    3    7   10    4    6   13   14   17   31   42   44   55   73  105  130  194  387  976  289   29
33   43   42   38   33   31   30   29   28   27   26   25   24   23   22   21   20   19   18   17   16   15   14   13   12   11   10    9    8    7    6    5    4    3    1    1    1    1    1    1    2    1    2    4    3    3    2    7   10    4    5   14   14   16   29   36   45   56   72   94  132  187  372  932  337   38    2
34   43   42   37   33   31   30   29   28   27   26   25   24   23   22   21   20   19   18   17   16   15   14   13   12   11   10    9    8    7    6    5    4    3    2    1    1    1    1    1    1    2    1    2    4    2    3    1    7   12    3    6   11   13   17   23   39   43   59   64   95  122  180  364  895  373   47    5    1
32   43   42   37   32   30   29   27   26   25   24   23   22   21   20   19   18   17   16   15   14   13   12   11   10    9    8    7    6    5    4    3    2    1    1    1    1    1    3    2    4    1    4    2    6   10    5    6    8   11   19   21   37   41   56   65   92  121  170  356  854  408   62    5    1
33   43   42   37   31   30   29   28   27   26   25   24   23   22   21   20   19   18   17   16   15   14   13   12   11   10    9    8    7    6    5    4    3    2    1    1    1    1    1    1    1    3    3    2    3    2    3   11    7    4    9   10   19   17   35   38   48   68   89  115  174  345  818  428   83    7    2
33   42   41   36   31   30   29   28   27   26   25   24   23   22   21   20   19   18   17   16   15   14   13   12   11   10    9    8    7    6    5    4    3    2    1    1    1    1    1    1    1    2    4    1    3    1    5   10    7    5    7   11   17   17   33   39   46   66   89  109  166  334  772  463  100    9    2
31   42   40   31   30   28   27   26   25   24   23   22   21   20   19   18   17   16   15   14   13   12   11   10    9    8    7    6    5    4    3    2    1    1    1    1    2    2    4    1    3    1    4    8    4   10    5   13   18   15   28   36   50   63   81  112  158  323  739  483  116   14    3
31   42   40   31   29   28   27   26   25   24   23   22   21   20   19   18   17   16   15   14   13   12   11   10    9    8    7    6    5    4    3    2    1    1    1    1    2    1    2    2    2    3    2   10    2   10    7   13   15   16   21   38   51   54   89  106  153  310  711  483  140   24    4
30   41   39   31   29   27   26   25   24   23   22   21   20   19   18   17   16   15   14   13   12   11   10    9    8    7    6    5    4    3    2    1    1    1    1    3    2    2    2    2    2    9    4    6   10   11   13   19   20   36   47   51   83  114  138  310  672  496  152   37    5
29   40   39   30   29   27   26   25   24   23   21   20   19   18   17   16   15   14   13   12   11   10    9    8    7    6    5    4    3    2    1    1    1    1    3    2    2    2    2   11    3    5    8   10   14   17   22   27   55   52   74  110  135  296  647  504  172   41    7
29   37   36   30   29   27   26   25   24   23   21   20   19   18   17   16   15   14   13   12   11   10    9    8    7    6    5    4    3    2    1    1    1    1    2    2    1    4    2   11    2    5    9    8   14   16   19   28   54   51   72  105  138  281  624  510  182   48    8
30   37   36   30   29   27   26   25   24   23   22   21   20   19   18   17   16   15   14   13   12   11   10    9    8    7    6    5    4    3    2    1    1    1    1    1    2    1    4    2    1   10    1    7    8    6   16   14   19   27   49   53   69  102  138  260  607  506  207   53    8
30   37   35   29   27   26   25   24   23   22   21   20   19   18   17   16   15   14   13   12   11   10    9    8    7    6    5    4    3    2    1    1    1    2    1    1    2    2    3    2    7    3    8    5    9   13   12   18   31   45   48   66  104  125  261  583  505  219   60   12    1
30   37   35   29   27   26   25   24   23   22   21   20   19   18   17   16   15   14   13   12   11   10    9    8    7    6    5    4    3    2    1    1    1    2    1    1    2    2    3    1    6    5    5    7    9   13   12   18   26   44   47   59  105  124  250  546  518  233   69   14    1
28   35   28   27   25   24   23   22   21   20   19   18   17   16   15   14   13   12   11   10    9    8    7    6    5    4    3    2    1    2    2    1    1    4    1    2    5    3    5   11    5   13   14   16   22   39   50   62   96  123  233  531  515  251   77   15    1
29   34   28   27   26   25   24   23   22   21   20   19   18   17   16   15   14   13   12   11   10    9    8    7    6    5    4    3    2    1    2    1    1    1    1    3    1    3    2    5    5    9    8   13   10   18   21   32   52   56  100  118  224  498  518  269   84   19    1
27   34   28   25   24   23   22   21   20   19   18   17   16   15   14   13   12   11   10    9    8    7    6    5    4    3    2    1    2    1    2    3    2    2    3    4    3    6   11   11   10   18   17   29   53   56   97  114  210  487  497  297   93   20    2
28   33   32   28   25   24   23   22   21   20   19   18   17   16   15   14   13   12   11   10    9    8    7    6    5    4    3    2    1    1    1    1    1    1    5    2    3    4    2    5   12   11    9   18   15   26   57   54   91  118  197  462  490  303  113   21    2
27   33   31   28   24   23   22   21   20   19   18   17   16   15   14   13   12   11   10    9    8    7    6    5    4    3    2    1    1    1    1    2    3    3    3    4    1    5   11   11    8   19   14   25   52   55   85  122  182  440  488  314  123   25    2
27   32   31   27   24   23   22   21   20   19   18   17   16   15   14   13   12   11   10    9    8    7    6    5    4    3    2    1    1    1    1    2    2    3    3    4    1    5    9   14    8   15   14   21   53   54   79  122  176  420  477  325  132   31    2
26   31   27   24   23   22   21   20   19   18   17   16   15   14   13   12   11   10    9    8    7    6    5    4    3    2    1    2    1    2    2    3    3    3    2    5    6   14   10   14   11   25   46   53   76  121  166  409  465  333  142   34    2
26   30   26   24   23   22   21   20   19   18   17   16   15   14   13   12   11   10    9    8    7    6    5    4    3    2    1    2    1    2    2    1    3    3    1    5    4   10   12   14   12   22   44   51   70  116  166  385  456  344  158   37    4
27   30   29   26   24   23   22   21   20   19   18   17   16   15   14   13   12   11   10    9    8    7    6    5    4    3    2    1    1    1    1    1    2    1    4    2    1    5    1   13   10    9   12   26   41   45   70  110  164  350  474  350  159   41    5
26   30   29   26   23   22   21   20   19   18   17   16   15   14   13   12   11   10    9    8    7    6    5    4    3    2    1    1    1    1    3    1    4    1    2    4    1   12   11   10   10   27   34   41   71   95  168  334  465  354  170   47    6
26   30   28   26   23   22   21   20   19   18   17   16   15   14   13   12   11   10    9    8    7    6    5    4    3    2    1    1    1    1    3    1    4    1    2    4    1    8   10   10   14   23   31   46   63   89  159  316  464  355  182   52    7
26   30   28   26   23   22   21   20   19   18   17   16   15   14   13   12   11   10    9    8    7    6    5    4    3    2    1    1    1    1    2    1    2    3    3    3    2    7    8   11   15   17   30   47   61   85  156  307  444  358  195   55    8
25   29   27   26   23   22   20   19   18   17   16   15   14   13   12   11   10    9    8    7    6    5    4    3    2    1    1    1    1    2    1    3    4    2    1    9    7   10   14   15   31   42   58   82  149  295  433  365  198   61   13
25   29   27   26   23   22   20   19   18   17   16   15   14   13   12   11   10    9    8    7    6    5    4    3    2    1    1    1    1    2    1    3    4    2    1    7    8   10   13   17   29   42   57   73  146  284  415  369  202   72   13
24   29   27   23   22   20   19   18   17   16   15   14   13   12   11   10    9    8    7    6    5    4    3    2    1    1    1    2    1    3    3    3    1    6    7   10   11   17   27   39   58   68  136  273  403  365  218   82   12
24   29   27   23   22   20   19   18   17   16   15   14   13   12   11   10    9    8    7    6    5    4    3    2    1    1    1    1    2    1    3    5    1    5    7    8   11   13   26   41   53   65  134  264  384  361  234   87   14
24   29   27   23   22   20   19   18   17   16   15   14   13   12   11   10    9    8    7    6    5    4    3    2    1    1    1    1    2    1    3    4    2    4    7    9    8   14   24   38   57   63  121  255  367  366  237   95   17
25   29   27   23   22   21   20   19   18   17   16   15   14   13   12   11   10    9    8    7    6    5    4    3    2    1    1    1    1    1    1    1    2    5    2    4    4    9    8   13   28   34   55   60  110  240  367  367  233  104   21
24   29   27   23   21   20   19   18   17   16   15   14   13   12   11   10    9    8    7    6    5    4    3    2    1    1    1    1    1    1    2    4    2    4    4    8    8   13   27   29   53   59  102  220  363  363  244  114   23
23   29   27   22   20   19   18   17   16   15   14   13   12   11   10    9    8    7    6    5    4    3    2    1    1    1    1    2    2    3    1    5    5    6    8   13   27   27   55   54   99  215  336  372  241  123   24
23   29   26   22   20   19   18   17   16   15   14   13   12   11   10    9    8    7    6    5    4    3    2    1    1    1    1    1    2    4    1    4    5    5    8   12   29   25   45   59   90  203  328  360  252  129   31
22   28   24   22   19   18   17   16   15   14   13   12   11   10    9    8    7    6    5    4    3    2    1    1    1    1    3    2    2    4    6    5    7   10   28   22   41   56   86  189  319  352  264  136   36
22   28   24   22   19   18   17   16   15   14   13   12   11   10    9    8    7    6    5    4    3    2    1    1    1    1    3    2    2    3    6    6    6   10   24   24   39   51   85  175  311  352  265  140   39
22   28   24   21   19   18   17   16   15   14   13   12   11   10    9    8    7    6    5    4    3    2    1    1    1    1    2    3    2    3    6    6    3   12   23   23   36   45   87  168  295  355  262  144   43
22   27   24   20   19   18   17   16   15   14   13   12   11   10    9    8    7    6    5    4    3    2    1    1    1    1    1    4    1    1    7    7    2   12   19   23   33   43   83  161  287  344  268  147   50
20   26   23   19   17   16   15   14   13   12   11   10    9    8    7    6    5    4    3    2    1    1    1    1    3    2    5    7    1   12   15   24   32   45   70  157  270  327  281  162   53
20   26   23   19   17   16   15   14   13   12   11   10    9    8    7    6    5    4    3    2    1    1    1    1    2    3    3    8    1    9   17   20   29   42   67  141  265  321  283  171   57
20   26   23   18   17   16   15   14   13   12   11   10    9    8    7    6    5    4    3    2    1    1    1    1    2    2    3    4    6    7   17   19   28   37   66  135  244  320  290  173   61
20   26   23   18   17   16   15   14   13   12   11   10    9    8    7    6    5    4    3    2    1    1    1    1    2    2    3    3    6    6   14   18   29   31   64  127  241  309  294  177   62
19   26   23   17   16   15   14   13   12   11   10    9    8    7    6    5    4    3    2    1    1    1    2    2    4    2    7    6   11   18   30   26   63  120  222  311  296  181   62
19   25   23   17   16   15   14   13   12   11   10    9    8    7    6    5    4    3    2    1    1    1    1    1    4    2    7    5   11   14   34   24   58  107  217  294  307  186   65
19   25   22   17   16   15   14   13   12   11   10    9    8    7    6    5    4    3    2    1    1    1    1    1    2    4    5    4   12   14   32   20   48  109  201  296  302  188   70
18   25   22   17   15   14   13   12   11   10    9    8    7    6    5    4    3    2    1    1    1    1    3    3    4    5    9   16   30   20   44  108  182  279  309  197   75
18   25   21   16   15   14   13   12   11   10    9    8    7    6    5    4    3    2    1    1    1    1    2    4    3    5   10    9   33   22   42  105  165  268  299  211   80
18   25   21   16   15   14   13   12   11   10    9    8    7    6    5    4    3    2    1    1    1    1    1    4    4    5    9    8   30   24   37   96  161  263  291  215   81
16   24   21   14   13   12   11   10    9    8    7    6    5    4    3    2    1    1    1    5    4    4    8    9   29   24   31   93  160  250  289  217   82
16   23   21   14   13   12   11   10    9    8    7    6    5    4    3    2    1    1    1    5    4    3    8    9   26   24   33   89  150  239  284  218   87
16   23   21   14   13   12   11   10    9    8    7    6    5    4    3    2    1    1    1    4    4    4    7    8   24   25   30   85  142  226  280  224   87
16   21   20   14   13   12   11   10    9    8    7    6    5    4    3    2    1    1    1    3    4    4    6    5   25   25   25   83  134  220  271  229   90
16   21   20   14   13   12   11   10    9    8    7    6    5    4    3    2    1    1    1    3    4    4    3    7   20   27   27   71  129  211  262  230  100
16   20   18   14   13   12   11   10    9    8    7    6    5    4    3    2    1    1    1    2    4    2    5    6   19   26   27   66  120  203  255  236  100
16   20   17   14   13   12   11   10    9    8    7    6    5    4    3    2    1    1    1    1    3    3    5    7   17   23   28   60  113  190  251  233  108
15   20   16   13   12   11   10    9    8    7    6    5    4    3    2    1    1    1    4    2    6    5   15   24   25   60   98  179  247  239  113
15   19   16   13   12   11   10    9    8    7    6    5    4    3    2    1    1    1    4    2    4    7   10   21   26   58   89  173  234  249  116
15   18   16   13   12   11   10    9    8    7    6    5    4    3    2    1    1    1    4    2    4    6    8   22   28   55   86  159  215  260  119
15   18   16   13   12   11   10    9    8    7    6    5    4    3    2    1    1    1    1    5    3    6    9   21   23   53   76  155  206  246  132
15   18   16   13   12   11   10    9    8    7    6    5    4    3    2    1    1    1    1    4    3    5   10   13   26   47   70  147  201  242  139
15   18   15   13   12   11   10    9    8    7    6    5    4    3    2    1    1    1    1    2    3    5    8   12   25   43   62  133  200  236  148
14   18   14   12   11   10    9    8    7    6    5    4    3    2    1    1    1    2    4    3    5    7   26   41   51  132  187  231  155
14   18   14   12   11   10    9    8    7    6    5    4    3    2    1    1    1    1    3    5    3    7   19   42   50  122  182  221  155
14   18   14   12   11   10    9    8    7    6    5    4    3    2    1    1    1    1    3    4    2    8   19   37   51  114  174  219  151
14   18   14   12   11   10    9    8    7    6    5    4    3    2    1    1    1    1    2    3    2   10   17   32   52   94  167  198  146
14   18   14   12   11   10    9    8    7    6    5    4    3    2    1    1    1    1    1    3    3    8   17   25   52   90  161  200  138
14   17   14   12   11   10    9    8    7    6    5    4    3    2    1    1    1    1    1    3    3    5   15   26   42   84  155  190  137
14   16   13   12   11   10    9    8    7    6    5    4    3    2    1    1    1    1    1    1    4    4   14   25   35   76  144  189  127
12   15   12   10    9    8    7    6    5    4    3    2    1    1    1    2    2    4   12   23   33   60  136  192  124
12   15   12   10    9    8    7    6    5    4    3    2    1    1    1    1    1    5    9   19   31   55  118  180  124
12   13   12   10    9    8    7    6    5    4    3    2    1    1    1    1    1    4    7   18   29   51  114  166  122
10   11    9    8    7    6    5    4    3    2    1    1    2    3    7   13   26   44  107  145  117
10   11    9    8    7    6    5    4    3    2    1    1    1    4    4   11   21   40   95  138  116
 9   11    8    7    6    5    4    3    2    1    1    3    5   10   19   35   79  145  110
 8    8    7    6    5    4    3    2    1    3    3   10   13   32   67  134   99
 8    8    7    6    5    4    3    2    1    2    2    9   16   27   58  119   90
 8    8    7    6    5    4    3    2    1    1    2    6    5   17   29   68   52
 8    8    7    6    5    4    3    2    1    1    1    6    5   13   24   49   48
 7    7    6    5    4    3    2    1    1    2    2    9   14   30   27
 7    7    6    5    4    3    2    1    1    1    3    8    8   28   22
 6    6    5    4    3    2    1    1    3    4    5   19   20
 6    6    5    4    3    2    1    1    3    4    5   19   20
 6    6    5    4    3    2    1    1    3    4    5   18   20
 5    5    4    3    2    1    3    2    3   11   14
 5    5    4    3    2    1    3    2    3   11   14
 5    5    4    3    2    1    2    1    4    7   12
 5    5    4    3    2    1    2    1    3    8   11
 4    5    3    2    1    1    1    3    6
 3    3    2    1    2    3    4
 2    2    1    4    2
 3    3    2    1    1    1    3
 3    3    2    1    1    1    3
 3    4    2    1    1    2    2
 3    4    2    1    1    2    2
 3    3    2    1    1    2    1
