# n  list(x)  list(y)
12   15   14   13   12   11   10    9    8    7    6    5    4    1    3    5   27   98  224  437  761  491  311  138    4
12   15   14   13   12   11   10    9    8    7    6    5    4    1    2    5   27   84  215  429  707  516  342  137   10
12   15   14   13   12   11   10    9    8    7    6    5    4    1    1    5   21   81  207  392  689  516  378  147   12
12   15   14   13   12   11   10    9    8    7    6    5    4    1    1    4   18   76  186  389  654  525  396  153   22
11   14   13   12   11   10    9    8    7    6    5    4    1    5   16   67  175  355  648  531  409  164   29
12   14   13   12   11   10    9    8    7    6    5    4    3    1    3   16   64  166  343  604  548  413  178   37    2
12   14   13   12   11   10    9    8    7    6    5    4    3    1    3   14   61  148  335  581  559  414  183   46    5
12   14   13   12   11   10    9    8    7    6    5    4    3    1    3   13   51  143  314  564  542  440  194   52    8
12   14   13   12   11   10    9    8    7    6    5    4    3    1    2   12   49  127  297  540  547  449  206   59   11
12   14   13   12   11   10    9    8    7    6    5    4    3    1    2   11   46  113  284  524  545  447  217   73   12
12   14   13   12   11   10    9    8    7    6    5    4    3    1    2    9   41  102  264  497  552  457  229   84   12
12   14   13   12   11   10    9    8    7    6    5    4    3    1    1   10   35   91  251  468  543  471  244   94   16
12   14   13   12   11   10    9    8    7    6    5    4    3    1    1    6   34   86  237  454  528  472  255  107   19
13   14   13   12   11   10    9    8    7    6    5    4    3    2    1    1    6   29   75  227  433  522  477  263  120   20    1
13   14   13   12   11   10    9    8    7    6    5    4    3    2    1    1    3   24   72  218  406  501  480  291  128   23    2
12   13   12   11   10    9    8    7    6    5    4    3    2    1    1   21   68  206  379  502  474  302  141   28    2
12   13   12   11   10    9    8    7    6    5    4    3    2    1    1   19   61  187  362  496  470  314  156   29    4
12   13   12   11   10    9    8    7    6    5    4    3    2    1    1   17   59  166  357  464  490  313  162   37    8
11   13   11   10    9    8    7    6    5    4    3    2    1   18   46  162  343  436  498  313  174   50    9
12   13   11   10    9    8    7    6    5    4    3    2    1    1   14   41  145  320  429  504  326  177   57    9    2
11   11   10    9    8    7    6    5    4    3    2    1   11   38  136  292  415  504  340  190   60   12    2
11   11   10    9    8    7    6    5    4    3    2    1   10   38  119  271  394  511  351  204   60   15    2
11   11   10    9    8    7    6    5    4    3    2    1    9   35  106  248  394  486  369  213   72   16    2
11   11   10    9    8    7    6    5    4    3    2    1    8   33   96  240  371  482  372  220   82   18    3
11   11   10    9    8    7    6    5    4    3    2    1    8   31   91  226  361  467  377  226   90   20    3
11   11   10    9    8    7    6    5    4    3    2    1    7   24   86  214  351  445  386  234   96   28    4
11   11   10    9    8    7    6    5    4    3    2    1    6   17   82  204  337  423  396  238  110   32    5
11   11   10    9    8    7    6    5    4    3    2    1    5   16   72  193  309  415  402  253  121   34    5
11   11   10    9    8    7    6    5    4    3    2    1    4   16   64  179  289  414  397  262  133   37    5
11   11   10    9    8    7    6    5    4    3    2    1    4   14   60  168  272  400  388  277  142   44    6
11   11   10    9    8    7    6    5    4    3    2    1    3   12   54  152  260  386  399  288  137   52    7
11   11   10    9    8    7    6    5    4    3    2    1    3   10   49  141  253  375  392  293  144   58    7
11   11   10    9    8    7    6    5    4    3    2    1    3    9   42  140  239  337  413  298  149   62    8
11   11   10    9    8    7    6    5    4    3    2    1    2    9   33  125  237  332  396  307  160   64   10
11   11   10    9    8    7    6    5    4    3    2    1    2    8   33  111  215  331  384  317  171   67   11
11   11   10    9    8    7    6    5    4    3    2    1    2    7   28  107  200  321  373  319  182   73   13
11   11   10    9    8    7    6    5    4    3    2    1    2    6   24   99  195  313  360  320  191   72   16
11   11   10    9    8    7    6    5    4    3    2    1    2    5   21   85  184  302  350  325  203   78   18
11   11   10    9    8    7    6    5    4    3    2    1    1    5   21   69  169  298  338  334  212   81   17
10   10    9    8    7    6    5    4    3    2    1    6   19   61  158  279  335  339  214   87   22
10   10    9    8    7    6    5    4    3    2    1    5   18   54  144  270  318  347  222   95   22
10   10    9    8    7    6    5    4    3    2    1    5   16   47  129  255  302  360  231  100   26
10   10    9    8    7    6    5    4    3    2    1    5   14   41  119  249  290  354  243  101   30
10   10    9    8    7    6    5    4    3    2    1    4   12   39  103  244  278  345  258  107   31
10   10    9    8    7    6    5    4    3    2    1    4   10   36   88  237  268  351  254  119   30
10   10    9    8    7    6    5    4    3    2    1    3   10   35   78  216  267  344  253  127   36
10   10    9    8    7    6    5    4    3    2    1    2   11   28   68  207  260  340  257  135   36
10   10    9    8    7    6    5    4    3    2    1    1    9   28   61  194  237  348  255  143   42
10   10    9    8    7    6    5    4    3    2    1    1    7   27   50  174  242  329  264  155   43
10   10    9    8    7    6    5    4    3    2    1    1    4   22   52  155  229  330  269  159   46
10   10    9    8    7    6    5    4    3    2    1    1    3   19   48  145  219  317  269  174   45
 9    9    8    7    6    5    4    3    2    1    4   14   38  136  206  309  273  185   51
 9    9    8    7    6    5    4    3    2    1    4   13   35  124  201  293  272  194   56
 9    9    8    7    6    5    4    3    2    1    3   12   28  109  186  297  265  204   58
 8    8    7    6    5    4    3    2    1   11   26   92  177  284  272  211   63
 8    8    7    6    5    4    3    2    1   10   22   89  169  262  277  207   72
 8    8    7    6    5    4    3    2    1    6   21   82  155  251  282  206   76
 8    8    7    6    5    4    3    2    1    6   20   75  144  228  289  206   85
 8    8    7    6    5    4    3    2    1    6   12   71  128  215  283  203   93
 8    8    7    6    5    4    3    2    1    5   10   62  114  208  280  206   98
 8    8    7    6    5    4    3    2    1    3   12   53  109  200  263  212  102
 8    8    7    6    5    4    3    2    1    3    8   55  100  190  260  203  106
 8    8    7    6    5    4    3    2    1    3    7   46   91  178  253  204  103
 8    8    7    6    5    4    3    2    1    3    6   46   83  164  245  197  108
 8    8    7    6    5    4    3    2    1    3    4   40   79  158  235  201  102
 8    8    7    6    5    4    3    2    1    3    3   31   72  152  224  204  103
 8    8    7    6    5    4    3    2    1    1    1   26   64  133  207  206  106
 7    7    6    5    4    3    2    1    2   23   60  121  189  212  103
 7    7    6    5    4    3    2    1    2   21   57  108  175  210  102
 7    7    6    5    4    3    2    1    2   17   48   85  130  145   80
 7    7    6    5    4    3    2    1    1   11   35   72  106  123   68
 6    6    5    4    3    2    1    8   29   64  100  120   65
 6    6    5    4    3    2    1    4   26   58   94  118   62
 6    6    5    4    3    2    1    3   19   59   87  111   60
 6    6    5    4    3    2    1    2   16   49   75   99   47
 6    6    5    4    3    2    1    2   15   44   67   92   46
 5    5    4    3    2    1   13   29   54   65   37
 5    5    4    3    2    1    8   28   54   56   34
 5    5    4    3    2    1    2    9   21   23   21
 5    5    4    3    2    1    2    8   22   22   20
 5    5    4    3    2    1    1    4   20   15   15
 4    4    3    2    1    5   18   13   16
 4    4    3    2    1    3    5   14    5
 4    4    3    2    1    3    5   14    5
 4    4    3    2    1    3    5   10    5
 4    4    3    2    1    3    5   10    5
 4    4    3    2    1    3    4    5    4
 3    3    2    1    5    6    3
 3    3    2    1    5    5    3
 3    3    2    1    3    6    3
 3    3    2    1    2    7    2
 3    4    2    1    1    4    4
 3    4    2    1    1    3    4
 3    3    2    1    1    2    3
 2    2    1    3    2
 2    3    1    1    3
 2    2    1    2    2
