# n  list(x)  list(y)
43   76   69   65   53   50   49   46   43   40   39   38   37   35   33   32   31   30   29   28   27   26   25   24   23   22   21   20   19   18   17   16   15   14   13   12   11   10    9    8    7    6    5    4    1    1    1    1    1    1    1    1    1    1    1    2    1    2    2    2    3    4    1    7    3    6    1   10    5   11    9   12    8   20   13   17   29   42   52   59   77  107  155  317 1357  151    4
42   76   66   65   53   50   49   46   42   40   39   38   37   34   32   31   30   29   28   27   26   25   24   23   22   21   20   19   18   17   16   15   14   13   12   11   10    9    8    7    6    5    4    1    1    1    1    1    1    1    1    1    1    1    2    1    2    3    4    3    2    6    3    6    1    9    4   10    9   10   12   19   12   14   31   39   54   59   70  106  146  313 1273  231   10
41   75   66   64   52   50   48   45   40   39   37   36   34   32   31   30   29   28   27   26   25   24   23   22   21   20   19   18   17   16   15   14   13   12   11   10    9    8    7    6    5    4    1    1    1    1    1    1    1    2    1    2    1    1    2    2    5    2    3    6    2    7    1    6    6    6   13    8   10   21   14   12   30   35   51   60   68  102  135  305 1209  291   24
39   75   66   64   50   48   44   40   39   36   33   32   31   30   29   28   27   26   25   23   22   21   20   19   18   17   16   15   14   13   12   11   10    9    8    7    6    5    4    3    1    1    1    2    1    1    2    1    3    1    2    2    2    5    2    5    3    8    4    7    8   11    8   10   19   12   11   30   37   46   60   71   95  136  297 1135  343   41    1
41   74   66   64   49   48   44   40   39   36   35   34   33   32   31   30   29   28   27   26   25   23   22   21   20   19   18   17   16   15   14   13   12   11   10    9    8    7    6    5    4    3    1    1    1    2    1    1    2    1    1    1    1    1    2    2    1    5    2    5    4    8    2    7    8   10    9    8   18   16   11   26   37   44   61   65   92  132  290 1077  385   57    2
42   72   66   64   48   47   44   40   39   38   36   35   33   32   31   30   29   28   27   26   25   24   23   22   21   20   19   18   17   16   15   14   13   12   11   10    9    8    7    6    5    4    3    1    1    1    2    1    1    1    1    1    1    1    2    2    2    1    3    4    3    6    7    1    1    7    9    7    9   10   15   18   12   23   34   48   61   59   87  133  272 1024  428   73    2
42   71   66   64   48   47   46   43   40   39   37   36   35   33   32   31   30   29   28   27   26   25   23   22   21   20   19   18   17   16   15   14   13   12   11   10    9    8    7    6    5    4    3    1    1    1    1    1    1    1    1    1    1    1    1    2    2    1    2    2    3    4    4   10    2    5   11    6    6   11   15   15   13   23   34   50   52   63   86  128  263  973  462   87    3
42   71   65   64   48   47   46   42   40   38   37   35   34   33   32   30   29   28   27   26   25   24   23   22   21   20   19   18   17   16   15   14   13   12   11   10    9    8    7    6    5    4    3    1    1    1    1    1    1    1    1    1    1    1    1    1    3    1    1    2    6    2    7    6    2    4    8    6    7    9   12   16   14   19   33   50   53   64   80  117  258  912  503  111    6
42   71   65   64   47   46   45   42   40   38   37   35   33   32   31   30   29   28   27   26   25   24   23   22   21   20   19   18   17   16   15   14   13   12   11   10    9    8    7    6    5    4    3    1    1    1    1    1    1    1    1    1    1    1    1    3    1    1    1    2    4    3    8    5    2    4    8    6    7   10   12   15   14   15   32   51   49   61   74  118  247  860  529  135   11
41   71   65   64   47   46   44   42   40   38   37   34   32   31   30   29   28   27   26   25   24   23   22   21   20   19   18   17   16   15   14   13   12   11   10    9    8    7    6    5    4    3    1    1    1    1    1    1    1    1    1    1    1    2    2    2    1    2    2    4    9    5    1    5    8    6    6    8   12   15   16   15   29   51   47   63   73  108  241  824  531  158   18
39   71   63   46   44   42   39   36   33   32   31   30   29   28   27   26   25   24   23   22   21   20   19   18   17   16   15   14   13   12   11   10    9    8    7    6    5    4    3    2    1    2    1    2    1    1    2    1    1    2    2    2    2    1    3    8    5    3    4    7    7    5    8    8   18   13   18   27   49   43   59   75  102  230  784  546  181   25    1
40   71   63   62   46   44   40   39   36   35   33   31   30   29   28   27   26   25   24   23   22   21   20   19   18   17   16   15   14   13   12   11   10    9    8    7    6    5    4    3    2    1    1    1    1    2    1    1    1    1    1    3    1    3    2    1    3    8    5    3    3    6    7    5    8    9   15   13   19   25   43   49   57   72  102  220  743  552  198   38    1
40   70   63   62   45   44   40   39   36   35   32   31   30   29   28   27   26   25   24   23   22   21   20   19   18   17   16   15   14   13   12   11   10    9    8    7    6    5    4    3    2    1    1    1    1    2    1    1    1    1    1    2    2    3    2    1    1    6    6    2    5    4   10    4    7    8   14   16   18   18   42   50   49   70  102  208  706  570  216   44    3
37   69   63   61   45   44   40   37   36   35   31   29   27   26   25   24   23   22   21   20   19   18   17   16   15   14   13   12   11   10    9    8    7    6    5    4    3    2    1    1    1    1    2    1    1    1    1    3    5    2    1    4    4    5    5    3    7    7    4    8   15   14   21   18   34   47   49   64  105  197  660  580  243   55    5
37   68   61   45   44   40   37   36   32   31   29   28   27   26   25   24   23   22   21   20   19   18   17   16   15   14   13   12   11   10    9    8    7    6    5    4    3    2    1    2    1    2    1    1    1    1    3    3    1    3    1    4    2    5    6    2    7    9    4    6   12   13   21   17   35   41   47   66  103  188  616  585  267   67    6
38   66   61   59   45   44   43   39   37   35   32   31   29   28   27   26   25   24   23   22   20   19   18   17   16   15   14   13   12   11   10    9    8    7    6    5    4    3    2    1    1    1    1    1    1    1    1    1    1    3    3    1    2    1    4    2    5    7    9    6    7    3   13   11   18   18   35   42   45   63  100  173  587  597  274   79    7
38   65   60   59   44   43   39   37   35   32   31   30   29   28   27   26   25   24   23   22   20   19   18   17   16   15   14   13   12   11   10    9    8    7    6    5    4    3    2    1    1    1    1    2    1    1    1    1    1    2    2    2    2    1    2    3    5    8    6    7    7    5   11   12   15   20   34   42   43   54  101  168  547  599  290   92    9
39   65   60   59   44   43   39   36   35   32   31   30   29   28   27   26   25   24   23   22   21   20   19   18   17   16   15   14   13   12   11   10    9    8    7    6    5    4    3    2    1    1    1    1    2    1    1    1    1    1    2    1    3    2    1    2    2    5    6    1    8    5    8    5   11   12   13   21   32   40   44   53   94  159  520  580  331   91   12
39   63   60   59   43   42   39   35   34   32   31   30   29   28   27   26   25   24   23   22   21   20   19   18   17   16   15   14   13   12   11   10    9    8    7    6    5    4    3    2    1    1    1    2    1    1    1    1    1    1    1    2    1    4    1    2    2    4    4    2    5    8    9    4   10   10   15   20   31   38   42   52   95  151  491  572  350   96   17
38   63   59   57   43   42   39   34   31   30   29   28   27   26   25   24   23   22   21   20   19   18   17   16   15   14   13   12   11   10    9    8    7    6    5    4    3    2    1    1    1    1    1    2    1    2    1    1    2    2    3    1    3    2    3    3    3    5    8    9    4   11   10   12   21   28   37   41   49   96  142  463  581  344  111   19    1
36   62   59   57   42   39   34   33   30   28   27   26   25   24   23   22   21   20   19   18   17   16   15   14   13   12   11   10    9    8    7    6    5    4    3    2    1    1    1    1    3    1    1    1    2    3    1    3    2    2    4    3    3    4    9    8    4   12    9   11   19   21   38   43   50   88  133  433  583  354  121   26    2
38   62   59   57   42   41   38   33   32   30   29   28   27   26   25   24   23   22   21   20   19   18   17   16   15   14   13   12   11   10    9    8    7    6    5    4    3    2    1    1    1    1    2    1    1    1    1    1    1    2    2    3    2    2    4    3    2    5    7    9    4   12    9   11   16   18   37   41   53   86  124  398  579  374  131   27    3
37   61   58   55   42   40   37   33   32   29   28   27   26   25   24   23   22   21   20   19   18   17   16   15   14   13   12   11   10    9    8    7    6    5    4    3    2    1    1    1    1    2    1    1    1    1    2    2    1    2    3    3    2    5    1    5    6    8    3   14    7   14   12   22   31   39   54   82  116  381  559  393  138   33    3
35   61   57   54   41   40   37   33   31   29   28   26   25   24   23   22   20   19   18   17   16   15   14   13   12   11   10    9    8    7    6    5    4    3    2    1    1    1    1    1    2    1    1    1    1    3    1    5    2    3    3    5    7    9    4   12    7   11   13   23   33   35   55   80  111  365  551  384  152   37    4
34   61   57   52   40   37   33   31   29   28   27   26   25   23   22   20   19   18   17   16   15   14   13   12   11   10    9    8    7    6    5    4    3    2    1    1    1    1    2    1    1    1    1    2    1    1    4    5    3    5    7    7    7    9    8    9   13   20   33   35   49   80  112  342  521  405  159   47    7
35   61   55   51   40   39   37   33   31   29   28   27   25   24   23   22   20   19   18   17   16   15   14   13   12   11   10    9    8    7    6    5    4    3    2    1    1    1    1    1    1    1    1    1    1    1    1    3    2    4    3    3    6    9    6    8   10    9   12   19   31   34   43   78  108  322  494  420  182   50    8
34   60   55   51   40   38   37   32   31   28   27   25   24   23   22   20   19   18   17   16   15   14   13   12   11   10    9    8    7    6    5    4    3    2    1    1    1    1    1    1    1    1    1    2    1    2    3    3    4    3    5    8    6    7   11    8   13   17   26   38   42   73  106  302  489  411  196   58    8
34   59   55   50   39   37   36   31   29   28   25   24   23   22   21   20   19   18   17   16   15   14   13   12   11   10    9    8    7    6    5    4    3    2    1    1    1    1    1    1    1    1    1    2    2    2    3    2    2    2    6    6    7    7    8    9   16   15   24   35   43   70  107  266  485  420  203   67    8
33   59   55   48   38   36   35   31   28   25   24   23   22   21   20   19   18   17   16   15   14   13   12   11   10    9    8    7    6    5    4    3    2    1    1    1    1    1    1    1    1    3    1    3    3    2    2    1    7    3    9    4    9    8   17   15   22   34   42   67  103  254  458  430  218   67   11
33   57   54   47   38   35   34   31   28   25   24   23   22   21   20   19   18   17   16   15   14   13   12   11   10    9    8    7    6    5    4    3    2    1    1    1    1    1    1    1    1    3    1    1    4    2    2    1    4    6    8    5    7    9   13   18   17   34   44   67   96  240  440  432  224   79   10
34   56   53   46   37   35   34   31   28   27   25   24   23   22   21   20   19   18   17   16   15   14   13   12   11   10    9    8    7    6    5    4    3    2    1    1    1    1    1    1    1    1    1    2    1    1    2    3    3    1    3    6    7    6    7    7   11   22   14   31   45   66   94  223  428  431  229   86   12
33   55   50   45   37   34   33   31   27   26   25   23   22   21   20   19   18   17   16   15   14   13   12   11   10    9    8    7    6    5    4    3    2    1    1    1    1    1    1    1    1    2    1    1    2    3    3    2    3    5    5    7    8    8   10   18   12   35   38   70   81  218  419  426  237   91   12
32   53   49   36   33   32   31   27   26   24   23   22   21   20   19   18   17   16   15   14   13   12   11   10    9    8    7    6    5    4    3    2    1    1    1    1    1    1    1    2    1    1    1    3    4    2    3    5    3    6   11    6    8   17   13   30   39   59   87  202  402  411  264   98   15
32   53   49   35   33   32   30   27   26   24   23   22   21   20   19   18   17   16   15   14   13   12   11   10    9    8    7    6    5    4    3    2    1    1    1    1    1    1    1    2    1    1    1    3    3    3    3    2    6    6   10    7    6   16   15   24   41   55   86  190  390  404  272  104   17
30   53   48   35   33   32   30   26   24   22   21   20   19   18   17   16   15   14   13   12   11   10    9    8    7    6    5    4    3    2    1    1    1    1    1    1    1    2    2    2    2    4    3    3    3    6   12    5    4   14   17   25   35   54   81  176  379  401  279  114   20
29   52   47   35   32   29   26   23   22   21   20   19   18   17   16   15   14   13   12   11   10    9    8    7    6    5    4    3    2    1    1    1    1    2    1    2    2    2    2    3    3    4    1    5   13    5    3   13   12   23   39   49   79  159  362  402  292  119   23
30   52   47   34   31   29   26   25   23   22   21   20   19   18   17   16   15   14   13   12   11   10    9    8    7    6    5    4    3    2    1    1    1    1    2    1    1    1    2    2    2    2    3    4    2    4   11    6    5   10   12   23   33   52   73  155  334  408  293  128   25
28   51   46   34   31   29   25   23   21   20   19   18   17   16   15   14   13   12   11   10    9    8    7    6    5    4    3    2    1    1    1    1    2    1    1    2    3    2    3    5    2    4    9    6    5    9   10   17   36   51   69  147  318  392  312  129   34
28   51   46   33   31   27   25   23   21   20   19   18   17   16   15   14   13   12   11   10    9    8    7    6    5    4    3    2    1    1    1    1    2    1    1    2    2    3    3    5    2    2   11    5    5    8    9   18   34   49   67  136  310  370  322  139   37
27   48   33   31   27   25   22   21   20   19   18   17   16   15   14   13   12   11   10    9    8    7    6    5    4    3    2    1    1    1    2    1    1    1    3    2    3    4    3    2    7    7    3   12    8   15   33   41   65  121  290  370  332  156   36
28   48   33   31   29   26   25   22   21   20   19   18   17   16   15   14   13   12   11   10    9    8    7    6    5    4    3    2    1    1    1    1    1    1    1    1    2    2    3    4    2    4    5    4    7    9   10   14   27   44   61  112  267  370  337  164   39
28   47   33   30   29   26   24   22   21   20   19   18   17   16   15   14   13   12   11   10    9    8    7    6    5    4    3    2    1    1    1    1    1    1    1    1    1    3    1    5    3    3    4    6    6    9    6   16   25   44   58  104  248  364  333  177   46
26   47   32   29   28   25   23   21   20   18   17   16   15   14   13   12   11   10    9    8    7    6    5    4    3    2    1    1    1    1    1    1    1    2    3    4    5    2    2    9    4    8    8   13   23   40   55  102  229  356  332  190   50
25   45   31   28   25   22   20   19   18   17   16   15   14   13   12   11   10    9    8    7    6    5    4    3    2    1    1    1    2    1    1    4    1    3    3    4    2    6    6    9    5   13   21   39   55   95  213  341  335  198   58
24   31   28   25   21   20   19   18   17   16   15   14   13   12   11   10    9    8    7    6    5    4    3    2    1    1    2    1    1    3    2    2    2    4    3    5    7    7    8    9   19   38   48   93  198  331  326  221   58
24   31   27   25   21   20   19   18   17   16   15   14   13   12   11   10    9    8    7    6    5    4    3    2    1    1    2    1    1    3    2    2    2    4    3    5    6    7    6   12   17   36   47   83  196  318  325  221   63
24   31   27   25   21   20   19   18   17   16   15   14   13   12   11   10    9    8    7    6    5    4    3    2    1    1    2    1    1    3    1    2    3    3    4    4    6    7    5   13   15   36   42   82  188  304  324  216   75
23   30   26   24   20   19   18   17   16   15   14   13   12   11   10    9    8    7    6    5    4    3    2    1    1    1    1    3    2    1    2    5    2    5    5    6    7   11   16   31   41   75  179  285  323  224   83
23   30   25   23   20   19   18   17   16   15   14   13   12   11   10    9    8    7    6    5    4    3    2    1    1    1    1    1    3    2    2    4    3    4    5    5    7    9   17   27   41   69  170  281  318  226   84
22   29   25   23   19   18   17   16   15   14   13   12   11   10    9    8    7    6    5    4    3    2    1    1    1    1    3    2    2    3    3    4    5    6    6    7   16   26   38   63  168  264  315  230   91
22   26   25   22   19   18   17   16   15   14   13   12   11   10    9    8    7    6    5    4    3    2    1    1    1    1    3    1    3    1    5    3    3    7    8    6   13   25   36   63  161  253  311  233   92
22   26   25   22   19   18   17   16   15   14   13   12   11   10    9    8    7    6    5    4    3    2    1    1    1    1    3    1    3    1    5    2    4    7    7    6   13   22   36   56  148  250  307  238   91
22   25   24   22   19   18   17   16   15   14   13   12   11   10    9    8    7    6    5    4    3    2    1    1    1    1    1    1    3    3    2    3    4    5    7    7   14   19   36   51  134  246  299  234   99
21   24   20   19   18   17   16   15   14   13   12   11   10    9    8    7    6    5    4    3    2    1    2    1    1    1    1    4    3    1    5    3    7    7   11   22   33   51  122  235  298  230  103
20   23   20   19   17   16   15   14   13   12   11   10    9    8    7    6    5    4    3    2    1    2    1    1    1    3    3    3    3    3    5    9    9   16   33   45  114  224  294  238  109
20   22   20   19   17   16   15   14   13   12   11   10    9    8    7    6    5    4    3    2    1    2    1    1    1    3    2    1    5    3    5    6    9   16   32   41  101  207  281  260  109
19   22   19   17   16   15   14   13   12   11   10    9    8    7    6    5    4    3    2    1    2    2    1    3    2    1    4    3    4    5   11   15   27   44   86  202  279  252  116
17   21   19   16   15   14   13   11   10    9    8    7    6    5    4    3    2    1    1    3    3    3    1    4    5    5   12   12   26   37   85  186  270  259  117
18   21   19   16   15   14   13   12   11   10    9    8    7    6    5    4    3    2    1    1    3    1    2    3    3    1    3    4    6   14   21   40   77  170  264  265  120
18   21   19   18   16   15   14   13   11   10    9    8    7    6    5    4    3    2    1    1    1    1    2    2    2    4    4    3    7   10   19   37   66  165  256  257  130
18   19   18   16   15   14   13   12   11   10    9    8    7    6    5    4    3    2    1    1    2    1    2    2    4    1    4    3    3    8   19   29   63  144  258  255  138
17   19   18   16   15   14   13   12   11    9    8    7    6    5    4    3    2    1    1    2    1    1    3    3    1    4    6    7   17   27   61  132  246  248  143
18   19   18   17   16   14   13   12   11   10    9    8    7    6    5    4    3    2    1    1    1    1    1    2    5    1    2    2    5    6   16   21   57  121  239  256  142
18   19   18   17   16   14   13   12   11   10    9    8    7    6    5    4    3    2    1    1    1    1    1    1    4    3    2    1    4    7   12   23   50  112  235  249  139
16   18   17   16   14   13   12   10    9    8    7    6    5    4    3    2    1    1    1    2    1    3    4    3    4    5   12   23   43  108  220  249  139
16   17   16   15   13   12   11   10    9    8    7    6    5    4    3    2    1    2    1    1    4    1    3    2    4    4   13   20   36  104  212  223  143
15   17   16   13   12   11   10    9    8    7    6    5    4    3    2    1    2    1    4    2    3    1    5    3   13   16   37   85  210  217  144
15   17   15   14   13   12   10    9    8    7    6    5    4    3    2    1    1    1    1    3    3    2    4    4   10   17   34   75  197  215  142
14   17   14   13   12   10    9    8    7    6    5    4    3    2    1    1    2    3    2    3    1    7   10   13   31   70  186  202  144
15   15   14   13   12   11   10    9    8    7    6    5    4    3    2    1    1    1    2    3    1    2    1    5   11   13   28   61  174  201  146
15   15   14   13   12   11   10    9    8    7    6    5    4    3    2    1    1    1    2    3    1    2    1    3   13   12   22   49  169  189  143
15   15   14   13   12   11   10    9    8    7    6    5    4    3    2    1    1    1    2    1    2    1    2    3   12    9   20   48  155  183  132
15   15   14   13   12   11   10    9    8    7    6    5    4    3    2    1    1    1    1    1    2    2    1    3   11    9   17   41  141  190  126
13   15   13   11   10    9    8    7    6    5    4    3    2    1    1    2    2    2    2    2   10   10   16   38  128  172  119
14   14   13   12   11   10    9    8    7    6    5    4    3    2    1    1    1    1    1    2    2    3    8    8   17   30  110  163  107
13   14   13   11   10    9    8    7    6    5    4    3    2    1    1    1    1    1    2    4    7    9   15   28   96  161  104
11   13   11    9    8    7    6    5    4    3    2    1    2    1    2    4    6    7   17   24   91  154  105
11   13   12    9    8    7    6    5    4    3    2    1    1    1    1    4    6    8   14   21   83  141  111
10   10    9    8    7    6    5    4    3    2    1    1    1    1    7    5   12   27   76  127  108
10   10    9    8    7    6    5    4    3    2    1    1    1    1    6    5    9   22   62  117   94
 9    9    8    7    6    5    4    3    2    1    1    2    5    3    8   19   49  105   87
 9    9    8    7    6    5    4    3    2    1    1    2    3    3    6   17   40   81   72
 7    8    7    5    4    3    2    1    2    4    5   14   21   58   60
 6    7    5    4    3    2    1    6    3   13   16   54   55
 6    7    5    4    3    2    1    5    3   10   16   47   48
 6    7    6    4    3    2    1    2    2    3   10   28   28
 6    7    6    4    3    2    1    1    3    2    9   26   26
 6    7    6    4    3    2    1    1    3    2    6   21   23
 6    7    6    4    3    2    1    1    3    1    7   20   22
 6    6    5    4    3    2    1    2    1    1    5   11   16
 6    6    5    4    3    2    1    1    1    2    5    8   16
 5    5    4    3    2    1    2    1    3    4   11
 5    5    4    3    2    1    1    1    3    4   10
 3    3    2    1    2    1    4
 3    3    2    1    2    1    4
 3    3    2    1    2    1    4
 2    2    1    1    2
 2    2    1    1    2
 2    2    1    1    2
