# n  list(x)  list(y)
23    4    5    6    7    8    9   10   11   12   13   14   15   16   17   18   19   20   22   23   24   26   27   29    4  110  713  565  387  280  132  107   59   59   24   17    9    8    7    4    5    4    2    1    1    1    1
14    4    5    6    7    8    9   10   11   12   13   14   15   16   17   16  210  715  541  366  246  127   92   60   51   22   14    9    6
12    3    4    5    6    7    8    9   10   11   12   13   14    1   27  293  691  537  349  227  123   85   48   49   20
12    2    3    4    5    6    7    8    9   10   11   12   13    1    2   52  332  708  513  335  205  115   79   48   35
12    2    3    4    5    6    7    8    9   10   11   12   13    1    6   73  387  704  484  325  186  113   80   36    5
11    2    3    4    5    6    7    8    9   10   11   12    2    8   99  426  707  465  307  179  102   68   12
10    2    3    4    5    6    7    8    9   10   11    2   12  125  463  700  462  271  184   92   39
10    2    3    4    5    6    7    8    9   10   11    3   16  153  506  674  463  251  175   76    8
 9    2    3    4    5    6    7    8    9   10    4   25  169  554  671  431  239  156   51
 9    2    3    4    5    6    7    8    9   10    5   32  198  584  655  423  229  133   16
 8    2    3    4    5    6    7    8    9    5   41  238  608  638  400  215  105
 8    2    3    4    5    6    7    8    9    6   53  277  627  621  374  193   74
 8    2    3    4    5    6    7    8    9    8   68  302  649  610  356  170   37
 9    1    2    3    4    5    6    7    8    9    1   11   80  330  677  587  340  143    6
 8    1    2    3    4    5    6    7    8    2   13   96  372  682  560  318  107
 8    1    2    3    4    5    6    7    8    2   20  109  398  703  538  288   67
 8    1    2    3    4    5    6    7    8    3   27  128  432  693  528  258   31
 7    1    2    3    4    5    6    7    5   33  151  454  699  510  223
 7    1    2    3    4    5    6    7    6   35  183  484  681  487  174
 7    1    2    3    4    5    6    7    6   50  199  520  667  443  140
 7    1    2    3    4    5    6    7    7   57  231  537  660  405  102
 7    1    2    3    4    5    6    7   10   64  253  560  654  370   61
 7    1    2    3    4    5    6    7   14   70  278  594  631  335   25
 6    1    2    3    4    5    6   15   83  303  619  614  288
 6    1    2    3    4    5    6   21   94  330  638  571  243
 6    1    2    3    4    5    6   25  113  351  652  534  197
 6    1    2    3    4    5    6   28  134  381  648  497  158
 6    1    2    3    4    5    6   34  146  412  650  460  117
 6    1    2    3    4    5    6   38  169  423  668  417   77
 6    1    2    3    4    5    6   38  190  449  678  379   32
 5    1    2    3    4    5   45  212  477  665  342
 5    1    2    3    4    5   51  244  495  629  296
 5    1    2    3    4    5   67  265  503  601  252
 5    1    2    3    4    5   77  292  513  570  208
 5    1    2    3    4    5   87  319  536  528  165
 5    1    2    3    4    5  106  352  526  498  128
 5    1    2    3    4    5  124  365  544  466   84
 5    1    2    3    4    5  133  390  562  429   41
 5    1    2    3    4    5  147  415  566  395    3
 4    1    2    3    4  166  444  542  346
 4    1    2    3    4  184  429  522  308
 4    1    2    3    4  198  419  494  269
 4    1    2    3    4  203  424  457  232
 4    1    2    3    4  221  423  443  187
 4    1    2    3    4  233  412  409  150
 4    1    2    3    4  217  397  383  112
 4    1    2    3    4  220  384  356   73
 4    1    2    3    4  226  360  324   35
 3    1    2    3  210  329  274
 3    1    2    3  175  257  217
 3    1    2    3  114  178  148
 3    1    2    3   90  158  118
 3    1    2    3   39   77   51
 3    1    2    3   21   36   21
 3    1    2    3   14   37   12
 3    1    2    3    8   23    6
 2    1    2    2   19
 2    1    2    2   19
 2    1    2    2   19
 2    1    2    2   19
 2    1    2    2   19
 2    1    2    2   19
 2    1    2    2   13
 2    1    2    2    7
