# n  list(x)  list(y)
31   42   40   38   32   31   30   28   27   26   25   24   23   22   21   20   19   18   17   16   15   14   13   12   11   10    9    8    7    6    5    4    2    1    1    2    2    2    2    2    1    4    3    7    5    3   13    7   11   17   16   36   43   42   63   86   90  150  228  399 1111  147    4
32   41   40   37   32   31   30   29   28   27   26   25   24   23   22   21   20   19   18   17   16   15   14   13   12   11   10    9    8    7    6    5    4    2    1    1    2    2    1    1    1    3    1    4    3    7    5    3    9    9    9   17   19   29   46   37   65   85   93  139  223  377 1072  200    9
30   41   40   37   31   29   28   27   26   25   24   23   22   21   20   19   18   17   16   15   14   13   12   11   10    9    8    7    6    5    4    2    1    1    4    2    1    1    3    2    5    7    4    2    6   14    7   17   15   33   37   43   62   82   94  135  212  371 1019  250   18
29   41   39   37   31   30   28   26   25   24   23   22   21   20   19   18   17   16   15   14   13   12   11   10    9    8    7    6    5    4    2    1    1    2    1    3    2    3    5    5    6    2    6   13    5   17   18   31   36   38   58   85   94  129  207  350  975  301   29
32   41   39   37   31   30   29   28   27   26   25   24   23   22   21   20   19   18   17   16   15   14   13   12   11   10    9    8    7    6    5    4    3    1    2    1    1    1    1    2    1    1    2    6    2    8    1    7   13    6   11   19   30   37   37   54   79   90  134  193  341  926  359   28    6
32   41   39   38   37   31   29   28   27   25   24   23   22   21   20   19   18   17   16   15   14   13   12   11   10    9    8    7    6    5    4    3    2    1    1    1    1    1    2    1    1    3    3    5    6    2    6   11    7   13   17   27   34   35   51   81   86  132  182  339  876  398   44    7    1
32   41   39   38   36   31   29   28   27   25   24   23   22   21   20   19   18   17   16   15   14   13   12   11   10    9    8    7    6    5    4    3    2    1    1    1    1    1    2    1    1    1    3    4    5    5    4   10    6   15   14   28   34   30   52   73   87  124  182  316  845  429   64    9    1
32   41   38   37   35   31   29   28   27   25   24   23   22   21   20   19   18   17   16   15   14   13   12   11   10    9    8    7    6    5    4    3    2    1    1    1    1    1    2    1    1    1    2    5    4    6    4   10    4   15   11   28   33   28   57   67   82  126  177  294  809  451   89   12    1
31   41   37   35   33   31   29   28   26   24   23   22   21   20   19   18   17   16   15   14   13   12   11   10    9    8    7    6    5    4    3    2    1    1    1    1    1    1    2    1    2    4    5    4    7    9    3   16    8   29   32   25   52   66   80  125  167  286  758  486  112   14    1
32   41   36   34   33   31   29   28   27   26   24   23   22   21   20   19   18   17   16   15   14   13   12   11   10    9    8    7    6    5    4    3    2    1    1    1    1    1    1    1    1    1    2    2    7    2    6   10    1   12   12   21   34   26   49   57   86  117  162  279  725  510  125   19    2
33   40   35   34   33   31   29   28   27   26   24   23   22   21   20   19   18   17   16   15   14   13   12   11   10    9    8    7    6    5    4    3    2    1    1    1    1    1    1    1    1    1    1    2    2    7    2    5   11    1   10    9   22   33   27   49   55   83  114  151  270  690  532  140   21    4    1
32   40   35   34   33   31   29   28   27   26   24   23   22   21   20   19   18   17   16   15   14   13   12   11   10    9    8    7    6    5    4    3    2    1    1    1    1    1    1    1    1    1    1    2    5    2    2   13    4    6    8   21   32   23   43   63   77  114  141  262  654  555  159   24    4
32   40   35   33   32   31   29   28   27   25   24   23   22   21   20   19   18   17   16   15   14   13   12   11   10    9    8    7    6    5    4    3    2    1    1    1    1    1    1    1    1    1    1    1    4    4    1   12    4    8    7   18   33   21   41   58   77  103  149  245  623  563  181   31    5
30   40   35   32   31   29   28   27   25   24   22   21   20   19   18   17   16   15   14   13   12   11   10    9    8    7    6    5    4    3    2    1    1    1    2    1    1    1    1    1    4    5    1    9    7    7    8   15   31   24   39   53   79   99  147  236  579  571  207   37    6
30   40   34   31   30   29   28   26   24   23   22   21   20   19   18   17   16   15   14   13   12   11   10    9    8    7    6    5    4    3    2    1    1    2    1    1    1    1    1    1    3    6    1    8    8    4    9   17   28   21   37   53   75   98  137  231  553  569  229   45    7
29   40   34   31   30   29   26   24   23   22   21   20   19   18   17   16   15   14   13   12   11   10    9    8    7    6    5    4    3    2    1    1    1    2    1    2    1    1    2    7    1    5   10    4    7   14   29   21   37   51   69   93  132  235  514  578  241   55    9
30   40   33   30   29   28   26   25   24   23   22   21   20   19   18   17   16   15   14   13   12   11   10    9    8    7    6    5    4    3    2    1    1    2    1    1    1    1    1    1    2    7    1    2   13    3    8   11   27   20   38   46   69   90  133  221  486  585  255   63    9
28   40   33   30   28   26   25   23   22   21   20   19   18   17   16   15   14   13   12   11   10    9    8    7    6    5    4    3    2    1    1    2    2    1    1    1    3    6    1    2   11    5    8    9   24   24   35   43   69   80  140  203  474  559  280   78   11
29   39   31   30   28   27   26   25   23   22   21   20   19   18   17   16   15   14   13   12   11   10    9    8    7    6    5    4    3    2    1    1    2    1    1    1    1    1    3    4    3    1   12    4    6    9   25   21   34   38   70   83  124  204  448  552  301   83   15
29   38   31   30   29   28   26   25   23   22   21   20   19   18   17   16   15   14   13   12   11   10    9    8    7    6    5    4    3    2    1    1    1    1    1    1    1    2    3    4    2    1   10    7    5    7   25   18   31   39   65   73  130  194  433  533  320   97   18
30   38   31   30   29   27   25   24   23   22   21   20   19   18   17   16   15   14   13   12   11   10    9    8    7    6    5    4    3    2    1    1    1    1    1    1    1    1    2    3    4    1    2    6   10    5    7   21   18   31   36   64   66  127  194  419  521  330  105   19    1
30   37   31   30   28   26   25   24   23   22   21   20   19   18   17   16   15   14   13   12   11   10    9    8    7    6    5    4    3    2    1    1    1    1    1    1    1    1    2    2    5    1    2    6   10    5    5   16   22   30   33   61   64  121  193  398  503  352  113   20    3
28   37   31   30   28   26   24   22   21   20   19   18   17   16   15   14   13   12   11   10    9    8    7    6    5    4    3    2    1    1    1    1    1    1    1    4    2    3    1    6    7    6    8   12   19   28   31   60   64  112  182  387  501  360  124   23    3
28   37   31   29   26   25   23   22   21   20   19   18   17   16   15   14   13   12   11   10    9    8    7    6    5    4    3    2    1    1    1    1    1    1    1    1    3    5    1    3    8    6    6   11   19   28   30   51   68  101  173  386  474  376  139   26    2
25   36   29   25   22   21   20   19   18   17   16   15   14   13   12   11   10    9    8    7    6    5    4    3    2    1    1    1    2    1    4    3    3    2    5    8    7   11   14   25   37   44   67   96  171  361  466  394  140   30    5
25   35   29   25   22   21   20   19   18   17   16   15   14   13   12   11   10    9    8    7    6    5    4    3    2    1    1    1    2    1    4    2    3    2    5    9    7   11   13   24   35   45   63   95  160  342  461  395  147   37    8
26   34   28   25   23   22   21   20   19   18   17   16   15   14   13   12   11   10    9    8    7    6    5    4    3    2    1    1    1    1    1    1    2    4    2    3    5    9    7    9   12   25   32   44   62   88  160  317  457  398  157   42    8
25   34   28   23   22   21   20   19   18   17   16   15   14   13   12   11   10    9    8    7    6    5    4    3    2    1    1    1    1    2    2    2    2    5    5    8    6    9    9   29   28   39   64   82  150  297  464  394  169   46    8
24   32   28   22   21   20   19   18   17   16   15   14   13   12   11   10    9    8    7    6    5    4    3    2    1    1    1    1    2    3    3    5    5    7    4   10    9   22   31   36   67   75  138  291  456  386  182   53    9
24   32   27   22   21   20   19   18   17   16   15   14   13   12   11   10    9    8    7    6    5    4    3    2    1    1    1    1    2    1    5    4    4    8    2   11    9   20   31   33   68   68  139  275  435  392  193   60    9
24   32   27   22   21   20   19   18   17   16   15   14   13   12   11   10    9    8    7    6    5    4    3    2    1    1    1    1    2    1    3    4    5    6    3   12    8   16   28   35   69   60  143  256  423  397  199   61   12
24   28   26   22   21   20   19   18   17   16   15   14   13   12   11   10    9    8    7    6    5    4    3    2    1    1    1    1    2    1    3    4    3    6    3   11    8   16   26   34   61   54  131  255  412  394  213   68   12
23   28   24   21   20   19   18   17   16   15   14   13   12   11   10    9    8    7    6    5    4    3    2    1    1    1    2    2    3    4    3    4    4    9    9   12   25   32   62   55  121  236  402  393  220   83   11
23   27   24   21   20   19   18   17   16   15   14   13   12   11   10    9    8    7    6    5    4    3    2    1    1    1    1    1    5    2    3    4    5    6    9   11   20   36   57   59  114  224  397  377  233   88   15
22   27   24   20   19   18   17   16   15   14   13   12   11   10    9    8    7    6    5    4    3    2    1    1    1    1    6    1    3    5    5    5    9   11   17   31   58   52  111  208  377  385  245   96   16
22   27   23   20   19   18   17   16   15   14   13   12   11   10    9    8    7    6    5    4    3    2    1    1    1    1    4    3    3    4    6    5    6   12   17   28   55   53  101  205  361  380  250  107   17
22   27   23   20   19   18   17   16   15   14   13   12   11   10    9    8    7    6    5    4    3    2    1    1    1    1    3    3    3    5    5    5    6    9   17   27   51   52  100  191  356  379  247  113   20
20   27   23   19   18   16   15   14   13   12   11   10    9    8    7    6    5    4    3    2    1    1    1    4    2    7    5    4    4   10   16   23   44   56   87  180  343  376  272  112   23
21   27   23   19   18   17   16   15   14   13   12   11   10    9    8    7    6    5    4    3    2    1    1    1    2    3    1    5    6    4    3    8   15   23   47   46   78  180  322  376  281  118   23
20   27   23   18   17   16   15   14   13   12   11   10    9    8    7    6    5    4    3    2    1    1    1    3    3    4    2    5    6    6   12   17   41   43   77  173  307  374  286  132   24
20   27   23   18   17   16   15   14   13   12   11   10    9    8    7    6    5    4    3    2    1    1    1    1    4    3    4    4    7    6    9   14   39   46   70  162  300  366  290  137   27
20   27   23   18   17   16   15   14   13   12   11   10    9    8    7    6    5    4    3    2    1    1    1    1    3    2    2    6    6    6    8   13   36   42   70  147  289  359  299  142   31
20   27   23   18   17   16   15   14   13   12   11   10    9    8    7    6    5    4    3    2    1    1    1    1    3    1    3    4    7    6    9   12   30   45   60  146  271  360  292  149   37
20   27   23   18   17   16   15   14   13   12   11   10    9    8    7    6    5    4    3    2    1    1    1    1    2    1    4    3    6    5    9   10   31   38   61  136  256  351  295  159   42
19   27   23   17   16   15   14   13   12   11   10    9    8    7    6    5    4    3    2    1    1    1    3    1    2    4    6    4    7   10   30   38   59  119  242  344  303  162   50
19   27   21   17   16   15   14   13   12   11   10    9    8    7    6    5    4    3    2    1    1    1    1    2    2    5    4    5    8    9   30   34   56  114  230  336  302  169   51
19   26   19   17   16   15   14   13   12   11   10    9    8    7    6    5    4    3    2    1    1    1    1    2    2    2    5    6    8    7   26   30   53  103  223  332  296  176   61
19   26   18   17   16   15   14   13   12   11   10    9    8    7    6    5    4    3    2    1    1    1    1    2    2    1    5    5    6    6   25   31   46  101  216  322  290  182   67
18   26   18   17   16   14   13   12   11   10    9    8    7    6    5    4    3    2    1    1    1    1    2    2    6    4    3    9   21   29   45   94  203  317  290  181   77
18   25   18   16   15   14   13   12   11   10    9    8    7    6    5    4    3    2    1    1    1    1    1    2    7    2    5    8   17   30   42   86  189  309  294  185   78
17   25   18   15   14   13   12   11   10    9    8    7    6    5    4    3    2    1    1    1    1    3    6    2    5    8   15   25   40   81  181  290  292  197   83
17   24   18   15   14   13   12   11   10    9    8    7    6    5    4    3    2    1    1    1    1    2    7    1    4    8   13   24   39   76  171  278  284  206   87
16   24   18   14   13   12   11   10    9    8    7    6    5    4    3    2    1    1    1    3    5    1    4    8   12   23   35   72  158  274  276  213   92
15   23   14   13   12   11   10    9    8    7    6    5    4    3    2    1    1    1    6    2    3    7   13   17   39   62  154  246  289  211  103
15   23   14   13   12   11   10    9    8    7    6    5    4    3    2    1    1    1    3    4    3    7   10   18   33   58  139  237  279  223  110
14   22   14   13   11   10    9    8    7    6    5    4    3    2    1    1    1    3    6    6    8   18   30   58  131  219  269  235  111
15   22   14   13   12   11   10    9    8    7    6    5    4    3    2    1    1    1    2    1    3    6    9   15   27   53  128  206  273  231  114
15   20   14   13   12   11   10    9    8    7    6    5    4    3    2    1    1    1    1    2    2    5    9   15   26   47  111  198  263  238  122
13   20   13   11   10    9    8    7    6    5    4    3    2    1    1    2    4    4    7   15   28   44  102  191  247  237  124
13   20   13   11   10    9    8    7    6    5    4    3    2    1    1    2    3    4    6   14   19   43   95  185  243  232  124
13   19   13   11   10    9    8    7    6    5    4    3    2    1    1    1    3    4    6   12   16   41   81  191  226  230  132
12   12   11   10    9    8    7    6    5    4    3    2    1    1    2    5    3   14   15   39   70  170  228  223  138
11   11   10    9    8    7    6    5    4    3    2    1    1    4    3   11   17   32   65  163  210  227  146
11   11   10    9    8    7    6    5    4    3    2    1    1    2    4    9   16   26   63  146  201  231  139
10   11    9    8    7    6    5    4    3    2    1    1    6    7   13   25   58  133  200  221  138
10   11    9    8    7    6    5    4    3    2    1    1    4    7   11   24   52  115  203  220  141
10   11    9    8    7    6    5    4    3    2    1    1    4    7    7   24   49  107  200  212  133
10   10    9    8    7    6    5    4    3    2    1    1    2    6    8   22   45  101  193  205  130
 9    9    8    7    6    5    4    3    2    1    2    5    6   16   42   93  177  202  131
 9    9    8    7    6    5    4    3    2    1    2    3    5   18   36   88  160  208  129
 9    9    8    7    6    5    4    3    2    1    1    3    5   16   32   84  145  207  125
 9    9    8    7    6    5    4    3    2    1    1    1    7   12   24   75  139  207  131
 9    9    8    7    6    5    4    3    2    1    1    1    6   10   24   59  139  194  126
 8    9    7    6    5    4    3    2    1    1    5    9   20   53  123  181  127
 8    9    7    6    5    4    3    2    1    1    3    9   18   44  111  177  117
 8    9    7    6    5    4    3    2    1    1    3    8   15   35  102  155  103
 7    7    6    5    4    3    2    1    2    5   11   19   69  105   68
 7    7    6    5    4    3    2    1    2    4   11   15   60   89   61
 7    7    6    5    4    3    2    1    2    4   10   14   60   87   56
 6    7    5    4    3    2    1    2    9   11   55   82   52
 6    7    5    4    3    2    1    1    5    8   39   46   31
 6    6    5    4    3    2    1    1    4    6   35   41   35
 6    6    5    4    3    2    1    1    4    3   30   36   32
 6    6    5    4    3    2    1    1    2    3   20   31   24
 6    6    5    4    3    2    1    1    2    2   19   27   23
 5    5    4    3    2    1    2    3   17   27   21
 5    5    4    3    2    1    1    3    6   15   11
 5    5    4    3    2    1    1    3    6   15   11
 4    4    3    2    1    2    3   11    9
 4    4    3    2    1    1    2    4    6
 3    4    2    1    1    6    4
 3    3    2    1    2    2    4
 3    3    2    1    1    3    3
 3    3    2    1    1    1    3
 2    3    1    1    3
 2    2    1    1    2
 2    2    1    1    2
 2    2    1    1    2
 2    2    1    1    2
