# n  list(x)  list(y)
17    4    5    6    7    8    9   10   11   12   13   14   15   16   17   18   19   21    3  102  562  605  460  311  200  103   65   38   22   11    7    5    1    4    1
16    4    5    6    7    8    9   10   11   12   13   14   15   16   17   19   21    6  129  561  591  450  309  187  103   54   38   19   11    6    6    4    1
18    3    4    5    6    7    8    9   10   11   12   13   14   15   16   17   18   19   21    1   11  161  556  584  439  287  186   96   46   40   16   11    5    6    1    3    1
18    3    4    5    6    7    8    9   10   11   12   13   14   15   16   17   18   19   21    1   19  192  550  564  425  283  177   93   43   36   16   11    4    6    1    3    1
17    3    4    5    6    7    8    9   10   11   12   13   14   15   16   17   19   20    2   26  214  564  542  413  275  165   82   46   30   17    9    4    7    3    1
17    3    4    5    6    7    8    9   10   11   12   13   14   15   16   17   19   20    3   36  242  558  533  390  270  151   80   45   29   16    8    6    4    3    1
18    3    4    5    6    7    8    9   10   11   12   13   14   15   16   17   18   19   20    7   44  266  558  510  388  255  140   72   49   25   15    9    6    2    1    2    1
18    3    4    5    6    7    8    9   10   11   12   13   14   15   16   17   18   19   20    9   52  293  553  492  388  235  134   65   46   26   14    8    5    1    2    1    1
17    3    4    5    6    7    8    9   10   11   12   13   14   15   16   17   18   19   11   63  324  538  474  378  219  135   59   45   24   13    8    4    1    2    2
17    3    4    5    6    7    8    9   10   11   12   13   14   15   16   17   18   19   14   75  337  542  459  358  209  131   59   42   21   11    9    3    1    3    1
18    2    3    4    5    6    7    8    9   10   11   12   13   14   15   16   17   18   19    1   18   95  343  537  457  333  207  118   56   42   21    7    8    3    1    2    1
18    2    3    4    5    6    7    8    9   10   11   12   13   14   15   16   17   18   19    2   20  106  364  544  440  317  190  111   56   36   21    5    6    3    2    1    1
18    2    3    4    5    6    7    8    9   10   11   12   13   14   15   16   17   18   19    2   25  117  382  530  429  303  178  108   54   36   19    4    6    3    2    1    1
18    2    3    4    5    6    7    8    9   10   11   12   13   14   15   16   17   18   19    4   32  128  391  517  431  289  166   97   53   33   18    5    4    3    2    1    1
17    2    3    4    5    6    7    8    9   10   11   12   13   14   15   16   17   18    5   38  140  401  506  427  271  159   89   53   30   16    4    6    1    2    2
18    1    2    3    4    5    6    7    8    9   10   11   12   13   14   15   16   17   18    1    6   50  151  397  508  401  269  149   86   50   28   14    5    5    2    1    2
17    1    2    3    4    5    6    7    8    9   10   11   12   13   14   15   16   18    1    7   55  164  398  520  375  260  142   79   48   27   12    3    5    2    2
17    1    2    3    4    5    6    7    8    9   10   11   12   13   14   15   16   17    1    6   62  177  404  505  367  252  132   79   40   27   12    2    5    3    1
17    1    2    3    4    5    6    7    8    9   10   11   12   13   14   15   16   17    1   10   66  191  401  498  368  227  129   76   37   23   12    2    5    3    1
17    1    2    3    4    5    6    7    8    9   10   11   12   13   14   15   16   17    2   16   67  209  401  486  354  222  119   72   33   23   10    5    3    2    1
17    1    2    3    4    5    6    7    8    9   10   11   12   13   14   15   16   17    3   16   76  218  412  481  338  206  111   67   30   23    9    4    4    1    1
17    1    2    3    4    5    6    7    8    9   10   11   12   13   14   15   16   17    3   21   82  231  414  466  326  191  112   60   30   22    7    5    3    1    1
17    1    2    3    4    5    6    7    8    9   10   11   12   13   14   15   16   17    3   25   88  229  439  451  311  177  115   47   28   23    6    5    1    1    1
16    1    2    3    4    5    6    7    8    9   10   11   12   13   15   16   17    3   28   95  242  444  442  291  165  116   43   26   20    7    1    1    1
16    1    2    3    4    5    6    7    8    9   10   11   12   13   15   16   17    3   31  107  252  447  421  277  160  110   42   23   17    7    1    1    1
16    1    2    3    4    5    6    7    8    9   10   11   12   13   15   16   17    4   34  116  263  435  416  268  149   99   45   20   17    6    1    1    1
14    1    2    3    4    5    6    7    8    9   10   11   12   13   15    5   41  123  269  435  397  254  148   98   43   16   16    3    2
14    1    2    3    4    5    6    7    8    9   10   11   12   13   15    7   42  135  280  424  391  238  146   93   37   17   11    3    1
14    1    2    3    4    5    6    7    8    9   10   11   12   13   15    8   49  142  288  413  382  228  146   80   34   18    9    2    1
14    1    2    3    4    5    6    7    8    9   10   11   12   13   15   10   52  152  289  414  362  223  142   73   31   15    9    2    1
14    1    2    3    4    5    6    7    8    9   10   11   12   13   15   13   56  158  297  413  345  217  128   69   28   13    9    2    1
14    1    2    3    4    5    6    7    8    9   10   11   12   13   15   16   60  167  299  404  336  211  123   62   23   11    9    2    1
14    1    2    3    4    5    6    7    8    9   10   11   12   13   15   19   66  172  312  394  320  201  118   54   24    9    7    2    1
14    1    2    3    4    5    6    7    8    9   10   11   12   13   15   23   70  178  314  389  307  191  113   49   21   11    5    2    1
14    1    2    3    4    5    6    7    8    9   10   11   12   13   15   23   77  178  326  382  290  180  108   48   18   10    5    2    1
14    1    2    3    4    5    6    7    8    9   10   11   12   13   14   26   81  184  336  380  272  177   93   42   16    9    4    2    1
14    1    2    3    4    5    6    7    8    9   10   11   12   13   14   28   85  182  360  362  260  163   90   35   17    8    4    2    1
13    1    2    3    4    5    6    7    8    9   10   11   12   13   28   94  186  357  361  241  164   78   36   17    3    5    2
13    1    2    3    4    5    6    7    8    9   10   11   12   13   29   98  200  356  352  240  142   70   35   14    3    6    1
13    1    2    3    4    5    6    7    8    9   10   11   12   13   32  108  206  349  346  235  127   65   34   10    4    4    1
13    1    2    3    4    5    6    7    8    9   10   11   12   13   34  112  210  365  328  217  120   64   28   10    3    3    1
13    1    2    3    4    5    6    7    8    9   10   11   12   13   38  119  217  361  322  203  107   62   22    9    3    3    1
13    1    2    3    4    5    6    7    8    9   10   11   12   13   38  121  230  361  318  186   96   59   20    6    3    3    1
13    1    2    3    4    5    6    7    8    9   10   11   12   13   43  124  244  360  302  182   79   54   17    6    4    2    1
13    1    2    3    4    5    6    7    8    9   10   11   12   13   45  133  253  358  288  166   73   52   13    6    3    2    1
13    1    2    3    4    5    6    7    8    9   10   11   12   13   50  129  267  348  273  157   78   43   11    7    2    2    1
13    1    2    3    4    5    6    7    8    9   10   11   12   13   46  140  281  334  254  152   72   43   10    5    2    2    1
13    1    2    3    4    5    6    7    8    9   10   11   12   13   50  139  289  328  242  143   72   33   11    4    1    2    1
13    1    2    3    4    5    6    7    8    9   10   11   12   13   48  143  294  313  239  136   67   32   10    2    1    2    1
13    1    2    3    4    5    6    7    8    9   10   11   12   13   56  145  294  299  234  121   70   29    8    2    1    2    1
13    1    2    3    4    5    6    7    8    9   10   11   12   13   59  155  301  291  224  104   67   23    7    2    1    2    1
13    1    2    3    4    5    6    7    8    9   10   11   12   13   65  165  298  280  207  103   64   17    7    2    2    1    1
12    1    2    3    4    5    6    7    8    9   10   11   13   73  170  289  279  187  102   59   16    5    2    2    1
12    1    2    3    4    5    6    7    8    9   10   11   13   80  173  298  264  173   99   49   15    3    2    2    1
12    1    2    3    4    5    6    7    8    9   10   11   12   82  173  300  261  158   88   48   12    5    1    1    1
10    1    2    3    4    5    6    7    8    9   11   83  182  288  256  152   85   42    8    5    2
10    1    2    3    4    5    6    7    8    9   11   91  187  278  249  140   77   36    9    3    2
10    1    2    3    4    5    6    7    8    9   11  102  185  270  245  131   71   30    9    3    2
10    1    2    3    4    5    6    7    8    9   11  103  188  262  240  123   64   25    8    3    2
10    1    2    3    4    5    6    7    8    9   11  103  193  268  219  113   61   25    7    1    2
11    1    2    3    4    5    6    7    8    9   10   11  109  192  272  204  101   56   22    5    1    1    1
10    1    2    3    4    5    6    7    8    9   10  107  203  261  187  102   48   19    4    1    2
10    1    2    3    4    5    6    7    8    9   10  107  216  249  171   94   41   18    3    2    1
 9    1    2    3    4    5    6    7    8    9  109  230  227  164   87   40   15    4    2
 9    1    2    3    4    5    6    7    8    9  116  231  215  151   87   32   12    4    2
 9    1    2    3    4    5    6    7    8    9  118  214  207  148   78   29   11    3    2
 9    1    2    3    4    5    6    7    8    9  123  195  202  140   68   28   11    3    2
 9    1    2    3    4    5    6    7    8    9  125  196  187  133   61   23   13    1    2
 8    1    2    3    4    5    6    7    9  126  195  186  117   55   20   12    1
 8    1    2    3    4    5    6    7    9  127  196  176  111   50   20    8    1
 8    1    2    3    4    5    6    7    9  128  190  164  107   43   14    8    1
 8    1    2    3    4    5    6    7    8  129  191  160   90   33   13    8    1
 8    1    2    3    4    5    6    7    8  126  185  150   78   28   13    4    1
 8    1    2    3    4    5    6    7    8  124  176  145   65   23   11    4    1
 8    1    2    3    4    5    6    7    8  123  170  129   58   22    8    4    1
 8    1    2    3    4    5    6    7    8  122  162  116   49   18    9    2    1
 7    1    2    3    4    5    6    7   99  144   96   39   18    7    1
 7    1    2    3    4    5    6    7   70  108   76   30   13    5    1
 7    1    2    3    4    5    6    7   50   93   60   20    9    2    1
 7    1    2    3    4    5    6    7   49   88   58   21    8    2    1
 6    1    2    3    4    5    7   43   79   44   18    8    1
 6    1    2    3    4    5    7   40   73   41   15    8    1
 6    1    2    3    4    5    7   38   72   34   14    7    1
 6    1    2    3    4    5    7   35   60   30   12    6    1
 5    1    2    3    4    5   24   38   15   11    3
 5    1    2    3    4    5   17   30    9   10    2
 5    1    2    3    4    5   14   27   11    6    1
 4    1    2    3    4   13   20    7    5
 4    1    2    3    4    9   10    5    1
 4    1    2    3    4    5    8    1    1
 4    1    2    3    4    5    8    1    1
 2    1    2    2    4
 2    1    2    2    3
 2    1    2    2    3
 3    1    2    3    2    1    2
 3    1    2    3    2    1    2
 3    1    2    3    2    1    2
 2    1    2    2    1
 2    1    2    2    1
 2    1    2    2    1
