# n  list(x)  list(y)
18   22   21   20   19   17   16   15   14   13   12   11   10    9    8    7    6    5    4    1    1    1    1    7    7   17   21   44   78  132  192  275  445  506  625  143    4
19   22   21   20   19   17   16   15   14   13   12   11   10    9    8    7    6    5    4    3    1    1    1    1    5    8   15   21   41   75  130  180  271  425  499  625  166    9    1
19   22   21   20   18   17   16   15   14   13   12   11   10    9    8    7    6    5    4    3    1    1    1    1    4    9   13   23   38   73  113  173  273  409  492  625  181   17    3
20   22   21   20   18   17   16   15   14   13   12   11   10    9    8    7    6    5    4    3    2    1    1    1    1    3   10   12   20   37   64  117  162  266  382  485  628  207   25    2    1
18   21   20   17   16   15   14   13   12   11   10    9    8    7    6    5    4    3    2    2    1    3   11    9   19   34   63  104  162  252  379  461  620  239   36    4    1
18   21   20   17   16   15   14   13   12   11   10    9    8    7    6    5    4    3    2    2    1    2   12    8   17   26   54   97  163  235  384  443  612  266   46    5    2
19   21   20   17   16   15   14   13   12   11   10    9    8    7    6    5    4    3    2    1    1    2    2   12    6   18   23   52   93  155  230  359  437  608  286   57    7    1    1
19   21   20   17   16   15   14   13   12   11   10    9    8    7    6    5    4    3    2    1    1    2    2   12    6   18   21   44   89  145  227  343  433  577  327   69    7    1    1
19   21   20   17   16   15   14   13   12   11   10    9    8    7    6    5    4    3    2    1    1    2    2   10    8   13   23   42   85  142  212  333  421  579  332   84    7    3    1
19   21   20   17   16   15   14   13   12   11   10    9    8    7    6    5    4    3    2    1    1    2    2   10    6   11   21   38   81  132  205  337  394  573  350   96   11    4    1
18   20   17   16   15   14   13   12   11   10    9    8    7    6    5    4    3    2    1    3    2   10    6    9   20   33   78  128  194  333  385  548  373  108   15    4    1
18   20   17   16   15   14   13   12   11   10    9    8    7    6    5    4    3    2    1    3    2    8    8    7   19   26   77  120  188  318  384  533  381  124   22    4    1
19   20   19   17   16   15   14   13   12   11   10    9    8    7    6    5    4    3    2    1    1    2    2    5    9    6   18   22   70  114  177  305  390  506  405  135   28    4    1
20   20   19   18   17   16   15   14   13   12   11   10    9    8    7    6    5    4    3    2    1    1    1    1    2    5    6    8   15   23   64  110  174  288  384  493  412  149   33    5    1
20   20   19   18   17   16   15   14   13   12   11   10    9    8    7    6    5    4    3    2    1    1    1    1    2    4    6    6   13   23   60  107  167  265  387  477  424  163   37    5    1
19   19   18   17   16   15   14   13   12   11   10    9    8    7    6    5    4    3    2    1    2    1    1    3    6    8   10   21   49  108  164  246  380  464  436  176   43    6    1
19   19   18   17   16   15   14   13   12   11   10    9    8    7    6    5    4    3    2    1    2    1    1    3    3   10   10   20   41  110  157  227  373  456  429  193   57    6    1
18   19   18   16   15   14   13   12   11   10    9    8    7    6    5    4    3    2    1    2    1    3    4    8   12   18   42   95  149  229  359  436  438  207   54   16    2
18   19   17   16   15   14   13   12   11   10    9    8    7    6    5    4    3    2    1    2    1    2    5    8    9   18   41   87  147  218  355  426  431  220   61   17    2
18   19   17   16   15   14   13   12   11   10    9    8    7    6    5    4    3    2    1    2    1    2    4    9    9   15   42   85  137  208  352  410  428  227   75   17    2
17   19   16   15   14   13   12   11   10    9    8    7    6    5    4    3    2    1    2    3    3    9    9   15   36   80  130  196  350  399  424  239   84   19    2
17   19   16   15   14   13   12   11   10    9    8    7    6    5    4    3    2    1    2    3    3    8   10   14   34   75  125  202  334  396  399  257   89   22    2
17   19   16   15   14   13   12   11   10    9    8    7    6    5    4    3    2    1    2    3    2    6   11   16   28   73  116  193  305  406  405  264   95   21    4
17   19   16   15   14   13   12   11   10    9    8    7    6    5    4    3    2    1    2    1    3    5   10   15   27   61  114  185  299  387  416  270  103   23    4
17   19   16   15   14   13   12   11   10    9    8    7    6    5    4    3    2    1    2    1    3    5    8   13   24   60  110  177  285  381  419  267  114   26    5
17   19   16   15   14   13   12   11   10    9    8    7    6    5    4    3    2    1    2    1    2    5    9   11   22   54  103  167  268  382  407  285  121   30    6
17   19   16   15   14   13   12   11   10    9    8    7    6    5    4    3    2    1    2    1    1    3    8   14   22   45   95  163  248  380  408  298  122   34    6
18   19   18   16   15   14   13   12   11   10    9    8    7    6    5    4    3    2    1    1    1    1    1    2    7   13   20   44   89  154  235  370  414  302  124   41    5
17   19   18   16   14   13   12   11   10    9    8    7    6    5    4    3    2    1    1    1    1    2    7   14   17   40   86  148  232  350  404  311  136   42    7
17   19   17   16   14   13   12   11   10    9    8    7    6    5    4    3    2    1    1    1    1    2    7   12   15   37   76  141  228  332  406  315  146   46    8
17   18   17   15   14   13   12   11   10    9    8    7    6    5    4    3    2    1    1    1    1    2    6   10   16   34   63  143  216  313  397  335  152   51    8
16   18   17   14   13   12   11   10    9    8    7    6    5    4    3    2    1    1    1    2    6    9   16   29   54  143  204  299  398  333  163   58    8
15   17   14   13   12   11   10    9    8    7    6    5    4    3    2    1    2    2    6    7   16   29   54  130  193  293  386  333  174   65    7
15   17   14   13   12   11   10    9    8    7    6    5    4    3    2    1    2    2    4    8   17   23   57  114  192  284  368  346  180   67    8
15   17   14   13   12   11   10    9    8    7    6    5    4    3    2    1    2    2    3    8   14   22   48  110  176  262  374  359  188   70    9
16   16   15   14   13   12   11   10    9    8    7    6    5    4    3    2    1    1    1    1    3    7   14   16   49  100  155  262  359  367  203   75    8
15   15   14   13   12   11   10    9    8    7    6    5    4    3    2    1    2    1    3    6   12   18   46  100  142  253  345  370  202   86   10
15   15   14   13   12   11   10    9    8    7    6    5    4    3    2    1    2    1    3    6    8   18   42   93  135  246  326  374  213   90   13
15   15   14   13   12   11   10    9    8    7    6    5    4    3    2    1    2    1    3    5    7   19   36   85  132  233  301  378  232   92   19
15   15   14   13   12   11   10    9    8    7    6    5    4    3    2    1    2    1    2    4    7   19   33   74  130  214  295  364  253  100   22
15   15   14   13   12   11   10    9    8    7    6    5    4    3    2    1    2    1    1    5    6   20   28   75  115  204  284  358  262  108   26
15   15   14   13   12   11   10    9    8    7    6    5    4    3    2    1    1    2    1    4    5   18   25   68   97  201  273  364  262  117   32
13   14   12   11   10    9    8    7    6    5    4    3    2    1    2    6    4   12   28   59   91  185  258  357  285  122   36
13   14   12   11   10    9    8    7    6    5    4    3    2    1    2    5    5   10   24   54   89  165  261  349  284  133   37
13   14   12   11   10    9    8    7    6    5    4    3    2    1    2    3    4   11   22   47   80  160  250  336  292  144   42
14   14   13   12   11   10    9    8    7    6    5    4    3    2    1    1    1    2    3   13   18   41   77  157  236  333  298  140   47
14   14   13   12   11   10    9    8    7    6    5    4    3    2    1    1    1    1    3   11   19   39   69  146  228  328  296  150   48
13   13   12   11   10    9    8    7    6    5    4    3    2    1    2    1    3    8   18   39   65  129  219  328  289  162   52
13   13   12   11   10    9    8    7    6    5    4    3    2    1    1    1    3    6   17   38   63  122  213  313  290  165   55
13   13   12   11   10    9    8    7    6    5    4    3    2    1    1    1    3    6   12   41   55  116  200  305  292  171   57
12   12   11   10    9    8    7    6    5    4    3    2    1    1    3    4   13   38   48  110  188  294  296  172   64
12   12   11   10    9    8    7    6    5    4    3    2    1    1    3    2   13   35   40   98  178  286  304  182   64
12   12   11   10    9    8    7    6    5    4    3    2    1    1    3    1    9   28   39   98  159  278  312  188   66
12   12   11   10    9    8    7    6    5    4    3    2    1    1    3    1    8   21   38   88  152  265  308  194   75
11   12   10    9    8    7    6    5    4    3    2    1    1    3    8   17   37   77  148  253  302  202   79
10   10    9    8    7    6    5    4    3    2    1    3    7   17   30   74  139  231  301  213   83
10   10    9    8    7    6    5    4    3    2    1    3    7   13   30   67  135  229  287  215   89
10   10    9    8    7    6    5    4    3    2    1    2    6   10   29   62  120  225  274  220  103
10   10    9    8    7    6    5    4    3    2    1    2    5    6   27   55  117  199  271  227  114
 9    9    8    7    6    5    4    3    2    1    5    6   26   43  113  185  275  220  113
 9    9    8    7    6    5    4    3    2    1    4    4   19   46  101  171  266  218  114
 9    9    8    7    6    5    4    3    2    1    2    5   16   41   94  165  257  213  123
 9    9    8    7    6    5    4    3    2    1    1    5   16   34   88  157  246  215  119
 9    9    8    7    6    5    4    3    2    1    1    1   12   35   75  148  241  218  119
 9    9    8    7    6    5    4    3    2    1    1    1    9   31   69  143  224  224  117
 9    9    8    7    6    5    4    3    2    1    1    1    9   27   65  138  208  224  117
 9    9    8    7    6    5    4    3    2    1    1    1    7   26   59  125  199  219  118
 9    9    8    7    6    5    4    3    2    1    1    1    5   24   51  112  183  212  122
 8    8    7    6    5    4    3    2    1    2    4   21   46  107  175  205  121
 7    7    6    5    4    3    2    1    6   17   42   98  163  208  119
 7    7    6    5    4    3    2    1    5   13   44   88  157  202  118
 7    7    6    5    4    3    2    1    5   12   39   78  148  190  108
 7    7    6    5    4    3    2    1    3    4   21   59   88  125   78
 7    7    6    5    4    3    2    1    2    5   18   53   89  112   83
 7    7    6    5    4    3    2    1    2    4   15   46   83  112   82
 6    6    5    4    3    2    1    2    6   25   47   67   55
 6    6    5    4    3    2    1    2    5   23   46   67   53
 6    6    5    4    3    2    1    2    4   15   25   45   33
 6    6    5    4    3    2    1    5    5   10   24   31   25
 6    6    5    4    3    2    1    5    4   10   21   31   23
 6    6    5    4    3    2    1    3    5   10   18   31   21
 4    4    3    2    1    3   10   16   12
 4    4    3    2    1    3    7   11   11
 5    5    4    3    2    1    2    1    6    8   10
 4    4    3    2    1    3    3   14    3
 4    4    3    2    1    2    3   11    5
 3    3    2    1    4   11    4
 3    3    2    1    4    9    4
 3    3    2    1    4    8    4
 3    3    2    1    3    3    5
 3    3    2    1    2    3    4
 2    2    1    5    2
 2    2    1    5    2
 4    4    3    2    1    1    1    2    3
 3    3    2    1    1    1    3
 2    3    1    1    3
 2    2    1    1    2
 2    2    1    1    2
