1458
1436
1871
1847
1241
1724
2268
358
937
901
81
2267
2473
1778
196
2253
198
1272
1196
2301
225
1913
1290
128
561
192
335
170
1317
2279
647
152
1461
2289
1278
1474
1937
2239
309
714
2341
978
2212
1375
995
2010
1217
261
2118
119
1686
2196
1434
2140
678
1620
287
528
2373
1735
1000
555
2186
1248
2415
1134
307
2421
212
1684
1522
1895
749
521
1012
1252
377
1017
2145
2302
575
686
554
2391
1773
2476
336
2092
405
592
2312
1599
505
1752
1476
2171
923
1343
1897
131
728
1587
73
971
1009
130
1743
154
2338
1174
1994
2425
727
401
1240
1646
1164
2363
1603
1049
994
977
89
1423
2040
695
2309
1674
910
1970
2295
2114
1100
707
510
682
2428
2
1369
1258
1293
1349
376
668
1761
1689
110
35
301
1425
669
1237
459
101
311
1532
56
1530
1337
2263
1203
615
982
1596
61
2488
1325
1967
1880
1321
330
667
1923
1595
1562
1540
2159
2165
1
719
1178
2237
1767
2487
1340
1693
845
412
2069
5
1364
3
2164
1214
1499
1576
466
1668
1007
1680
1535
1682
1055
1162
738
1028
392
421
571
1507
2213
251
440
2352
1641
487
1498
436
577
2005
1914
1087
1439
1391
1463
237
770
759
65
2405
568
1991
2120
354
68
604
2497
2256
415
1270
1631
1975
1051
2411
183
460
1771
1125
1487
1837
1907
1591
1803
1878
208
1083
369
1574
1344
783
23
1466
104
765
532
45
1785
1863
2277
111
1868
1019
2402
2398
2192
761
1727
853
2347
2131
1513
696
146
762
787
233
2226
2041
907
118
1716
817
2166
406
1453
630
380
1306
1218
2188
810
120
2003
274
1932
1064
1957
771
2175
1392
1484
1126
270
246
381
1169
2397
420
1943
1833
1629
243
720
966
2234
1008
489
2194
1922
477
1336
1688
863
1748
1813
315
414
1548
579
2039
953
646
1671
1791
123
598
959
34
2316
2378
1210
611
1072
341
788
1078
1442
725
1351
645
1753
1554
140
171
2296
950
2199
70
1408
2354
137
1430
2466
895
216
2088
1003
1034
438
1104
2274
506
799
1786
306
1854
1982
224
1088
479
1124
1384
2210
671
240
609
1073
1247
1180
2198
789
1976
1762
909
794
666
1541
750
2154
1275
252
1199
2448
210
585
625
114
1500
639
1815
87
1964
1345
2478
133
1974
262
1456
1806
295
2298
2155
2304
86
723
814
1728
90
1259
62
1480
924
875
2183
1383
1988
2072
413
559
226
1437
873
1617
390
1713
1904
1618
1440
397
1891
276
1990
2394
1766
925
2335
1807
1266
2269
1645
2152
2358
169
206
1714
1704
2432
1342
763
308
772
316
2450
797
2061
1564
2078
1524
1580
947
115
2178
993
1506
744
1328
1901
1170
1909
511
917
2255
2388
2124
2366
1239
1955
250
157
724
996
1338
1245
2132
2050
1787
1018
156
71
151
677
791
1690
1400
2416
706
2109
1931
2046
1413
408
2002
602
529
382
1109
2420
767
796
346
688
1533
2434
968
100
1549
219
1139
2216
1550
830
109
832
2094
1021
9
2245
881
1271
126
733
1933
43
1314
1254
2276
2020
637
1691
1640
1842
726
8
1417
523
69
1860
2187
72
1775
662
871
628
1255
1864
1851
587
1291
1358
1537
2077
861
821
1558
1892
1151
1961
384
92
386
1797
1702
1166
800
941
1874
945
1030
80
1520
2030
4
2344
1074
2495
1626
2323
572
2390
654
2073
675
290
2355
258
1033
1835
670
690
850
2299
1809
1945
2052
2027
1796
774
2284
173
1573
1581
457
524
1798
1699
245
2477
980
552
1194
2357
1794
1102
331
2496
884
734
2075
808
2102
2308
1153
1069
1359
1929
435
385
2457
893
1565
1921
2122
1405
434
811
1112
2221
1145
1883
453
409
1284
1402
1432
2036
320
1285
1250
75
1283
2343
1570
2410
1099
1115
1978
2451
1445
2151
1697
255
2471
2037
1609
2228
1782
107
806
1165
2375
1538
142
1615
76
189
2380
2009
253
1198
938
1315
1725
819
2286
1732
2265
93
372
1079
2116
1920
1414
1715
2100
1584
493
1057
236
2080
333
328
218
1768
463
1730
631
1006
954
1454
857
1777
348
304
30
549
700
1614
234
1934
1223
1866
32
1052
127
1429
1050
332
735
1098
1840
1638
1836
265
746
1130
103
1677
952
1834
1365
807
167
1675
1172
1230
2206
1027
969
1664
2096
27
1269
1966
687
1719
1919
1118
389
2107
780
465
2297
1879
1002
2006
754
1703
963
934
1710
1708
2467
2123
1393
1627
1304
2283
2218
58
1005
864
1726
1501
1770
2250
1889
805
1123
1357
1175
940
222
562
203
1639
1071
778
2492
2066
912
1774
2325
488
691
1566
312
1832
427
2360
158
337
2139
745
967
102
1575
2236
1273
113
1253
1723
2126
187
1024
2091
976
932
163
1745
2368
273
1908
159
2240
272
638
984
347
1286
1935
1395
2349
1916
1216
2108
2385
858
1559
574
1783
1890
1045
2063
718
474
812
2201
213
1022
1257
461
2243
610
837
266
345
423
844
2310
824
2328
1610
2431
498
2144
1374
543
1411
518
125
1209
1389
393
462
464
1915
1632
491
91
2443
452
41
2362
1148
63
2306
1326
302
2446
1044
1131
2084
1035
1495
51
1452
1031
2346
211
1121
535
64
2382
608
188
594
2444
1399
1347
1739
1190
1969
1333
859
879
2305
447
622
1542
300
1634
1881
998
2282
1695
935
1511
1450
1467
454
2273
2330
254
1679
553
567
1583
2372
855
1211
906
2258
1643
2156
2056
1784
1814
2068
620
705
1706
2112
1040
1231
1143
2418
285
2173
1870
1742
14
374
1213
1438
584
2475
1207
1363
617
556
1561
1361
1821
282
1422
1262
2110
2111
1597
2292
1963
1140
1004
2275
1952
536
2012
2011
591
876
2048
378
184
2191
784
1301
484
1268
2334
1971
965
175
753
396
1182
428
1093
1882
1106
2465
292
1379
1747
1244
737
1896
1740
1828
1229
1428
1717
899
680
1219
1101
1309
1410
1378
164
1267
755
1256
77
916
2319
902
672
1161
538
2134
1968
2085
350
1184
2406
777
1586
2281
2433
1917
2105
480
1781
894
1515
848
716
1366
891
565
558
1547
1816
1032
1332
606
26
343
79
882
752
1995
2229
729
95
2174
674
1486
323
1077
2321
1670
679
1779
1305
360
16
444
1249
2203
1568
2383
229
15
1503
911
1135
2093
2429
143
1508
1062
1997
1111
2469
1457
1367
851
1065
1280
887
1582
823
2014
1303
1090
235
1635
600
1059
305
1354
2170
757
653
59
47
1382
153
165
1228
455
597
929
176
2089
1113
1299
448
180
1331
352
1707
1749
2193
1192
992
1795
974
141
1154
527
1404
344
2057
263
2169
2293
1483
2045
1163
2115
207
1416
1015
964
1481
658
955
289
913
2468
951
419
44
2413
1189
1494
776
1103
586
2291
782
897
1517
1696
1666
2381
2133
28
2449
1455
2435
2386
1407
2142
618
2359
1887
1297
1289
1238
1068
659
578
2087
660
1518
526
147
1046
987
230
2455
2125
437
931
1628
1167
1592
469
742
1276
989
898
1142
1478
2021
214
46
286
988
1655
1678
926
1636
1427
781
1605
2367
1107
2019
199
485
2326
629
1421
580
702
1519
2004
2103
1468
815
1146
2472
1652
1705
297
52
182
870
395
57
589
1295
1023
148
2098
1759
1288
368
50
2067
1173
88
471
822
136
2424
2280
1418
29
1756
764
801
2377
2135
1355
1186
2414
160
1060
1330
2128
867
548
768
1687
627
1659
713
1527
2031
2353
2483
48
2028
983
129
1311
635
522
1651
643
514
2426
1155
1372
2197
1769
10
209
1296
846
1720
108
166
847
818
85
321
402
1308
878
2104
2190
1322
605
540
106
241
564
2490
648
1448
854
1053
112
340
546
117
1279
442
1946
921
1368
650
1594
364
1692
1026
758
2242
362
1029
174
685
795
1755
94
2168
2392
1545
2182
1593
2097
1001
1572
326
1502
1867
2489
1888
1212
1846
2051
1865
220
2470
616
2224
248
936
450
1912
1362
1938
78
314
1063
1750
168
1010
1387
2318
883
1465
904
2231
1709
2025
2106
470
394
2074
1177
888
1765
116
1903
534
1188
1981
827
596
1215
1246
869
1274
1999
1200
1927
441
842
446
2202
1905
2015
473
1925
1718
398
135
939
517
1941
775
2121
1845
1525
232
1772
2184
664
766
2272
997
1598
790
1037
1731
1496
2017
149
1528
1698
689
551
383
1557
357
1858
1056
1108
2300
1075
1602
2079
531
2461
2200
334
1114
2185
1492
1857
1637
2407
1792
1385
563
1523
537
403
2464
1841
710
751
2401
621
260
708
1403
693
2307
1694
1264
1613
1406
134
1449
2026
319
2454
793
1711
2331
1116
145
349
1872
661
161
644
1505
1334
2285
1801
2412
96
979
1989
1810
715
1352
1138
595
1534
623
1560
7
512
651
244
2439
476
353
1630
418
84
1789
740
1136
1585
194
49
1482
1608
1650
975
576
798
271
223
1324
371
495
242
2271
2370
903
657
361
191
2034
280
387
1234
185
1061
478
1992
342
1488
1873
525
634
1979
1601
202
1350
613
1869
432
2167
1042
2162
541
1965
946
849
1839
268
416
2348
370
1346
612
2065
1567
2409
1625
1128
1958
1556
1521
1127
1092
1877
2458
915
1751
1622
1412
1160
872
581
1729
868
1676
2262
2337
820
228
399
919
927
2029
2053
433
1644
1038
1657
1226
760
981
1983
1117
1665
2261
732
2351
1091
1110
264
1623
833
1911
1900
1120
424
1158
841
1036
503
991
1738
1025
2163
2157
482
614
2314
1094
2374
2233
676
2013
1616
98
2076
205
83
1885
544
1013
1734
1122
2136
1804
1875
2463
684
1471
494
99
1394
1397
1700
1335
2225
877
918
1509
1353
928
542
2101
2143
1764
31
1737
2062
1208
1497
1082
1746
1016
200
1654
1741
2044
1224
1758
601
39
1319
1672
66
1928
239
2288
2491
1553
973
1788
2361
227
1673
178
1577
2141
247
1150
2059
2064
193
375
293
2172
1944
296
960
519
1850
2033
1119
712
2158
204
1462
1420
942
1204
1658
1195
961
1940
1712
699
2147
1790
201
2000
557
486
743
2287
231
1341
373
1176
2442
1660
422
2007
1683
2371
431
468
1924
1043
1206
445
1531
17
2417
2387
279
2160
325
2189
1129
986
313
508
786
1853
2217
443
1893
2345
197
37
1070
327
257
2227
908
1409
990
1084
2241
1185
1168
2484
2181
1512
2422
1147
429
632
2016
1827
1685
2095
138
539
866
121
492
2222
721
2205
1183
1607
2408
516
1611
2252
836
177
2399
717
42
520
2336
1233
785
259
896
856
1956
1105
1536
545
2214
1292
1987
840
641
1760
2211
2315
813
2081
1861
607
2479
2083
472
741
1667
2290
2419
298
467
704
496
2244
1464
683
655
1401
317
2090
303
1763
2001
2209
363
54
355
828
656
681
1812
425
1802
1948
914
1424
1066
1396
1381
13
144
1661
874
1902
1681
294
1197
1460
2230
1649
417
1824
1137
1415
1826
1473
38
948
1590
1552
2332
2438
694
2047
736
566
1222
1939
19
400
1516
1973
583
958
21
501
804
2232
1800
1470
1067
2070
1555
2246
1220
36
2161
748
1152
697
1986
2396
2340
1546
40
439
722
943
190
1054
2379
2054
2453
215
1447
1838
860
570
1485
1298
2365
1086
1551
2499
2207
1281
324
2055
291
1808
1843
533
560
1993
1193
886
310
67
1433
1320
1149
1376
692
20
2376
2486
1899
2322
809
1504
1849
1348
2474
1388
880
139
458
1294
12
985
1831
404
1818
1985
2270
2445
862
1647
1894
411
1132
949
1984
1263
2127
318
481
1619
1020
22
730
1757
1489
1604
339
1221
391
2320
1799
701
1444
221
1443
1949
55
1089
238
2294
889
1953
2500
2058
1823
1095
1277
186
499
2384
2459
105
288
2404
1377
2389
351
162
2254
2350
922
53
1588
2235
920
838
865
2153
1633
2423
1980
2441
18
2082
1600
1624
509
1235
2494
513
2113
1822
1081
388
1451
2042
217
2018
2403
673
1370
972
2251
338
1181
665
359
1855
1058
1780
500
2148
2179
451
1852
155
1648
1096
1243
2460
1510
835
2119
1287
2395
1159
663
2223
1653
2060
25
1490
504
1047
626
366
277
1811
962
698
1041
2356
195
1972
1179
1829
779
1918
1282
82
1011
2204
2393
731
1205
547
1339
599
1097
1302
956
1236
2485
1318
1669
2324
1307
1744
1380
430
1446
1754
1469
709
1419
1539
11
1736
1459
2220
490
2022
2427
456
172
1579
278
2195
2008
1477
299
1930
569
269
652
1265
773
249
839
1479
1039
2278
2317
2248
267
1201
1606
2430
930
890
1514
1373
1951
1398
2043
407
2436
2266
2249
1936
2313
1996
1390
410
2447
2260
640
2130
649
515
1543
1386
703
1261
2437
2238
1569
1048
2481
852
593
1133
1435
2149
843
1260
74
2480
739
1202
2117
1316
1848
181
60
1959
97
2129
1910
1656
483
1805
1642
1441
124
1360
256
449
2259
6
2038
426
2342
2086
322
2023
1722
792
892
747
1080
582
834
2138
1141
1862
1844
502
1232
642
2311
497
179
1493
2456
1076
2257
1977
803
1431
619
1776
1733
1884
365
2208
329
283
2035
2071
2400
1472
132
711
379
885
1662
769
2176
1825
367
33
1187
1859
1819
1589
1563
1014
1227
1313
275
1817
1571
2339
2049
1886
1820
756
1191
970
2177
831
1327
2498
284
2482
1085
1942
1156
1225
1950
1329
2099
2146
636
2137
2364
356
2327
1621
957
1371
802
1529
1251
2333
1242
573
829
1310
1876
624
2493
24
2329
2452
2440
900
1491
603
2215
530
825
1300
2303
550
1701
1830
826
1356
507
588
816
999
905
1612
281
933
590
633
1721
2032
1906
1526
944
2462
2264
2150
1475
1960
2219
1793
1954
1426
1144
1962
1926
1898
1578
1663
1856
1171
475
1157
1998
2247
2180
1544
2369
1312
2024
1947
1323
122
