# n  list(x)  list(y)
24    4    5    6    7    8    9   10   11   12   13   14   15   16   17   18   19   20   21   22   23   25   27   29   30    4  137  798  520  354  209  150  101   67   44   29   21   18    9   13    7    4    4    2    2    3    2    1    1
24    4    5    6    7    8    9   10   11   12   13   14   15   16   17   18   19   20   21   22   23   25   27   29   30   10  171  783  505  350  195  146   97   63   44   29   19   16   10   12    7    3    4    2    2    3    2    1    1
26    3    4    5    6    7    8    9   10   11   12   13   14   15   16   17   18   19   20   21   22   23   25   26   27   28   30    1   13  216  765  486  333  193  145   92   58   43   29   16   15    9   12    6    3    4    2    2    3    1    1    1    1
26    3    4    5    6    7    8    9   10   11   12   13   14   15   16   17   18   19   20   21   22   23   24   25   26   28   29    3   26  229  751  483  310  201  132   88   56   44   27   18   13   12   10    4    3    5    1    2    1    2    2    1    1
26    3    4    5    6    7    8    9   10   11   12   13   14   15   16   17   18   19   20   21   22   23   24   25   26   28   29    5   43  261  726  477  291  191  135   78   54   45   24   15   12   12    9    4    3    5    2    1    1    3    1    1    1
25    3    4    5    6    7    8    9   10   11   12   13   14   15   16   17   18   19   20   21   22   24   25   26   27   29   10   50  305  689  460  288  189  124   78   49   43   26   12   12   13    6    6    3    2    3    2    2    1    1    1
27    2    3    4    5    6    7    8    9   10   11   12   13   14   15   16   17   18   19   20   21   22   23   24   25   26   27   29    1   11   67  328  679  443  279  179  114   79   42   43   24   14   11   10    6    7    2    2    3    1    1    1    1    1    1
26    1    3    4    5    6    7    8    9   10   11   12   13   14   15   16   17   18   19   20   21   22   23   24   25   27   29    1   18   73  356  662  428  262  173  115   75   41   41   20   18   10    7    8    4    2    2    3    1    1    2    1    1
26    1    3    4    5    6    7    8    9   10   11   12   13   14   15   16   17   18   19   20   21   22   23   24   25   27   29    1   20   94  357  658  419  249  163  111   72   42   36   20   19    8    7    8    4    1    2    3    1    2    1    1    1
27    1    2    3    4    5    6    7    8    9   10   11   12   13   14   15   16   17   18   19   20   21   22   23   24   25   26   27    1    3   21  108  369  642  398  246  158  105   72   45   32   21   15    8    8    7    4    1    3    2    1    2    1    1    1
27    1    2    3    4    5    6    7    8    9   10   11   12   13   14   15   16   17   18   19   20   21   22   23   24   25   26   27    1    4   22  126  411  598  383  246  148  103   66   45   26   23   13    8   10    4    2    1    3    1    1    2    1    1    1
26    1    2    3    4    5    6    7    8    9   10   11   12   13   14   15   16   17   18   19   20   21   22   23   24   25   27    1    5   23  148  405  598  363  247  142   95   62   43   24   22   13    7   12    2    2    1    3    1    2    2    1    1
26    1    2    3    4    5    6    7    8    9   10   11   12   13   14   15   16   17   18   19   20   21   22   23   24   25   27    1    5   31  161  416  581  346  247  138   87   62   34   27   20   14    7    8    3    1    1    3    1    3    1    1    1
26    1    2    3    4    5    6    7    8    9   10   11   12   13   14   15   16   17   18   19   20   21   22   23   24   25   26    1    7   40  175  421  557  339  235  139   79   62   34   26   16   15    6    8    3    1    1    3    2    2    1    1    1
25    1    2    3    4    5    6    7    8    9   10   11   12   13   14   15   16   17   18   20   21   22   23   24   25   26    1    7   49  181  432  555  319  226  133   74   57   38   23   13   13    9    7    2    3    1    2    2    1    1    1
25    1    2    3    4    5    6    7    8    9   10   11   12   13   14   15   16   17   18   20   21   22   23   24   25   26    1   10   54  194  433  548  304  215  127   78   52   35   21   15   10   12    4    1    3    2    2    1    1    1    1
23    1    2    3    4    5    6    7    8    9   10   11   12   13   14   15   16   17   19   20   21   23   24   26    1   12   61  209  448  510  297  212  119   78   49   32   20   18    8   12    3    1    2    4    1    2    1
23    1    2    3    4    5    6    7    8    9   10   11   12   13   14   15   16   17   19   20   21   23   24   25    1   12   69  231  457  475  296  204  118   73   43   28   22   18    5   10    2    2    3    2    2    1    1
23    1    2    3    4    5    6    7    8    9   10   11   12   13   14   15   16   17   19   20   21   23   24   25    1   15   78  244  462  459  280  191  118   71   40   30   21   14    4    9    2    3    2    2    2    1    1
24    1    2    3    4    5    6    7    8    9   10   11   12   13   14   15   16   17   18   19   20   21   22   23   24    2   14   95  253  458  438  270  188  116   63   42   27   21   13    7    6    1    1    2    2    2    1    2    1
23    1    2    3    4    5    6    7    8    9   10   11   12   13   14   15   16   17   18   19   20   22   23   24    2   16  105  261  451  424  269  187  105   60   37   32   13   13    7    6    1    2    1    4    2    1    1
23    1    2    3    4    5    6    7    8    9   10   11   12   13   14   15   16   17   18   19   20   21   22   24    2   19  116  276  448  418  256  173   98   59   36   25   13   12    8    5    2    2    2    1    1    2    1
23    1    2    3    4    5    6    7    8    9   10   11   12   13   14   15   16   17   18   19   20   21   22   24    2   23  126  295  442  392  255  170   87   57   35   21   13   12    6    3    2    2    2    1    2    1    1
21    1    2    3    4    5    6    7    8    9   10   11   12   13   14   15   16   18   19   20   22   24    2   24  134  302  440  393  246  154   78   59   31   18   14   13    4    4    2    3    2    1    1
22    1    2    3    4    5    6    7    8    9   10   11   12   13   14   15   16   17   18   19   20   21   22    3   28  140  311  440  376  239  143   71   59   32   18   12   11    4    4    1    2    3    1    1    1
22    1    2    3    4    5    6    7    8    9   10   11   12   13   14   15   16   17   18   19   20   21   22    3   32  146  317  443  353  245  129   71   53   27   19   12    8    5    3    1    3    2    1    1    1
22    1    2    3    4    5    6    7    8    9   10   11   12   13   14   15   16   17   18   19   20   21   22    4   40  158  316  440  348  228  124   74   38   25   20   11    9    4    2    1    3    2    1    1    1
22    1    2    3    4    5    6    7    8    9   10   11   12   13   14   15   16   17   18   19   20   21   22    5   46  164  317  438  326  225  121   69   36   26   19   10    9    3    2    1    3    2    1    1    1
22    1    2    3    4    5    6    7    8    9   10   11   12   13   14   15   16   17   18   19   20   21   22    4   44  175  320  440  309  214  120   65   38   21   17   11    8    3    1    2    2    2    1    1    1
21    1    2    3    4    5    6    7    8    9   10   11   12   13   14   15   17   18   19   20   21   22    5   49  179  324  430  310  204  105   64   35   22   15   14    6    3    3    2    1    1    1    1
21    1    2    3    4    5    6    7    8    9   10   11   12   13   14   15   17   18   19   20   21   22    4   57  192  317  435  297  192  101   55   37   18   17   12    6    1    3    1    1    1    1    1
21    1    2    3    4    5    6    7    8    9   10   11   12   13   14   16   17   18   19   20   21   22    6   63  201  330  422  285  186   91   48   37   16   14   12    6    1    1    1    1    1    1    1
20    1    2    3    4    5    6    7    8    9   10   11   12   13   14   15   16   18   19   21   22    7   75  202  350  399  275  177   84   41   35   19   12   11    5    1    1    1    2    1    1
20    1    2    3    4    5    6    7    8    9   10   11   12   13   14   15   16   17   19   21   22    8   79  213  356  388  260  173   77   37   34   16   13   10    3    1    1    2    1    1    1
20    1    2    3    4    5    6    7    8    9   10   11   12   13   14   15   16   17   19   20   22    8   85  228  355  379  249  162   76   35   27   16   10    9    2    1    2    1    1    1    1
18    1    2    3    4    5    6    7    8    9   10   11   12   13   14   15   16   17   19    8   95  252  347  360  243  147   67   37   25   16   10    8    3    1    1    1    2
17    1    2    3    4    5    6    7    8    9   10   11   12   13   14   15   16   19    8  105  265  347  348  234  132   59   37   25   14    9    7    3    1    2    2
18    1    2    3    4    5    6    7    8    9   10   11   12   13   14   15   16   18   19    9  117  259  353  340  219  125   55   42   22   10    9    7    2    1    1    1    1
18    1    2    3    4    5    6    7    8    9   10   11   12   13   14   15   16   17   19   12  118  264  359  328  207  118   54   40   19    9    8    6    2    1    1    1    1
17    1    2    3    4    5    6    7    8    9   10   11   12   13   14   15   17   18   14  132  261  357  322  193  110   56   37   15    8    7    5    2    2    1    1
16    1    2    3    4    5    6    7    8    9   10   11   12   13   14   15   17   21  136  258  350  313  184  110   54   34   13   12    3    4    2    2    2
17    1    2    3    4    5    6    7    8    9   10   11   12   13   14   15   16   17   24  146  260  337  308  178  100   55   28   15   10    2    5    1    2    1    1
16    1    2    3    4    5    6    7    8    9   10   11   12   13   14   15   17   26  145  266  336  302  158  101   50   29   13   10    4    2    1    3    1
15    1    2    3    4    5    6    7    8    9   10   11   12   13   14   17   36  150  270  330  283  155   95   45   25   13   10    3    2    4    1
14    1    2    3    4    5    6    7    8    9   10   11   12   13   14   43  159  274  324  271  140   92   41   23   11   10    3    3    3
14    1    2    3    4    5    6    7    8    9   10   11   12   13   14   47  160  281  316  260  134   84   37   24   12    7    3    3    3
14    1    2    3    4    5    6    7    8    9   10   11   12   13   14   51  164  276  318  243  130   78   36   23   10    8    2    3    3
14    1    2    3    4    5    6    7    8    9   10   11   12   13   14   58  165  273  310  234  130   74   30   23    7    9    3    1    3
14    1    2    3    4    5    6    7    8    9   10   11   12   13   14   60  176  282  293  218  128   66   31   20    8    6    2    2    2
14    1    2    3    4    5    6    7    8    9   10   11   12   13   14   63  180  283  286  216  114   63   29   15    9    4    1    2    2
14    1    2    3    4    5    6    7    8    9   10   11   12   13   14   70  181  281  290  200  103   64   22   15    9    2    2    2    1
13    1    2    3    4    5    6    7    8    9   10   11   12   13   74  186  282  265  199   91   61   22   15    7    2    2    3
13    1    2    3    4    5    6    7    8    9   10   11   12   13   79  186  299  251  181   91   53   21   11    5    2    2    3
12    1    2    3    4    5    6    7    8    9   10   12   13   86  195  298  239  169   83   43   20   10    7    3    2
12    1    2    3    4    5    6    7    8    9   10   11   12   92  204  292  222  161   75   42   19   11    6    2    3
12    1    2    3    4    5    6    7    8    9   10   11   12   96  207  287  228  142   70   36   16   11    2    2    3
12    1    2    3    4    5    6    7    8    9   10   11   12   94  217  278  224  136   59   36   12   11    2    1    3
11    1    2    3    4    5    6    7    8    9   10   12   91  225  259  218  131   55   30   13    9    3    3
11    1    2    3    4    5    6    7    8    9   10   12   95  228  257  207  121   52   30   10    7    3    3
12    1    2    3    4    5    6    7    8    9   10   11   12   99  224  255  198  118   45   28    8    8    1    2    1
12    1    2    3    4    5    6    7    8    9   10   11   12  108  217  250  190  106   40   26    9    6    1    2    1
12    1    2    3    4    5    6    7    8    9   10   11   12  109  218  248  176   99   37   25    9    5    1    2    1
11    1    2    3    4    5    6    7    8    9   10   11  120  224  235  161   88   35   25    9    2    1    2
11    1    2    3    4    5    6    7    8    9   10   11  119  220  232  154   81   37   21    8    2    1    1
11    1    2    3    4    5    6    7    8    9   10   11  119  237  219  140   77   32   17    6    1    1    1
11    1    2    3    4    5    6    7    8    9   10   11  110  225  222  128   74   30   16    6    1    1    1
11    1    2    3    4    5    6    7    8    9   10   11  119  222  207  123   66   29   14    5    1    1    1
 9    1    2    3    4    5    6    7    8   10  116  232  195  111   58   25   13    5    1
 8    1    2    3    4    5    6    7    8  119  223  186  107   51   20   12    4
 8    1    2    3    4    5    6    7    8  125  224  170   96   49   16   12    2
 8    1    2    3    4    5    6    7    8  125  209  154   91   43   16    8    2
 8    1    2    3    4    5    6    7    8  121  199  151   82   38   14    6    2
 8    1    2    3    4    5    6    7    8  120  193  138   72   30   11    4    1
 7    1    2    3    4    5    6    8  112  196  121   67   25   13    1
 7    1    2    3    4    5    6    8  111  186  107   61   26   10    1
 7    1    2    3    4    5    6    8  104  186   90   58   24    5    1
 7    1    2    3    4    5    6    8  108  159   80   46   22    5    1
 7    1    2    3    4    5    6    8   97  135   65   40   18    2    1
 7    1    2    3    4    5    6    8   88  125   54   39   16    2    1
 7    1    2    3    4    5    6    7   79  116   48   33   14    1    1
 7    1    2    3    4    5    6    7   79  112   47   29   11    1    1
 6    1    2    3    4    5    6   69   97   39   27    8    1
 6    1    2    3    4    5    6   56   75   33   20    5    1
 6    1    2    3    4    5    6   51   63   36   12    3    1
 6    1    2    3    4    5    6   41   44   29   11    2    1
 6    1    2    3    4    5    6   21   28   14    6    1    1
 5    1    2    3    4    5   17   14   12    6    1
 4    1    2    3    4   13    8    7    4
 4    1    2    3    4   10    6    2    3
 4    1    2    3    4    9    5    1    3
 4    1    2    3    4    5    5    1    2
 4    1    2    3    4    5    3    1    1
 4    1    2    3    4    3    3    1    1
 4    1    2    3    4    3    2    1    1
 4    1    2    3    4    3    2    1    1
 3    1    2    4    2    3    1
 2    1    2    2    1
 2    1    2    2    1
 2    1    2    2    1
 2    1    2    2    1
