# n  list(x)  list(y)
42   63   52   50   49   48   44   43   42   38   37   36   35   33   32   31   30   29   28   27   26   25   24   23   22   21   20   19   18   17   16   15   14   13   12   11   10    9    8    7    6    5    4    1    1    1    2    1    1    1    1    2    1    1    1    1    1    3    3    4    2    1    6   11    2    5    3    5   14   12   10   11   13   26   31   50   58   67   78  106  153  327 1316  163    4
41   62   51   49   47   44   42   41   38   37   35   34   33   32   31   30   29   28   27   26   25   24   23   22   21   20   19   18   17   16   15   14   13   12   11   10    9    8    7    6    5    4    1    1    3    1    1    1    1    2    1    1    1    1    1    1    3    4    2    2    2   11    6    3    4    5   11   13   12   10   12   23   25   54   58   59   80  104  149  313 1233  251    9
41   62   50   49   48   46   43   42   41   38   37   35   33   32   31   30   29   28   27   26   25   24   23   22   21   20   19   18   17   16   15   14   13   12   11   10    9    8    7    6    5    4    1    1    2    1    1    1    1    1    2    1    1    2    1    1    2    4    2    2    2    7    7    7    3    5   11   13    9   11   12   23   23   44   63   60   75   99  149  298 1183  300   19
42   62   50   49   48   47   45   42   41   37   36   34   33   32   31   30   29   28   27   26   25   24   23   22   21   20   19   18   17   16   15   14   13   12   11   10    9    8    7    6    5    4    3    1    1    1    1    1    1    1    2    2    1    1    2    1    1    1    5    1    2    2    8    5    7    5    4   12   13    9    8   13   22   23   42   60   60   72  100  144  288 1117  350   34    1
40   62   49   48   47   44   41   40   37   36   34   33   32   31   29   28   27   26   25   24   23   22   21   20   19   18   17   16   15   14   13   12   11   10    9    8    7    6    5    4    3    1    1    1    2    1    2    1    2    1    1    1    2    1    5    2    2    2    6    6    7    6    4   10   15    8    9    9   24   20   42   55   66   71   97  138  282 1067  375   54    1
36   61   49   47   44   41   40   37   36   33   31   29   28   26   25   24   23   22   21   20   19   18   17   16   15   14   13   12   11   10    9    8    7    6    5    4    3    1    1    3    1    2    1    1    2    2    3    5    2    3    5    8    7    5    5    8   12   11    7   11   19   21   42   55   64   69   91  133  273 1015  417   66    4
41   61   49   47   46   45   44   41   40   37   36   35   32   31   30   29   28   27   26   25   24   23   22   21   20   19   18   17   16   15   14   13   12   11   10    9    8    7    6    5    4    3    1    1    1    1    1    1    2    1    1    1    1    2    1    2    2    3    1    2    3    7    9    6    5    6   12   11    9    7   18   25   38   54   64   70   86  125  253  972  454   82    9
41   60   48   47   46   44   43   40   37   36   34   32   31   30   29   28   27   26   25   24   23   22   21   20   19   18   17   16   15   14   13   12   11   10    9    8    7    6    5    4    3    2    1    1    1    1    1    1    3    1    1    1    1    2    2    2    1    3    1    3    8    8    7    4    6   11   11   10    5   19   22   39   50   63   69   83  129  236  929  480   96   12    1
41   60   48   47   46   43   42   40   37   36   34   32   31   30   29   28   27   26   25   24   23   22   21   20   19   18   17   16   15   14   13   12   11   10    9    8    7    6    5    4    3    2    1    1    1    1    1    1    3    1    1    1    1    1    2    2    1    2    2    3    6   10    6    4    7    9   11   10    3   20   21   38   46   67   69   83  113  239  880  497  120   14    1
39   58   48   47   45   43   42   40   37   36   34   30   29   28   27   26   25   24   23   22   21   20   19   18   17   16   15   14   13   12   11   10    9    8    7    6    5    4    3    2    1    1    1    1    1    1    3    1    1    1    3    2    1    2    1    3    6    9    8    4    6    9   12    7    4   17   20   38   46   59   71   90  103  233  829  516  143   19    2
36   56   47   45   43   42   40   36   30   29   28   27   26   25   24   23   22   21   20   19   18   17   16   15   14   13   12   11   10    9    8    7    6    5    4    3    2    1    2    1    1    1    1    2    1    3    2    2    1    1    4    9   11    3    8    6   10    8    6   14   21   31   48   55   67   92  104  212  769  556  168   26    3
36   55   47   45   43   40   39   36   30   29   28   27   26   25   24   23   22   21   20   19   18   17   16   15   14   13   12   11   10    9    8    7    6    5    4    3    2    1    2    1    1    1    1    2    1    3    2    1    1    1    5    6   13    3    9    6    8   10    5   12   22   29   48   50   69   86  107  203  731  551  191   39    4
37   55   47   44   43   40   38   36   35   30   29   28   27   26   25   24   23   22   21   20   19   18   17   16   15   14   13   12   11   10    9    8    7    6    5    4    3    2    1    1    1    1    1    1    1    1    1    1    4    1    1    1    3    6   10    4   11    7    9    8    4   12   19   28   44   54   59   85  102  202  674  578  218   41    5
34   54   43   41   39   36   34   30   29   27   26   25   24   23   22   21   20   19   18   17   16   15   14   13   12   11   10    9    8    7    6    5    4    3    2    1    1    1    1    1    1    1    1    3    2    2    2    3    8    9    7    8    9    7    6   11   15   26   47   47   62   77  103  185  637  589  241   55    6
34   54   43   40   37   36   34   30   29   27   26   25   24   23   22   21   20   19   18   17   16   15   14   13   12   11   10    9    8    7    6    5    4    3    2    1    1    1    1    1    1    1    1    2    3    2    2    2    5   13    4   10    8    9    6   10   16   18   49   44   64   75  104  172  598  610  246   64    6
34   54   43   39   37   36   34   30   29   27   26   25   23   22   21   20   19   18   17   16   15   14   13   12   11   10    9    8    7    6    5    4    3    2    1    1    1    1    1    1    1    1    1    2    3    2    3    5   13    4    9   10    8    5   10   16   20   42   43   65   69  102  164  576  603  260   77    5    1
32   54   43   39   37   36   33   29   26   25   23   22   21   20   19   18   17   16   15   14   13   12   11   10    9    8    7    6    5    4    3    2    1    1    1    1    1    1    1    2    5    2    1    5   13    5   10    9    8    5   11   11   21   38   43   66   65   95  163  546  600  279   80   10    1
33   53   43   38   36   35   32   28   27   26   25   24   22   21   20   19   18   17   16   15   14   13   12   11   10    9    8    7    6    5    4    3    2    1    1    1    1    1    1    1    1    1    4    2    1    5    3   15   10    8    6    8    9   12   19   34   47   65   64   87  158  525  597  285   92   10    1
32   52   43   38   36   35   32   27   26   25   24   22   21   20   19   18   17   16   15   14   13   12   11   10    9    8    7    6    5    4    3    2    1    1    1    1    1    1    1    2    3    2    2    4    4   10   11    7    7    7    8   15   18   28   45   65   61   88  147  504  582  308  100   15    1
32   51   43   36   35   33   31   27   26   25   24   22   21   20   19   18   17   16   15   14   13   12   11   10    9    8    7    6    5    4    3    2    1    1    1    1    1    1    1    2    3    2    2    3    3   11    7    9    6    7    9   13   19   26   44   64   65   79  141  480  575  312  121   15    1
32   51   41   36   35   31   27   26   25   24   23   22   21   20   19   18   17   16   15   14   13   12   11   10    9    8    7    6    5    4    3    2    1    1    1    1    1    2    2    2    2    2    1    1    4    8   10    9    6    8    8   12   19   23   36   68   63   76  132  463  553  338  129   17    2
31   51   40   35   31   30   27   26   25   24   22   21   20   19   18   17   16   15   14   13   12   11   10    9    8    7    6    5    4    3    2    1    1    1    2    1    1    2    1    3    1    3    4    7   10    8    6    9    7   14   13   27   35   64   62   73  129  438  551  347  131   23    1
31   51   40   35   34   31   29   27   25   24   22   21   20   19   18   17   16   15   14   13   12   11   10    9    8    7    6    5    4    3    2    1    1    1    1    1    1    1    2    2    3    2    4    7    9   10    6    7    7   14   11   26   34   53   66   74  123  417  539  351  148   28    1
32   51   39   35   34   31   29   27   25   24   23   22   21   20   19   18   17   16   15   14   13   12   11   10    9    8    7    6    5    4    3    2    1    1    1    1    1    1    1    2    1    3    1    1    3    6   11    8    8    7    6   14   10   24   34   48   66   70  126  397  518  364  155   34    2
32   51   39   34   33   30   29   27   26   25   23   22   21   20   19   18   17   16   15   14   13   12   11   10    9    8    7    6    5    4    3    2    1    1    1    1    1    1    1    1    1    1    2    2    3    4   11    8    6    9    7   10   12   25   27   45   69   70  112  378  506  373  166   43    3
31   49   39   33   30   29   27   26   25   23   22   21   20   19   18   17   16   15   14   13   12   11   10    9    8    7    6    5    4    3    2    1    1    1    2    1    1    1    1    1    2    1    3    5    5    7    9   10    7    8   15   21   29   40   64   69  102  350  503  381  184   48    2
31   48   38   32   30   29   27   25   24   23   22   21   20   19   18   17   16   15   14   13   12   11   10    9    8    7    6    5    4    3    2    1    1    1    2    1    1    1    1    1    2    1    3    3    5    9    9    8    8    6   16   20   26   41   63   65   91  340  494  378  191   58    3
30   48   37   32   31   29   25   24   23   22   21   20   19   18   17   16   15   14   13   12   11   10    9    8    7    6    5    4    3    2    1    1    1    1    1    1    1    1    2    2    3    2    5    9    9    7    8    5   16   18   25   39   59   67   89  313  482  382  197   73    5
29   48   36   32   31   29   25   23   22   21   20   19   18   17   16   15   14   13   12   11   10    9    8    7    6    5    4    3    2    1    1    1    1    1    1    1    2    2    4    1    6    7    9    7    9    3   14   19   18   40   57   74   85  286  479  375  213   76    7
29   47   35   32   31   29   24   23   22   21   20   19   18   17   16   15   14   13   12   11   10    9    8    7    6    5    4    3    2    1    1    1    1    1    1    1    2    2    3    2    5    7   10    7    8    3   15   14   20   33   60   68   85  260  470  376  223   88    7
29   47   35   31   30   29   24   23   22   21   20   19   18   17   16   15   14   13   12   11   10    9    8    7    6    5    4    3    2    1    1    1    1    1    1    1    2    2    3    1    5    7    9    8    9    3   13   14   18   33   54   72   79  249  456  374  224   96   12
28   47   35   31   29   24   23   22   21   20   19   18   17   16   15   14   13   12   11   10    9    8    7    6    5    4    3    2    1    1    1    1    2    1    1    1    4    2    3    9    7    9    9    4   12   14   16   33   53   68   82  234  435  372  234  101   15
28   47   35   31   29   28   24   22   21   20   19   18   17   16   15   14   13   12   11   10    9    8    7    6    5    4    3    2    1    1    1    1    1    1    1    1    3    4    2    7   10    8    8    4   11   14   16   29   53   60   84  221  420  367  251  100   20
28   47   34   30   28   27   24   22   21   20   19   18   17   16   15   14   13   12   11   10    9    8    7    6    5    4    3    2    1    1    1    1    1    1    1    1    3    4    2    6    8    5   10    7   11   12   16   24   52   59   80  201  401  364  272  107   23
27   46   34   30   28   27   23   21   20   19   18   17   16   15   14   13   12   11   10    9    8    7    6    5    4    3    2    1    1    1    1    1    1    1    4    4    2    5    7    6    9    8   11   12   14   23   50   61   75  194  386  358  270  116   26
26   44   34   30   28   27   23   20   19   18   17   16   15   14   13   12   11   10    9    8    7    6    5    4    3    2    1    1    1    1    1    1    1    6    1    4    4    9    6   10    9   13   13   25   47   50   76  176  372  361  276  127   30
25   44   34   30   28   27   23   20   18   17   16   15   14   13   12   11   10    9    8    7    6    5    4    3    2    1    1    1    1    1    1    1    5    5    3    9    7    7   11   15   12   19   47   49   72  170  353  367  268  141   29
23   34   29   27   23   20   18   17   16   15   14   13   12   11   10    9    8    7    6    5    4    3    2    1    1    1    2    1    4    6    3    7    6    8    9   12   14   17   44   44   75  164  330  358  277  153   34
23   34   27   22   20   19   18   17   16   15   14   13   12   11   10    9    8    7    6    5    4    3    2    1    1    3    1    2    2    2    6    6    6    6    9    9   18   15   44   37   71  154  318  351  285  163   36
25   34   27   26   25   22   20   19   18   17   16   15   14   13   12   11   10    9    8    7    6    5    4    3    2    1    1    1    1    1    1    1    2    3    6    2    6    9    7    8   15   15   38   40   66  143  306  342  288  181   36
24   33   27   26   24   22   19   18   17   16   15   14   13   12   11   10    9    8    7    6    5    4    3    2    1    1    1    1    1    1    2    3    6    1    8    7    5   10   13   13   37   39   65  136  284  339  289  191   41
24   32   27   25   24   21   19   18   17   16   15   14   13   12   11   10    9    8    7    6    5    4    3    2    1    1    1    1    1    1    2    2    4    3    6    7    7    8   13   11   37   35   60  127  265  346  285  202   44
23   31   27   24   21   19   18   17   16   15   14   13   12   11   10    9    8    7    6    5    4    3    2    1    1    1    2    1    1    3    3    3    5    5    7    7   15   12   33   32   59  120  241  339  297  206   46
22   31   27   24   21   18   17   16   15   14   13   12   11   10    9    8    7    6    5    4    3    2    1    1    1    2    1    3    3    4    4    2    7    8   13   12   29   35   53  117  234  312  308  206   58
23   29   27   24   23   21   18   17   16   15   14   13   12   11   10    9    8    7    6    5    4    3    2    1    1    1    1    1    1    3    3    3    4    3    6    6   14   12   27   34   49  111  218  312  299  218   60
23   29   27   24   22   21   18   17   16   15   14   13   12   11   10    9    8    7    6    5    4    3    2    1    1    1    1    1    1    2    3    4    4    3    5    5   13   12   21   28   52  106  203  308  301  228   59
22   29   26   22   21   18   17   16   15   14   13   12   11   10    9    8    7    6    5    4    3    2    1    1    1    1    1    2    1    6    3    3    5    6   12   12   19   27   46  106  184  298  306  231   66
21   29   25   21   18   17   16   15   14   13   12   11   10    9    8    7    6    5    4    3    2    1    1    1    2    1    1    5    4    1    5    6    8   15   18   26   42   95  173  284  311  242   70
20   29   23   20   17   16   15   14   13   12   11   10    9    8    7    6    5    4    3    2    1    1    1    2    2    3    6    1    5    5    7   15   17   26   36   88  165  280  291  257   77
20   29   23   20   17   16   15   14   13   12   11   10    9    8    7    6    5    4    3    2    1    1    1    2    2    3    6    1    4    6    6   14   18   25   33   78  160  268  286  263   83
20   29   23   20   17   16   15   14   13   12   11   10    9    8    7    6    5    4    3    2    1    1    1    2    1    2    7    2    4    3    8   13   18   23   25   73  153  249  294  265   90
20   28   21   20   17   16   15   14   13   12   11   10    9    8    7    6    5    4    3    2    1    1    1    2    1    2    6    1    2    5    8   10   20   23   27   66  142  244  284  261  101
20   28   21   20   19   16   15   14   13   12   11   10    9    8    7    6    5    4    3    2    1    1    1    1    1    3    4    2    2    4    9    7   20   21   27   61  130  233  283  262  109
20   27   21   20   19   16   15   14   13   12   11   10    9    8    7    6    5    4    3    2    1    1    1    1    1    3    2    2    3    4    7    6   17   21   24   62  120  226  276  263  114
19   27   21   19   16   15   14   13   12   11   10    9    8    7    6    5    4    3    2    1    1    1    2    3    1    3    2    5    5    6   14   21   23   56  112  216  268  259  117
19   25   20   19   16   15   14   13   12   11   10    9    8    7    6    5    4    3    2    1    1    1    2    1    3    1    3    6    3    5   16   18   20   57  101  205  261  256  126
19   24   19   18   16   15   14   13   12   11   10    9    8    7    6    5    4    3    2    1    1    2    1    1    2    1    4    2    7    4   12   19   20   52   92  191  263  252  134
18   23   19   18   16   15   13   12   11   10    9    8    7    6    5    4    3    2    1    1    1    2    1    2    4    3    4    6   12   16   22   41   94  167  258  254  134
17   23   19   18   15   13   12   11   10    9    8    7    6    5    4    3    2    1    1    1    2    2    4    3    4    5    8   17   19   41   75  167  240  261  138
18   23   19   18   16   14   13   12   11   10    9    8    7    6    5    4    3    2    1    1    1    1    1    1    3    4    4    3    8   14   21   36   75  150  235  253  146
17   23   19   17   16   13   12   11   10    9    8    7    6    5    4    3    2    1    1    1    1    1    4    3    4    4    8    9   22   37   65  146  229  247  149
16   23   18   14   13   12   11   10    9    8    7    6    5    4    3    2    1    1    1    1    2    2    5    4    7    6   22   32   55  140  223  236  159
16   22   16   14   13   12   11   10    9    8    7    6    5    4    3    2    1    1    1    1    1    2    4    3    7    7   19   30   56  121  216  239  153
15   22   16   14   13   11   10    9    8    7    6    5    4    3    2    1    1    1    1    1    4    2   10    5   15   33   47  105  215  243  152
15   21   16   14   13   11   10    9    8    7    6    5    4    3    2    1    1    1    1    1    2    4    9    6   11   33   45   98  201  237  154
15   21   15   14   13   11   10    9    8    7    6    5    4    3    2    1    1    1    1    1    2    3    9    4   11   32   44   93  189  225  152
15   19   15   14   13   11   10    9    8    7    6    5    4    3    2    1    1    1    1    1    2    2   10    1   12   28   40   81  182  223  155
14   18   14   13   11   10    9    8    7    6    5    4    3    2    1    1    2    1    1    2    8    3    8   28   40   71  165  223  149
14   17   14   13   12   11    9    8    7    6    5    4    3    2    1    1    1    1    1    1    7    5    7   21   36   70  149  219  150
13   17   13   12   11    9    8    7    6    5    4    3    2    1    1    1    1    1    4    8    7   18   33   59  142  218  145
12   16   13   11    9    8    7    6    5    4    3    2    1    1    1    1    3    8    6   16   31   50  131  204  143
12   16   12   11    9    8    7    6    5    4    3    2    1    1    1    1    3    7    6   17   26   47  119  182  137
12   16   12   11    9    8    7    6    5    4    3    2    1    1    1    1    1    7    6   14   29   47  106  173  135
12   15   12   11    9    8    7    6    5    4    3    2    1    1    1    1    1    5    7   13   26   44  100  150  128
12   15   12   10    9    8    7    6    5    4    3    2    1    1    1    1    1    4    5   15   23   42   92  137  126
11   14   11   10    8    7    6    5    4    3    2    1    1    1    1    4    6   11   21   38   91  118  119
11   13   11    9    8    7    6    5    4    3    2    1    1    1    1    4    6    7   19   32   77  105  103
11   13   10    9    8    7    6    5    4    3    2    1    1    1    1    2    5    3   16   29   67   95  102
11   13   10    9    8    7    6    5    4    3    2    1    1    1    1    2    3    4   10   22   62   82   89
11   13   10    9    8    7    6    5    4    3    2    1    1    1    1    2    2    5    8   20   54   67   78
10   13    9    8    7    6    5    4    3    2    1    1    2    2    2    5    6   17   52   63   71
10   13    9    8    7    6    5    4    3    2    1    1    1    2    3    2    5   12   39   55   59
10   13    9    8    7    6    5    4    3    2    1    1    1    1    3    2    5   12   28   49   48
 8    8    7    6    5    4    3    2    1    1    1    1    4    4   10   19   23
 7    8    7    5    4    3    2    1    1    1    5    3    8   18   22
 7    8    7    5    4    3    2    1    1    1    5    2    9   17   21
 6   11    6    5    3    2    1    1    2    1    8    9   12
 6   11    6    5    3    2    1    1    2    1    8    9   12
 7    9    6    5    4    3    2    1    1    1    1    1    6    8   10
 6    9    6    5    3    2    1    1    1    1    5    6    7
 6    9    6    4    3    2    1    1    1    1    5    6    6
 5    8    4    3    2    1    1    1    4    2    4
 4    7    3    2    1    1    3    2    4
 4    7    3    2    1    1    2    2    3
 3    4    2    1    1    2    2
 2    3    1    1    3
 2    3    1    1    3
