# n  list(x)  list(y)
40   59   55   48   47   45   40   38   37   35   34   33   32   31   30   29   28   27   26   25   24   23   22   21   20   19   18   17   16   15   14   13   12   11   10    9    8    7    6    5    4    1    1    1    1    1    1    1    1    3    1    1    3    1    4    5    7    3    5    5    7    8    5    7    9    6   10   15   15   28   34   44   45   69   72   91  165  353 1309  158    4
40   57   55   47   46   45   40   38   37   35   34   33   32   31   30   29   28   27   26   25   24   23   22   21   20   19   18   17   16   15   14   13   12   11   10    9    8    7    6    5    4    1    1    1    1    1    1    1    1    3    1    1    2    2    2    5    6    5    4    6    8    6    5    6   11    3   10   16   12   29   34   45   38   67   72   92  148  349 1237  232   10
38   56   53   46   45   40   38   37   34   33   32   31   30   29   28   27   26   25   24   23   22   21   20   19   18   17   16   15   14   13   12   11   10    9    8    7    6    5    4    1    1    1    2    1    1    1    3    2    1    2    2    4    8    5    4    6    7    7    5    4   12    4    9   15   13   28   27   45   40   65   70   86  143  336 1177  291   21
39   56   53   46   45   44   40   38   37   34   33   32   31   30   29   28   27   26   25   24   23   22   21   20   19   18   17   16   15   14   13   12   11   10    9    8    7    6    5    4    1    1    1    1    1    1    1    1    3    2    1    1    2    5    6    6    3    8    7    6    4    4    8    9   10   14   12   29   26   43   43   57   72   85  136  322 1120  340   33
39   55   53   46   45   43   40   38   36   34   33   31   30   29   28   27   26   25   24   23   22   21   20   19   18   17   16   15   14   13   12   11   10    9    8    7    6    5    4    3    1    1    1    1    1    1    1    1    3    2    1    3    4    5    5    5    8    4    9    3    3    9    9    9   11   13   25   29   37   48   51   73   83  137  288 1076  387   51    1
40   54   53   46   45   43   39   38   36   34   33   32   31   30   29   28   27   26   25   24   23   22   21   20   19   18   17   16   15   14   13   12   11   10    9    8    7    6    5    4    3    1    1    1    1    1    1    1    1    1    2    1    2    1    5    4    5    7    6    5   10    3    2    6   11    9   11   13   25   25   38   45   53   71   77  139  271 1029  415   74    1
39   53   46   45   41   39   38   36   34   33   32   31   30   29   28   27   26   25   24   23   22   21   20   19   18   17   16   15   14   13   12   11   10    9    8    7    6    5    4    3    2    1    1    1    1    1    1    1    1    2    2    1    3    6    3    8    5    5   12    3    2    5   11    9   11   12   23   28   34   47   50   73   79  133  260  966  458   86    3
38   53   45   41   38   37   36   34   33   32   30   29   28   27   26   25   24   23   22   21   20   19   18   17   16   15   14   13   12   11   10    9    8    7    6    5    4    3    2    2    2    1    1    1    1    1    1    2    2    3    5    5    6    6    6   12    3    1    4   12   10   10   11   19   28   38   43   51   70   72  129  254  916  486  104    6    1
35   52   45   41   36   33   32   30   29   28   27   26   25   24   23   22   21   20   19   18   17   16   15   14   13   12   11   10    9    8    7    6    5    4    3    2    2    2    1    3    2    2    2    1    3    8    3    6    8   10    3    4    4   10   11    9   12   17   27   35   46   44   70   75  120  243  854  522  133    5    3
36   52   45   44   41   36   33   32   30   29   28   27   26   25   24   23   22   21   20   19   18   17   16   15   14   13   12   11   10    9    8    7    6    5    4    3    2    2    1    1    1    3    2    2    1    2    2    7    5    4    8   11    2    6    3   11    7   10   13   15   24   36   49   42   63   79  113  235  805  544  157    6    3
37   52   45   44   41   36   35   32   31   30   29   28   27   26   25   24   23   22   21   20   19   18   17   16   15   14   13   12   11   10    9    8    7    6    5    4    3    2    2    1    1    1    2    1    3    1    1    2    1    6    5    5    7    7    6    7    3    6    8   10   15   14   22   35   44   45   63   68  118  213  777  557  175   15    3
36   52   51   45   42   40   36   35   31   30   28   27   26   25   24   23   22   21   20   19   18   17   16   15   14   13   12   11   10    9    8    7    6    5    4    3    2    1    1    1    1    1    1    2    2    3    2    6    4    6    6    7    7    6    4    6    8    7   15   14   18   37   41   47   58   68  122  193  746  557  197   26    4
35   51   43   42   40   35   33   31   30   29   27   26   25   24   23   22   21   20   19   18   17   16   15   14   13   12   11   10    9    8    7    6    5    4    3    2    1    1    1    1    2    1    1    1    3    6    6    3    5   10    6    6    5    4   10    6   12   17   14   36   42   42   56   71  106  179  724  562  215   41    4
35   51   43   42   40   35   33   30   29   27   26   25   24   23   22   21   20   19   18   17   16   15   14   13   12   11   10    9    8    7    6    5    4    3    2    1    1    1    1    1    2    1    2    2    7    5    3    5    6    9    6    4    3    7   10   12   16    9   40   36   45   58   69   99  174  670  585  228   48    9    1
36   51   43   41   39   35   33   30   29   28   27   26   25   24   23   22   21   20   19   18   17   16   15   14   13   12   11   10    9    8    7    6    5    4    3    2    1    1    1    1    1    2    1    1    1    2    7    5    2    5    5    6    7    4    6    7    8   12   15    8   34   37   40   64   63   98  164  633  587  252   59   10    1
34   51   41   39   35   33   30   28   27   26   25   24   23   22   21   20   19   18   17   16   15   14   13   12   11   10    9    8    7    6    5    4    3    2    1    1    2    1    2    1    1    2    6    6    3    3    6    6    8    3    4    8    9    8   18    8   29   38   37   67   56   97  154  606  587  267   69   11    1
35   49   40   39   38   34   33   30   28   27   26   25   24   23   22   21   20   19   18   17   16   15   14   13   12   11   10    9    8    7    6    5    4    3    2    1    1    1    1    1    2    1    1    2    2    7    4    3    5    3    9    6    4    7    8    9   17    6   30   32   42   64   59   87  149  571  600  275   79   11    1
35   48   40   38   37   34   33   30   28   27   26   25   24   23   22   21   20   19   18   17   16   15   14   13   12   11   10    9    8    7    6    5    4    3    2    1    1    1    1    1    1    2    1    1    3    3    7    4    4    4    9    5    5    5    7   11   18    6   21   36   41   61   57   84  147  543  590  289   91   14    1
33   47   40   38   37   33   30   27   26   25   24   23   22   21   20   19   18   17   16   15   14   13   12   11   10    9    8    7    6    5    4    3    2    1    1    1    1    1    3    1    3    3    5    7    4    2    8    6    4    6    4   11   16    7   20   32   43   48   67   78  143  512  574  319   97   22    1
34   46   40   38   37   33   32   29   27   26   25   24   23   22   21   20   19   18   17   16   15   14   13   12   11   10    9    8    7    6    5    4    3    2    1    1    1    1    1    1    2    1    3    3    3    8    5    1    7    7    5    6    1   12   13   12   18   27   45   44   65   75  141  493  562  325  110   23    3
33   46   40   38   37   32   29   27   26   25   24   23   22   21   20   19   18   17   16   15   14   13   12   11   10    9    8    7    6    5    4    3    2    1    1    1    1    1    3    1    2    3    3    6    6    2    5    7    7    4    2   11   15   11   19   22   44   45   61   74  130  472  550  344  117   27    3
32   44   40   38   37   32   27   26   25   24   23   22   21   20   19   18   17   16   15   14   13   12   11   10    9    8    7    6    5    4    3    2    1    1    1    1    1    3    2    3    3    6    6    2    4    5   10    4    2    9   12   13   19   24   37   47   57   72  128  441  532  369  128   30    3
32   44   39   38   37   32   31   26   25   24   23   22   21   20   19   18   17   16   15   14   13   12   11   10    9    8    7    6    5    4    3    2    1    1    1    1    1    2    1    3    5    5    5    3    3    4   11    3    4    6   14   12   17   26   35   44   51   70  118  414  528  374  153   30    5
31   43   38   37   32   31   26   25   24   23   22   21   20   19   18   17   16   15   14   13   12   11   10    9    8    7    6    5    4    3    2    1    1    2    1    1    2    3    3    4    5    5    3    5    5    7    3    6   13   12   18   23   31   43   48   71  112  401  508  378  176   30    5
32   43   38   37   36   31   30   26   25   24   23   22   21   20   19   18   17   16   15   14   13   12   11   10    9    8    7    6    5    4    3    2    1    1    1    1    1    2    1    3    3    3    2    5    5    5    4    7    4    4    9   18   15   23   30   41   46   75  107  364  500  396  186   33    5
32   41   38   37   36   31   30   26   25   24   23   22   21   20   19   18   17   16   15   14   13   12   11   10    9    8    7    6    5    4    3    2    1    1    1    1    1    2    1    1    5    3    1    6    4    4    6    4    7    4    7   16   17   20   32   34   45   74  109  332  491  410  195   34    7
31   41   37   36   31   30   26   25   24   23   22   21   20   19   18   17   16   15   14   13   12   11   10    9    8    7    6    5    4    3    2    1    1    1    2    1    2    1    1    5    3    6    3    4    7    3    6    6    7   13   20   16   30   33   43   76  100  315  471  423  207   37    7
32   40   37   36   31   30   29   26   25   24   23   22   21   20   19   18   17   16   15   14   13   12   11   10    9    8    7    6    5    4    3    2    1    1    1    2    1    1    1    1    1    2    5    5    5    3    8    3    4    8    6   13   18   14   29   30   39   81   96  289  462  425  222   39   10
30   39   37   35   30   29   26   25   24   23   22   21   19   18   17   16   15   14   13   12   11   10    9    8    7    6    5    4    3    2    1    1    1    2    1    2    1    1    1    4    6    6    8    5    5    6    4   12   17   17   24   30   41   74   93  274  451  417  240   46   10
28   39   37   35   29   25   23   22   21   20   19   18   17   16   15   14   13   12   11   10    9    8    7    6    5    4    3    2    1    1    1    2    3    1    2    8    4    2    7    3    6    6    4   11   16   17   27   23   36   79   83  260  435  423  245   59   11
30   38   36   34   33   29   28   24   23   22   21   20   19   18   17   16   15   14   13   12   11   10    9    8    7    6    5    4    3    2    1    1    1    1    1    2    1    1    2    7    3    2    7    3    5    6    4    9   15   17   22   30   31   72   86  243  411  431  258   67   11
29   36   35   33   29   28   24   23   22   21   20   19   18   17   16   15   14   13   12   11   10    9    8    7    6    5    4    3    2    1    1    1    2    2    1    1    2    6    4    2    5    4    3    7    5    7   14   18   19   32   30   64   84  232  386  435  266   77   15
28   36   35   32   29   28   23   22   21   20   19   18   17   16   15   14   13   12   11   10    9    8    7    6    5    4    3    2    1    1    1    2    1    2    2    6    5    2    3    5    3    5    8    7   11   17   19   28   31   67   77  218  376  429  273   83   18
26   36   32   28   23   22   21   20   19   18   17   16   15   14   13   12   11   10    9    8    7    6    5    4    3    2    1    1    2    3    1    5    5    3    3    4    4    3    9    8   10   17   18   27   33   58   79  204  365  418  283   92   20
28   36   32   31   28   27   23   22   21   20   19   18   17   16   15   14   13   12   11   10    9    8    7    6    5    4    3    2    1    1    1    1    2    1    1    4    5    4    3    3    5    2    9    8   10   14   19   27   31   52   82  190  348  420  290   94   23
27   35   32   30   28   27   22   21   20   19   18   17   16   15   14   13   12   11   10    9    8    7    6    5    4    3    2    1    1    1    1    2    1    5    5    2    4    2    4    3    9    7    9   15   14   26   31   51   74  179  337  412  303   99   28
26   35   31   30   28   27   22   21   20   19   17   16   15   14   13   12   11   10    9    8    7    6    5    4    3    2    1    1    1    1    1    2    5    3    3    5    6    3    8    8    7   13   15   19   36   45   68  169  322  405  311  116   27
26   34   30   28   27   22   21   20   19   18   17   16   15   14   13   12   11   10    9    8    7    6    5    4    3    2    1    1    1    2    2    5    2    1    7    1    5    4    7    7    6   11   13   20   35   43   66  149  311  393  323  125   35
26   32   30   28   27   22   21   20   19   18   17   16   15   14   13   12   11   10    9    8    7    6    5    4    3    2    1    1    1    2    2    2    1    5    2    4    6    3    7    4    7    9   12   20   33   44   60  138  301  376  340  130   39
26   32   29   28   27   22   21   20   19   18   17   16   15   14   13   12   11   10    9    8    7    6    5    4    3    2    1    1    1    2    2    1    1    6    2    3    5    4    7    4    8    9   11   18   31   44   58  129  287  377  331  141   40
23   32   28   27   21   20   18   17   16   15   14   13   12   11   10    9    8    7    6    5    4    3    2    1    1    3    2    1    7    5    4    4    5    5    9    6   13   18   29   46   49  125  272  365  337  148   43
24   31   28   27   21   20   19   18   17   16   15   14   13   12   11   10    9    8    7    6    5    4    3    2    1    1    2    3    1    4    3    5    2    3    8    2   10    6   11   17   28   46   42  119  260  349  332  172   45
26   31   28   27   26   25   21   20   19   18   17   16   15   14   13   12   11   10    9    8    7    6    5    4    3    2    1    1    1    2    1    1    1    2    4    4    4    2    8    3    7    6   12   17   25   44   41  112  246  342  336  177   46
26   29   28   27   26   25   24   20   19   18   17   16   15   14   13   12   11   10    9    8    7    6    5    4    3    2    1    1    1    1    1    1    1    2    4    4    3    4    5    5    7    5   10   16   24   46   39  103  230  332  336  188   51
24   29   28   26   24   20   19   18   17   16   15   14   13   12   11   10    9    8    7    6    5    4    3    2    1    1    1    2    2    1    3    5    3    4    5    5    5    6   11   15   21   41   44   94  217  332  329  195   53
25   29   28   26   25   24   20   19   18   17   16   15   14   13   12   11   10    9    8    7    6    5    4    3    2    1    1    1    1    1    2    1    3    5    3    4    3    6    4    5   11   16   17   42   45   82  199  329  328  205   55
23   29   28   25   24   19   18   17   16   15   14   13   12   11   10    9    8    7    6    5    4    3    2    1    1    1    1    3    3    5    3    3    2    5    5    4   10   14   16   41   43   76  183  320  330  208   67
23   29   27   24   23   19   18   17   16   15   14   13   12   11   10    9    8    7    6    5    4    3    2    1    1    1    2    2    3    4    3    3    3    5    4    5    9   14   16   33   46   77  170  305  329  209   71
24   28   26   24   23   21   19   18   17   16   15   14   13   12   11   10    9    8    7    6    5    4    3    2    1    1    1    2    1    1    2    5    3    3    3    4    4    5    8   14   15   29   43   70  172  277  335  216   71
24   27   26   23   22   21   19   18   17   16   15   14   13   12   11   10    9    8    7    6    5    4    3    2    1    1    1    2    1    1    2    5    2    4    2    4    4    5    7   12   13   32   39   65  159  273  325  225   75
24   26   25   23   22   21   19   18   17   16   15   14   13   12   11   10    9    8    7    6    5    4    3    2    1    1    1    2    1    1    2    4    2    4    2    3    5    6    7    9   13   29   37   57  159  254  325  227   80
23   26   25   22   21   19   18   17   16   15   14   13   12   11   10    9    8    7    6    5    4    3    2    1    1    1    3    1    2    1    4    5    2    2    3    5    9    8   11   30   36   49  149  250  316  226   92
22   26   23   22   21   19   17   16   15   14   13   12   11   10    9    8    7    6    5    4    3    2    1    1    1    3    1    1    5    4    4    1    3    3    9    8   11   27   38   47  133  239  315  233   95
21   26   22   21   18   17   16   15   14   13   12   11   10    9    8    7    6    5    4    3    2    1    1    3    2    1    3    5    3    3    3    3    7    8   11   25   37   44  119  241  299  231  108
21   25   22   21   20   17   16   15   14   13   12   11   10    9    8    7    6    5    4    3    2    1    1    2    2    1    3    5    2    3    4    2    6    9    8   22   34   44  113  223  288  243  113
21   24   22   21   20   17   16   15   14   13   12   11   10    9    8    7    6    5    4    3    2    1    1    2    2    1    1    3    5    4    3    3    6    5   11   14   36   44  101  217  282  239  119
21   24   22   21   20   17   16   15   14   13   12   11   10    9    8    7    6    5    4    3    2    1    1    2    2    1    1    3    4    3    4    3    4    4   10   14   32   43   93  211  275  241  119
21   24   22   21   20   17   16   15   14   13   12   11   10    9    8    7    6    5    4    3    2    1    1    2    2    1    1    1    6    3    4    3    4    3    8   15   26   45   83  200  269  239  119
20   24   22   20   19   16   15   14   13   12   11   10    9    8    7    6    5    4    3    2    1    1    2    1    2    2    3    4    6    1    3    4    6   14   20   47   78  183  260  242  122
21   24   22   20   19   18   16   15   14   13   12   11   10    9    8    7    6    5    4    3    2    1    1    2    1    1    1    2    2    3    7    2    2    3    6   14   17   46   69  181  240  252  114
21   24   22   21   20   18   16   15   14   13   12   11   10    9    8    7    6    5    4    3    2    1    1    1    1    1    2    1    3    3    5    1    5    2    6   13   15   43   64  173  234  241  123
21   23   22   21   20   18   16   15   14   13   12   11   10    9    8    7    6    5    4    3    2    1    1    1    1    1    2    1    3    2    4    3    2    4    7   12   12   38   59  166  221  237  124
21   22   21   20   18   17   16   15   14   13   12   11   10    9    8    7    6    5    4    3    2    1    1    2    1    1    1    1    1    3    3    4    3    4    5    7   13   36   52  149  213  231  127
21   22   21   20   18   17   16   15   14   13   12   11   10    9    8    7    6    5    4    3    2    1    1    1    1    1    2    1    1    1    4    2    3    4    2   10   12   30   45  137  215  223  137
20   22   20   18   17   16   15   14   13   12   11   10    9    8    7    6    5    4    3    2    1    1    2    1    1    2    1    1    1    4    4    2    3   11    9   27   44  121  212  213  137
18   21   20   17   16   14   13   12   11   10    9    8    7    6    5    4    3    2    1    1    1    2    1    1    1    5    4    1    2    9   12   17   47  108  203  199  138
17   20   17   16   15   14   12   11   10    9    8    7    6    5    4    3    2    1    1    1    2    1    1    3    5    2    2    6   11   18   44   97  199  193  143
17   19   17   16   14   13   12   11   10    9    8    7    6    5    4    3    2    1    1    1    2    1    1    3    5    2    1    6   10   13   38   94  188  191  143
17   19   17   16   15   14   13   12   11   10    8    7    6    5    4    3    2    1    1    1    1    1    1    1    3    4    3    5    9   13   34   84  173  195  138
15   17   14   13   12   11   10    9    8    7    6    5    4    3    2    1    2    2    1    4    3    1    2    4    6   15   26   82  161  187  141
15   17   16   14   12   11   10    9    8    7    6    5    4    3    2    1    1    1    2    2    5    2    2    3    5   14   21   76  152  183  134
14   16   14   12   11   10    9    8    7    6    5    4    3    2    1    1    1    2    2    5    3    2    4   13   20   70  145  177  134
13   15   14   12   11   10    9    7    6    5    4    3    2    1    1    1    1    1    6    4    4   12   16   56  146  164  134
12   13   12   10    9    8    7    6    5    4    3    2    1    1    2    4    5    1    4    7   17   53  132  164  125
12   13   12   10    9    8    7    6    5    4    3    2    1    1    2    2    6    2    1    7   20   46  126  158  116
13   13   12   11   10    9    8    7    6    5    4    3    2    1    1    1    1    1    4    4    2    7   17   40  112  160  107
12   12   11   10    9    8    7    6    5    4    3    2    1    2    1    1    3    5    2    4   14   31  103  138  103
12   12   11   10    9    8    7    6    5    4    3    2    1    1    2    1    1    6    1    2   13   25   89  118   96
12   12   11   10    9    8    7    6    5    4    3    2    1    1    2    1    1    4    2    2   10   24   74  109   89
11   11   10    9    8    7    6    5    4    3    2    1    3    1    1    3    3    2    8   25   67  103   84
11   11   10    9    8    7    6    5    4    3    2    1    2    1    1    2    4    3    5   25   54  107   82
11   11   10    9    8    7    6    5    4    3    2    1    2    1    1    1    2    4    5   18   44   77   74
10   11   10    8    7    6    5    4    3    2    1    1    2    1    3    4    2   18   32   77   64
10   11    9    8    7    6    5    4    3    2    1    1    2    1    2    3    4   16   28   72   61
 9   11    8    7    6    5    4    3    2    1    1    3    2    2    5    8   25   62   57
 9   10    8    7    6    5    4    3    2    1    1    1    2    1    4    4   16   42   42
 6    7    5    4    3    2    1    3    1    4    3   27   27
 6    7    6    4    3    2    1    2    1    4    2   16   22
 4    7    6    2    1    1    2    7   13
 4    6    5    2    1    2    1    7   11
 4    6    5    2    1    1    2    4   10
 4    5    4    2    1    2    1    1    8
 3    3    2    1    3    3    3
 3    3    2    1    3    2    3
 4    4    3    2    1    1    1    1    3
 4    4    3    2    1    1    1    1    3
 4    4    3    2    1    1    1    1    3
 2    2    1    1    2
 2    2    1    1    2
 2    2    1    1    2
