# n  list(x)  list(y)
19    4    5    6    7    8    9   10   11   12   13   14   15   16   17   18   19   20   22   30    4  116  712  536  386  258  183  106   68   45   24   26   10    9    8    2    5    1    1
20    3    4    5    6    7    8    9   10   11   12   13   14   15   16   17   18   19   20   22   30    1   12  145  707  515  375  259  163  108   66   42   24   26    8    8    7    2    5    1    1
20    3    4    5    6    7    8    9   10   11   12   13   14   15   16   17   18   19   20   22   30    1   23  180  690  504  356  255  157  102   63   40   23   26    8    6    8    2    4    1    1
20    3    4    5    6    7    8    9   10   11   12   13   14   15   16   17   18   19   20   22   28    2   38  201  680  491  338  257  154   89   61   39   23   24    9    5    6    2    4    1    1
21    2    3    4    5    6    7    8    9   10   11   12   13   14   15   16   17   18   19   20   22   28    1    4   45  230  658  491  323  250  148   81   62   39   22   20    7    6    5    3    3    1    1
21    2    3    4    5    6    7    8    9   10   11   12   13   14   15   16   17   18   19   20   22   28    1    6   49  261  644  482  320  236  140   78   56   35   26   17    5    7    4    4    2    1    1
21    2    3    4    5    6    7    8    9   10   11   12   13   14   15   16   17   18   19   20   22   27    1    6   62  279  649  469  299  228  135   80   53   28   25   12    6    9    1    4    2    1    1
21    2    3    4    5    6    7    8    9   10   11   12   13   14   15   16   17   18   19   20   22   27    1    8   71  309  630  454  291  215  134   78   49   29   21   13    5    8    1    5    1    1    1
21    2    3    4    5    6    7    8    9   10   11   12   13   14   15   16   17   18   19   20   22   27    1   12   89  320  603  453  279  212  123   81   45   29   22    9    7    7    3    2    1    1    1
21    2    3    4    5    6    7    8    9   10   11   12   13   14   15   16   17   18   19   20   22   27    2   14   97  346  596  448  263  209  103   73   50   29   15   10    5    8    2    2    1    1    1
21    2    3    4    5    6    7    8    9   10   11   12   13   14   15   16   17   18   19   20   22   26    3   15  108  369  586  442  251  193   96   73   45   27   14    9    6    6    2    2    1    1    1
20    2    3    4    5    6    7    8    9   10   11   12   13   14   15   16   17   18   20   22   26    4   22  124  385  571  433  234  183   96   71   38   23   14   10    4    7    3    1    1    1
20    2    3    4    5    6    7    8    9   10   11   12   13   14   15   16   17   18   19   22   26    5   26  139  401  559  419  226  167   92   72   31   25   13   10    5    5    2    1    1    1
20    2    3    4    5    6    7    8    9   10   11   12   13   14   15   16   17   18   19   22   26    5   34  148  406  556  396  224  160   92   62   32   26    9   10    5    5    2    1    1    1
20    2    3    4    5    6    7    8    9   10   11   12   13   14   15   16   17   18   19   21   26    6   41  159  413  549  379  218  162   81   56   29   24   10    9    4    6    1    1    1    1
20    2    3    4    5    6    7    8    9   10   11   12   13   14   15   16   17   18   19   21   26    6   49  174  423  531  366  216  151   81   47   29   20   11    8    5    4    1    1    1    1
20    2    3    4    5    6    7    8    9   10   11   12   13   14   15   16   17   18   19   20   26    7   55  188  433  510  355  210  143   74   53   24   20   10    7    4    3    1    1    1    1
19    2    3    4    5    6    7    8    9   10   11   12   13   14   15   16   17   18   19   25   12   56  202  437  500  347  198  128   77   50   24   16   13    6    2    3    1    2    1
19    2    3    4    5    6    7    8    9   10   11   12   13   14   15   16   17   18   19   25   16   62  207  447  480  338  192  121   73   49   22   16   12    6    3    2    1    2    1
18    2    3    4    5    6    7    8    9   10   11   12   13   14   15   16   17   19   25   18   72  224  443  468  321  182  119   73   43   22   17    9    5    3    3    2    1
18    2    3    4    5    6    7    8    9   10   11   12   13   14   15   16   17   19   25   19   81  237  436  467  310  169  119   67   39   20   15    8    5    3    3    1    1
18    2    3    4    5    6    7    8    9   10   11   12   13   14   15   16   17   19   24   19   87  253  434  454  297  161  113   66   36   20   14    8    7    1    3    1    1
18    1    2    3    4    5    6    7    8    9   10   11   12   13   14   15   17   19   24    1   22   99  260  437  430  286  156  109   62   36   18   14    7    8    3    1    1
18    1    2    3    4    5    6    7    8    9   10   11   12   13   14   15   17   19   24    2   24  106  277  435  409  277  155  101   58   33   17   13    6    7    3    1    1
19    1    2    3    4    5    6    7    8    9   10   11   12   13   14   15   16   17   19   24    2   29  117  287  435  391  259  153  100   50   33   18    9    6    6    1    2    1    1
19    1    2    3    4    5    6    7    8    9   10   11   12   13   14   15   16   17   19   23    2   31  136  289  430  385  239  153   93   45   30   18    7    8    3    1    2    1    1
18    1    2    3    4    5    6    7    8    9   10   11   12   13   14   15   16   17   23    2   36  145  294  427  378  239  133   86   49   24   17    8    5    3    1    1    1
18    1    2    3    4    5    6    7    8    9   10   11   12   13   14   15   16   17   23    2   37  161  296  427  362  233  121   84   45   22   16    7    6    2    1    1    1
18    1    2    3    4    5    6    7    8    9   10   11   12   13   14   15   16   17   23    4   43  160  306  424  343  227  116   80   43   20   16    8    5    1    1    1    1
17    1    2    3    4    5    6    7    8    9   10   11   12   13   14   15   17   23    5   44  165  312  417  329  221  118   71   44   14   18    7    4    2    1    1
17    1    2    3    4    5    6    7    8    9   10   11   12   13   14   15   17   23    6   46  180  308  414  315  217  110   64   44   14   16    7    3    2    1    1
17    1    2    3    4    5    6    7    8    9   10   11   12   13   14   15   16   23    6   50  184  325  402  309  208  110   55   35   15   11    7    2    2    1    1
17    1    2    3    4    5    6    7    8    9   10   11   12   13   14   15   16   23    7   54  187  338  389  305  194  107   48   33   14   10    7    2    1    1    1
16    1    2    3    4    5    6    7    8    9   10   11   12   13   14   16   23    9   57  193  342  383  307  173  100   43   33   12   11    6    2    1    1
16    1    2    3    4    5    6    7    8    9   10   11   12   13   14   15   22    9   64  197  351  392  284  159   94   40   29   10   10    6    1    1    1
15    1    2    3    4    5    6    7    8    9   10   11   12   13   14   22   13   73  196  362  381  269  155   86   38   25    9   10    4    2    1
15    1    2    3    4    5    6    7    8    9   10   11   12   13   14   21   14   78  195  367  367  268  141   84   38   23    8   11    2    2    1
15    1    2    3    4    5    6    7    8    9   10   11   12   13   14   21   16   83  207  360  363  253  135   72   41   20   10    9    1    2    1
15    1    2    3    4    5    6    7    8    9   10   11   12   13   14   21   17   86  226  349  348  242  131   77   33   19    9    7    1    2    1
15    1    2    3    4    5    6    7    8    9   10   11   12   13   14   21   19   93  239  350  326  226  126   80   30   14    9    7    2    1    1
15    1    2    3    4    5    6    7    8    9   10   11   12   13   14   20   21   97  250  352  314  212  116   78   27   14    6    7    2    1    1
15    1    2    3    4    5    6    7    8    9   10   11   12   13   14   20   25  110  254  345  300  200  112   78   23   10    6    6    2    1    1
14    1    2    3    4    5    6    7    8    9   10   11   12   13   20   26  117  272  334  292  189  100   72   20   10    6    6    2    1
14    1    2    3    4    5    6    7    8    9   10   11   12   13   20   28  128  279  321  285  177  100   64   16   12    4    5    2    1
14    1    2    3    4    5    6    7    8    9   10   11   12   13   20   36  127  290  314  268  170   96   58   14   12    5    5    1    1
14    1    2    3    4    5    6    7    8    9   10   11   12   13   19   39  144  285  311  258  152   95   51   12   14    3    5    1    1
14    1    2    3    4    5    6    7    8    9   10   11   12   13   19   43  151  288  307  240  146   94   43   10   13    3    4    1    1
13    1    2    3    4    5    6    7    8    9   10   11   12   19   48  154  289  302  232  144   83   35   12   12    3    3    1
13    1    2    3    4    5    6    7    8    9   10   11   12   19   51  159  295  292  222  129   85   28   12   12    2    2    1
13    1    2    3    4    5    6    7    8    9   10   11   12   18   58  163  297  279  216  126   75   24   12    8    2    2    1
13    1    2    3    4    5    6    7    8    9   10   11   12   18   65  171  298  276  201  117   67   21   13    4    2    2    1
13    1    2    3    4    5    6    7    8    9   10   11   12   18   71  178  289  264  196  113   60   20    9    4    1    2    1
12    1    2    3    4    5    6    7    8    9   10   11   18   71  178  287  266  184  102   53   19    8    4    3    1
12    1    2    3    4    5    6    7    8    9   10   11   18   75  186  283  262  170   94   50   17    6    4    2    1
11    1    2    3    4    5    6    7    8    9   10   11   74  198  280  251  166   87   41   19    4    4    1
11    1    2    3    4    5    6    7    8    9   10   11   77  212  262  252  151   83   38   14    5    3    1
11    1    2    3    4    5    6    7    8    9   10   11   80  213  261  245  144   74   34   12    6    2    1
11    1    2    3    4    5    6    7    8    9   10   11   89  211  268  225  132   68   30   11    6    2    1
10    1    2    3    4    5    6    7    8    9   10  101  209  261  214  128   61   25   10    5    3
10    1    2    3    4    5    6    7    8    9   10   99  216  244  214  122   52   22    7    5    2
 9    1    2    3    4    5    6    7    8    9  106  218  244  204  106   49   17    7    5
 9    1    2    3    4    5    6    7    8    9  117  206  250  187   94   47   15    6    4
 9    1    2    3    4    5    6    7    8    9  124  202  251  174   86   37   12    6    3
 9    1    2    3    4    5    6    7    8    9  127  201  239  166   80   29   12    6    2
 9    1    2    3    4    5    6    7    8    9  133  202  230  156   67   29    8    6    2
 9    1    2    3    4    5    6    7    8    9  133  197  223  148   56   24    7    6    1
 9    1    2    3    4    5    6    7    8    9  141  200  206  135   53   21    7    3    1
 9    1    2    3    4    5    6    7    8    9  138  200  199  114   54   16    6    3    1
 9    1    2    3    4    5    6    7    8    9  134  195  182  112   45   13    6    3    1
 8    1    2    3    4    5    6    7    8  134  193  180   91   39    9    7    1
 8    1    2    3    4    5    6    7    8  133  193  169   81   33   11    3    1
 8    1    2    3    4    5    6    7    8  132  186  150   73   31    7    1    1
 8    1    2    3    4    5    6    7    8  124  185  139   70   20    7    1    1
 8    1    2    3    4    5    6    7    8  118  173  121   59   18    5    1    1
 8    1    2    3    4    5    6    7    8  112  167  107   50   12    3    1    1
 6    1    2    3    4    5    6   49   82   47   21    4    3
 6    1    2    3    4    5    6   45   76   42   19    3    3
 6    1    2    3    4    5    6   42   69   39   14    3    3
 6    1    2    3    4    5    6   37   53   31   13    2    3
 6    1    2    3    4    5    6   35   51   31   12    2    3
 6    1    2    3    4    5    6   33   35   18    7    1    1
 6    1    2    3    4    5    6   20   43   17    7    3    1
 5    1    2    3    4    5    6   14    5    3    1
 5    1    2    3    4    5    4   10    5    2    1
 4    1    2    3    5    4    9    7    1
 3    1    2    3    4    3    4
 3    1    2    3    4    4    2
 4    1    2    3    5    1    6    2    1
 4    1    2    3    5    1    6    2    1
 4    1    2    3    4    3    4    1    1
 2    1    2    2    3
 2    1    2    2    3
 2    1    2    2    3
 2    1    2    2    3
 2    1    2    2    3
 2    1    2    2    2
 2    1    2    2    1
 2    1    2    2    1
