# n  list(x)  list(y)
18   22   20   19   18   17   16   15   14   13   12   11   10    9    8    7    6    5    4    1    1    1    4    4    5   12   27   49   77  130  190  272  450  505  631  137    4
19   22   20   19   18   17   16   15   14   13   12   11   10    9    8    7    6    5    4    3    1    1    1    1    5    5   12   23   49   74  126  184  256  429  512  615  166   14    1
19   22   20   19   18   17   16   15   14   13   12   11   10    9    8    7    6    5    4    3    1    1    1    1    5    5   11   19   48   73  123  172  251  411  506  606  194   21    1
19   22   20   19   18   17   16   15   14   13   12   11   10    9    8    7    6    5    4    3    1    1    1    1    4    5   11   13   44   69  112  170  251  391  498  607  215   29    2
19   22   20   19   18   17   16   15   14   13   12   11   10    9    8    7    6    5    4    3    1    1    1    1    4    4   12   12   42   67  100  172  238  373  503  605  221   40    3
19   21   20   19   18   17   16   15   14   13   12   11   10    9    8    7    6    5    4    3    1    1    1    1    2    5   12   12   37   69   93  164  228  359  485  599  253   49    4
18   21   20   18   17   16   15   14   13   12   11   10    9    8    7    6    5    4    3    1    1    2    2    4    9   16   30   65   83  154  224  348  476  599  273   59    4
18   21   19   18   17   16   15   14   13   12   11   10    9    8    7    6    5    4    3    1    1    2    2    3    9   13   30   54   83  143  217  350  456  593  291   73    4
18   21   19   18   17   16   15   14   13   12   11   10    9    8    7    6    5    4    3    1    1    1    3    2    7   13   27   50   79  136  222  342  436  578  311   86    5
18   21   19   18   17   16   15   14   13   12   11   10    9    8    7    6    5    4    3    1    1    1    2    3    7   11   27   45   77  134  201  331  429  566  328  102    9
17   21   18   17   16   15   14   13   12   11   10    9    8    7    6    5    4    3    1    2    2    2    5   11   25   41   77  122  201  311  430  542  357  111   10
17   21   18   17   16   15   14   13   12   11   10    9    8    7    6    5    4    3    1    2    2    1    5   10   23   39   67  126  186  308  414  541  368  116   16
17   20   18   17   16   15   14   13   12   11   10    9    8    7    6    5    4    3    1    1    3    1    4    9   21   36   66  117  175  302  393  537  393  118   23
17   20   18   17   16   15   14   13   12   11   10    9    8    7    6    5    4    3    1    1    2    2    4    6   17   31   62  117  170  294  379  526  405  131   27
17   20   18   17   16   15   14   13   12   11   10    9    8    7    6    5    4    3    1    1    2    2    3    7   14   31   57  114  164  272  384  502  420  142   34
17   20   17   16   15   14   13   12   11   10    9    8    7    6    5    4    3    2    1    3    2    3    5   15   26   52  112  154  263  377  479  443  147   41    2
16   17   16   15   14   13   12   11   10    9    8    7    6    5    4    3    2    2    3    3    5   13   26   48  100  150  265  357  471  457  150   46    4
17   17   16   15   14   13   12   11   10    9    8    7    6    5    4    3    2    1    2    3    2    6   12   26   48   90  148  252  334  473  456  167   51    4    1
17   17   16   15   14   13   12   11   10    9    8    7    6    5    4    3    2    1    2    1    3    7   11   24   41   83  147  255  310  461  452  186   59    7    1
17   17   16   15   14   13   12   11   10    9    8    7    6    5    4    3    2    1    1    2    3    5   11   26   34   82  137  238  309  452  448  203   64    9    1
17   17   16   15   14   13   12   11   10    9    8    7    6    5    4    3    2    1    1    1    1    7   10   22   36   77  128  221  302  439  462  209   71   12    1
17   17   16   15   14   13   12   11   10    9    8    7    6    5    4    3    2    1    1    1    1    7    7   24   30   75  125  213  289  429  452  227   80   13    1
16   16   15   14   13   12   11   10    9    8    7    6    5    4    3    2    1    2    1    6    8   22   29   67  115  210  285  404  448  252   85   13    3
16   16   15   14   13   12   11   10    9    8    7    6    5    4    3    2    1    2    1    3    9   22   28   61  114  202  272  404  424  265   96   18    4
16   16   15   14   13   12   11   10    9    8    7    6    5    4    3    2    1    2    1    3    7   24   25   57  105  187  276  395  411  270  113   20    4
16   16   15   14   13   12   11   10    9    8    7    6    5    4    3    2    1    2    1    2    8   21   25   52   94  179  269  382  415  278  120   23    4
16   16   15   14   13   12   11   10    9    8    7    6    5    4    3    2    1    1    1    3    8   19   24   47   93  158  261  374  412  292  120   32    5
16   16   15   14   13   12   11   10    9    8    7    6    5    4    3    2    1    1    1    3    4   20   22   44   91  149  253  357  415  292  130   37    6
16   16   15   14   13   12   11   10    9    8    7    6    5    4    3    2    1    1    1    1    4   19   21   45   78  147  246  342  412  301  134   42    6
16   16   15   14   13   12   11   10    9    8    7    6    5    4    3    2    1    1    1    1    3   17   17   44   68  138  238  333  418  302  143   45    6
15   16   14   13   12   11   10    9    8    7    6    5    4    3    2    1    1    2    2   13   19   41   62  132  207  325  415  320  156   48    7
14   16   13   12   11   10    9    8    7    6    5    4    3    2    1    1    4    7   21   37   62  127  200  301  424  317  163   51   10
14   15   13   12   11   10    9    8    7    6    5    4    3    2    1    1    4    7   19   30   59  117  192  293  418  323  169   58   10
14   15   13   12   11   10    9    8    7    6    5    4    3    2    1    1    4    6   15   28   56  110  188  269  412  333  176   65   12
14   14   13   12   11   10    9    8    7    6    5    4    3    2    1    1    4    4   15   25   48  107  184  260  391  342  181   75   13
14   14   13   12   11   10    9    8    7    6    5    4    3    2    1    1    3    4   12   25   46   93  181  248  381  343  195   79   14
14   14   13   12   11   10    9    8    7    6    5    4    3    2    1    1    3    2   12   25   48   82  168  249  369  350  191   85   15
14   14   13   12   11   10    9    8    7    6    5    4    3    2    1    1    2    3   11   23   51   72  160  240  349  358  201   90   14
13   13   12   11   10    9    8    7    6    5    4    3    2    1    3    3   11   21   48   65  154  234  341  350  211   92   16
13   13   12   11   10    9    8    7    6    5    4    3    2    1    2    4    7   20   44   62  145  223  335  353  214   96   19
13   13   12   11   10    9    8    7    6    5    4    3    2    1    2    4    5   20   37   59  132  224  318  344  226  104   24
13   13   12   11   10    9    8    7    6    5    4    3    2    1    2    3    5   19   33   55  127  211  302  346  229  116   26
12   12   11   10    9    8    7    6    5    4    3    2    1    4    6   17   25   54  118  200  298  341  238  117   31
12   12   11   10    9    8    7    6    5    4    3    2    1    4    5   16   23   48  109  184  295  343  239  123   35
12   12   11   10    9    8    7    6    5    4    3    2    1    4    4   16   22   45   98  180  276  340  249  126   39
12   12   11   10    9    8    7    6    5    4    3    2    1    2    5   15   17   48   84  174  271  320  258  139   41
12   12   11   10    9    8    7    6    5    4    3    2    1    2    4   16   16   39   84  158  274  306  266  140   42
12   12   11   10    9    8    7    6    5    4    3    2    1    2    3   14   14   31   83  141  278  296  262  151   46
12   12   11   10    9    8    7    6    5    4    3    2    1    1    3   12   13   27   76  141  266  294  257  153   49
11   11   10    9    8    7    6    5    4    3    2    1    3   10   11   23   66  141  249  286  263  159   54
11   11   10    9    8    7    6    5    4    3    2    1    3    6   12   22   60  133  241  282  258  167   54
11   11   10    9    8    7    6    5    4    3    2    1    3    3   13   22   52  128  225  274  260  170   61
11   11   10    9    8    7    6    5    4    3    2    1    2    4   11   20   50  112  222  267  260  173   63
10   10    9    8    7    6    5    4    3    2    1    4   11   19   49   99  208  260  260  182   68
10   10    9    8    7    6    5    4    3    2    1    3   12   18   45   91  192  254  253  192   74
10   10    9    8    7    6    5    4    3    2    1    3   10   18   42   83  176  247  253  194   83
10   10    9    8    7    6    5    4    3    2    1    2    5   18   37   74  173  234  246  199   93
10   10    9    8    7    6    5    4    3    2    1    2    3   19   31   71  156  230  239  193   99
10   10    9    8    7    6    5    4    3    2    1    1    4   17   27   59  154  216  234  201  103
10   10    9    8    7    6    5    4    3    2    1    1    3   13   25   54  127  217  234  210   97
10   10    9    8    7    6    5    4    3    2    1    1    3    9   26   47  124  204  235  199  100
10   10    9    8    7    6    5    4    3    2    1    1    3    8   25   43  110  193  229  205  103
10   10    9    8    7    6    5    4    3    2    1    1    2    8   23   38  102  175  222  209   95
10   10    9    8    7    6    5    4    3    2    1    1    2    6   20   36   92  171  210  209  104
 9    9    8    7    6    5    4    3    2    1    3    4   20   31   91  158  207  206  107
 9    9    8    7    6    5    4    3    2    1    2    5   20   24   79  155  204  199  109
 9    9    8    7    6    5    4    3    2    1    1    5   19   21   72  144  204  189  112
 9    9    8    7    6    5    4    3    2    1    1    5   14   22   62  133  193  186  108
 9    9    8    7    6    5    4    3    2    1    1    3   12   17   56  128  180  189  111
 8    8    7    6    5    4    3    2    1    4   10   16   52  114  166  192  112
 8    8    7    6    5    4    3    2    1    3   10   14   48  105  153  169  119
 8    8    7    6    5    4    3    2    1    3    7   12   45   97  150  167  116
 8    8    7    6    5    4    3    2    1    3    7   10   32   86  147  163  114
 8    8    7    6    5    4    3    2    1    2    4   10   29   77  146  158  111
 8    8    7    6    5    4    3    2    1    2    4    9   24   63  139  154  105
 8    8    7    6    5    4    3    2    1    1    4    7   23   57  129  152  104
 8    8    7    6    5    4    3    2    1    1    1    3   22   51  117  149  102
 7    8    6    5    4    3    2    1    1    2   15   53  107  144   98
 7    8    6    5    4    3    2    1    1    1   13   45   83  121   82
 7    8    6    5    4    3    2    1    1    1    6   17   35   60   29
 7    7    6    5    4    3    2    1    1    1    3   16   25   50   27
 6    6    5    4    3    2    1    1    3   11   15   33   18
 6    6    5    4    3    2    1    1    3   10   14   31   15
 6    6    5    4    3    2    1    1    3    4    9   22    8
 6    6    5    4    3    2    1    1    3    3    5   16    6
 6    6    5    4    3    2    1    1    2    4    5   14    7
 4    4    3    2    1    2    3    5    5
 3    3    2    1    2    7    4
 3    3    2    1    2    7    4
 4    5    3    2    1    1    3    2    4
 4    5    3    2    1    1    3    2    4
 3    4    2    1    1    4    2
 3    4    2    1    1    4    2
 3    4    2    1    1    1    4
 3    4    2    1    1    1    4
 3    3    2    1    1    1    3
 2    3    1    1    3
 2    2    1    1    2
