# n  list(x)  list(y)
31   43   40   34   33   32   30   28   27   26   25   24   23   22   21   20   19   18   17   16   15   14   13   12   11   10    9    8    7    6    5    4    1    1    1    2    3    2    1    4    1    1    3    6    4    7   15   16    9   18   24   23   34   55   43   66  120  166  203  418 1090  159    4
33   42   40   34   33   32   31   30   28   27   26   25   24   23   22   21   20   19   18   17   16   15   14   13   12   11   10    9    8    7    6    5    4    3    1    1    1    1    3    1    1    2    4    1    1    2    6    4    5   10   20   11   17   21   24   30   48   46   63  112  166  193  410 1046  217    6    1
32   41   40   34   33   32   31   30   28   27   26   24   23   22   21   20   19   18   17   16   15   14   13   12   11   10    9    8    7    6    5    4    3    1    1    1    1    2    2    1    1    5    1    1    6    4    7    9   17   13   16   20   23   31   45   48   60  101  165  185  398 1004  259   19    3
32   40   39   34   33   32   31   30   28   27   26   24   23   22   21   20   19   18   17   16   15   14   13   12   11   10    9    8    7    6    5    4    3    1    1    1    1    1    3    1    1    4    1    1    4    4    9    6   16   15   16   20   20   28   42   50   61   96  162  174  384  958  311   29    4
29   40   38   34   32   31   28   27   26   23   22   21   20   19   18   17   16   15   14   13   12   11   10    9    8    7    6    5    4    3    1    1    1    2    3    2    3    2    5    4    9    5   16   13   17   19   19   25   41   47   60   90  160  171  364  908  360   45    7
32   40   38   34   32   31   30   28   27   26   25   23   22   21   20   19   18   17   16   15   14   13   12   11   10    9    8    7    6    5    4    3    2    1    1    1    2    2    1    1    4    1    1    5    2   10    6   15   11   17   15   18   25   41   47   57   94  154  168  341  866  397   64    6    1
31   40   38   34   32   31   30   27   26   25   23   22   21   20   19   18   17   16   15   14   13   12   11   10    9    8    7    6    5    4    3    2    1    1    1    2    1    1    4    2    1    3    3    8    8    9   13   14   19   19   19   43   40   63   92  145  163  328  832  424   82    8    1
30   38   34   32   31   30   27   26   24   23   22   21   20   19   18   17   16   15   14   13   12   11   10    9    8    7    6    5    4    3    2    2    1    2    1    1    3    3    1    1    3    8   10    7   12   15   19   18   21   36   45   56   83  139  165  321  783  454  102   11    2
31   38   32   31   30   27   26   25   24   23   22   21   20   19   18   17   16   15   14   13   12   11   10    9    8    7    6    5    4    3    2    1    2    1    1    2    3    1    2    1    1    3    6   10    5   15   14   15   22   18   33   44   53   85  129  161  307  745  482  122   15    1    1
30   38   32   31   30   27   26   25   24   22   21   20   19   18   17   16   15   14   13   12   11   10    9    8    7    6    5    4    3    2    1    2    1    1    2    3    1    2    1    3    4   12    4   12   17   14   21   19   29   40   55   83  114  168  296  709  498  141   21    1    1
30   38   32   31   30   27   26   25   24   22   21   20   19   18   17   16   15   14   13   12   11   10    9    8    7    6    5    4    3    2    1    2    1    1    2    2    2    2    1    3    2   14    4   10   18   13   21   19   29   35   58   76  118  157  287  685  502  159   21    5    1
30   38   36   31   30   27   26   25   23   22   21   20   19   18   17   16   15   14   13   12   11   10    9    8    7    6    5    4    3    2    1    1    1    1    3    2    2    2    1    1    4    8    8   11   16   14   19   16   34   31   54   78  113  148  276  657  512  181   25    5    1
29   38   36   30   29   26   25   23   22   21   20   19   18   17   16   15   14   13   12   11   10    9    8    7    6    5    4    3    2    1    1    1    3    1    4    2    1    1    2    9    8   10   16   14   18   11   35   32   50   69  117  139  265  628  522  199   36    5    1
30   37   34   30   29   28   26   25   24   22   21   20   19   18   17   16   15   14   13   12   11   10    9    8    7    6    5    4    3    2    1    1    1    2    1    1    3    2    1    2    2    7   10    7   15   16   19   10   32   34   41   73  116  133  251  617  509  220   40    8    1
31   36   34   30   29   27   26   25   24   23   22   21   20   19   18   17   16   15   14   13   12   11   10    9    8    7    6    5    4    3    2    1    1    1    2    1    1    3    1    1    1    2    2    7    9    5   14   16   20   10   24   39   39   74  103  143  236  593  508  237   46   10    1
29   35   34   29   28   26   25   24   22   21   20   19   18   17   16   15   14   13   12   11   10    9    8    7    6    5    4    3    2    1    1    1    2    1    1    3    2    1    3    5   10    7   10   16   21    9   16   42   32   74  100  134  224  569  530  241   57   12    1
28   34   29   27   26   25   24   23   21   20   19   18   17   16   15   14   13   12   11   10    9    8    7    6    5    4    3    2    1    2    2    1    1    2    2    1    4    4   10    6   10   14   18   12   16   38   32   73   98  129  209  531  539  269   64   11    2
28   34   33   29   27   25   24   23   21   20   19   18   17   16   15   14   13   12   11   10    9    8    7    6    5    4    3    2    1    1    1    2    1    2    3    1    3    4    9    7    7   15   18   11   16   36   34   67   93  134  201  499  524  298   74   12    2
28   33   32   29   28   27   24   23   21   20   19   18   17   16   15   14   13   12   11   10    9    8    7    6    5    4    3    2    1    1    1    1    1    1    5    1    3    2   10    7    8   12   18   12   16   31   34   69   83  129  198  472  523  307   85   18    2
29   33   31   29   28   27   24   23   22   21   20   19   18   17   16   15   14   13   12   11   10    9    8    7    6    5    4    3    2    1    1    1    1    1    1    3    1    2    2    3   10    6    8   11   15   11   20   29   31   61   84  124  195  440  516  330   96   20    2
28   33   30   29   27   26   24   22   21   20   19   18   17   16   15   14   13   12   11   10    9    8    7    6    5    4    3    2    1    1    1    1    1    1    3    2    3    3    7    9    6   12   15   10   21   29   27   59   83  126  192  421  498  338  103   26    2
27   33   30   29   25   24   22   21   20   19   18   17   16   15   14   13   12   11   10    9    8    7    6    5    4    3    2    1    1    1    1    2    3    2    1    3    8    7    7   12   15   10   19   28   27   55   83  112  190  408  486  348  116   28    2
26   33   29   28   25   24   21   20   19   18   17   16   15   14   13   12   11   10    9    8    7    6    5    4    3    2    1    1    1    1    2    3    2    3    5    8    8   10   16   11   19   26   27   51   79  108  183  391  490  346  123   33    2
26   33   29   28   25   24   21   20   19   18   17   16   15   14   13   12   11   10    9    8    7    6    5    4    3    2    1    1    1    1    1    4    1    4    4    9    6   11   14   14   16   26   25   50   76  104  177  373  478  357  133   35    3
27   33   29   28   25   24   23   21   20   19   18   17   16   15   14   13   12   11   10    9    8    7    6    5    4    3    2    1    1    1    1    1    3    1    1    4    4    8    6   11   13   14   17   23   23   52   67  109  172  356  465  354  152   36    4
28   33   29   28   25   24   23   22   21   20   19   18   17   16   15   14   13   12   11   10    9    8    7    6    5    4    3    2    1    1    1    1    1    2    1    1    1    4    3    7    7    9   14   11   19   21   25   46   65  110  163  336  456  361  163   39    6
28   33   29   28   25   24   23   22   21   20   19   18   17   16   15   14   13   12   11   10    9    8    7    6    5    4    3    2    1    1    1    1    1    2    1    1    1    4    3    4    8   11   11   11   19   22   24   44   64  107  153  321  448  362  178   39    7
27   32   29   27   25   24   22   21   20   19   18   17   16   15   14   13   12   11   10    9    8    7    6    5    4    3    2    1    1    1    1    1    2    1    2    4    2    4    7    9   12    9   18   23   24   38   58  103  148  306  445  355  198   43    9
27   32   27   25   24   23   22   21   20   19   18   17   16   15   14   13   12   11   10    9    8    7    6    5    4    3    2    1    1    2    1    1    1    1    2    3    3    2    7   11   11   10   16   21   24   34   58   95  150  288  433  358  209   46   11
26   32   26   25   24   23   21   20   19   18   17   16   15   14   13   12   11   10    9    8    7    6    5    4    3    2    1    1    1    1    1    1    1    5    3    2    4    8   14   12   15   18   23   33   54   92  144  274  427  362  217   49   12
26   32   26   25   24   23   21   20   19   18   17   16   15   14   13   12   11   10    9    8    7    6    5    4    3    2    1    1    1    1    1    1    1    5    2    2    4    8   11   12   17   14   28   33   52   84  142  251  421  365  222   58   12
25   31   26   25   24   23   21   20   18   17   16   15   14   13   12   11   10    9    8    7    6    5    4    3    2    1    1    1    1    1    1    1    5    4    2    9   12    8   19   12   27   33   46   78  128  254  404  364  233   67   13
26   31   26   25   24   23   21   20   19   18   17   16   15   14   13   12   11   10    9    8    7    6    5    4    3    2    1    1    1    1    1    1    1    2    3    3    1    8   13    9   17   12   26   33   48   70  120  249  387  364  241   73   14
23   29   24   23   20   19   18   17   16   15   14   13   12   11   10    9    8    7    6    5    4    3    2    1    1    1    1    2    2    5    1    5   11   10   17   11   26   27   47   69  105  243  366  378  250   79   17
23   29   24   23   20   19   18   17   16   15   14   13   12   11   10    9    8    7    6    5    4    3    2    1    1    1    1    1    3    4    2    5    9   10   15   12   23   26   50   64  104  220  357  378  261   83   18
23   28   24   23   20   19   18   17   16   15   14   13   12   11   10    9    8    7    6    5    4    3    2    1    1    1    1    1    3    4    1    5    9    9   16   12   21   26   45   67   96  211  342  376  266   88   22
22   28   24   21   19   18   17   16   15   14   13   12   11   10    9    8    7    6    5    4    3    2    1    1    1    1    4    2    3    3    9    9   13   13   19   23   41   68   91  203  325  378  268   94   26
22   27   24   21   19   18   17   16   15   14   13   12   11   10    9    8    7    6    5    4    3    2    1    1    1    1    2    3    4    3    6    8   12   14   16   25   34   67   93  188  315  369  283   96   29
22   27   23   20   19   18   17   16   15   14   13   12   11   10    9    8    7    6    5    4    3    2    1    1    1    1    2    3    4    3    5    8   11   13   17   22   31   66   87  181  317  354  284  102   32
22   26   22   20   19   18   17   16   15   14   13   12   11   10    9    8    7    6    5    4    3    2    1    1    1    1    1    2    4    4    4    9    9   14   16   20   28   67   83  173  301  361  274  114   32
22   26   22   20   19   18   17   16   15   14   13   12   11   10    9    8    7    6    5    4    3    2    1    1    1    1    1    2    4    4    4    8    5   14   17   19   29   61   76  167  287  352  284  122   35
21   25   22   19   18   17   16   15   14   13   12   11   10    9    8    7    6    5    4    3    2    1    1    1    1    2    5    2    5    6    6   15   17   12   32   57   73  150  277  352  285  132   38
21   25   22   19   18   17   16   15   14   13   12   11   10    9    8    7    6    5    4    3    2    1    1    1    1    1    3    2    5    5    8   14   13   15   25   55   69  144  274  338  288  143   37
19   23   21   17   16   15   14   13   12   11   10    9    8    7    6    5    4    3    2    1    1    1    4    1    5    5   10   12   11   16   20   56   61  144  257  327  297  151   39
18   23   20   17   15   14   13   12   11   10    9    8    7    6    5    4    3    2    1    1    1    4    5    6    8    8   15   16   19   44   65  137  244  309  303  165   42
19   22   20   17   16   15   14   13   12   11   10    9    8    7    6    5    4    3    2    1    1    1    2    2    2    6    6   11   14   16   15   44   60  124  226  312  307  171   46
19   21   18   17   16   15   14   13   12   11   10    9    8    7    6    5    4    3    2    1    1    1    2    1    2    7    6   11   11   18   13   35   65  116  213  301  310  181   49
19   21   18   17   16   15   14   13   12   11   10    9    8    7    6    5    4    3    2    1    1    1    1    1    3    5    6   11    8   17   14   35   58  110  207  297  305  183   55
18   20   17   16   15   14   13   12   11   10    9    8    7    6    5    4    3    2    1    1    2    1    2    4    5    9    7   20    8   31   57  102  191  289  310  190   64
18   19   17   16   15   14   13   12   11   10    9    8    7    6    5    4    3    2    1    1    1    2    1    2    5    8    4   23   10   24   53   91  179  286  318  191   68
17   19   16   15   14   13   12   11   10    9    8    7    6    5    4    3    2    1    1    2    2    1    3    8    7   18   12   23   51   83  166  278  306  208   72
17   19   16   15   14   13   12   11   10    9    8    7    6    5    4    3    2    1    1    1    2    2    2    5   10   15   11   26   45   80  156  254  312  211   81
17   19   16   15   14   13   12   11   10    9    8    7    6    5    4    3    2    1    1    1    1    3    1    5   10   14    9   27   39   80  143  243  303  223   83
17   18   16   15   14   13   12   11   10    9    8    7    6    5    4    3    2    1    1    1    1    3    1    4    8   12   12   23   37   75  137  235  292  229   90
16   16   15   14   13   12   11   10    9    8    7    6    5    4    3    2    1    1    1    3    2    4    8    8    9   19   39   70  128  228  288  231   93
15   15   14   13   12   11   10    9    8    7    6    5    4    3    2    1    2    3    1    5    5   11    4   23   32   66  128  205  296  232   92
15   15   14   13   12   11   10    9    8    7    6    5    4    3    2    1    2    3    1    4    4    7    8   17   30   60  123  196  292  237   96
15   15   14   13   12   11   10    9    8    7    6    5    4    3    2    1    1    3    1    3    2    9    3   17   30   51  118  184  296  237   97
14   14   13   12   11   10    9    8    7    6    5    4    3    2    1    2    1    4    2    7    3   16   30   41  115  168  290  231  101
14   14   13   12   11   10    9    8    7    6    5    4    3    2    1    2    1    3    1    8    4   14   29   38  106  162  281  231  102
13   13   12   11   10    9    8    7    6    5    4    3    2    1    3    1    3    5    4   16   25   33   99  156  265  235  107
13   13   12   11   10    9    8    7    6    5    4    3    2    1    3    1    3    3    4   15   26   30   96  143  251  237  111
13   13   12   11   10    9    8    7    6    5    4    3    2    1    1    3    2    4    4   12   28   24   87  136  240  237  114
13   13   12   11   10    9    8    7    6    5    4    3    2    1    1    1    4    3    5    8   29   24   79  133  218  229  122
13   13   12   11   10    9    8    7    6    5    4    3    2    1    1    1    3    4    3    8   24   22   70  132  196  230  127
13   13   12   11   10    9    8    7    6    5    4    3    2    1    1    1    2    3    3    5   20   21   65  124  189  232  130
13   13   12   11   10    9    8    7    6    5    4    3    2    1    1    1    1    4    3    5   15   23   58  117  173  224  131
12   12   11   10    9    8    7    6    5    4    3    2    1    1    2    2    4    6   13   22   51  103  164  220  134
12   12   11   10    9    8    7    6    5    4    3    2    1    1    2    1    3    4   15   18   47   93  156  215  139
11   12   11    9    8    7    6    5    4    3    2    1    1    2    2    5   12   17   39   89  145  213  140
10   11    9    8    7    6    5    4    3    2    1    3    2    5   11   17   31   85  141  209  134
11   11   10    9    8    7    6    5    4    3    2    1    2    1    1    6    9   16   24   73  142  200  130
11   11   10    9    8    7    6    5    4    3    2    1    2    1    1    5    6   15   19   69  128  190  130
10   11    9    8    7    6    5    4    3    2    1    2    2    5    4   12   20   58  118  183  132
10   11    9    8    7    6    5    4    3    2    1    1    2    3    3   12   18   50  107  171  127
10   11    9    8    7    6    5    4    3    2    1    1    1    3    2   10   17   41   96  155  115
 9   10    8    7    6    5    4    3    2    1    1    1    4    9   15   39   85  145  118
 9   10    8    7    6    5    4    3    2    1    1    1    3    6   16   35   65  125  104
 8   10    7    6    5    4    3    2    1    1    3    5   11   33   62  102   94
 8   10    7    6    5    4    3    2    1    1    1    4    7   20   27   56   47
 8    9    7    6    5    4    3    2    1    1    1    3    7   16   29   46   48
 6    8    5    4    3    2    1    1    9   11   19   33   34
 6    8    5    4    3    2    1    1    6   10   18   29   28
 6    8    5    4    3    2    1    1    3    6   12   18   21
 6    8    5    4    3    2    1    1    2    7   12   13   22
 6    7    5    4    3    2    1    1    2    6   11    8   20
 6    7    5    4    3    2    1    1    1    4    7   12   15
 6    7    5    4    3    2    1    1    1    3    4   10   10
 5    6    4    3    2    1    1    4    3    9    9
 5    5    4    3    2    1    1    2    3    7    8
 5    5    4    3    2    1    1    1    1    2    4
 5    5    4    3    2    1    1    1    1    2    4
 2    2    1    4    2
 2    2    1    4    2
 2    2    1    2    2
 2    2    1    2    2
 2    2    1    1    2
 2    2    1    1    2
 2    2    1    1    2
