# n  list(x)  list(y)
 8    3    4    5    6    7    8    9   10    3   25  210  656 1007  538   58    3
 8    3    4    5    6    7    8    9   10    3   33  235  677  973  503   49    2
 8    3    4    5    6    7    8    9   10    5   44  273  669  943  469   45    2
 8    3    4    5    6    7    8    9   10    7   53  299  686  914  426   38    2
 8    3    4    5    6    7    8    9   10    7   71  319  709  863  396   33    2
 8    3    4    5    6    7    8    9   10   10   85  343  725  813  366   32    1
 8    3    4    5    6    7    8    9   10   14   95  364  741  778  327   30    1
 8    3    4    5    6    7    8    9   10   18  111  379  752  736  305   23    1
 8    3    4    5    6    7    8    9   10   23  128  389  757  702  278   22    1
 7    3    4    5    6    7    8    9   27  148  409  746  667  255   23
 8    2    3    4    5    6    7    8    9    2   31  164  434  729  628  245   17
 8    2    3    4    5    6    7    8    9    3   39  170  453  728  595  220   17
 8    2    3    4    5    6    7    8    9    3   51  188  467  713  560  202   16
 8    2    3    4    5    6    7    8    9    4   56  213  474  694  541  178   15
 8    2    3    4    5    6    7    8    9    4   64  229  483  683  504  168   15
 8    2    3    4    5    6    7    8    9    9   72  244  490  674  468  154   14
 8    2    3    4    5    6    7    8    9   10   85  256  513  651  437  135   13
 8    2    3    4    5    6    7    8    9   14   90  277  516  629  422  115   12
 8    2    3    4    5    6    7    8    9   15  101  286  520  620  394  103   11
 8    2    3    4    5    6    7    8    9   16  108  297  544  598  364   90    8
 9    1    2    3    4    5    6    7    8    9    2   21  114  313  549  575  336   83    7
 9    1    2    3    4    5    6    7    8    9    2   23  129  333  543  563  297   78    7
 9    1    2    3    4    5    6    7    8    9    2   28  148  334  558  522  280   72    6
 9    1    2    3    4    5    6    7    8    9    2   38  149  352  549  504  259   67    5
 9    1    2    3    4    5    6    7    8    9    2   43  158  372  536  484  249   51    5
 9    1    2    3    4    5    6    7    8    9    2   48  165  378  537  464  227   48    5
 9    1    2    3    4    5    6    7    8    9    2   53  179  383  525  452  210   41    4
 9    1    2    3    4    5    6    7    8    9    3   61  191  380  527  428  189   41    4
 9    1    2    3    4    5    6    7    8    9    4   64  208  392  516  407  172   32    4
 9    1    2    3    4    5    6    7    8    9    5   77  208  403  506  391  151   29    4
 9    1    2    3    4    5    6    7    8    9    6   83  211  421  504  362  133   25    4
 9    1    2    3    4    5    6    7    8    9    7   87  231  430  494  328  123   21    3
 9    1    2    3    4    5    6    7    8    9    9   95  236  438  486  302  113   18    2
 9    1    2    3    4    5    6    7    8    9   17  101  240  440  481  275  102   16    2
 9    1    2    3    4    5    6    7    8    9   20  111  252  435  478  246   89   17    1
 9    1    2    3    4    5    6    7    8    9   22  122  264  423  464  228   83   16    1
 9    1    2    3    4    5    6    7    8    9   26  128  274  434  425  220   78   12    1
 9    1    2    3    4    5    6    7    8    9   27  135  289  435  411  194   68   11    1
 9    1    2    3    4    5    6    7    8    9   30  149  298  422  397  184   54   11    1
 9    1    2    3    4    5    6    7    8    9   37  151  315  420  373  168   46   10    1
 8    1    2    3    4    5    6    7    8   42  150  324  405  363  158   43   11
 8    1    2    3    4    5    6    7    8   45  158  330  413  338  138   39   10
 8    1    2    3    4    5    6    7    8   47  172  333  402  324  124   34   10
 8    1    2    3    4    5    6    7    8   52  181  340  405  293  114   29    6
 8    1    2    3    4    5    6    7    8   57  184  355  389  271  105   27    6
 8    1    2    3    4    5    6    7    8   64  174  348  392  255   97   23    3
 8    1    2    3    4    5    6    7    8   64  178  348  383  235   88   23    3
 8    1    2    3    4    5    6    7    8   63  185  345  379  207   87   19    3
 8    1    2    3    4    5    6    7    8   66  192  336  383  188   77   18    2
 8    1    2    3    4    5    6    7    8   66  201  343  361  175   70   16    2
 8    1    2    3    4    5    6    7    8   59  198  331  329  172   61   12    2
 8    1    2    3    4    5    6    7    8   65  200  327  319  160   55    8    2
 8    1    2    3    4    5    6    7    8   70  207  322  291  146   49    8    1
 8    1    2    3    4    5    6    7    8   71  213  324  275  130   44    7    1
 8    1    2    3    4    5    6    7    8   75  215  325  253  122   42    6    1
 8    1    2    3    4    5    6    7    8   79  215  327  231  116   36    6    1
 8    1    2    3    4    5    6    7    8   85  211  316  221  101   35    4    1
 8    1    2    3    4    5    6    7    8   88  209  299  206   85   31    4    1
 8    1    2    3    4    5    6    7    8   90  217  299  184   82   26    3    1
 8    1    2    3    4    5    6    7    8   92  217  292  173   75   22    3    1
 8    1    2    3    4    5    6    7    8   77  191  241  131   58   15    2    1
 8    1    2    3    4    5    6    7    8   75  169  208  111   44   10    1    1
 7    1    2    3    4    5    6    7   68  144  188   88   41    9    1
 7    1    2    3    4    5    6    7   40   97  120   49   27    6    1
 7    1    2    3    4    5    6    7   35   80  102   42   20    4    1
 7    1    2    3    4    5    6    7   17   42   50   17   12    1    1
 6    1    2    3    4    5    6   14   36   43   19    5    1
 6    1    2    3    4    5    6   21   33   26   21    3    1
 6    1    2    3    4    5    6   23   33   20   19    3    1
 6    1    2    3    4    5    6   23   33   22   16    3    1
 5    1    2    3    4    5   11   32   34   12    3
 5    1    2    3    4    5   13   31   32   11    3
 5    1    2    3    4    5   10   25   29    7    3
 5    1    2    3    4    5   11   20    9    8    2
 5    1    2    3    4    5   11   20   11    5    2
 5    1    2    3    4    5   11   20   11    5    2
 5    1    2    3    4    5    6   14    6    5    2
 5    1    2    3    4    5    5   13    6    3    1
 5    1    2    3    4    5    5    7    6    1    1
 5    1    2    3    4    5    5    7    6    1    1
 4    1    2    3    4    5    8    5    1
 4    1    2    3    4    5    8    5    1
 4    1    2    3    4    4    8    2    1
 4    1    2    3    4    4    8    2    1
 4    1    2    3    4    3    3    3    3
 5    1    2    3    4    5    3    2    2    2    1
 5    1    2    3    4    5    3    2    2    2    1
 5    1    2    3    4    5    3    2    2    2    1
 5    1    2    3    4    5    3    2    2    2    1
 3    1    2    3    3    4    1
 3    1    2    3    3    4    1
 2    1    2    2    5
 3    1    2    3    3    1    1
 2    1    2    2    2
 2    1    2    2    1
 2    1    2    2    1
