# n  list(x)  list(y)
39   65   54   46   45   44   40   39   37   35   34   33   32   30   29   28   27   26   25   24   23   22   21   20   19   18   17   16   15   14   13   12   11   10    9    8    7    6    5    4    1    2    1    1    2    3    2    1    1    3    1    2    2    2    2    4    5    8    7    6    3   13    6    7   11   18   23   25   32   32   46   66   71  118  159  318 1334  158    4
38   65   54   45   44   40   39   37   35   34   32   30   29   28   27   26   25   24   23   22   21   20   19   18   17   16   15   14   13   12   11   10    9    8    7    6    5    4    3    1    2    2    2    2    3    1    1    3    3    1    3    2    3    4    7    9    7    2   11    7    7   13   16   21   25   34   28   43   63   71  112  159  300 1271  217   18    1
42   64   54   53   45   44   43   40   39   38   37   35   34   33   32   30   29   28   27   26   25   24   23   22   21   20   19   18   17   16   15   14   13   12   11   10    9    8    7    6    5    4    3    1    1    1    2    1    1    1    2    2    1    1    2    1    3    1    1    3    3    4    5   12    4    4   10    6   10   11   15   21   23   28   35   43   59   69  107  156  292 1200  280   27    1
43   64   53   52   45   43   42   40   39   38   37   35   34   33   32   31   30   29   28   27   26   25   24   23   22   21   20   19   18   17   16   15   14   13   12   11   10    9    8    7    6    5    4    3    1    1    1    2    1    1    1    1    2    1    2    2    1    1    2    1    1    2    2    6    5    9    5    5   10    7    7    8   18   18   22   32   34   38   58   71   98  150  282 1142  330   41    3
40   64   52   45   42   40   38   37   35   34   33   32   31   30   28   27   26   25   24   23   22   21   20   19   18   17   16   15   14   13   12   11   10    9    8    7    6    5    4    3    2    1    2    2    2    1    2    2    1    2    2    1    2    1    3    2    5    5   10    5    4    9    8    8    8   17   14   24   33   34   34   55   70   95  147  278 1070  384   51    5    1
43   63   52   51   45   43   42   40   39   38   37   35   33   32   31   30   29   28   27   26   25   24   23   22   21   20   19   18   17   16   15   14   13   12   11   10    9    8    7    6    5    4    3    2    1    1    1    1    1    1    1    1    1    2    2    2    3    1    1    1    1    4    2    5    9    6    4    7    9    8    7   15   14   25   33   27   37   55   60   96  135  271 1023  419   73    7    2
42   62   52   51   45   42   41   40   38   37   35   34   33   32   31   30   29   27   26   25   24   23   22   21   20   19   18   17   16   15   14   13   12   11   10    9    8    7    6    5    4    3    2    1    1    1    1    1    1    1    1    3    1    1    2    3    1    1    1    3    4    1    9    9    4    5    8   11    6   12   16   22   31   24   36   60   53   97  128  263  973  452   91    8    3
37   62   51   44   41   39   38   37   33   32   31   29   27   26   25   24   23   22   21   20   19   18   17   16   15   14   13   12   11   10    9    8    7    6    5    4    3    2    1    2    1    2    1    1    3    2    4    1    2    3    2    3    5   10    5    5    6   12    7    9   17   22   29   22   36   57   58   85  133  244  927  475  113   16    4
37   60   51   43   40   39   37   36   33   32   31   28   27   26   25   24   23   22   21   20   19   18   17   16   15   14   13   12   11   10    9    8    7    6    5    4    3    2    1    2    1    2    1    3    1    2    2    3    2    3    2    2    5    7    8    5    7   11    8    5   17   23   30   21   32   58   58   81  129  230  883  506  122   22    5
38   58   50   43   40   39   37   36   33   32   31   30   28   27   25   24   23   22   21   20   19   18   17   16   15   14   13   12   11   10    9    8    7    6    5    4    3    2    1    1    2    1    1    2    1    3    2    2    2    1    1    3    5    3    8    9    4    7   10   10    5   11   28   23   21   35   56   55   83  124  214  827  539  146   25    4    1
39   58   49   48   42   39   38   37   36   33   32   30   29   28   27   26   25   24   23   22   21   20   19   18   17   16   15   14   13   12   11   10    9    8    7    6    5    4    3    2    1    1    1    1    2    1    1    3    2    2    2    1    1    2    1    3    3    6    8    4    9   11   10    5    8   22   29   17   35   51   56   81  122  201  782  562  163   34    5
40   57   48   42   39   38   37   36   35   34   33   32   31   30   29   28   27   26   24   23   22   21   20   19   18   17   16   15   14   13   12   11   10    9    8    7    6    5    4    3    2    1    2    1    1    2    1    1    1    1    2    1    1    1    2    1    1    2    6    6    7    4    8    9   11    5    7   22   28   15   33   49   54   87  114  188  734  581  188   40    6
41   56   48   47   41   38   37   36   35   34   33   32   31   30   29   28   27   26   25   24   23   22   21   20   19   18   17   16   15   14   13   12   11   10    9    8    7    6    5    4    3    2    1    1    1    1    2    1    1    2    1    1    2    1    1    1    2    1    1    1    6    6    6    5    5    8   13    7    7   18   29   17   30   50   42   91  117  181  697  577  214   44    7
38   56   48   47   41   37   36   35   34   33   32   30   28   27   26   25   24   23   22   21   20   19   18   17   16   15   14   13   12   11   10    9    8    7    6    5    4    3    2    1    1    1    1    2    2    2    1    1    2    2    2    2    1    1    4    4    9    6    5    7   11    9    7   16   23   20   33   42   45   81  118  174  654  587  239   50    8
37   56   47   40   37   36   35   34   33   32   30   28   27   26   25   24   23   22   21   20   19   18   17   16   15   14   13   12   11   10    9    8    7    6    5    4    3    2    1    2    1    1    3    1    1    1    3    2    2    1    1    2    3    4    7    7    7    5   11    9    7   15   20   23   33   41   41   77  117  176  610  589  258   58    9
37   55   47   46   40   37   36   35   34   33   32   30   28   27   25   24   23   22   21   20   19   18   17   16   15   14   13   12   11   10    9    8    7    6    5    4    3    2    1    1    1    1    1    1    2    2    1    3    2    1    2    2    2    5    7    7    7    5   10   10    8   11   19   24   33   44   39   72  113  180  571  596  267   62   11
38   55   47   46   40   36   35   34   33   32   31   30   29   28   27   25   24   23   22   21   20   19   18   17   16   15   14   13   12   11   10    9    8    7    6    5    4    3    2    1    1    1    1    1    3    2    1    1    2    1    1    1    2    1    1    4    6    6    8    6   10   10    4   14   17   24   26   44   37   69  113  173  542  590  290   72   13
38   55   47   46   40   35   34   33   32   31   30   28   27   26   25   24   23   22   21   20   19   18   17   16   15   14   13   12   11   10    9    8    7    6    5    4    3    2    1    1    1    1    1    4    2    1    1    2    1    2    1    1    1    1    4    6    5    5    8   12    7    5   14   15   23   26   44   34   68  108  169  523  580  294   88   14    1
37   55   46   44   39   35   34   33   32   31   30   28   26   25   24   23   22   21   20   19   18   17   16   15   14   13   12   11   10    9    8    7    6    5    4    3    2    1    1    1    1    1    3    2    2    1    1    2    2    1    2    1    4    4    4    8    6   11    9    6   11   18   20   26   44   33   68  100  162  493  584  299  101   16    1
38   55   44   43   39   35   34   33   32   31   30   29   28   26   25   24   23   22   21   20   19   18   17   16   15   14   13   12   11   10    9    8    7    6    5    4    3    2    1    1    1    1    1    3    2    1    1    2    1    1    2    1    1    1    4    3    4    6    9    9   10    6   10   17   20   22   42   33   67   96  154  464  577  316  117   17    1
37   53   43   40   39   35   34   33   31   30   29   28   27   25   24   23   22   21   20   19   18   17   16   15   14   13   12   11   10    9    8    7    6    5    4    3    2    1    1    1    1    1    2    2    2    3    1    1    1    1    2    1    4    2    3    7    8    8   11    7    9   14   19   23   37   34   61  101  134  454  568  329  125   20    1
35   52   42   40   38   35   34   33   31   30   28   27   25   23   22   21   20   19   18   17   16   15   14   13   12   11   10    9    8    7    6    5    4    3    2    1    1    1    1    1    2    2    1    1    3    2    1    1    3    4    3    7    8    6   11    8    7   12   19   22   33   37   54   95  133  436  539  354  140   24    2
34   52   41   40   36   35   34   32   30   28   27   25   23   22   21   20   19   18   17   16   15   14   13   12   11   10    9    8    7    6    5    4    3    2    1    1    1    1    1    1    2    2    3    2    1    1    1    3    5    5    7    6   13    5   11   11   15   25   33   32   55   87  133  400  533  370  152   25    6
37   51   41   40   36   35   34   33   32   31   30   29   28   27   25   23   22   21   20   19   18   17   16   15   14   13   12   11   10    9    8    7    6    5    4    3    2    1    1    1    1    1    1    1    1    1    1    2    1    1    2    1    1    3    4    4    8    6   11    8   10    9   13   26   31   34   53   81  136  377  516  382  156   33    6
36   50   41   40   36   35   33   32   31   30   29   27   26   25   23   22   21   20   19   18   17   16   15   14   13   12   11   10    9    8    7    6    5    4    3    2    1    1    1    1    1    1    2    1    1    2    1    2    1    1    1    2    3    3    7    5   13    8   12    8   12   22   32   37   47   81  137  341  506  390  171   39    6
33   48   40   39   35   33   32   30   29   26   25   24   23   21   20   19   18   17   16   15   14   13   12   11   10    9    8    7    6    5    4    3    2    1    1    1    1    2    2    1    3    1    2    1    1    1    4    4    6    6   12    7   10   11   10   20   29   35   46   78  130  328  488  401  179   47    6
34   48   40   39   35   33   32   30   29   26   25   24   23   22   21   20   19   18   17   16   15   14   13   12   11   10    9    8    7    6    5    4    3    2    1    1    1    1    2    2    1    2    2    1    1    1    1    1    4    4    3    7   10   11    9   10    9   19   28   33   45   75  126  311  476  409  187   48    8
34   47   39   38   35   34   33   32   30   29   26   25   24   23   22   21   19   18   17   16   15   14   13   12   11   10    9    8    7    6    5    4    3    2    1    1    1    1    1    1    1    1    2    3    1    1    1    1    1    3    6    9    7    8   13   10    8   18   31   31   45   73  116  298  466  417  188   51    8
32   47   39   38   35   33   32   30   29   27   26   24   22   21   19   18   17   16   15   14   13   12   11   10    9    8    7    6    5    4    3    2    1    1    1    1    1    1    1    3    2    1    1    1    2    4    5    7    8    7   12   12    6   17   25   32   47   67  112  285  435  434  205   52   10
31   45   38   35   33   30   29   28   27   25   22   21   20   19   18   17   16   15   14   13   12   11   10    9    8    7    6    5    4    3    2    1    1    2    1    1    2    3    1    1    1    2    3    2    4    6    8    9    9   15    6   13   27   30   43   69  107  268  424  427  219   57   12
32   42   38   37   34   32   30   29   28   27   25   22   21   20   19   18   17   16   15   14   13   12   11   10    9    8    7    6    5    4    3    2    1    1    1    1    1    1    2    3    1    1    1    1    3    3    3    6    7    8    9   14    5   13   18   35   37   68  100  255  415  420  229   72   14
31   41   38   37   32   31   30   29   28   27   25   22   20   19   18   17   16   15   14   13   12   11   10    9    8    7    6    5    4    3    2    1    1    1    1    1    1    1    3    1    2    1    1    4    2    8    5    8    9   12    7   10   20   35   31   71   91  241  399  415  242   84   15
31   41   37   36   32   31   30   29   28   27   25   22   20   19   18   17   16   15   14   13   12   11   10    9    8    7    6    5    4    3    2    1    1    1    1    1    1    1    3    1    2    1    1    4    2    8    4    8    8   13    6   10   16   37   30   69   90  233  380  414  248   86   19
31   41   37   36   32   30   29   28   27   26   25   22   20   19   18   17   16   15   14   13   12   11   10    9    8    7    6    5    4    3    2    1    1    1    1    1    1    1    3    1    2    1    1    2    4    5    7    7    8   10    9   10   16   33   29   69   87  224  370  396  263   89   22
31   40   37   35   32   30   29   28   27   26   25   24   21   19   18   17   16   15   14   13   12   11   10    9    8    7    6    5    4    3    2    1    1    1    1    1    1    1    2    2    1    1    1    1    6    5    6    5   10    7   11    9   15   33   28   61   93  206  354  395  264  104   22
30   40   37   34   32   30   29   28   27   25   24   20   19   18   17   16   15   14   13   12   11   10    9    8    7    6    5    4    3    2    1    1    1    1    1    1    1    2    1    2    1    1    4    5    5    7    7   10   11    8   12   33   27   62   79  197  341  397  269  109   24
30   40   37   34   32   30   28   27   25   24   23   20   19   18   17   16   15   14   13   12   11   10    9    8    7    6    5    4    3    2    1    1    1    1    1    1    2    2    1    1    1    1    2    4    7    5    6   11   12    9   10   30   27   55   77  191  322  402  269  118   25
29   39   36   34   32   30   28   26   24   23   20   19   18   17   16   15   14   13   12   11   10    9    8    7    6    5    4    3    2    1    1    1    1    1    1    2    2    2    1    1    2    2    6    6    5   10   14    8   10   25   28   51   81  176  316  392  267  131   27
29   37   35   34   32   28   27   26   24   23   20   19   18   17   16   15   14   13   12   11   10    9    8    7    6    5    4    3    2    1    1    1    1    1    1    1    2    1    2    1    2    1    7    3    7    9   14    7   10   20   33   42   80  158  318  380  267  143   31
26   34   33   30   28   26   23   22   20   19   17   16   15   14   13   12   11   10    9    8    7    6    5    4    3    2    1    2    1    1    1    2    2    1    1    2    7    3    7    8   13    8   12   15   32   43   66  150  307  367  289  141   38
27   34   33   32   30   28   26   25   23   21   19   17   16   15   14   13   12   11   10    9    8    7    6    5    4    3    2    1    1    1    1    1    1    1    1    2    1    3    4    6    5   10   10    9   12   15   29   43   63  148  285  355  296  147   44
26   33   32   31   30   28   26   23   21   19   17   16   15   14   13   12   11   10    9    8    7    6    5    4    3    2    1    1    1    1    1    1    1    2    2    2    4    5    6    8   10   10   10   14   26   39   65  134  265  350  296  164   50
26   33   31   30   28   26   23   21   19   18   17   16   15   14   13   12   11   10    9    8    7    6    5    4    3    2    1    1    1    2    1    1    2    2    1    1    3    5    7    8   10    7   11   15   23   33   66  125  261  339  298  166   50
26   33   30   29   28   26   23   22   21   18   17   16   15   14   13   12   11   10    9    8    7    6    5    4    3    2    1    1    2    1    1    1    1    1    2    1    4    4    6    7    9   10    9   15   22   26   65  112  256  340  285  183   51
27   33   30   29   28   27   26   23   22   21   18   17   16   15   14   13   12   11   10    9    8    7    6    5    4    3    2    1    1    1    1    1    1    1    1    1    2    1    4    3    7    4   12    6   10   17   20   26   57  110  241  335  281  190   56
23   33   29   28   26   22   21   17   16   15   14   13   12   11   10    9    8    7    6    5    4    3    2    1    1    2    1    1    2    2    3    2    9    4   11    7   11   13   18   29   49  111  218  323  279  208   61
21   28   26   22   20   17   16   15   14   13   12   11   10    9    8    7    6    5    4    3    2    1    3    1    2    2    3    1    9    5    5   11   10   12   17   22   46  110  206  303  289  215   67
22   28   27   25   22   19   17   16   15   14   13   12   11   10    9    8    7    6    5    4    3    2    1    2    1    1    2    2    2    2    7    6    6    9   11   13   15   20   43  102  194  301  290  214   70
21   28   27   24   22   19   16   15   14   13   12   11   10    9    8    7    6    5    4    3    2    1    1    2    1    2    2    3    6    5    7    9   10   14   16   17   40  103  181  287  285  219   73
21   27   25   24   21   18   16   15   14   13   12   11   10    9    8    7    6    5    4    3    2    1    2    1    1    1    2    1    5    4    8    8    7   15   15   19   34   92  177  272  286  227   78
21   27   25   24   21   18   16   15   14   13   12   11   10    9    8    7    6    5    4    3    2    1    1    1    2    1    2    1    4    5    5    8   10   12   14   20   31   79  170  261  281  241   82
21   25   24   22   21   18   16   15   14   13   12   11   10    9    8    7    6    5    4    3    2    1    2    1    1    1    1    2    1    5    4    9   10    9   15   20   26   77  146  266  271  244   90
20   25   24   22   20   17   16   14   13   12   11   10    9    8    7    6    5    4    3    2    1    1    2    1    1    1    2    5    4    7   11    9   17   17   24   70  138  257  267  245   95
19   24   23   22   20   16   14   13   12   11   10    9    8    7    6    5    4    3    2    1    2    1    1    1    3    5    3    6    9   10   17   14   28   67  126  246  261  252   97
19   23   22   20   19   16   14   13   12   11   10    9    8    7    6    5    4    3    2    1    2    1    1    1    2    6    3    4    9    9   18   12   29   57  123  233  262  259   91
18   23   22   20   19   15   13   12   11   10    9    8    7    6    5    4    3    2    1    2    1    1    1    2    5    7    5   10   17   15   20   55  113  220  260  265   93
18   23   22   20   19   15   13   12   11   10    9    8    7    6    5    4    3    2    1    1    2    1    1    2    3    7    5   10   13   18   19   45  108  212  251  267  101
20   23   22   21   20   19   15   14   13   12   11   10    9    8    7    6    5    4    3    2    1    1    1    1    1    1    1    1    2    6    5   11   12   11   23   38   97  198  253  272  104
18   22   20   19   15   14   13   12   11   10    9    8    7    6    5    4    3    2    1    2    2    1    1    1    2    5    3   13   10   12   17   36   88  185  238  274  116
18   22   20   19   18   14   13   12   11   10    9    8    7    6    5    4    3    2    1    2    1    1    1    2    1    4    5   11   10   13   15   29   76  181  233  263  125
18   22   20   19   18   14   13   12   11   10    9    8    7    6    5    4    3    2    1    1    1    2    1    1    2    3    5    9   13   12   11   29   65  174  217  266  133
18   21   20   19   17   14   13   12   11   10    9    8    7    6    5    4    3    2    1    1    1    2    1    1    1    4    4    7   10   17   10   24   67  157  210  259  140
16   21   19   17   13   12   11   10    9    8    7    6    5    4    3    2    1    1    3    1    1    5    3    7   11   15   11   22   59  151  201  253  139
16   21   19   18   16   12   11   10    9    8    7    6    5    4    3    2    1    1    1    2    1    6    2    6   10   14   14   22   52  143  193  251  135
15   21   18   16   12   11   10    9    8    7    6    5    4    3    2    1    1    1    3    6    2    2    8   16   15   17   45  139  184  242  143
16   21   18   16   15   12   11   10    9    8    7    6    5    4    3    2    1    1    1    1    2    5    3    2    7   10   20   17   42  130  177  232  140
17   21   18   16   15   13   12   11   10    9    8    7    6    5    4    3    2    1    1    1    1    1    1    3    4    3    4   10   18   20   33  120  170  236  136
16   21   17   16   14   12   11   10    9    8    7    6    5    4    3    2    1    1    1    1    1    3    4    3    2    8   17   19   34  109  152  237  139
16   21   17   16   14   12   11   10    9    8    7    6    5    4    3    2    1    1    1    1    1    1    4    4    2    6   13   16   31   97  147  222  143
16   21   17   16   14   12   11   10    9    8    7    6    5    4    3    2    1    1    1    1    1    1    4    4    2    5   11   17   23   89  146  215  142
16   21   17   15   13   12   11   10    9    8    7    6    5    4    3    2    1    1    1    1    1    1    3    4    3    3   10   19   23   77  136  211  137
14   17   14   12   11   10    9    8    7    6    5    4    3    2    1    1    1    1    2    5    3    3    7   19   23   62  140  211  134
13   17   13   11   10    9    8    7    6    5    4    3    2    1    1    1    3    2    5    4    5   14   23   56  129  209  127
13   16   12   11   10    9    8    7    6    5    4    3    2    1    1    1    3    2    3    3    6   12   23   47  124  190  127
12   16   11   10    9    8    7    6    5    4    3    2    1    1    3    1    4    2    7   10   25   37  120  180  121
12   16   11   10    9    8    7    6    5    4    3    2    1    1    2    2    4    2    5   12   20   31  104  172  115
11   16   10    9    8    7    6    5    4    3    2    1    1    1    3    5    3    9   20   27   93  161  115
11   16   10    9    8    7    6    5    4    3    2    1    1    1    1    6    3    8   17   22   72  134   97
 9   16    8    7    6    5    4    3    2    1    1    6    2    4   19   19   60  128   93
 9   14    8    7    6    5    4    3    2    1    1    2    4    5   17   16   53  116   88
 9   14    8    7    6    5    4    3    2    1    1    1    2    4   10   13   34   70   60
 9   14    8    7    6    5    4    3    2    1    1    1    2    2    6   15   24   65   50
 9   14    8    7    6    5    4    3    2    1    1    1    2    2    3   10   22   48   45
 7    7    6    5    4    3    2    1    2    3    2    7   20   36   38
 7    7    6    5    4    3    2    1    1    3    2    7   17   30   32
 6    6    5    4    3    2    1    4    2    4   16   26   28
 5    5    4    3    2    1    2    2    8   13   12
 5    5    4    3    2    1    1    2    8   12   11
 5    5    4    3    2    1    1    2    7   13   10
 5    5    4    3    2    1    1    2    6   12    9
 3    3    2    1    4    7    4
 4    5    4    2    1    1    1    4    5
 4    5    3    2    1    1    1    4    4
 3    3    2    1    1    3    3
 3    3    2    1    2    1    2
 3    3    2    1    2    1    2
 3    3    2    1    2    1    2
 3    3    2    1    1    2    1
 3    3    2    1    1    2    1
