# n  list(x)  list(y)
42   76   61   54   53   51   50   44   43   41   40   38   37   36   35   31   30   29   28   27   26   25   24   23   22   21   20   19   18   17   16   15   14   13   12   11   10    9    8    7    6    5    4    1    1    1    1    1    1    2    1    1    1    1    2    1    1    1    2    3    5    3    6    5    7    4    6    9   10   14   14   15   22   27   31   26   50   57   70  106  170  294 1367  156    4
41   75   61   54   53   50   44   43   41   40   38   37   36   35   31   30   29   28   27   26   25   24   23   22   21   20   19   18   17   16   15   14   13   12   11   10    9    8    7    6    5    4    1    1    1    1    2    1    1    1    1    1    2    1    1    1    1    3    5    3    5    5    6    5    8    8    9   13   15   17   20   26   27   25   51   55   72  105  161  278 1298  224   14
40   74   61   54   52   50   44   42   40   38   37   36   35   31   30   29   28   27   26   25   24   23   22   21   20   19   18   17   16   15   14   13   12   11   10    9    8    7    6    5    4    1    1    1    1    2    1    1    2    1    1    2    1    1    1    2    4    5    4    6    4    7    7    8    8   13   12   17   23   24   26   26   48   54   75   98  154  270 1220  292   26
40   74   61   53   52   50   44   42   40   37   36   35   31   30   29   28   27   26   25   24   23   22   21   20   19   18   17   16   15   14   13   12   11   10    9    8    7    6    5    4    3    1    1    1    1    2    1    1    2    1    3    1    1    1    2    2    5    3    4    5    9    6    8    9   13   10   16   25   24   24   24   46   54   77   89  146  269 1158  339   38    3
40   74   58   52   51   50   49   44   42   40   36   35   31   30   29   28   27   26   25   24   23   22   21   20   19   18   17   16   15   14   13   12   11   10    9    8    7    6    5    4    3    1    1    1    1    1    1    1    1    2    3    2    1    1    1    3    3    3    4    3    8    9    7    6   13   10   18   22   24   25   22   44   49   77   88  139  262 1074  410   55    4
39   74   57   51   50   49   43   41   40   39   36   35   30   29   28   27   26   25   24   23   22   21   20   19   18   17   16   15   14   13   12   11   10    9    8    7    6    5    4    3    1    1    2    1    1    1    1    1    1    2    3    2    1    2    3    4    3    4    6    6   11    6   12    9   19   22   24   24   24   40   50   73   87  130  257 1017  451   67    6
39   74   57   51   50   49   43   40   39   38   36   35   30   29   28   27   26   25   24   23   22   21   20   19   18   17   16   15   14   13   12   11   10    9    8    7    6    5    4    3    1    1    1    1    2    1    1    1    1    1    4    2    1    1    4    2    3    6    4    5   10    9   11    9   17   18   27   25   24   41   44   73   80  124  252  960  485   92    6
40   73   56   50   49   48   43   40   38   37   35   34   33   30   29   28   27   26   25   24   23   22   21   20   19   18   17   16   15   14   13   12   11   10    9    8    7    6    5    4    3    1    1    1    1    2    1    1    1    1    2    2    1    1    2    1    3    3    3    5    4    3    7   14    9    9   13   20   25   27   25   35   46   72   77  114  254  898  503  129    8
39   73   55   50   49   48   47   43   37   35   34   33   30   28   27   26   25   24   23   22   21   20   19   18   17   16   15   14   13   12   11   10    9    8    7    6    5    4    3    2    1    1    1    1    1    1    1    2    2    1    2    1    3    2    3    3    4    4    3    9   10   12    7   16   16   21   26   34   34   41   69   81  105  235  866  505  161   14    1
40   73   55   50   49   48   47   43   37   35   34   33   32   30   28   27   26   25   24   23   22   21   20   19   18   17   16   15   14   13   12   11   10    9    8    7    6    5    4    3    2    1    1    1    1    1    1    1    2    2    1    1    1    1    2    3    2    2    4    6    3    7   10   13    7   14   17   20   24   31   38   40   61   85  103  216  825  526  183   17    1
38   72   55   48   47   43   37   36   35   33   32   30   28   27   26   25   24   23   22   21   20   19   18   17   16   15   14   13   12   11   10    9    8    7    6    5    4    3    2    1    1    1    2    1    1    1    2    1    2    1    1    3    3    2    4    4    3    8    7   13   10   11   17   19   25   32   37   36   56   91   98  201  775  548  205   26    1
37   72   54   47   43   37   35   34   33   32   30   28   27   26   25   24   23   22   21   20   19   18   17   16   15   14   13   12   11   10    9    8    7    6    5    4    3    2    1    1    3    1    1    2    1    1    1    2    1    3    2    3    3    4    2    9    6   11   10   10   19   16   26   31   32   38   57   91   90  192  739  561  211   41    3
36   72   53   46   42   37   34   33   31   30   28   27   26   25   24   23   22   21   20   19   18   17   16   15   14   13   12   11   10    9    8    7    6    5    4    3    2    1    1    3    1    1    1    3    1    2    1    2    2    3    2    3    4    7    8    8   11    9   15   20   25   32   30   34   56   88   91  185  699  567  232   48    4
37   71   51   46   45   41   37   33   30   29   28   27   26   25   24   23   22   21   20   19   18   17   16   15   14   13   12   11   10    9    8    7    6    5    4    3    2    1    1    1    2    1    1    1    4    2    1    1    2    1    4    2    3    2    6    9    7   12    9   12   22   25   25   37   30   50   89   94  177  665  563  252   57    3    2
36   70   50   45   41   37   33   30   29   28   27   26   25   24   23   22   21   20   19   18   17   16   15   14   13   12   11   10    9    8    7    6    5    4    3    2    1    1    1    3    1    1    4    1    1    1    1    2    3    3    3    1    4   10    7   12    9   14   18   26   22   35   32   51   79   93  174  625  567  267   69    7    2
38   69   50   45   44   41   37   33   32   30   29   28   27   26   25   24   23   22   21   20   19   18   17   16   15   14   13   12   11   10    9    8    7    6    5    4    3    2    1    1    1    1    2    1    1    3    1    1    1    1    1    2    3    3    3    1    3    8    8   13    9   12   16   25   25   32   31   46   82   92  168  583  581  278   76    8    2
37   67   50   44   43   42   41   36   33   32   29   28   26   25   24   23   22   21   20   19   18   17   16   15   14   13   12   11   10    9    8    7    6    5    4    3    2    1    1    1    1    1    1    1    1    1    3    2    1    3    1    3    3    3    3    7    6   11   10   13   15   26   23   33   30   45   75   96  155  563  572  293   85   10    2
38   67   49   44   42   41   35   33   32   31   30   29   28   26   25   24   23   22   21   20   19   18   17   16   15   14   13   12   11   10    9    8    7    6    5    4    3    2    1    1    1    1    2    1    1    1    1    1    1    2    1    3    1    3    2    4    3    4    7   12    9   12   13   24   22   32   31   46   71   90  151  531  559  324   93   12    2
36   66   49   44   41   40   35   32   31   29   28   26   25   24   23   22   21   20   19   18   17   16   15   14   13   12   11   10    9    8    7    6    5    4    3    2    1    1    1    1    1    2    1    1    2    2    2    3    1    3    2    3    3    3    6   13    9   13   11   21   22   32   34   42   70   89  143  514  543  332  107   15    2
36   64   48   44   41   40   32   31   29   28   27   26   25   24   23   22   21   20   19   18   17   16   15   14   13   12   11   10    9    8    7    6    5    4    3    2    1    1    1    1    1    2    1    3    1    1    1    3    2    2    3    1    3    3    8    8    9   13   12   22   18   26   39   39   66   81  136  477  551  347  122   19    1
35   63   46   42   40   39   32   31   29   28   27   26   25   24   23   21   20   19   18   17   16   15   14   13   12   11   10    9    8    7    6    5    4    3    2    1    1    1    1    1    2    1    3    1    1    1    2    2    2    3    4    2    4   10    6   15   10   24   18   27   34   39   59   76  136  445  547  351  144   25    1
34   63   45   41   38   32   31   29   27   26   25   24   23   22   21   20   19   18   17   16   15   14   13   12   11   10    9    8    7    6    5    4    3    2    1    1    1    1    3    1    2    2    1    3    1    2    3    1    3    3    3    9    5   14   12   17   24   24   33   36   56   70  130  429  536  353  164   29    2
35   63   44   40   38   35   32   31   30   29   27   26   25   24   23   21   20   19   18   17   16   15   14   13   12   11   10    9    8    7    6    5    4    3    2    1    1    1    1    2    1    1    1    1    2    1    2    2    2    3    4    3    2    8    6   11   13   18   23   24   31   34   52   71  121  404  534  363  173   31    2
36   62   44   39   38   37   35   32   31   30   29   26   25   24   23   22   21   20   19   18   17   16   15   14   13   12   11   10    9    8    7    6    5    4    3    2    1    1    1    1    1    1    1    1    1    1    2    3    1    3    1    2    3    4    2    5    8   11   13   18   22   23   26   39   48   66  120  388  523  364  181   35    4
35   61   42   39   38   37   34   32   31   29   26   25   24   23   22   21   20   19   18   17   16   15   14   13   12   11   10    9    8    7    6    5    4    3    2    1    1    1    1    1    1    1    1    1    3    1    1    4    2    2    3    4    1    5    7   12   12   18   19   24   25   36   50   64  108  373  508  379  185   37    8
31   59   41   38   36   33   32   30   29   24   23   21   20   19   18   17   16   15   14   13   12   11   10    9    8    7    6    5    4    3    2    1    1    1    2    1    1    1    1    3    3    4    4    4    2    4    7   10   13   17   20   25   22   35   48   63  105  331  509  400  186   43    8
32   59   40   38   36   35   32   30   29   24   23   22   21   20   19   18   17   16   15   14   13   12   11   10    9    8    7    6    5    4    3    2    1    1    1    1    1    1    2    1    3    3    3    1    3    4    3    3    6    8   16   13   24   23   22   34   48   62   96  315  488  400  205   49    9
32   57   40   38   35   33   32   30   29   24   23   22   21   20   19   18   17   16   15   14   13   12   11   10    9    8    7    6    5    4    3    2    1    1    1    1    1    1    2    1    3    3    3    1    2    3    4    3    7    6   15   14   22   22   25   29   48   60   89  292  476  401  222   55   11
30   38   34   32   31   30   29   28   23   22   21   20   19   18   17   16   15   14   13   12   11   10    9    8    7    6    5    4    3    2    1    2    1    2    1    1    1    2    4    3    2    1    3    2    5    9   14   12   22   21   24   29   44   57   85  269  463  401  238   67   14
31   37   36   34   32   31   29   28   25   23   22   21   20   19   18   17   16   15   14   13   12   11   10    9    8    7    6    5    4    3    2    1    1    1    1    2    1    2    1    1    2    4    2    2    3    2    2   10   15    9   20   23   25   29   42   51   87  262  423  414  255   67   15
33   37   36   33   32   31   30   29   28   27   25   23   22   21   20   19   18   17   16   15   14   13   12   11   10    9    8    7    6    5    4    3    2    1    1    1    1    1    1    1    1    1    1    1    1    5    1    3    2    3    1    8   14   11   20   20   25   28   43   49   77  248  402  417  272   72   18
33   36   35   33   32   31   30   29   28   27   24   23   22   21   20   19   18   17   16   15   14   13   12   11   10    9    8    7    6    5    4    3    2    1    1    1    1    1    1    1    1    1    1    1    1    4    2    2    2    1    4    8   12    9   19   23   21   28   47   43   76  238  380  416  281   79   18
32   35   34   32   31   30   29   28   26   24   23   22   21   20   19   18   17   16   15   14   13   12   11   10    9    8    7    6    5    4    3    2    1    1    1    2    1    1    1    1    1    1    1    3    2    3    2    1    3    8   13    7   17   20   25   26   50   41   74  222  372  405  286   83   24
30   33   32   30   29   26   25   24   23   22   21   20   19   18   17   16   15   14   13   12   11   10    9    8    7    6    5    4    3    2    1    1    2    1    2    1    1    1    1    1    4    3    1    2    3    7   12    6   16   18   20   26   45   51   67  207  346  412  296   93   27
26   32   30   29   26   24   21   20   19   18   17   16   15   14   13   12   11   10    9    8    7    6    5    4    3    2    1    3    1    2    1    2    5    3    1    2    4    6   12    4   16   17   21   25   46   48   64  195  332  391  310  106   29
27   32   31   30   29   28   26   24   21   20   18   17   16   15   14   13   12   11   10    9    8    7    6    5    4    3    2    1    1    2    1    1    1    1    2    3    4    3    4    5   10    7   15   14   23   25   41   45   64  182  321  393  300  121   32
26   32   31   29   28   26   24   21   20   18   17   16   15   14   13   12   11   10    9    8    7    6    5    4    3    2    1    1    2    2    1    1    2    2    5    2    4    6   10    6   13   14   23   19   42   48   62  172  311  379  307  128   34
27   31   30   29   28   25   24   21   20   19   18   17   16   15   14   13   12   11   10    9    8    7    6    5    4    3    2    1    1    1    1    3    1    2    2    2    3    1    5    2   12    6   12   16   19   20   42   43   60  159  305  372  305  140   34
27   31   30   29   28   25   24   21   20   19   18   17   16   15   14   13   12   11   10    9    8    7    6    5    4    3    2    1    1    1    1    3    1    2    1    2    4    1    4    3    5   11   13   14   17   19   43   41   57  148  289  369  306  151   36
27   30   28   27   25   24   23   21   20   19   18   17   16   15   14   13   12   11   10    9    8    7    6    5    4    3    2    1    1    3    1    1    1    2    1    1    2    3    3    4    4   10   14   13   13   17   45   40   56  140  265  371  309  153   44
26   29   28   26   24   23   21   20   19   18   17   16   15   14   13   12   11   10    9    8    7    6    5    4    3    2    1    1    2    2    2    2    1    1    2    3    2    4    5    9   13   11   16   15   42   41   55  126  247  367  315  161   47
28   28   27   26   25   24   23   22   21   20   19   18   17   16   15   14   13   12   11   10    9    8    7    6    5    4    3    2    1    1    2    1    1    1    2    1    1    1    2    2    2    4    5    8    7   15   15   14   36   39   58  106  238  362  318  175   49
25   27   26   25   24   21   20   19   18   17   16   15   14   13   12   11   10    9    8    7    6    5    4    3    2    1    1    1    2    2    2    3    1    2    2    3    3    9    8   13   17   13   32   40   55   97  235  350  311  190   49
25   26   25   24   23   21   20   19   18   17   16   15   14   13   12   11   10    9    8    7    6    5    4    3    2    1    1    1    3    1    1    3    1    3    1    2    5    7    5   12   16   13   32   31   63   96  215  346  310  195   53
23   25   24   22   20   19   18   17   16   15   14   13   12   11   10    9    8    7    6    5    4    3    2    1    2    2    2    3    2    2    1    3    5    4    8    7   20   10   32   28   59   96  199  333  309  208   55
25   25   24   23   22   21   20   19   18   17   16   15   14   13   12   11   10    9    8    7    6    5    4    3    2    1    2    1    1    1    1    3    2    2    1    3    4    5    7    7   17   11   26   35   53   92  181  322  313  213   62
24   24   23   22   21   20   19   18   17   16   15   14   13   12   11   10    9    8    7    6    5    4    3    2    1    1    1    3    1    2    3    2    1    2    4    6    5    8   16   10   26   29   59   86  172  308  317  211   67
22   23   22   20   19   18   17   16   15   14   13   12   11   10    9    8    7    6    5    4    3    2    1    2    3    2    4    2    1    1    2    4    8    6   16   11   25   25   58   78  162  294  323  212   73
23   23   22   21   20   19   18   17   16   15   14   13   12   11   10    9    8    7    6    5    4    3    2    1    2    2    1    2    4    2    1    1    2    3    6    6   13   13   23   21   50   80  156  278  319  226   75
22   22   21   20   19   18   17   16   15   14   13   12   11   10    9    8    7    6    5    4    3    2    1    2    2    2    4    3    1    1    2    2    4    7   11   13   21   20   46   77  146  276  312  230   79
21   22   21   20   19   18   17   15   14   13   12   11   10    9    8    7    6    5    4    3    2    1    2    1    3    4    2    2    3    2    2    8    9   14   19   22   42   74  135  264  315  225   86
21   21   20   19   18   17   16   15   14   13   12   11   10    9    8    7    6    5    4    3    2    1    2    2    4    2    2    1    2    3    3    7   10   13   14   24   39   71  122  262  300  236   90
20   20   19   18   17   16   15   14   13   12   11   10    9    8    7    6    5    4    3    2    1    4    3    2    3    1    1    3    3    7   10    9   17   20   37   66  124  245  291  248   89
19   20   19   17   16   15   14   13   12   11   10    9    8    7    6    5    4    3    2    1    3    4    1    3    2    2    3    5   10    7   16   21   33   61  114  233  293  252   88
18   20   19   16   15   14   13   12   11   10    9    8    7    6    5    4    3    2    1    2    5    4    1    2    2    7    8    7   13   19   36   56  104  221  285  255  100
19   20   19   18   16   15   14   13   12   11   10    9    8    7    6    5    4    3    2    1    1    2    3    4    1    2    1    7    8    7   11   13   42   52   93  203  291  252  107
19   20   19   18   16   15   14   13   12   11   10    9    8    7    6    5    4    3    2    1    1    2    2    3    3    2    1    4    8    7    7   14   35   51   84  195  280  259  114
18   19   18   16   15   14   13   12   11   10    9    8    7    6    5    4    3    2    1    1    2    3    4    1    2    4    5    9    6   16   26   51   80  181  268  267  118
18   19   18   16   15   14   13   12   11   10    9    8    7    6    5    4    3    2    1    1    1    3    5    1    2    1    7    8    8   14   24   46   75  174  267  259  121
17   18   16   15   14   13   12   11   10    9    8    7    6    5    4    3    2    1    2    3    4    2    1    2    7    7    9   12   18   45   73  160  267  253  125
15   16   15   14   12   11   10    9    8    7    6    5    4    3    2    1    1    5    2    2    4    9    8   14   13   39   65  154  261  248  130
15   16   15   14   13   11   10    9    8    7    6    5    4    3    2    1    1    3    2    2    4    8    7   15   13   36   60  140  262  236  141
15   16   15   14   13   11   10    9    8    7    6    5    4    3    2    1    1    2    3    2    3    9    7   13   14   33   56  130  249  237  143
15   16   14   13   12   11   10    9    8    7    6    5    4    3    2    1    1    4    1    2    2    9    6   10   13   29   53  119  237  231  154
14   14   13   12   11   10    9    8    7    6    5    4    3    2    1    5    1    1    2   10    4    9   10   30   49  104  225  234  159
14   14   13   12   11   10    9    8    7    6    5    4    3    2    1    3    2    2    1   10    5    6   12   23   48   96  216  227  154
13   14   13   11   10    9    8    7    6    5    4    3    2    1    2    3    3    4    9    6   11   22   45   85  207  219  146
14   14   13   12   11   10    9    8    7    6    5    4    3    2    1    2    2    1    3    2   10    5    7   18   45   79  190  216  153
14   14   13   12   11   10    9    8    7    6    5    4    3    2    1    2    1    1    3    2    9    7    5   17   37   81  175  211  152
14   14   13   12   11   10    9    8    7    6    5    4    3    2    1    1    1    1    2    4    7    4    9   11   32   75  157  210  148
13   13   12   11   10    9    8    7    6    5    4    3    2    1    2    1    2    3    7    4    8   11   31   66  146  211  144
13   13   12   11   10    9    8    7    6    5    4    3    2    1    1    2    1    3    6    4    9   10   26   62  133  195  140
12   13   11   10    9    8    7    6    5    4    3    2    1    1    2    4    3    6    9    9   24   51  127  184  142
12   13   11   10    9    8    7    6    5    4    3    2    1    1    1    4    3    6    7   11   21   49  119  178  140
12   12   11   10    9    8    7    6    5    4    3    2    1    1    1    3    4    6    6   10   20   47  107  166  136
10   10    9    8    7    6    5    4    3    2    1    2    4    7    6   10   18   37   89  150  107
10   10    9    8    7    6    5    4    3    2    1    2    3    6    7    9   15   30   84  139  103
 9    9    8    7    6    5    4    3    2    1    5    5    7    8   14   28   74  127  100
 9    9    8    7    6    5    4    3    2    1    3    5    3    9   14   26   66  118   92
 8    8    7    6    5    4    3    2    1    6    2    9    8   27   62  111   88
 8    8    7    6    5    4    3    2    1    5    3    5    9   24   57  100   85
 8    8    7    6    5    4    3    2    1    5    3    4    9   17   47   93   73
 8    8    7    6    5    4    3    2    1    3    5    2    8   14   38   69   63
 8    8    7    6    5    4    3    2    1    2    4    4    7   11   33   67   58
 8    8    7    6    5    4    3    2    1    1    2    2    8    5   30   34   42
 7    8    6    5    4    3    2    1    1    3    8    6   26   29   42
 6    6    5    4    3    2    1    1    3    5    9   11   22
 6    6    5    4    3    2    1    1    3    5    7   12   20
 6    6    5    4    3    2    1    1    2    6    5   11   21
 6    6    5    4    3    2    1    1    2    6    4   10   20
 6    6    5    4    3    2    1    1    1    5    2   11   15
 4    4    3    2    1    1    5    5    7
 3    6    2    1    1    3    6
 2    6    1    1    6
 2    6    1    1    6
 2    2    1    1    2
 2    2    1    1    2
