# n  list(x)  list(y)
39   65   54   46   45   44   40   39   37   35   34   33   32   30   29   28   27   26   25   24   23   22   21   20   19   18   17   16   15   14   13   12   11   10    9    8    7    6    5    4    1    2    1    1    2    3    2    1    1    3    1    2    2    2    2    4    5    8    7    6    3   13    6    7   11   18   23   25   32   32   46   66   71  118  159  318 1334  158    4
42   65   54   52   46   45   44   40   39   37   36   35   34   32   31   30   29   28   27   26   25   24   23   22   21   20   19   18   17   16   15   14   13   12   11   10    9    8    7    6    5    4    3    1    1    1    1    1    2    3    1    1    1    1    3    1    1    2    2    2    5    3    6    9    8    3   11    6    9    7   17   23   26   29   35   45   64   69  113  151  313 1274  212   11    1
42   64   54   49   46   45   44   43   40   39   36   35   34   33   32   30   29   28   27   26   25   24   23   22   21   20   19   18   17   16   15   14   13   12   11   10    9    8    7    6    5    4    3    1    1    1    1    1    1    1    3    1    1    2    2    1    1    3    1    2    3    4    7    8    9    2   12    4    9    7   13   23   27   25   35   39   59   74  109  145  295 1192  295   29    1
40   63   54   48   46   45   43   42   40   39   35   33   32   30   29   28   27   26   25   24   23   22   21   20   19   18   17   16   15   14   13   12   11   10    9    8    7    6    5    4    3    1    1    1    1    1    1    1    3    1    3    2    1    3    2    1    3    5    6    6    8    4   11    6    4    8   12   23   26   22   33   40   54   76  108  138  274 1133  354   46    2
39   61   54   47   44   43   42   40   38   35   34   33   32   30   29   27   26   25   24   23   22   21   20   19   18   17   16   15   14   13   12   11   10    9    8    7    6    5    4    3    1    1    1    2    1    1    2    2    2    1    1    2    3    2    4    3    8    5    9    3    9    9    4    8   11   23   24   22   32   40   48   80  100  141  256 1095  369   67    8
39   60   52   47   44   42   41   40   38   35   34   33   32   29   27   26   25   24   23   22   21   20   19   18   17   16   15   14   13   12   11   10    9    8    7    6    5    4    3    2    1    1    1    1    2    1    2    2    1    2    1    2    5    3    4    6    5    7    7    4   11    6    7   11   23   20   26   32   38   43   83   95  132  252 1032  411   81   13    1
39   59   52   47   43   42   40   38   34   33   32   31   29   28   27   26   25   24   23   22   21   20   19   18   17   16   15   14   13   12   11   10    9    8    7    6    5    4    3    2    1    1    1    1    2    1    4    2    1    2    1    4    1    2    4    6    6    6    7    5    9    7    6    9   21   22   22   34   35   42   78   92  128  240  989  438  101   18    1
39   59   51   47   42   40   38   37   34   33   32   31   29   28   27   26   25   24   23   22   21   20   19   18   17   16   15   14   13   12   11   10    9    8    7    6    5    4    3    2    1    1    1    3    1    1    3    2    1    2    1    3    1    3    3    5    5    7    6    6    7    9    5   10   19   22   23   30   33   46   75   90  127  222  943  463  124   20    1
39   59   51   46   42   41   39   37   34   33   32   31   29   28   27   26   25   24   23   22   21   20   19   18   17   16   15   14   13   12   11   10    9    8    7    6    5    4    3    2    1    1    1    2    1    1    3    3    1    1    2    2    2    1    4    4    5    6    6    7    7   11    4   10   17   20   22   31   33   45   71   87  125  219  904  474  139   25    2
41   58   51   46   42   41   39   37   36   34   33   32   31   30   29   28   27   26   25   24   23   22   21   20   19   18   17   16   15   14   13   12   11   10    9    8    7    6    5    4    3    2    1    1    1    2    1    1    2    1    1    3    1    1    1    1    3    1    2    2    7    8    6    5    8    9    6    9   15   16   26   32   31   46   68   86  113  209  852  511  155   28    3
39   57   50   46   42   41   38   37   36   35   33   32   31   29   28   27   25   24   23   22   21   20   19   18   17   16   15   14   13   12   11   10    9    8    7    6    5    4    3    2    1    1    1    2    1    1    1    1    1    3    2    1    1    3    2    4    6    8    6    4    8    8    8   10   14   14   23   29   36   42   68   81  113  204  803  521  180   34    4
38   57   50   46   42   40   38   37   35   33   32   30   29   28   27   25   24   23   22   21   20   19   18   17   16   15   14   13   12   11   10    9    8    7    6    5    4    3    2    1    1    1    2    1    1    1    2    3    2    1    1    1    4    2    7    8    6    4    6   10    7   11   14   12   21   29   34   40   70   82  109  195  763  529  203   38    3
39   56   50   45   41   39   38   37   35   33   32   31   29   28   27   26   25   24   23   22   21   20   19   18   17   16   15   14   13   12   11   10    9    8    7    6    5    4    3    2    1    1    1    2    1    1    1    2    3    1    1    1    1    4    1    2    6    6    7    6    5    7   10   11   13   13   19   31   29   40   70   79  103  192  727  538  217   43    4
38   56   50   44   41   39   38   36   35   33   32   29   28   27   26   25   24   23   22   21   20   19   18   17   16   15   14   13   12   11   10    9    8    7    6    5    4    3    2    1    1    1    1    2    1    1    2    2    2    2    1    4    1    2    3    7    7    6    6    3   11   11   12   13   16   32   27   38   68   77  102  186  690  549  234   47    6
39   54   49   44   41   39   38   37   36   35   33   32   31   29   28   27   26   24   23   22   21   20   19   18   17   16   15   14   13   12   11   10    9    8    7    6    5    4    3    2    1    1    1    1    1    1    1    1    1    2    2    1    2    1    3    2    5    5    8    6    5    4   11   12   11    9   20   29   26   37   68   68  104  184  655  551  244   56   10
36   51   49   44   40   39   37   36   34   33   31   28   27   25   24   23   22   21   20   19   18   17   16   15   14   13   12   11   10    9    8    7    6    5    4    3    2    1    1    1    1    1    2    1    1    2    3    2    4    2    5    4    6    7    7    4    7   12   14    8   21   27   22   41   62   68  101  182  623  552  252   63   15
36   50   49   42   39   38   36   35   33   31   28   27   26   25   24   23   22   21   20   19   18   17   16   15   14   13   12   11   10    9    8    7    6    5    4    3    2    1    1    1    1    1    2    1    3    2    1    3    2    2    4    2    6    8    8    5    6   11   14    8   20   22   26   36   64   62  101  169  591  552  274   74   16
38   50   48   42   39   37   36   35   33   32   31   30   28   27   26   25   24   23   22   21   20   19   18   17   16   15   14   13   12   11   10    9    8    7    6    5    4    3    2    1    1    1    1    1    1    2    1    2    1    1    1    1    3    3    4    2    5    8    7    5    6   11   15    7   21   22   23   33   61   63   99  168  562  547  281   88   16
37   49   47   42   39   37   36   35   33   32   31   30   28   26   25   24   23   22   21   20   19   18   17   16   15   14   13   12   11   10    9    8    7    6    5    4    3    2    1    1    1    1    1    1    2    1    2    1    1    1    1    6    3    2    5    8    6    7    5    9   17    7   18   24   21   34   54   64   86  164  539  551  291   94   20
39   48   46   40   38   37   36   35   34   33   32   31   29   28   26   25   24   23   22   21   20   19   18   17   16   15   14   13   12   11   10    9    8    7    6    5    4    3    2    1    1    1    1    1    1    1    1    1    1    1    2    1    1    1    3    4    3    5    4    9    7    5    8   15   11   17   20   26   29   50   65   78  160  508  558  296  107   21    1
37   47   46   39   38   37   35   33   31   30   28   27   26   25   24   23   22   21   20   19   18   17   16   15   14   13   12   11   10    9    8    7    6    5    4    3    2    1    1    1    1    1    1    2    2    2    1    1    1    1    2    5    3    4    2    9    6    8    7   16   10   15   21   20   31   46   63   80  149  474  563  314  112   24    1
35   46   45   38   35   34   33   32   31   30   27   26   24   23   22   21   20   19   18   17   16   15   14   13   12   11   10    9    8    7    6    5    4    3    2    1    1    1    2    1    1    1    1    1    2    1    1    4    4    5    2    8    5    8    6   16   10   16   18   23   29   42   60   80  140  446  556  334  122   27    1
31   45   38   37   34   33   31   30   26   23   22   21   20   19   18   17   16   15   14   13   12   11   10    9    8    7    6    5    4    3    2    1    2    1    1    2    1    2    2    2    5    6    3    8    4    8    7   12   12   13   21   19   29   42   55   76  135  425  542  350  133   30    2
32   45   44   38   36   34   33   31   30   26   23   22   21   20   19   18   17   16   15   14   13   12   11   10    9    8    7    6    5    4    3    2    1    1    1    1    1    2    1    1    3    2    3    4    3    7    4    9    6   12   10   15   19   20   28   37   44   83  130  384  543  365  149   34    2
31   44   37   35   34   33   32   30   26   23   22   21   20   19   18   17   16   15   14   13   12   11   10    9    8    7    6    5    4    3    2    1    2    1    1    1    1    1    4    2    2    2    6    4    6    5    8   10    8   15   17   20   30   33   41   87  116  354  533  383  166   36    4
32   43   36   35   34   33   31   30   26   25   23   22   21   20   19   18   17   16   15   14   13   12   11   10    9    8    7    6    5    4    3    2    1    2    1    1    1    1    1    4    1    1    1    2    6    4    6    6    8    5   12   13   17   20   25   35   43   78  114  336  516  390  179   40    5
29   42   41   36   34   33   30   29   25   21   20   19   18   17   16   15   14   13   12   11   10    9    8    7    6    5    4    3    2    1    1    1    1    1    2    3    2    1    9    2    5    7    6    6   12   12   14   23   24   35   40   72  114  307  509  397  191   46    6
31   42   40   36   34   33   31   30   29   28   25   21   20   19   18   17   16   15   14   13   12   11   10    9    8    7    6    5    4    3    2    1    1    1    1    1    1    1    1    3    1    1    5    3    7    6    5    5   12   11   13   22   25   34   38   58  116  300  487  400  205   51    9
29   40   36   34   32   30   29   28   24   21   20   19   18   17   16   15   14   13   12   11   10    9    8    7    6    5    4    3    2    1    2    1    1    1    1    1    4    1    2    5    7    5    4    7   11   11   11   21   22   37   37   55  113  267  488  400  219   56    9
29   39   38   36   34   31   29   28   23   21   20   19   18   17   16   15   14   13   12   11   10    9    8    7    6    5    4    3    2    1    1    1    1    1    1    1    5    1    1    4    9    4    5    5   10   12    9   24   21   33   36   49  106  258  468  402  235   59   12
28   38   36   32   29   28   27   23   21   20   19   18   17   16   15   14   13   12   11   10    9    8    7    6    5    4    3    2    1    2    1    1    2    3    2    1    1    3    8    5    5    6    9   12    7   24   16   34   40   43  105  245  450  409  237   65   13
28   38   37   36   32   29   28   27   23   20   19   18   17   16   15   14   13   12   11   10    9    8    7    6    5    4    3    2    1    1    1    1    1    1    3    3    1    3    5    7    5    5    9   10    9   25   12   34   40   39   95  239  429  403  256   69   16
29   37   35   34   31   29   28   27   26   23   20   19   18   17   16   15   14   13   12   11   10    9    8    7    6    5    4    3    2    1    1    1    1    1    1    1    2    3    1    2    4    3    9    4    9    8    7   27   12   35   35   39   92  228  401  410  263   80   17
30   36   35   32   30   29   28   27   26   25   23   20   19   18   17   16   15   14   13   12   11   10    9    8    7    6    5    4    3    2    1    1    1    1    1    1    1    1    3    1    1    2    4    3    9    3    8    8    8   24   16   31   34   41   83  220  381  417  263   88   17
29   35   31   30   29   28   27   26   23   22   20   19   18   17   16   15   14   13   12   11   10    9    8    7    6    5    4    3    2    1    2    1    1    1    1    1    3    1    1    2    4    2    8    5    6    9    6   24   14   30   32   39   79  200  371  410  277   96   21
28   35   31   30   28   26   25   23   22   20   19   18   17   16   15   14   13   12   11   10    9    8    7    6    5    4    3    2    1    2    1    1    2    3    1    1    1    2    3    3    4    9    5    9    7   19   17   25   34   39   78  183  349  414  276  110   24
29   35   34   31   29   28   27   26   24   23   22   19   18   17   16   15   14   13   12   11   10    9    8    7    6    5    4    3    2    1    1    1    1    1    1    1    3    1    1    1    4    2    4    8    8    6   10   16   17   24   34   36   73  165  334  414  285  121   24
28   35   34   31   28   27   26   25   23   20   19   18   17   16   15   14   13   12   11   10    9    8    7    6    5    4    3    2    1    1    1    1    1    2    2    1    2    1    3    2    5    4    8    9    9   16   17   21   36   35   64  160  317  410  291  119   33
27   35   34   31   27   26   25   23   20   19   18   17   16   15   14   13   12   11   10    9    8    7    6    5    4    3    2    1    1    1    1    2    2    2    2    1    2    3    2    5    8    8   12   10   21   19   35   33   61  149  302  406  298  125   35
27   35   33   30   27   26   25   23   20   19   18   17   16   15   14   13   12   11   10    9    8    7    6    5    4    3    2    1    1    1    1    2    1    2    2    1    2    3    2    3    7   10   10   11   20   20   33   31   53  136  294  400  303  132   40
28   35   33   30   27   25   24   23   22   20   19   18   17   16   15   14   13   12   11   10    9    8    7    6    5    4    3    2    1    1    1    1    2    2    1    1    1    1    2    2    1    3    7   10    9    9   18   23   27   37   49  125  275  395  310  142   39
25   33   30   27   25   23   20   19   18   17   16   15   14   13   12   11   10    9    8    7    6    5    4    3    2    1    2    1    2    2    2    2    1    3    1    2    7   11    6   11   15   24   26   35   49  116  254  384  320  149   43
24   33   30   27   25   23   20   18   17   16   15   14   13   12   11   10    9    8    7    6    5    4    3    2    1    2    1    1    3    2    2    3    2    2    6   10    5   10   13   26   27   30   49  108  239  360  334  160   47
26   33   30   27   25   24   23   20   19   18   17   16   15   14   13   12   11   10    9    8    7    6    5    4    3    2    1    2    1    1    2    1    2    1    1    2    3    1    5    9    8    8   10   26   26   30   51   99  225  348  335  168   51
27   33   31   30   27   25   24   23   20   19   18   17   16   15   14   13   12   11   10    9    8    7    6    5    4    3    2    1    1    1    1    1    2    1    2    1    1    2    3    1    2   11    6   10   11   19   29   26   48   96  214  333  327  185   56
27   33   30   29   27   25   24   23   21   20   18   17   16   15   14   13   12   11   10    9    8    7    6    5    4    3    2    1    1    1    1    1    2    1    1    1    1    3    3    1    2    9    7    9   10   19   27   27   47   91  200  328  323  185   60
28   32   30   28   27   25   24   23   22   21   20   18   17   16   15   14   13   12   11   10    9    8    7    6    5    4    3    2    1    1    1    1    1    1    1    1    1    1    1    3    1    3    1   10    7    7   11   16   28   26   39   86  197  320  310  195   66
27   31   30   28   27   25   24   23   21   19   18   17   16   15   14   13   12   11   10    9    8    7    6    5    4    3    2    1    1    1    1    1    1    1    1    2    1    2    1    2    3    9    6    5   10   14   24   29   39   73  188  305  318  192   78
27   31   28   27   25   24   22   21   20   19   18   17   16   15   14   13   12   11   10    9    8    7    6    5    4    3    2    1    1    2    1    1    1    1    1    1    1    1    2    2    2    9    4    6    7   15   22   26   38   67  176  295  322  190   86
24   30   28   27   25   22   20   18   17   16   15   14   13   12   11   10    9    8    7    6    5    4    3    2    1    1    1    2    1    1    1    3    2    1    3    7    4    6    7   13   22   24   38   64  162  281  313  201   96
23   30   27   24   22   20   18   17   16   15   14   13   12   11   10    9    8    7    6    5    4    3    2    1    1    3    1    1    1    1    3    2    1    7    4    8    6   10   21   25   32   59  146  265  316  212   96
23   29   27   26   24   22   19   18   17   16   14   13   12   11   10    9    8    7    6    5    4    3    2    1    1    2    1    1    1    1    1    2    3    7    3    8    6    8   18   22   36   57  135  250  312  219  100
23   29   27   26   24   20   19   18   16   15   14   13   12   11   10    9    8    7    6    5    4    3    2    1    1    1    1    2    1    1    1    3    2    5    2    7    5    7   17   23   31   53  121  242  304  234  103
24   29   27   26   24   22   20   19   18   16   15   14   13   12   11   10    9    8    7    6    5    4    3    2    1    1    1    1    1    1    1    1    1    2    2    5    3    6    6    4   17   19   32   48  114  223  294  246  113
24   29   26   25   24   21   20   19   18   16   15   14   13   12   11   10    9    8    7    6    5    4    3    2    1    1    1    1    1    1    1    1    1    2    1    4    3    6    5    4   16   21   27   45  109  214  285  243  122
21   26   25   24   20   19   18   16   14   13   12   11   10    9    8    7    6    5    4    3    2    1    1    2    1    1    2    1    2    2    4    6    5    5   14   16   29   39  101  207  282  241  121
21   26   25   24   20   19   18   16   14   13   12   11   10    9    8    7    6    5    4    3    2    1    1    2    1    1    2    1    2    2    2    8    5    3   12   20   26   36   97  197  275  234  129
21   25   24   20   19   18   17   16   14   13   12   11   10    9    8    7    6    5    4    3    2    1    2    2    1    1    1    1    2    2    1    5    9    2   11   19   24   34   98  183  258  235  139
21   24   23   20   19   17   16   15   14   13   12   11   10    9    8    7    6    5    4    3    2    1    2    1    1    1    2    1    1    1    2    3    7    5    8   18   23   33   88  172  253  239  138
21   24   22   20   19   17   16   15   14   13   12   11   10    9    8    7    6    5    4    3    2    1    2    1    1    1    2    1    1    1    1    4    6    4    9   17   25   28   86  158  243  241  138
19   24   23   19   18   17   15   14   12   11   10    9    8    7    6    5    4    3    2    1    1    1    2    1    1    2    2    4    6    4    9   16   24   26   75  157  230  241  140
18   24   23   19   17   15   14   12   11   10    9    8    7    6    5    4    3    2    1    1    1    1    3    2    2    3    7    2    8   12   27   24   68  150  208  241  141
19   24   23   19   17   16   14   13   12   11   10    9    8    7    6    5    4    3    2    1    1    1    1    2    1    2    1    4    4    2    9    8   27   23   55  144  208  226  156
18   23   18   17   15   14   13   12   11   10    9    8    7    6    5    4    3    2    1    2    1    2    1    1    1    3    4    2   10    5   25   23   53  136  191  213  165
16   23   22   17   15   12   11   10    9    8    7    6    5    4    3    2    1    1    1    2    1    3    4    2    7    7   18   26   43  127  180  222  170
16   23   22   17   16   15   11   10    9    8    7    6    5    4    3    2    1    1    1    1    1    1    5    2    5    9   14   25   35  116  169  220  175
15   23   22   17   15   11   10    9    8    7    6    5    4    3    2    1    1    1    1    2    3    3    5    9   12   23   33  104  169  215  172
14   22   17   15   11   10    9    8    7    6    5    4    3    2    1    2    1    2    1    4    5    9    7   24   29  103  150  213  173
15   22   17   15   14   11   10    9    8    7    6    5    4    3    2    1    2    1    1    1    1    1    7    7    7   20   29   95  139  206  169
14   22   17   14   11   10    9    8    7    6    5    4    3    2    1    2    1    2    1    1    5    6    9   14   31   80  139  197  170
15   21   15   14   12   11   10    9    8    7    6    5    4    3    2    1    1    1    1    1    1    1    4    7    5   13   28   60  138  187  160
13   20   14   12   10    9    8    7    6    5    4    3    2    1    1    1    2    2    2    4    9   10   23   53  128  182  162
13   19   14   12   10    9    8    7    6    5    4    3    2    1    1    1    2    2    1    4    5   11   17   41  110  158  152
13   18   13   12   10    9    8    7    6    5    4    3    2    1    1    1    2    2    1    3    5    8   18   35   98  136  139
13   16   12   11   10    9    8    7    6    5    4    3    2    1    1    1    2    1    2    1    7    7   14   33   93  126  142
12   16   11   10    9    8    7    6    5    4    3    2    1    1    2    1    2    1    6    4    9   34   76   93  115
11   14   11   10    9    7    6    5    4    3    2    1    1    2    1    1    5    6    7   27   70   85  107
12   14   11   10    9    8    7    6    5    4    3    2    1    1    1    1    1    1    5    5    6   19   64   72   95
11   14   10    9    8    7    6    5    4    3    2    1    1    1    2    1    2    6    4   17   58   68   94
10   14   10    9    8    6    5    4    3    2    1    1    1    2    1    4    3   13   43   54   70
10   13   10    9    8    6    5    4    3    2    1    1    1    2    1    3    3   12   40   55   64
10   13   10    9    7    6    5    4    3    2    1    1    1    2    1    1    5    8   34   51   59
 9   13   10    9    8    5    4    3    2    1    1    1    1    1    4    5   24   44   44
 7   13    8    5    4    3    2    1    1    1    2    2   14   27   23
 7   13    8    5    4    3    2    1    1    1    2    2   12   26   23
 6   10    5    4    3    2    1    1    1    2    7    9   14
 6    9    5    4    3    2    1    1    1    2    6    9   12
 5    9    4    3    2    1    1    1    5    7    8
 5    9    4    3    2    1    1    1    5    5    8
 5    5    4    3    2    1    1    1    3    5    6
 4    5    3    2    1    1    1    7    4
 4    5    3    2    1    1    1    6    4
 4    5    3    2    1    1    1    3    4
 4    5    3    2    1    1    1    1    4
 4    4    3    2    1    1    1    1    3
 3    4    2    1    1    2    2
 2    2    1    1    2
 2    2    1    1    2
