# n  list(x)  list(y)
29   36   34   30   29   28   27   26   25   24   23   22   21   20   19   18   17   16   15   14   13   12   11   10    9    8    7    6    5    4    1    2    3    1    2    4    1    1    5    4    6    8    8   10   19   27   20   40   38   37   58   65  108  132  219  410 1114  153    4
28   35   34   30   29   28   27   26   24   23   22   21   20   19   18   17   16   15   14   13   12   11   10    9    8    7    6    5    4    1    2    3    1    2    3    2    4    5    6    9    6   10   16   30   18   34   44   36   55   64  105  128  210  396 1085  189   11
28   35   34   29   28   27   26   25   24   23   22   21   20   19   18   17   16   15   14   13   12   11   10    9    8    7    6    5    4    1    2    3    2    4    1    1    3    5    5    8    7   11   11   33   18   33   39   31   56   67  101  125  193  392 1040  236   22
28   34   32   29   28   27   26   24   23   22   21   20   19   18   17   16   15   14   13   12   11   10    9    8    7    6    5    4    3    2    1    1    3    4    2    4    4    5    5   10   10   12   26   20   30   40   35   53   60   97  118  195  378 1000  278   31    1
30   34   33   32   29   28   27   26   25   24   23   22   21   20   19   18   17   16   15   14   13   12   11   10    9    8    7    6    5    4    3    1    1    1    1    3    3    2    1    4    4    5    4   10    9   12   22   23   29   39   37   50   58   91  118  179  366  964  322   38    3
30   34   33   31   29   28   27   26   25   24   23   22   21   20   19   18   17   16   15   14   13   12   11   10    9    8    7    6    5    4    3    1    1    1    1    3    2    3    1    4    3    6    4    9    9   11   22   20   29   38   38   47   55   89  117  172  358  916  349   62    4
30   34   33   31   29   28   27   26   24   23   22   21   20   19   18   17   16   15   14   13   12   11   10    9    8    7    6    5    4    3    2    1    1    1    1    3    1    3    4    3    5    2   10   10   11   20   19   23   36   37   47   56   89  110  174  334  872  384   83    9    1
30   34   33   31   29   28   27   26   24   23   22   21   20   19   18   17   16   15   14   13   12   11   10    9    8    7    6    5    4    3    2    1    1    1    1    3    1    3    3    4    5    2    7   11   10   19   19   20   35   38   46   52   91  110  164  322  831  420   85   18    2
29   33   29   28   27   26   25   24   23   22   21   20   19   18   17   16   15   14   13   12   11   10    9    8    7    6    5    4    3    2    2    2    1    2    3    1    3    3    4    3    6    8   11   14   23   17   32   44   40   51   87  100  166  316  780  451  108   20    2
28   33   28   27   26   25   24   23   22   21   20   19   18   17   16   15   14   13   12   11   10    9    8    7    6    5    4    3    2    2    2    2    4    1    1    5    3    3    6    7    9   14   24   18   30   41   45   47   87   98  158  309  748  456  129   23    3
27   33   28   27   26   24   23   22   21   20   19   18   17   16   15   14   13   12   11   10    9    8    7    6    5    4    3    2    2    1    3    4    2    4    3    2    7    6   10   10   23   20   30   38   42   48   89   95  152  301  701  486  143   25    3
29   33   32   28   27   26   25   24   23   22   21   20   19   18   17   16   15   14   13   12   11   10    9    8    7    6    5    4    3    2    1    1    1    3    3    1    2    4    3    2    7    5   10   10   21   17   31   40   38   53   82   92  144  293  665  492  168   33    3
29   33   32   28   27   26   25   24   23   22   21   20   19   18   17   16   15   14   13   12   11   10    9    8    7    6    5    4    3    2    1    1    1    3    2    1    2    4    2    4    7    4   10   10   18   19   26   41   42   48   80   83  146  275  645  493  187   40    5
28   33   32   28   27   26   24   23   22   21   20   19   18   17   16   15   14   13   12   11   10    9    8    7    6    5    4    3    2    1    1    1    2    3    3    3    3    4    7    3    9   11   16   17   28   38   39   51   75   86  139  258  618  502  202   48    7
28   32   28   27   26   25   24   23   22   21   20   19   18   17   16   15   14   13   12   11   10    9    8    7    6    5    4    3    2    2    1    2    2    1    3    3    3    2    8    4    7    9   15   16   29   38   33   52   67   92  132  250  582  502  231   55    9
27   31   27   26   25   24   23   22   21   20   19   18   17   16   15   14   13   12   11   10    9    8    7    6    5    4    3    2    2    3    2    1    1    3    4    3    6    4    7   10   15   15   23   34   36   53   64   84  125  248  542  527  240   63   10
27   31   27   26   25   24   23   22   21   20   19   18   17   16   15   14   13   12   11   10    9    8    7    6    5    4    3    2    2    1    3    1    1    3    2    5    6    3    9    6   19   13   20   34   36   50   63   81  121  244  512  520  262   73   10
27   31   26   25   24   23   22   21   20   19   18   17   16   15   14   13   12   11   10    9    8    7    6    5    4    3    2    1    2    3    1    1    3    3    3    7    2    9    5   18   13   22   31   32   52   58   83  113  241  483  519  275   82   13    1
27   31   30   26   24   23   22   21   20   19   18   17   16   15   14   13   12   11   10    9    8    7    6    5    4    3    2    1    1    1    2    2    1    4    4    6    3    6    8   15   12   21   25   37   47   56   81  104  233  466  514  297   88   15    1
27   30   29   26   24   23   22   21   20   19   18   17   16   15   14   13   12   11   10    9    8    7    6    5    4    3    2    1    1    1    2    2    1    4    4    4    4    4    8   14   12   23   23   34   44   61   79   92  227  445  507  313   96   18    2
26   30   29   26   24   22   21   20   19   18   17   16   15   14   13   12   11   10    9    8    7    6    5    4    3    2    1    1    1    2    2    5    2    5    4    5    8   13   11   20   23   33   40   66   71   91  213  418  507  331  107   18    3
25   30   25   24   22   21   20   19   18   17   16   15   14   13   12   11   10    9    8    7    6    5    4    3    2    1    1    2    2    3    3    5    4    3   10    9   15   17   23   32   38   57   73   90  199  405  488  353  118   22    3
25   27   25   24   23   21   20   19   18   17   16   15   14   13   12   11   10    9    8    7    6    5    4    3    2    1    1    2    1    1    4    7    3    2    9    9   11   21   21   28   40   56   61   92  188  385  502  359  117   26    4
25   27   25   24   23   21   20   19   18   17   16   15   14   13   12   11   10    9    8    7    6    5    4    3    2    1    1    2    1    1    4    6    2    3    8    8   12   20   19   28   37   53   60   90  181  376  479  373  130   25    6
24   24   23   22   21   20   19   18   17   16   15   14   13   12   11   10    9    8    7    6    5    4    3    2    1    2    2    1    2    5    4    2   10    4   14   20   17   27   34   54   52   91  171  368  464  376  147   26    7
24   24   23   22   21   20   19   18   17   16   15   14   13   12   11   10    9    8    7    6    5    4    3    2    1    2    2    1    1    5    4    2   10    5   12   19   17   26   31   56   51   87  154  357  448  388  157   33    7
23   24   23   21   20   19   18   17   16   15   14   13   12   11   10    9    8    7    6    5    4    3    2    1    1    3    2    3    5    3    8    6    9   20   16   26   28   50   52   84  142  341  439  393  174   37    8
22   23   21   20   19   18   17   16   15   14   13   12   11   10    9    8    7    6    5    4    3    2    1    4    2    3    5    3    5    7   10   16   19   21   29   43   55   80  135  314  450  390  180   44   10
22   23   21   20   19   18   17   16   15   14   13   12   11   10    9    8    7    6    5    4    3    2    1    4    2    2    6    2    6    5   10   15   20   17   31   37   53   79  135  285  444  385  201   49   12
23   23   22   21   20   19   18   17   16   15   14   13   12   11   10    9    8    7    6    5    4    3    2    1    3    1    1    3    4    2    7    5   10   14   19   13   32   40   50   80  132  261  441  392  197   56   12
23   23   22   21   20   19   18   17   16   15   14   13   12   11   10    9    8    7    6    5    4    3    2    1    1    1    2    3    3    3    7    5    8   16   18   11   29   38   52   73  120  252  422  397  218   55   16
23   23   22   21   20   19   18   17   16   15   14   13   12   11   10    9    8    7    6    5    4    3    2    1    1    1    2    1    3    5    7    4    6   17   15   13   28   34   54   65  114  238  406  395  236   62   18
22   23   22   21   19   18   17   16   15   14   13   12   11   10    9    8    7    6    5    4    3    2    1    1    1    2    2    6    4    6    4   14   19   13   26   30   48   69  105  230  401  384  253   63   19
22   23   21   20   19   18   17   16   15   14   13   12   11   10    9    8    7    6    5    4    3    2    1    1    2    1    2    4    5    6    4   11   18   15   25   29   39   71   98  215  390  395  250   75   18
21   22   21   19   18   17   16   15   14   13   12   11   10    9    8    7    6    5    4    3    2    1    1    1    2    4    6    5    5    8   16   19   19   32   38   61  100  201  374  403  249   85   20
21   22   21   19   18   17   16   15   14   13   12   11   10    9    8    7    6    5    4    3    2    1    1    1    2    4    6    4    3   10   16   15   21   26   34   61   98  188  347  408  266   91   22
21   21   20   19   18   17   16   15   14   13   12   11   10    9    8    7    6    5    4    3    2    1    1    1    2    3    4    7    3   10   15   12   24   24   30   62   89  181  335  401  268  100   27
19   19   18   17   16   15   14   13   12   11   10    9    8    7    6    5    4    3    2    1    4    1    4    9    2   10   12   10   23   23   35   50   94  165  329  387  273  116   26
19   19   18   17   16   15   14   13   12   11   10    9    8    7    6    5    4    3    2    1    2    2    4    8    2    8   13    9   21   25   30   51   90  152  300  400  279  125   27
19   19   18   17   16   15   14   13   12   11   10    9    8    7    6    5    4    3    2    1    1    1    4    7    4    5   13   10   18   22   34   49   74  148  285  398  292  129   29
18   19   17   16   15   14   13   12   11   10    9    8    7    6    5    4    3    2    1    1    4    6    6    2   13   10   16   24   34   46   71  141  272  396  291  136   30
18   18   17   16   15   14   13   12   11   10    9    8    7    6    5    4    3    2    1    1    2    6    4    5   10   11   15   21   35   40   70  131  272  376  298  145   32
17   17   16   15   14   13   12   11   10    9    8    7    6    5    4    3    2    1    1    7    4    4    9    7   17   22   32   36   70  115  260  367  308  154   35
17   17   16   15   14   13   12   11   10    9    8    7    6    5    4    3    2    1    1    4    7    3   10    6   15   22   31   33   71  111  241  353  314  158   42
17   17   16   15   14   13   12   11   10    9    8    7    6    5    4    3    2    1    1    3    8    3    7    8   13   18   26   33   67  107  232  330  325  169   45
17   17   16   15   14   13   12   11   10    9    8    7    6    5    4    3    2    1    1    2    4    6    7    8    7   20   21   32   68   99  218  326  327  174   49
17   17   16   15   14   13   12   11   10    9    8    7    6    5    4    3    2    1    1    2    2    6    5   11    7   18   21   35   55  107  204  308  321  184   56
17   17   16   15   14   13   12   11   10    9    8    7    6    5    4    3    2    1    1    2    2    6    2   12    6   16   20   35   50  101  203  287  322  187   64
17   17   16   15   14   13   12   11   10    9    8    7    6    5    4    3    2    1    1    2    2    4    3    9    6   15   20   36   45   95  191  278  322  194   68
16   16   15   14   13   12   11   10    9    8    7    6    5    4    3    2    1    2    3    3    3    8    6   12   18   36   40   91  168  279  330  191   76
16   16   15   14   13   12   11   10    9    8    7    6    5    4    3    2    1    2    2    2    4    1    9   15   13   25   49   82  159  272  330  195   78
16   16   15   14   13   12   11   10    9    8    7    6    5    4    3    2    1    2    1    2    4    2    9   15   11   27   42   77  146  266  326  200   79
16   16   15   14   13   12   11   10    9    8    7    6    5    4    3    2    1    1    1    2    3    2    8   15   11   24   40   68  133  265  315  212   83
16   16   15   14   13   12   11   10    9    8    7    6    5    4    3    2    1    1    1    2    3    1    8   15    9   25   39   65  123  254  306  213   89
15   15   14   13   12   11   10    9    8    7    6    5    4    3    2    1    1    2    3    2    5   13   12   23   35   63  112  239  303  221   93
15   15   14   13   12   11   10    9    8    7    6    5    4    3    2    1    1    2    2    2    5   10   13   24   34   54  108  216  299  232  102
15   15   14   13   12   11   10    9    8    7    6    5    4    3    2    1    1    1    2    3    4   10   11   25   33   47  110  196  291  241  104
14   15   13   12   11   10    9    8    7    6    5    4    3    2    1    1    1    5    2   11   11   21   31   44  101  185  286  247  101
14   15   13   12   11   10    9    8    7    6    5    4    3    2    1    1    1    1    3   10   10   18   23   48   90  171  286  246  108
13   14   12   11   10    9    8    7    6    5    4    3    2    1    1    1    4    6   10   19   22   38   84  166  275  250  111
12   13   11   10    9    8    7    6    5    4    3    2    1    1    3    5    9   14   23   36   75  150  266  249  125
12   13   11   10    9    8    7    6    5    4    3    2    1    1    1    6    9   14   20   30   77  145  245  244  127
12   13   11   10    9    8    7    6    5    4    3    2    1    1    1    4    9   11   19   27   74  135  237  244  131
12   13   11   10    9    8    7    6    5    4    3    2    1    1    1    3    8   12   13   28   70  118  235  235  138
12   13   11   10    9    8    7    6    5    4    3    2    1    1    1    1    8   10   14   24   61  116  218  239  143
11   13   10    9    8    7    6    5    4    3    2    1    1    1    5   10   11   25   54  100  213  237  144
10   13    9    8    7    6    5    4    3    2    1    1    4    9    9   25   53   95  194  232  149
 9   13    8    7    6    5    4    3    2    1    1    7   13   19   51   88  172  235  147
 9   13    8    7    6    5    4    3    2    1    1    6    9   19   47   85  158  228  143
 9   13    8    7    6    5    4    3    2    1    1    6    8   15   39   80  146  219  142
 9   12    8    7    6    5    4    3    2    1    1    6    6   11   39   74  133  208  140
 9   10    8    7    6    5    4    3    2    1    1    4    6    9   37   71  119  191  134
 9   10    8    7    6    5    4    3    2    1    1    3    6   10   32   63  118  178  136
 9    9    8    7    6    5    4    3    2    1    1    3    3   10   28   57  109  166  129
 9    9    8    7    6    5    4    3    2    1    1    1    3   10   18   51  110  150  126
 9    9    8    7    6    5    4    3    2    1    1    1    1    8   10   40   95  133  117
 8    8    7    6    5    4    3    2    1    1    1    7    9   32   87  125  107
 7    7    6    5    4    3    2    1    2    5    8   29   73  119   99
 6    6    5    4    3    2    1    5    5   29   64   88   91
 6    6    5    4    3    2    1    4    6   23   58   77   86
 6    6    5    4    3    2    1    3    4   18   44   66   72
 6    6    5    4    3    2    1    1    5   12   42   53   63
 6    6    5    4    3    2    1    1    3    9   31   44   52
 5    5    4    3    2    1    2    4   13   20   27
 5    5    4    3    2    1    2    2   14   18   24
 5    5    4    3    2    1    2    1    9   16   17
 4    4    3    2    1    1    5   12    9
 4    4    3    2    1    1    2   13    6
 3    3    2    1    3   13    5
 3    3    2    1    2    8    4
 4    5    4    2    1    1    1    5    7
 4    5    4    2    1    1    1    5    7
 2    2    1    4    2
 2    2    1    4    2
 3    3    2    1    1    1    3
 2    2    1    2    2
 2    2    1    2    2
 2    2    1    2    2
