# n  list(x)  list(y)
12   15   14   13   12   11   10    9    8    7    6    5    4    1    2    6   29   94  226  435  767  477  328  131    4
12   15   14   13   12   11   10    9    8    7    6    5    4    1    2    6   25   91  203  428  733  489  339  145   13
12   14   13   12   11   10    9    8    7    6    5    4    3    3    5   23   83  190  405  716  497  346  161   20    1
12   14   13   12   11   10    9    8    7    6    5    4    3    3    5   20   80  176  377  696  508  358  173   26    3
12   14   13   12   11   10    9    8    7    6    5    4    3    3    5   17   75  163  364  665  528  356  175   44    5
12   14   13   12   11   10    9    8    7    6    5    4    3    3    5   14   74  148  346  630  539  380  178   46   12
13   14   13   12   11   10    9    8    7    6    5    4    3    2    2    5   13   69  140  327  590  558  397  178   56   13    2
13   14   13   12   11   10    9    8    7    6    5    4    3    2    2    3   11   65  121  319  569  557  407  195   59   15    2
12   13   12   11   10    9    8    7    6    5    4    3    2    5    9   61  112  312  527  580  404  204   68   16    2
12   13   12   11   10    9    8    7    6    5    4    3    2    4    9   56  104  297  517  568  417  208   71   21    3
12   13   12   11   10    9    8    7    6    5    4    3    2    3   10   49  102  273  487  560  436  224   80   23    3
12   13   12   11   10    9    8    7    6    5    4    3    2    3    8   49   94  262  461  551  440  237   89   26    5
12   13   12   11   10    9    8    7    6    5    4    3    2    3    8   45   89  243  452  521  448  261   97   27    6
12   13   12   11   10    9    8    7    6    5    4    3    2    3    7   40   89  227  427  528  442  262  110   30   10
12   13   12   11   10    9    8    7    6    5    4    3    2    3    6   36   85  204  398  532  440  285  114   36   11
12   13   12   11   10    9    8    7    6    5    4    3    2    3    5   34   79  198  365  510  456  297  125   42   11
12   13   12   11   10    9    8    7    6    5    4    3    2    2    4   34   73  186  333  493  480  303  137   44   11
12   13   12   11   10    9    8    7    6    5    4    3    2    2    4   29   73  173  319  475  480  304  155   49   12
13   13   12   11   10    9    8    7    6    5    4    3    2    1    2    4   26   70  161  295  463  486  309  168   54   11    1
13   13   12   11   10    9    8    7    6    5    4    3    2    1    2    3   27   61  153  284  446  482  314  178   60   13    2
13   13   12   11   10    9    8    7    6    5    4    3    2    1    2    3   22   57  144  268  425  491  329  180   61   16    1
13   13   12   11   10    9    8    7    6    5    4    3    2    1    2    3   16   55  136  253  394  498  339  192   66   19    1
13   13   12   11   10    9    8    7    6    5    4    3    2    1    2    3   16   53  124  233  377  494  346  209   69   21    2
13   13   12   11   10    9    8    7    6    5    4    3    2    1    2    3   15   48  120  219  360  483  351  221   76   24    2
13   13   12   11   10    9    8    7    6    5    4    3    2    1    2    3   12   49  112  200  349  466  366  231   81   26    2
13   13   12   11   10    9    8    7    6    5    4    3    2    1    2    3    9   44   99  195  335  458  372  235   88   31    3
13   13   12   11   10    9    8    7    6    5    4    3    2    1    2    3    7   33  103  182  316  451  379  242   95   32    4
13   13   12   11   10    9    8    7    6    5    4    3    2    1    1    4    6   31   90  171  307  433  393  249   98   36    5
13   13   12   11   10    9    8    7    6    5    4    3    2    1    1    4    6   24   85  154  299  420  397  266  101   37    5
12   12   11   10    9    8    7    6    5    4    3    2    1    2    8   21   73  145  288  410  393  272  118   38    6
12   12   11   10    9    8    7    6    5    4    3    2    1    2    7   21   67  128  281  395  388  282  128   39   11
12   12   11   10    9    8    7    6    5    4    3    2    1    2    7   15   64  122  262  393  387  283  135   43   11
12   12   11   10    9    8    7    6    5    4    3    2    1    1    7   15   60  109  254  380  390  285  140   48    9
12   12   11   10    9    8    7    6    5    4    3    2    1    1    5   15   54  105  235  374  385  290  148   53    7
12   12   11   10    9    8    7    6    5    4    3    2    1    1    5   13   49   96  219  359  389  293  157   59    7
11   11   10    9    8    7    6    5    4    3    2    1    6   12   41   95  199  351  383  299  160   67    9
11   11   10    9    8    7    6    5    4    3    2    1    6    8   38   89  194  332  382  305  161   74    7
11   11   10    9    8    7    6    5    4    3    2    1    4    8   29   83  189  310  380  309  168   80   10
11   11   10    9    8    7    6    5    4    3    2    1    3    8   23   77  177  306  369  310  177   84   11
11   11   10    9    8    7    6    5    4    3    2    1    3    8   20   70  163  298  358  315  185   85   15
11   11   10    9    8    7    6    5    4    3    2    1    3    7   15   62  149  282  364  313  194   90   15
11   11   10    9    8    7    6    5    4    3    2    1    3    6   14   55  138  273  340  318  205   97   20
11   11   10    9    8    7    6    5    4    3    2    1    3    4   16   50  131  259  332  315  210  104   20
11   11   10    9    8    7    6    5    4    3    2    1    2    3   15   42  115  249  329  311  223  109   20
11   11   10    9    8    7    6    5    4    3    2    1    2    2   13   36  101  242  320  317  219  116   25
11   11   10    9    8    7    6    5    4    3    2    1    2    1   11   35   87  230  311  319  221  125   26
11   11   10    9    8    7    6    5    4    3    2    1    2    1   11   31   90  218  297  300  225  137   31
11   11   10    9    8    7    6    5    4    3    2    1    2    1    8   27   87  207  281  293  238  137   36
11   11   10    9    8    7    6    5    4    3    2    1    2    1    5   25   75  201  263  294  222  139   41
11   11   10    9    8    7    6    5    4    3    2    1    2    1    3   22   69  185  249  288  231  147   44
11   11   10    9    8    7    6    5    4    3    2    1    2    1    3   19   62  163  244  289  234  150   47
11   11   10    9    8    7    6    5    4    3    2    1    1    1    3   19   51  149  239  280  238  157   46
10   11    9    8    7    6    5    4    3    2    1    1    4   17   45  132  220  277  252  158   52
10   11    9    8    7    6    5    4    3    2    1    1    3   11   48  118  205  278  244  169   57
10   11    9    8    7    6    5    4    3    2    1    1    3   10   39  107  199  268  247  170   63
10   11    9    8    7    6    5    4    3    2    1    1    2    9   35   97  190  254  245  183   65
10   11    9    8    7    6    5    4    3    2    1    1    1    9   33   88  177  246  238  192   70
 9    9    8    7    6    5    4    3    2    1    1    9   30   78  160  245  243  186   78
 9    9    8    7    6    5    4    3    2    1    1    9   26   63  155  230  245  191   77
 9    9    8    7    6    5    4    3    2    1    1    7   23   56  136  222  245  193   81
 9    9    8    7    6    5    4    3    2    1    1    3   21   52  129  211  244  191   85
 9    9    8    7    6    5    4    3    2    1    1    2   20   44  125  200  236  192   84
 9    9    8    7    6    5    4    3    2    1    1    2   20   38  113  189  234  200   84
 9    9    8    7    6    5    4    3    2    1    1    1   19   37  103  169  233  203   78
 8    8    7    6    5    4    3    2    1    1   14   36   96  152  222  199   80
 8    8    7    6    5    4    3    2    1    1    9   33   84  142  211  195   80
 8    8    7    6    5    4    3    2    1    1    7   32   72  134  201  191   74
 7    7    6    5    4    3    2    1    4   29   65  122  201  187   82
 7    7    6    5    4    3    2    1    3   24   57  113  173  171   79
 7    7    6    5    4    3    2    1    1   21   47   83  135  126   65
 6    6    5    4    3    2    1   20   42   68  108   90   44
 6    6    5    4    3    2    1   16   38   68  101   88   49
 6    6    5    4    3    2    1   10   36   60   96   94   50
 6    6    5    4    3    2    1    6   33   54   88   86   51
 6    6    5    4    3    2    1    4   22   53   69   85   47
 6    6    5    4    3    2    1    1   21   46   63   85   48
 6    6    5    4    3    2    1    1   16   46   56   81   48
 6    6    5    4    3    2    1    1   12   38   59   75   41
 6    6    5    4    3    2    1    1    5   25   43   76   34
 6    6    5    4    3    2    1    1    4   18   39   56   33
 5    6    4    3    2    1    1   20   38   51   34
 4    4    3    2    1    5   20   29   22
 4    4    3    2    1    4   21   23   21
 4    4    3    2    1    4   20   24   20
 4    4    3    2    1    3   16   24   16
 5    6    4    3    2    1    1    1   12   16    4
 5    6    4    3    2    1    1    1    7   14    5
 4    4    3    2    1    2    5   10    9
 4    4    3    2    1    1    4    8    6
 4    4    3    2    1    1    4    8    6
 4    4    3    2    1    1    4    8    6
 4    4    3    2    1    1    2    5    4
 4    4    3    2    1    1    2    5    4
 4    4    3    2    1    1    1    3    5
 4    4    3    2    1    1    1    3    5
 3    4    2    1    1    4    4
 3    3    2    1    1    2    3
 2    2    1    2    2
