# n  list(x)  list(y)
 8    3    4    5    6    7    8    9   10    3   25  210  656 1007  538   58    3
 7    3    4    5    6    7    8    9    3   32  278  677  958  494   33
 7    3    4    5    6    7    8    9    3   44  321  717  920  443    2
 7    2    3    4    5    6    7    8    1    6   64  373  719  859  403
 7    2    3    4    5    6    7    8    1   10   94  406  727  804  358
 7    2    3    4    5    6    7    8    1   22  108  441  746  745  312
 7    2    3    4    5    6    7    8    3   27  128  492  734  699  267
 7    2    3    4    5    6    7    8    3   39  155  523  727  652  226
 7    2    3    4    5    6    7    8    4   42  183  549  752  591  179
 7    2    3    4    5    6    7    8    4   52  204  574  773  540  128
 7    2    3    4    5    6    7    8    4   58  234  608  772  490   84
 7    2    3    4    5    6    7    8    5   66  255  639  793  425   42
 7    2    3    4    5    6    7    8    5   70  281  683  796  363    2
 6    2    3    4    5    6    7    8   90  316  694  751  316
 6    2    3    4    5    6    7   11  107  351  712  702  267
 6    2    3    4    5    6    7   13  126  389  727  647  223
 6    2    3    4    5    6    7   21  149  412  743  589  186
 6    2    3    4    5    6    7   27  165  439  769  537  138
 6    2    3    4    5    6    7   29  188  466  795  477   95
 7    1    2    3    4    5    6    7    1   34  200  508  807  423   52
 7    1    2    3    4    5    6    7    1   35  218  553  812  376    5
 6    1    2    3    4    5    6    2   39  260  577  770  327
 6    1    2    3    4    5    6    3   52  286  604  731  274
 6    1    2    3    4    5    6    4   63  320  628  682  228
 6    1    2    3    4    5    6    5   72  351  659  636  177
 6    1    2    3    4    5    6    8   81  395  663  595  133
 6    1    2    3    4    5    6    8   98  426  687  536   95
 6    1    2    3    4    5    6    9  111  469  695  484   57
 6    1    2    3    4    5    6   11  127  501  712  430   19
 5    1    2    3    4    5   12  149  540  702  372
 5    1    2    3    4    5   15  180  567  663  324
 5    1    2    3    4    5   22  203  601  623  275
 5    1    2    3    4    5   27  235  618  586  229
 5    1    2    3    4    5   33  269  637  547  184
 5    1    2    3    4    5   41  303  649  514  138
 5    1    2    3    4    5   47  340  665  472   96
 5    1    2    3    4    5   54  365  704  416   56
 5    1    2    3    4    5   61  393  728  381    7
 4    1    2    3    4   73  420  707  332
 4    1    2    3    4   75  421  645  289
 4    1    2    3    4   81  421  589  243
 4    1    2    3    4   95  429  553  202
 4    1    2    3    4  109  435  521  152
 4    1    2    3    4  126  455  502  101
 4    1    2    3    4  145  483  461   59
 4    1    2    3    4  163  505  427   14
 3    1    2    3  162  471  394
 3    1    2    3  158  453  372
 3    1    2    3  141  381  321
 3    1    2    3  129  352  297
 3    1    2    3  105  280  245
 3    1    2    3   82  219  200
 3    1    2    3   55  146  135
 3    1    2    3   44  108  104
 3    1    2    3   16   52   48
 3    1    2    3   17   28   29
 2    1    2    2   10
 2    1    2    2   10
 2    1    2    2   10
 2    1    2    2    8
 2    1    2    2    8
 2    1    2    2    8
 2    1    2    2    8
 2    1    2    2    8
 2    1    2    2    8
 2    1    2    2    8
