# n  list(x)  list(y)
41   96   66   56   49   46   41   40   38   37   36   35   34   33   32   31   30   29   27   26   25   24   23   22   21   20   19   18   17   16   15   14   13   12   11   10    9    8    7    6    5    4    1    1    1    1    1    1    1    2    1    2    2    2    3    3    3    1    2    1    3    2    4    3    7    7    8   14   17   23   19   20   27   38   58   69   82  123  148  294 1342  159    4
39   95   65   56   48   43   40   37   36   35   34   33   32   31   30   29   27   26   25   24   23   22   21   20   19   18   17   16   15   14   13   12   11   10    9    8    7    6    5    4    1    1    1    1    1    2    2    3    2    2    1    5    2    1    2    1    2    3    5    3    6    7    7   16   16   21   21   20   26   37   53   68   82  119  145  289 1272  216   13
40   94   64   56   48   42   40   37   36   35   34   33   32   31   30   29   28   27   26   25   24   23   22   21   20   19   18   17   16   15   14   13   12   11   10    9    8    7    6    5    4    1    1    1    1    1    2    2    1    4    1    1    4    3    2    1    1    1    2    1    5    5    5    6    8   12   15   21   19   22   27   32   50   67   81  118  137  281 1214  267   27
42   94   63   56   48   42   40   39   37   36   35   34   33   32   31   30   29   28   27   26   25   24   23   22   21   20   19   18   17   16   15   14   13   12   11   10    9    8    7    6    5    4    3    1    1    1    1    1    1    1    1    1    4    2    1    2    4    2    2    1    1    2    1    3    5    6    7    7   10   17   19   18   23   24   35   45   66   80  116  137  268 1166  298   41    3
40   94   63   56   45   41   40   39   36   35   34   33   32   31   30   29   27   26   25   24   23   22   21   20   19   18   17   16   15   14   13   12   11   10    9    8    7    6    5    4    3    1    1    1    1    1    1    1    2    3    2    1    3    3    2    2    3    2    1    2    5    6    6    8    9   15   15   24   20   21   34   47   58   82  111  135  266 1096  345   60    4
41   94   62   56   45   41   40   38   36   35   34   33   32   31   30   29   28   27   26   25   24   23   22   21   20   19   18   17   16   15   14   13   12   11   10    9    8    7    6    5    4    3    1    1    1    1    1    1    1    2    3    2    1    3    3    2    1    1    2    3    1    2    2    9    4   10    8   14   16   21   21   21   31   48   53   81  111  131  262 1037  389   67    6
41   94   62   55   44   41   39   38   36   35   34   33   32   31   30   29   28   27   26   25   24   23   22   21   20   19   18   17   16   15   14   13   12   11   10    9    8    7    6    5    4    3    1    1    1    1    1    1    1    2    3    1    1    4    3    2    1    1    2    2    2    2    2    5    8    8    8   13   19   20   20   18   30   46   52   79  107  135  249  986  408   94   10
41   93   62   55   43   41   39   37   36   35   34   33   32   31   30   29   28   27   26   25   24   23   22   21   20   19   18   17   16   15   14   13   12   11   10    9    8    7    6    5    4    3    1    1    1    1    1    1    1    1    2    1    3    3    3    2    1    1    3    1    2    2    3    3    6    9    9   13   16   23   17   18   29   47   45   71  107  133  242  936  434  118   14
40   90   62   54   43   39   36   35   34   33   32   31   30   29   28   27   26   25   24   23   22   21   20   19   18   17   16   15   14   13   12   11   10    9    8    7    6    5    4    3    2    1    1    1    1    2    1    1    2    4    1    3    3    2    1    3    1    2    2    3    2    4   12    7   11   17   22   16   20   28   45   45   66  103  128  223  903  460  136   16    1
40   89   61   54   43   39   38   35   34   33   32   31   30   29   28   27   26   25   24   23   22   21   20   19   18   17   16   15   14   13   12   11   10    9    8    7    6    5    4    3    2    1    1    1    1    1    1    1    1    3    3    2    4    1    2    1    2    1    2    4    2    3   10    8    8   11   26   18   21   26   40   45   64   93  121  219  839  505  154   27    2
38   89   60   54   43   37   34   33   32   31   30   29   28   27   26   25   24   23   22   21   20   19   18   17   16   15   14   13   12   11   10    9    8    7    6    5    4    3    2    1    1    1    1    2    2    3    2    3    3    2    2    1    2    1    2    4    2    2    9    8    9   12   25   18   18   22   41   40   71   86  120  208  802  520  166   34    4
37   89   57   54   43   37   34   33   32   31   30   28   27   26   25   24   23   22   21   20   19   18   17   16   15   14   13   12   11   10    9    8    7    6    5    4    3    2    1    1    1    1    2    2    1    3    2    4    3    2    1    2    1    3    4    2    7    7   11    9   24   21   20   20   38   41   60   89  115  201  765  532  181   43    5
37   85   56   54   42   37   34   33   32   31   30   29   28   27   25   24   23   22   21   20   19   18   17   16   15   14   13   12   11   10    9    8    7    6    5    4    3    2    1    1    1    1    2    1    2    2    2    2    3    2    3    3    1    3    4    2    7    5   11   10   24   20   20   20   34   41   56   94  111  196  725  532  201   51    6
37   85   56   53   41   37   33   32   31   30   29   28   27   26   25   24   23   22   21   20   19   18   17   16   15   14   13   12   11   10    9    8    7    6    5    4    3    2    1    1    1    1    2    3    2    1    1    3    4    1    2    3    1    3    3    3    5    5   11   10   22   21   23   19   33   41   56   82  121  194  671  551  209   57    8
38   85   56   52   41   37   33   32   31   30   29   28   27   26   25   24   23   22   21   20   19   18   17   16   15   14   13   12   11   10    9    8    7    6    5    4    3    2    1    1    1    1    1    2    2    2    2    1    2    5    1    1    1    4    3    2    4    3    7    6   14   17   22   26   20   28   44   49   80  109  192  636  557  232   62    9    1
36   82   55   52   40   37   36   32   31   29   28   27   25   24   23   22   21   20   19   18   17   16   15   14   13   12   11   10    9    8    7    6    5    4    3    2    1    1    1    1    1    1    1    3    3    2    4    3    2    4    3    1    5    3    6    6   13   18   20   28   19   24   40   48   76  108  186  585  569  263   66   10    1
36   81   55   52   40   36   32   31   30   29   28   27   25   24   23   22   21   20   19   18   17   16   15   14   13   12   11   10    9    8    7    6    5    4    3    2    1    1    1    1    1    2    2    2    2    2    3    4    1    4    3    2    2    5    6    5   11   18   20   25   21   23   35   46   76  103  175  532  597  284   72   12    1
37   81   55   52   40   36   35   32   31   29   28   27   26   25   24   23   22   21   20   19   18   17   16   15   14   13   12   11   10    9    8    7    6    5    4    3    2    1    1    1    1    1    1    1    2    2    4    2    4    1    1    3    2    4    1    5    7    4    9   17   20   25   22   22   35   46   70  104  171  497  597  293   82   15    2
35   81   55   52   35   34   32   31   30   29   27   26   25   24   23   22   20   19   18   17   16   15   14   13   12   11   10    9    8    7    6    5    4    3    2    1    1    1    1    1    1    1    1    1    3    4    3    1    2    4    4    4    6    2   12   12   22   22   24   23   31   50   62   98  164  464  592  319   94   19    1
35   80   53   51   35   33   31   29   28   27   26   25   24   23   22   21   20   19   18   17   16   15   14   13   12   11   10    9    8    7    6    5    4    3    2    1    1    1    1    1    1    2    1    3    4    2    2    1    3    4    1    4    5    3    9   11   21   19   21   27   29   46   61   89  161  443  580  340  103   24    1
36   80   51   50   35   32   31   30   29   28   27   26   25   24   23   22   21   20   19   18   17   16   15   14   13   12   11   10    9    8    7    6    5    4    3    2    1    1    1    1    1    1    1    1    1    3    2    2    3    1    2    3    3    3    5    2   10    6   20   22   19   29   28   38   61   93  154  412  573  355  117   25    1
34   80   49   47   35   31   30   28   27   26   25   24   23   22   21   20   19   18   17   16   15   14   13   12   11   10    9    8    7    6    5    4    3    2    1    1    1    1    1    1    2    2    2    3    2    3    2    2    3    3    4    4    8    6   17   19   20   29   28   38   61   87  150  394  551  376  121   30    3
34   80   49   46   34   31   30   28   27   26   25   24   23   22   21   20   19   18   17   16   15   14   13   12   11   10    9    8    7    6    5    4    3    2    1    1    1    1    1    1    2    2    1    2    4    2    1    3    1    4    4    5    7    6   16   19   19   29   26   36   60   85  138  361  550  395  130   34    3
31   79   49   45   34   30   29   28   26   25   24   22   20   19   18   17   16   15   14   13   12   11   10    9    8    7    6    5    4    3    2    1    1    1    1    1    2    1    2    3    3    3    3    4    5    4    5    8   15   21   14   29   24   35   61   77  133  352  532  407  140   32    6
31   79   48   44   33   29   28   26   25   24   23   22   20   19   18   17   16   15   14   13   12   11   10    9    8    7    6    5    4    3    2    1    1    1    1    1    3    2    2    2    3    1    3    2    6    4    5    6   14   23   14   26   25   37   57   72  126  324  516  424  158   34    7
32   77   47   43   30   29   27   26   25   24   23   22   21   20   19   18   17   16   15   14   13   12   11   10    9    8    7    6    5    4    3    2    1    1    1    1    1    3    2    1    3    2    2    2    1    2    6    4    3    8   12   21   15   21   31   36   54   72  121  313  501  423  168   35    9
33   76   47   42   30   29   28   27   26   25   24   23   22   21   20   19   18   17   16   15   14   13   12   11   10    9    8    7    6    5    4    3    2    1    1    1    1    1    2    1    1    2    2    1    2    3    1    3    3    6    2    7    9   15   21   21   31   33   56   63  119  300  476  443  177   37    9
32   73   47   42   30   29   28   27   26   25   23   22   21   20   19   18   17   16   15   14   13   12   11   10    9    8    7    6    5    4    3    2    1    1    1    1    1    1    2    1    1    3    3    2    2    2    4    6    2    7    8   13   19   24   30   32   50   66  108  295  447  456  185   43    9
32   73   47   42   30   28   27   26   25   24   23   22   21   20   19   18   17   16   15   14   13   12   11   10    9    8    7    6    5    4    3    2    1    1    1    1    1    2    2    1    2    1    2    2    1    4    4    6    1    6    8    8   20   23   33   28   45   70  105  280  437  441  207   46   11
31   70   47   42   29   28   27   25   24   23   22   21   20   19   18   17   16   15   14   13   12   11   10    9    8    7    6    5    4    3    2    1    1    1    1    1    1    3    1    3    1    2    1    1    7    5    2    5    6    9   17   22   31   30   45   66  104  256  426  446  215   55   11
30   70   46   41   28   27   26   25   24   23   21   20   19   18   17   16   15   14   13   12   11   10    9    8    7    6    5    4    3    2    1    1    1    1    2    2    1    1    1    3    3    1    6    5    3    2    9    6   16   23   25   32   44   65  105  240  401  454  223   62   12
29   69   45   41   28   27   26   25   23   21   20   19   18   17   16   15   14   13   12   11   10    9    8    7    6    5    4    3    2    1    1    1    1    1    2    2    1    4    2    2    3    7    1    3    8    7   17   19   23   36   41   65  101  229  389  440  238   66   15
29   69   43   41   28   26   25   24   23   21   20   19   18   17   16   15   14   13   12   11   10    9    8    7    6    5    4    3    2    1    1    1    1    1    2    2    1    4    2    1    3    8    1    2    9    6   13   20   22   32   44   58   99  220  374  434  257   66   15
29   68   41   40   27   25   24   23   22   21   20   19   18   17   16   15   14   13   12   11   10    9    8    7    6    5    4    3    2    1    1    1    1    1    2    1    2    1    4    1    3    6    2    2    6    7   11   19   25   30   44   53   89  212  352  439  269   75   15
29   67   41   39   27   25   24   23   22   21   20   19   18   17   16   15   14   13   12   11   10    9    8    7    6    5    4    3    2    1    1    1    1    1    2    1    1    2    1    3    3    6    3    2    5    7    7   20   25   29   38   49   89  201  327  446  270   92   15
29   67   41   37   26   25   24   23   22   21   20   19   18   17   16   15   14   13   12   11   10    9    8    7    6    5    4    3    2    1    1    1    1    1    2    1    1    2    1    3    2    5    2    4    5    5    7   17   25   24   38   53   77  193  311  440  286   99   16
29   67   40   36   26   25   24   23   22   21   20   19   18   17   16   15   14   13   12   11   10    9    8    7    6    5    4    3    2    1    1    1    1    1    1    2    1    1    2    2    2    5    2    4    6    3    5   16   25   26   36   48   76  186  304  428  287  106   20
27   66   40   35   25   24   23   21   20   19   18   17   16   15   14   13   12   11   10    9    8    7    6    5    4    3    2    1    1    1    1    1    2    1    3    3    2    4    1    4    6    4    5   12   22   28   33   48   74  165  303  417  283  125   23
27   64   40   35   25   24   23   21   20   19   18   17   16   15   14   13   12   11   10    9    8    7    6    5    4    3    2    1    1    1    1    1    2    1    1    5    2    4    1    3    5    6    2   13   24   25   33   46   67  160  295  402  282  134   29
27   64   40   34   25   24   23   21   20   19   18   17   16   15   14   13   12   11   10    9    8    7    6    5    4    3    2    1    1    1    1    1    2    1    1    4    2    4    2    2    1    9    2   10   24   23   34   46   62  153  278  390  290  143   34
26   64   40   34   24   22   21   20   19   18   17   16   15   14   13   12   11   10    9    8    7    6    5    4    3    2    1    1    1    1    3    1    1    3    3    4    2    1    2    8    3    7   22   24   30   43   62  141  259  390  299  147   35
25   62   38   34   24   21   20   19   18   17   16   15   14   13   12   11   10    9    8    7    6    5    4    3    2    1    1    1    1    3    1    3    2    4    2    2    2    7    4    3   21   26   28   42   57  137  247  376  307  152   39
25   61   36   33   24   21   20   19   18   17   16   15   14   13   12   11   10    9    8    7    6    5    4    3    2    1    1    1    1    3    1    2    3    3    2    1    2    7    5    3   14   26   32   39   53  124  237  369  310  158   45
26   61   35   33   24   23   21   20   19   18   17   16   15   14   13   12   11   10    9    8    7    6    5    4    3    2    1    1    1    1    2    1    1    2    3    2    3    1    2    3    8    2   10   24   28   41   52  114  221  364  314  167   48
25   60   35   31   24   22   20   19   18   17   16   15   14   13   12   11   10    9    8    7    6    5    4    3    2    1    1    1    1    2    1    2    4    2    3    1    2    2    8    3    7   23   28   40   51  113  206  354  311  175   48
24   60   33   31   24   22   19   18   17   16   15   14   13   12   11   10    9    8    7    6    5    4    3    2    1    1    1    1    2    1    3    3    3    2    3    1    5    7    7   19   24   40   48  109  190  332  332  177   53
24   59   33   30   24   22   19   18   17   16   15   14   13   12   11   10    9    8    7    6    5    4    3    2    1    1    1    1    2    1    3    2    3    3    2    2    5    6    6   20   22   39   49   96  180  324  330  183   56
24   58   33   27   24   22   19   18   17   16   15   14   13   12   11   10    9    8    7    6    5    4    3    2    1    1    1    1    1    2    1    3    3    2    2    3    5    4    8   13   27   36   44   91  169  320  321  193   58
23   58   31   27   23   22   19   18   17   16   15   13   12   11   10    9    8    7    6    5    4    3    2    1    1    1    1    1    2    1    3    3    1    3    8    4    7   12   22   37   42   83  158  304  319  207   62
24   58   30   27   23   22   21   18   17   16   15   14   13   12   11   10    9    8    7    6    5    4    3    2    1    1    1    1    1    1    1    3    1    4    2    1    7    5    6    7   23   38   40   77  145  300  317  210   66
24   56   30   27   23   22   20   18   17   16   15   14   13   12   11   10    9    8    7    6    5    4    3    2    1    1    1    1    1    1    1    2    1    4    3    1    7    4    4    7   25   32   39   63  144  291  310  217   73
23   55   30   25   22   21   18   17   16   15   14   13   12   11   10    9    8    7    6    5    4    3    2    1    1    1    1    1    1    2    2    3    2    3    7    3    4    7   24   29   36   60  135  276  311  223   76
23   54   29   24   22   21   18   17   16   15   14   13   12   11   10    9    8    7    6    5    4    3    2    1    1    1    1    1    1    1    2    2    4    2    6    5    2    9   21   24   34   63  132  254  312  225   79
23   52   29   24   21   19   18   17   16   15   14   13   12   11   10    9    8    7    6    5    4    3    2    1    1    1    1    1    1    1    1    1    4    3    5    7    2    6   20   26   31   64  122  242  310  213   94
22   52   28   24   20   19   17   16   15   14   13   12   11   10    9    8    7    6    5    4    3    2    1    1    1    1    1    1    2    1    4    3    4    5    5    5   19   18   32   65  104  240  298  221   97
22   51   27   24   20   19   17   16   15   14   13   12   11   10    9    8    7    6    5    4    3    2    1    1    1    1    1    1    1    2    3    3    4    6    3    5   20   18   29   65   94  224  290  225  105
19   26   20   19   17   15   14   13   12   11   10    9    8    7    6    5    4    3    2    1    1    1    1    1    2    4    6    2    4    4   14   20   25   50   94  208  286  232  121
18   26   19   16   15   14   13   12   11   10    9    8    7    6    5    4    3    2    1    1    2    1    2    2    7    1    5    4   10   23   20   51   83  197  279  227  130
18   26   19   18   16   14   13   12   11   10    9    8    7    6    5    4    3    2    1    1    1    1    1    3    6    2    3    6    9   13   25   47   79  182  268  230  129
18   26   19   16   15   14   13   12   11   10    9    8    7    6    5    4    3    2    1    1    1    1    1    2    6    3    2    7    7   11   25   40   79  170  254  231  135
17   26   19   16   14   13   12   11   10    9    8    7    6    5    4    3    2    1    1    1    1    2    6    3    3    4   10    9   23   37   77  150  251  239  133
17   26   19   16   14   13   12   11   10    9    8    7    6    5    4    3    2    1    1    1    1    2    3    6    2    3    9   11   21   34   71  146  239  239  134
17   26   19   16   14   13   12   11   10    9    8    7    6    5    4    3    2    1    1    1    1    1    3    5    3    4    5   13   16   34   69  134  222  242  143
17   26   17   16   14   13   12   11   10    9    8    7    6    5    4    3    2    1    1    1    1    1    2    3    5    3    3   13   12   31   63  128  208  243  150
16   25   17   16   13   12   11   10    9    8    7    6    5    4    3    2    1    1    1    1    1    3    6    3    3    9   13   28   58  113  199  236  154
15   24   17   16   12   11   10    9    8    7    6    5    4    3    2    1    1    1    1    2    5    3    4    8   11   26   52  109  184  233  157
15   22   16   15   12   11   10    9    8    7    6    5    4    3    2    1    1    1    1    2    3    2    4    7    8   26   45  101  177  231  160
14   22   14   12   11   10    9    8    7    6    5    4    3    2    1    1    2    1    2    1    4    7    8   19   43   88  160  237  163
13   20   13   11   10    9    8    7    6    5    4    3    2    1    1    2    2    2    1    4   10   17   41   78  144  233  164
12   19   13   11    9    8    7    6    5    4    3    2    1    1    1    3    3    3    8   18   32   84  134  220  162
11   16   11    9    8    7    6    5    4    3    2    1    1    3    3    1    7   15   31   71  117  210  151
11   16   10    9    8    7    6    5    4    3    2    1    1    3    2    2    7   13   27   62  112  195  146
11   16   10    9    8    7    6    5    4    3    2    1    1    1    3    3    7   10   23   57  108  182  141
11   16   10    9    8    7    6    5    4    3    2    1    1    1    2    2    6   10   20   57   96  176  138
10   16   10    8    7    6    5    4    3    2    1    1    1    4    3   10   18   53   77  169  132
10   15   10    8    7    6    5    4    3    2    1    1    1    4    3    9   16   46   69  141  121
10   15   10    8    7    6    5    4    3    2    1    1    1    4    3    9   12   42   68  123  112
10   14   10    8    7    6    5    4    3    2    1    1    1    4    3    8   11   35   62  107   96
10   14   10    8    7    6    5    4    3    2    1    1    1    3    4    8    9   33   59   86   92
 9    9    8    7    6    5    4    3    2    1    1    1    1    4    6   16   20   43   38
 8    9    8    6    5    4    3    2    1    1    1    4    5    8   12   30   36
 8    9    7    6    5    4    3    2    1    1    1    4    5    6   12   28   35
 7   11    7    6    4    3    2    1    1    1    3    7   14   26   30
 7   11    7    6    4    3    2    1    1    1    3    4   13   24   25
 7   11    7    6    4    3    2    1    1    1    3    4   11   22   23
 8   11    7    6    5    4    3    2    1    1    1    2    1    3   11   22   20
 7   11    6    5    4    3    2    1    1    2    1    3    8   20   20
 6   11    5    4    3    2    1    1    2    2    6   16   17
 6   11    5    4    3    2    1    1    2    2    6   16   17
 6   11    5    4    3    2    1    1    1    3    5   15   15
 6   10    5    4    3    2    1    1    1    2    4   15   11
 5   10    4    3    2    1    1    2    4   12   10
 5    9    4    3    2    1    1    2    3    9    8
 4    8    3    2    1    1    1    6    5
 4    8    3    2    1    1    1    6    5
 3    6    2    1    1    3    4
 3    5    2    1    1    2    3
 2    3    1    1    3
 2    3    1    1    3
