# n  list(x)  list(y)
 6    8    7    6    5    4    3  648  988  617  164   81    2
 6    8    7    6    5    4    3  578  959  655  195   84    4
 6    8    7    6    5    4    3  525  927  673  229   90    6
 6    8    7    6    5    4    3  467  913  685  250  101    9
 6    8    7    6    5    4    3  427  871  701  283  104   14
 6    8    7    6    5    4    3  380  845  697  320  114   19
 7    8    7    6    5    4    3    2  357  803  701  343  124   18    4
 7    8    7    6    5    4    3    2  326  769  694  371  135   26    4
 8    8    7    6    5    4    3    2    1  295  745  689  378  156   32    4    1
 7    8    7    6    5    4    3    2  267  709  690  397  171   34    6
 7    8    7    6    5    4    3    2  251  655  697  422  176   39    9
 7    8    7    6    5    4    3    2  224  629  689  432  193   47   10
 7    8    7    6    5    4    3    2  203  589  692  441  208   56   10
 8    8    7    6    5    4    3    2    1  190  562  669  459  214   66   13    1
 8    8    7    6    5    4    3    2    1  177  531  649  482  220   72   17    1
 8    8    7    6    5    4    3    2    1  157  512  627  490  237   81   19    1
 8    8    7    6    5    4    3    2    1  135  491  609  499  258   85   21    1
 8    8    7    6    5    4    3    2    1  119  461  599  499  280   94   20    2
 8    8    7    6    5    4    3    2    1  105  426  604  495  291  105   21    2
 8    8    7    6    5    4    3    2    1   95  397  582  497  309  116   26    2
 8    8    7    6    5    4    3    2    1   89  369  549  499  337  126   28    2
 8    8    7    6    5    4    3    2    1   80  346  525  506  349  133   32    3
 8    8    7    6    5    4    3    2    1   71  325  515  500  356  141   37    4
 8    8    7    6    5    4    3    2    1   63  305  481  512  372  145   42    4
 8    8    7    6    5    4    3    2    1   59  277  476  501  377  158   45    6
 8    8    7    6    5    4    3    2    1   53  246  462  501  385  167   54    6
 8    8    7    6    5    4    3    2    1   45  232  441  502  384  181   56    7
 8    8    7    6    5    4    3    2    1   38  214  431  484  390  192   66    8
 8    8    7    6    5    4    3    2    1   34  191  404  480  396  212   72    9
 8    8    7    6    5    4    3    2    1   30  174  389  463  407  219   82    8
 8    8    7    6    5    4    3    2    1   30  149  372  474  401  224   84   13
 8    8    7    6    5    4    3    2    1   29  135  352  462  402  234   91   17
 8    8    7    6    5    4    3    2    1   24  124  331  450  413  240   95   18
 8    8    7    6    5    4    3    2    1   23  114  320  440  408  239  105   21
 8    8    7    6    5    4    3    2    1   20  102  296  430  418  245  109   25
 8    8    7    6    5    4    3    2    1   19   91  282  411  415  254  122   26
 8    8    7    6    5    4    3    2    1   18   83  256  391  433  252  135   28
 8    8    7    6    5    4    3    2    1   13   75  240  377  427  268  143   28
 8    8    7    6    5    4    3    2    1   10   65  228  365  419  272  156   30
 8    8    7    6    5    4    3    2    1   10   54  214  349  413  286  159   35
 8    8    7    6    5    4    3    2    1   10   48  192  340  408  293  166   37
 8    8    7    6    5    4    3    2    1    9   44  172  329  398  311  167   38
 8    8    7    6    5    4    3    2    1    9   40  140  322  400  311  178   43
 8    8    7    6    5    4    3    2    1    9   32  134  296  402  310  188   46
 8    8    7    6    5    4    3    2    1    8   27  121  270  406  314  195   49
 8    8    7    6    5    4    3    2    1    6   26  103  251  400  313  204   52
 8    8    7    6    5    4    3    2    1    5   19   92  241  374  332  212   52
 8    8    7    6    5    4    3    2    1    4   19   85  227  360  340  206   60
 8    8    7    6    5    4    3    2    1    3   18   78  205  342  350  215   65
 8    8    7    6    5    4    3    2    1    3   15   71  185  322  364  221   70
 8    8    7    6    5    4    3    2    1    3   13   67  168  301  366  222   79
 8    8    7    6    5    4    3    2    1    1   12   54  153  288  359  228   84
 8    8    7    6    5    4    3    2    1    1   12   45  141  273  358  235   87
 8    8    7    6    5    4    3    2    1    1    9   42  119  261  356  238  100
 8    8    7    6    5    4    3    2    1    1    8   35  109  239  349  241  102
 8    8    7    6    5    4    3    2    1    1    8   30   97  224  332  244   99
 8    8    7    6    5    4    3    2    1    1    7   23   90  207  319  256  104
 8    8    7    6    5    4    3    2    1    1    3   18   66  156  256  198   83
 8    8    7    6    5    4    3    2    1    1    2   19   59  143  249  200   84
 7    7    6    5    4    3    2    1    1   17   49  135  229  202   81
 7    7    6    5    4    3    2    1    1   16   42  121  227  196   88
 7    7    6    5    4    3    2    1    1   13   43  115  210  190   90
 7    7    6    5    4    3    2    1    1    8   39  104  206  182   90
 7    7    6    5    4    3    2    1    1    7   34   92  176  143   87
 7    7    6    5    4    3    2    1    1    4   22   70  149  128   76
 7    7    6    5    4    3    2    1    1    3   18   35   87   76   46
 7    7    6    5    4    3    2    1    1    1   16   34   72   76   43
 7    7    6    5    4    3    2    1    1    1   15   32   68   72   40
 7    7    6    5    4    3    2    1    1    1   10   29   65   73   40
 7    7    6    5    4    3    2    1    1    1    9   28   59   75   39
 7    7    6    5    4    3    2    1    1    1    3   20   37   42   23
 5    5    4    3    2    1    1    5   10   22   15
 5    5    4    3    2    1    1    5   10   18   15
 6    7    5    4    3    2    1    1    2    5   14   13    9
 4    4    3    2    1    3   17   15    9
 4    4    3    2    1    3   17   15    9
 4    4    3    2    1    3   17   15    9
 4    4    3    2    1    3   15   15    9
 4    4    3    2    1    3   14   12   10
 4    4    3    2    1    3   14   12   10
 4    4    3    2    1    3   13   13    9
 4    4    3    2    1    2    4    8    4
 4    4    3    2    1    2    2    7    2
 4    4    3    2    1    2    2    7    2
 4    4    3    2    1    2    2    7    2
 4    4    3    2    1    1    3    5    3
 3    3    2    1    1    7    3
 2    2    1    7    2
 2    2    1    7    2
 3    3    2    1    1    3    3
 3    3    2    1    1    3    3
 3    3    2    1    1    3    3
 3    3    2    1    1    3    3
 3    3    2    1    1    3    3
 3    3    2    1    1    1    3
 3    3    2    1    1    1    3
 2    2    1    2    2
