# n  list(x)  list(y)
 6    8    7    6    5    4    3  665  996  599  154   84    2
 6    8    7    6    5    4    3  618  946  637  182   88    4
 7    8    7    6    5    4    3    2  574  917  649  204   94   11    1
 7    8    7    6    5    4    3    2  527  895  647  242  100   13    1
 7    8    7    6    5    4    3    2  476  874  659  264  107   18    2
 7    8    7    6    5    4    3    2  436  832  678  298  105   24    2
 7    8    7    6    5    4    3    2  388  816  676  324  115   28    3
 7    8    7    6    5    4    3    2  349  776  695  342  131   28    4
 7    8    7    6    5    4    3    2  314  738  704  358  150   32    4
 7    8    7    6    5    4    3    2  293  702  702  366  160   48    4
 7    8    7    6    5    4    3    2  261  683  687  380  181   53    5
 7    8    7    6    5    4    3    2  241  642  686  400  187   62    7
 7    8    7    6    5    4    3    2  224  611  659  432  196   67   11
 7    8    7    6    5    4    3    2  203  574  644  457  209   77   11
 7    8    7    6    5    4    3    2  182  534  653  461  220   87   13
 7    8    7    6    5    4    3    2  166  513  644  457  230   98   17
 8    8    7    6    5    4    3    2    1  145  486  640  459  244  106   19    1
 8    8    7    6    5    4    3    2    1  129  451  624  470  271  106   23    1
 8    8    7    6    5    4    3    2    1  119  412  621  471  282  112   32    1
 8    8    7    6    5    4    3    2    1  107  387  596  485  293  121   35    1
 8    8    7    6    5    4    3    2    1   89  368  565  509  300  127   40    2
 8    8    7    6    5    4    3    2    1   83  338  542  516  313  138   43    2
 8    8    7    6    5    4    3    2    1   72  306  546  500  332  143   48    3
 8    8    7    6    5    4    3    2    1   67  278  539  495  334  152   57    3
 8    8    7    6    5    4    3    2    1   58  256  518  504  335  164   61    4
 8    8    7    6    5    4    3    2    1   52  238  502  494  342  176   67    4
 8    8    7    6    5    4    3    2    1   46  216  469  501  359  184   72    3
 8    8    7    6    5    4    3    2    1   41  191  441  506  380  189   71    6
 8    8    7    6    5    4    3    2    1   38  176  415  499  385  198   80    9
 8    8    7    6    5    4    3    2    1   30  171  377  496  401  208   80   11
 8    8    7    6    5    4    3    2    1   21  164  345  507  392  221   85   14
 8    8    7    6    5    4    3    2    1   18  150  323  490  400  233   95   15
 8    8    7    6    5    4    3    2    1   18  135  305  474  398  252  100   17
 8    8    7    6    5    4    3    2    1   16  121  292  461  388  269  107   19
 8    8    7    6    5    4    3    2    1   14  108  277  440  396  282  109   22
 8    8    7    6    5    4    3    2    1   12  103  260  420  397  294  111   25
 8    8    7    6    5    4    3    2    1   12   93  241  402  398  306  116   29
 8    8    7    6    5    4    3    2    1    9   89  226  381  392  316  123   36
 8    8    7    6    5    4    3    2    1    9   80  213  366  393  306  138   40
 8    8    7    6    5    4    3    2    1    9   65  199  354  398  312  141   41
 8    8    7    6    5    4    3    2    1    9   62  195  340  368  319  151   49
 8    8    7    6    5    4    3    2    1    7   58  181  334  360  320  159   50
 8    8    7    6    5    4    3    2    1    5   55  157  327  361  316  170   50
 8    8    7    6    5    4    3    2    1    3   50  143  306  365  318  176   50
 8    8    7    6    5    4    3    2    1    3   45  123  301  358  324  177   52
 8    8    7    6    5    4    3    2    1    3   31  125  277  346  327  192   57
 8    8    7    6    5    4    3    2    1    3   28  117  261  335  330  195   61
 8    8    7    6    5    4    3    2    1    2   27  101  251  331  318  208   64
 8    8    7    6    5    4    3    2    1    2   24   91  240  316  318  214   72
 8    8    7    6    5    4    3    2    1    2   18   82  225  300  313  202   66
 8    8    7    6    5    4    3    2    1    2   12   72  216  294  315  203   67
 8    8    7    6    5    4    3    2    1    2    9   61  199  293  319  195   71
 8    8    7    6    5    4    3    2    1    2    6   45  183  272  306  200   65
 8    8    7    6    5    4    3    2    1    1    7   37  165  262  296  209   72
 8    8    7    6    5    4    3    2    1    1    4   36  156  250  290  207   72
 8    8    7    6    5    4    3    2    1    1    3   31  134  241  294  202   79
 8    8    7    6    5    4    3    2    1    1    3   28  117  226  288  208   84
 8    8    7    6    5    4    3    2    1    1    2   24  103  220  282  210   81
 8    8    7    6    5    4    3    2    1    1    2   16   70  165  220  171   62
 7    7    6    5    4    3    2    1    3   15   64  154  204  172   69
 7    7    6    5    4    3    2    1    3   14   56  148  185  170   68
 7    7    6    5    4    3    2    1    1    4   26   65   94   86   33
 7    7    6    5    4    3    2    1    1    3   21   44   77   70   27
 7    7    6    5    4    3    2    1    1    3   19   41   76   70   26
 6    6    5    4    3    2    1    5   14   34   44   53   24
 7    7    6    5    4    3    2    1    1    2   11   25   52   49   18
 7    7    6    5    4    3    2    1    1    2    8   24   48   47   15
 7    7    6    5    4    3    2    1    1    2    8   23   45   49   14
 7    7    6    5    4    3    2    1    1    2    6   20   40   47   13
 6    6    5    4    3    2    1    2    3   13   31   33   12
 6    6    5    4    3    2    1    2    2   13   30   34   12
 6    6    5    4    3    2    1    2    2   10   26   36   10
 6    6    5    4    3    2    1    1    2    4   15   22    5
 6    6    5    4    3    2    1    1    1    5   13   22    4
 6    6    5    4    3    2    1    1    1    5   13   22    4
 6    6    5    4    3    2    1    1    1    5   13   19    6
 5    5    4    3    2    1    1    2    7   12    8
 4    4    3    2    1    3    8   10    4
 4    4    3    2    1    3    6    9    4
 4    4    3    2    1    3    6    9    4
 3    3    2    1    8    6    4
 4    4    3    2    1    1    7    3    5
 4    4    3    2    1    1    7    3    5
 4    4    3    2    1    2    3    7    3
 4    4    3    2    1    2    3    6    3
 3    3    2    1    3    7    3
 3    3    2    1    2    5    4
 3    3    2    1    2    5    4
 3    3    2    1    1    6    3
 3    3    2    1    1    5    3
 3    3    2    1    1    5    3
 3    3    2    1    1    5    3
 3    3    2    1    1    5    3
 3    3    2    1    1    4    3
 3    3    2    1    1    4    3
 3    3    2    1    1    4    3
 2    2    1    3    2
