# n  list(x)  list(y)
 8    3    4    5    6    7    8    9   10    3   25  210  656 1007  538   58    3
 8    3    4    5    6    7    8    9   10    3   34  244  674  967  498   52    3
 8    3    4    5    6    7    8    9   10    4   50  272  673  930  472   46    3
 8    3    4    5    6    7    8    9   10    6   56  298  689  903  432   39    2
 8    3    4    5    6    7    8    9   10    7   70  326  696  867  396   36    2
 8    3    4    5    6    7    8    9   10   10   84  348  704  835  365   27    2
 8    3    4    5    6    7    8    9   10   14   96  377  709  788  338   27    1
 8    3    4    5    6    7    8    9   10   19  112  402  701  749  317   24    1
 7    3    4    5    6    7    8    9   21  124  424  703  720  285   23
 7    3    4    5    6    7    8    9   22  143  447  706  685  250   22
 8    2    3    4    5    6    7    8    9    1   27  156  471  700  651  225   19
 8    2    3    4    5    6    7    8    9    2   33  173  482  701  610  207   17
 8    2    3    4    5    6    7    8    9    3   41  188  503  684  576  191   14
 8    2    3    4    5    6    7    8    9    3   48  205  520  664  553  169   13
 8    2    3    4    5    6    7    8    9    5   53  228  521  667  508  156   12
 8    2    3    4    5    6    7    8    9    6   63  235  552  642  478  138   11
 9    1    2    3    4    5    6    7    8    9    1    7   72  259  558  615  449  129   10
 9    1    2    3    4    5    6    7    8    9    1    9   79  275  585  584  414  119    9
 9    1    2    3    4    5    6    7    8    9    1    9   90  290  605  557  388  104    6
 9    1    2    3    4    5    6    7    8    9    1   12   97  323  596  539  358   93    6
 9    1    2    3    4    5    6    7    8    9    1   16  115  344  573  534  324   88    5
 9    1    2    3    4    5    6    7    8    9    1   20  125  369  561  509  308   77    5
 9    1    2    3    4    5    6    7    8    9    1   24  134  381  564  480  288   73    5
 9    1    2    3    4    5    6    7    8    9    2   28  152  384  557  472  260   67    3
 9    1    2    3    4    5    6    7    8    9    3   38  156  394  549  455  241   61    3
 9    1    2    3    4    5    6    7    8    9    4   44  164  402  534  443  223   57    3
 9    1    2    3    4    5    6    7    8    9    4   52  180  408  525  423  204   50    3
 9    1    2    3    4    5    6    7    8    9    5   60  198  411  510  406  183   49    2
 9    1    2    3    4    5    6    7    8    9    5   72  211  410  513  376  167   43    2
 9    1    2    3    4    5    6    7    8    9    8   79  221  411  503  353  159   39    1
 9    1    2    3    4    5    6    7    8    9   11   84  231  413  494  332  147   37    1
 9    1    2    3    4    5    6    7    8    9   12   87  245  422  478  315  130   35    1
 9    1    2    3    4    5    6    7    8    9   14   92  253  427  462  302  120   29    1
 9    1    2    3    4    5    6    7    8    9   14  105  262  426  446  284  109   27    1
 9    1    2    3    4    5    6    7    8    9   18  117  266  422  437  265  102   21    1
 9    1    2    3    4    5    6    7    8    9   20  130  277  409  430  249   88   19    1
 9    1    2    3    4    5    6    7    8    9   20  139  282  404  411  241   80   19    1
 9    1    2    3    4    5    6    7    8    9   23  146  291  403  386  233   71   18    1
 8    1    2    3    4    5    6    7    8   26  154  293  408  376  210   61   17
 8    1    2    3    4    5    6    7    8   28  164  297  407  368  186   55   15
 8    1    2    3    4    5    6    7    8   32  171  294  410  353  167   53   14
 8    1    2    3    4    5    6    7    8   36  167  310  403  340  152   48   13
 8    1    2    3    4    5    6    7    8   45  167  318  396  317  142   42   13
 8    1    2    3    4    5    6    7    8   46  174  330  381  306  130   36   11
 8    1    2    3    4    5    6    7    8   47  180  326  384  289  111   34    8
 8    1    2    3    4    5    6    7    8   47  195  329  375  271   98   31    7
 8    1    2    3    4    5    6    7    8   47  203  342  347  265   91   24    5
 8    1    2    3    4    5    6    7    8   55  207  343  338  241   87   21    4
 8    1    2    3    4    5    6    7    8   59  209  352  316  230   80   17    4
 8    1    2    3    4    5    6    7    8   64  218  360  290  220   70   16    4
 8    1    2    3    4    5    6    7    8   64  228  351  283  207   63   14    4
 8    1    2    3    4    5    6    7    8   69  224  360  271  191   60    8    4
 8    1    2    3    4    5    6    7    8   71  230  351  268  169   51    9    2
 8    1    2    3    4    5    6    7    8   76  246  337  263  150   45    7    2
 8    1    2    3    4    5    6    7    8   77  227  320  238  132   45    5    2
 8    1    2    3    4    5    6    7    8   76  229  301  232  122   41    5    2
 8    1    2    3    4    5    6    7    8   83  227  300  227  106   35    5    2
 8    1    2    3    4    5    6    7    8   85  230  296  204  103   32    4    2
 8    1    2    3    4    5    6    7    8   75  220  249  174   81   23    3    2
 7    1    2    3    4    5    6    7   81  215  244  160   72   25    3
 7    1    2    3    4    5    6    7   57  157  170  102   47   14    2
 7    1    2    3    4    5    6    7   39  105   99   68   27    8    1
 7    1    2    3    4    5    6    7   39   98   90   65   24    8    1
 7    1    2    3    4    5    6    7   28   73   70   41   21    3    1
 6    1    2    3    4    5    6   11   38   26   14    5    1
 6    1    2    3    4    5    6   10   40   24   14    4    1
 6    1    2    3    4    5    6    9   35   23   12    4    1
 6    1    2    3    4    5    6   11   34   20   11    3    1
 6    1    2    3    4    5    6   10   33   19   10    3    1
 5    1    2    3    4    5   11   32   17   10    4
 5    1    2    3    4    5   12   33   19    7    1
 5    1    2    3    4    5   11   34   18    7    1
 5    1    2    3    4    5    7   21   10    3    1
 5    1    2    3    4    5    6   20    9    3    1
 6    1    2    3    4    5    6    5    8   12    8    1    1
 6    1    2    3    4    5    6    7    8   12    5    1    2
 5    1    2    3    4    5    5    7   13    7    2
 5    1    2    3    4    5    5    9   11    6    2
 5    1    2    3    4    5    3   10    9    6    2
 5    1    2    3    4    5    3    9   11    4    2
 5    1    2    3    4    5    3    4    6    4    1
 5    1    2    3    4    5    3    4    6    3    1
 4    1    2    3    5    3    6    6    1
 4    1    2    3    5    3    6    6    1
 3    1    2    3    2    3    4
 4    1    2    3    4    1    1    3    3
 4    1    2    3    4    1    1    3    3
 4    1    2    3    4    1    1    3    3
 3    1    2    3    3    4    1
 3    1    2    3    1    5    1
 3    1    2    3    1    5    1
 3    1    2    3    1    4    1
 3    1    2    3    1    3    1
 2    1    2    2    2
 2    1    2    2    1
 2    1    2    2    1
