# n  list(x)  list(y)
16    4    5    6    7    8    9   10   11   12   13   14   15   16   17   18   19    3   88  572  651  411  302  204  112   71   33   27   10    6    5    4    1
16    4    5    6    7    8    9   10   11   12   13   14   15   16   17   18   19    7  113  570  641  411  283  196  105   67   34   23   10    6    5    3    1
16    4    5    6    7    8    9   10   11   12   13   14   15   16   17   18   19   12  143  565  628  413  266  180  103   61   33   22   11    5    5    2    1
15    4    5    6    7    8    9   10   11   12   13   14   15   16   17   18   21  171  568  606  406  246  180   98   55   31   22    8    6    4    3
16    3    4    5    6    7    8    9   10   11   12   13   14   15   16   17   18    2   25  203  579  577  386  239  173   93   59   26   18   11    4    3    2
16    3    4    5    6    7    8    9   10   11   12   13   14   15   16   17   18    3   36  229  567  561  375  238  172   77   58   27   14    9    4    4    1
16    3    4    5    6    7    8    9   10   11   12   13   14   15   16   17   18    6   46  241  566  551  368  232  154   74   59   23   12    9    4    4    1
16    3    4    5    6    7    8    9   10   11   12   13   14   15   16   17   18   10   52  272  557  540  351  232  135   70   57   21   12    8    4    3    1
15    3    4    5    6    7    8    9   10   11   12   13   14   15   16   17   14   54  296  555  527  345  221  122   69   50   21   11    9    3    3
15    3    4    5    6    7    8    9   10   11   12   13   14   15   16   17   14   67  317  543  521  336  205  119   63   46   20    9   11    1    3
15    3    4    5    6    7    8    9   10   11   12   13   14   15   16   17   15   78  343  518  519  321  199  113   66   36   21    9    8    3    1
15    3    4    5    6    7    8    9   10   11   12   13   14   15   16   17   17  105  353  505  499  314  187  112   63   28   23    8    7    3    1
14    3    4    5    6    7    8    9   10   11   12   13   14   15   16   22  114  371  503  476  308  177   99   62   32   19    8    7    2
14    3    4    5    6    7    8    9   10   11   12   13   14   15   16   29  130  384  491  456  303  164   97   60   29   17    8    6    1
14    3    4    5    6    7    8    9   10   11   12   13   14   15   16   35  151  383  469  464  292  152   89   58   29   14    9    4    1
15    2    3    4    5    6    7    8    9   10   11   12   13   14   15   16    3   33  168  382  476  440  287  142   85   54   29   14    8    3    1
15    2    3    4    5    6    7    8    9   10   11   12   13   14   15   16    3   43  180  388  467  424  272  141   84   45   28   15    7    2    1
15    2    3    4    5    6    7    8    9   10   11   12   13   14   15   16    5   51  191  395  459  409  257  132   85   42   26   13    7    2    1
15    2    3    4    5    6    7    8    9   10   11   12   13   14   15   16    7   58  211  389  465  386  248  122   85   34   24   11    7    2    1
15    2    3    4    5    6    7    8    9   10   11   12   13   14   15   16   11   70  218  386  462  368  241  116   79   36   20   10    5    2    1
15    2    3    4    5    6    7    8    9   10   11   12   13   14   15   16   15   83  216  390  456  361  233  101   74   38   18    8    5    1    1
16    1    2    3    4    5    6    7    8    9   10   11   12   13   14   15   16    1   20   88  226  396  443  348  221   96   69   36   18    8    3    1    1
16    1    2    3    4    5    6    7    8    9   10   11   12   13   14   15   16    1   23   94  241  402  433  334  202   93   69   29   17    8    2    1    1
16    1    2    3    4    5    6    7    8    9   10   11   12   13   14   15   16    1   24  103  248  414  413  321  192   94   61   26   18    6    2    1    1
16    1    2    3    4    5    6    7    8    9   10   11   12   13   14   15   16    2   28  112  254  416  403  302  180   94   58   27   16    4    2    1    1
16    1    2    3    4    5    6    7    8    9   10   11   12   13   14   15   16    2   31  120  266  408  399  293  164   94   50   29   12    3    2    1    1
15    1    2    3    4    5    6    7    8    9   10   11   12   13   14   16    4   34  129  265  421  380  280  152   96   46   25   11    3    3    1
15    1    2    3    4    5    6    7    8    9   10   11   12   13   14   15    5   39  129  279  427  360  265  150   91   41   22   11    2    3    1
15    1    2    3    4    5    6    7    8    9   10   11   12   13   14   15    5   37  141  284  427  344  253  150   88   36   20   10    3    1    1
15    1    2    3    4    5    6    7    8    9   10   11   12   13   14   15    4   50  145  289  415  350  234  145   78   32   17   11    2    1    1
14    1    2    3    4    5    6    7    8    9   10   11   12   13   14    7   55  160  290  406  342  223  135   74   28   15   10    3    1
14    1    2    3    4    5    6    7    8    9   10   11   12   13   14    6   61  166  303  395  333  209  128   70   25   13   12    1    1
13    1    2    3    4    5    6    7    8    9   10   11   12   14    7   67  171  322  401  296  207  121   60   23   12   10    1
13    1    2    3    4    5    6    7    8    9   10   11   12   14    7   69  181  327  393  289  199  114   50   21   14    7    1
13    1    2    3    4    5    6    7    8    9   10   11   12   13    9   79  179  339  379  276  193  108   47   18   14    5    1
13    1    2    3    4    5    6    7    8    9   10   11   12   13   10   90  191  332  370  266  180  111   39   16   11    5    1
13    1    2    3    4    5    6    7    8    9   10   11   12   13   11   97  196  337  362  262  163  101   39   14    8    5    1
13    1    2    3    4    5    6    7    8    9   10   11   12   13   16   97  208  341  349  250  155   94   35   13    8    4    1
13    1    2    3    4    5    6    7    8    9   10   11   12   13   17  101  221  337  335  253  140   85   34   10    8    4    1
13    1    2    3    4    5    6    7    8    9   10   11   12   13   18  105  225  343  327  236  132   87   27   10    6    4    1
13    1    2    3    4    5    6    7    8    9   10   11   12   13   20  108  233  343  326  224  126   73   24    9    6    3    1
13    1    2    3    4    5    6    7    8    9   10   11   12   13   21  118  239  340  300  225  117   69   25   10    3    3    1
13    1    2    3    4    5    6    7    8    9   10   11   12   13   23  121  250  346  288  211  106   64   22    9    4    1    1
13    1    2    3    4    5    6    7    8    9   10   11   12   13   28  127  259  336  288  190  102   58   21    6    3    1    1
13    1    2    3    4    5    6    7    8    9   10   11   12   13   31  134  269  348  253  195   90   49   17    4    3    1    1
13    1    2    3    4    5    6    7    8    9   10   11   12   13   32  143  277  336  243  184   83   48   14    4    2    1    1
12    1    2    3    4    5    6    7    8    9   10   11   13   34  155  275  336  240  163   77   44   11    4    2    1
12    1    2    3    4    5    6    7    8    9   10   11   12   37  165  281  333  227  151   64   40   12    4    1    1
12    1    2    3    4    5    6    7    8    9   10   11   12   44  164  285  324  227  135   61   36   10    3    1    1
11    1    2    3    4    5    6    7    8    9   10   12   51  169  295  311  224  117   62   27    8    3    1
11    1    2    3    4    5    6    7    8    9   10   12   57  179  292  307  209  106   61   22    7    2    1
11    1    2    3    4    5    6    7    8    9   10   12   63  175  300  295  197  101   58   20    6    1    1
11    1    2    3    4    5    6    7    8    9   10   11   69  178  293  295  188   91   51   16    6    1    1
11    1    2    3    4    5    6    7    8    9   10   11   83  176  302  276  181   83   43   13    4    1    1
11    1    2    3    4    5    6    7    8    9   10   11   88  189  298  258  174   77   40   10    3    1    1
10    1    2    3    4    5    6    7    8    9   11   90  207  291  251  155   69   36    8    3    1
 9    1    2    3    4    5    6    7    8    9   98  211  293  240  141   62   30    9    2
 9    1    2    3    4    5    6    7    8    9  104  211  291  231  134   54   25    8    2
 9    1    2    3    4    5    6    7    8    9  105  224  279  220  124   48   24    7    2
 9    1    2    3    4    5    6    7    8    9  107  232  271  207  114   44   21    7    1
 9    1    2    3    4    5    6    7    8    9  111  226  275  196   98   42   21    6    1
 9    1    2    3    4    5    6    7    8    9  112  232  268  181   91   41   16    3    1
 9    1    2    3    4    5    6    7    8    9  114  242  251  164   88   38   14    3    1
 8    1    2    3    4    5    6    7    8  120  243  240  154   82   34   10    3
 8    1    2    3    4    5    6    7    8  124  236  233  146   73   29   10    1
 8    1    2    3    4    5    6    7    8  134  227  221  135   68   28    7    1
 8    1    2    3    4    5    6    7    8  139  226  202  130   66   25    5    1
 8    1    2    3    4    5    6    7    8  129  232  191  114   60   24    4    1
 8    1    2    3    4    5    6    7    8  124  228  185  105   55   21    4    1
 8    1    2    3    4    5    6    7    8  128  220  177   98   50   17    3    1
 8    1    2    3    4    5    6    7    8  130  200  170   94   45   15    1    1
 8    1    2    3    4    5    6    7    8  126  201  162   83   41   13    1    1
 8    1    2    3    4    5    6    7    8  134  186  161   71   32   12    1    1
 7    1    2    3    4    5    6    7  131  183  139   63   27   10    1
 7    1    2    3    4    5    6    7  132  174  135   60   20    6    1
 7    1    2    3    4    5    6    7  129  174  120   51   16    5    1
 6    1    2    3    4    5    6  121  157  108   46   13    6
 6    1    2    3    4    5    6  117  140   99   42   10    4
 6    1    2    3    4    5    6  112  125   92   39    8    4
 6    1    2    3    4    5    6   99  118   84   32    7    3
 6    1    2    3    4    5    6   89  109   69   24    6    3
 5    1    2    3    4    5   80   95   60   16    6
 5    1    2    3    4    5   52   51   36    8    4
 5    1    2    3    4    5   32   30   21    6    1
 5    1    2    3    4    5   27   24   18    4    1
 5    1    2    3    4    5   21   23   14    3    1
 5    1    2    3    4    5   21   21   14    3    1
 4    1    2    3    4   16   20   12    2
 4    1    2    3    4   10    9    6    1
 4    1    2    3    4    8    9    4    1
 3    1    2    3    5    6    3
 3    1    2    3    3    4    1
 3    1    2    3    3    4    1
 2    1    2    2    3
 2    1    3    3    1
 2    1    3    3    1
 2    1    3    3    1
 2    1    3    3    1
 2    1    2    2    1
