# n  list(x)  list(y)
 8    3    4    5    6    7    8    9   10    2   37  192  647  991  579   49    3
 8    3    4    5    6    7    8    9   10    2   41  226  667  969  526   41    3
 8    3    4    5    6    7    8    9   10    3   54  253  690  918  491   38    3
 8    3    4    5    6    7    8    9   10    5   67  275  708  880  451   36    3
 8    3    4    5    6    7    8    9   10   10   78  300  722  843  413   31    3
 8    3    4    5    6    7    8    9   10   13   93  320  719  819  383   26    2
 9    2    3    4    5    6    7    8    9   10    1   16  106  346  721  782  352   24    2
 9    2    3    4    5    6    7    8    9   10    1   22  121  364  729  743  320   23    2
 9    2    3    4    5    6    7    8    9   10    2   27  144  377  728  708  292   20    2
 9    2    3    4    5    6    7    8    9   10    2   34  155  407  716  668  274   17    2
 9    2    3    4    5    6    7    8    9   10    3   35  169  434  702  644  246   15    2
 9    2    3    4    5    6    7    8    9   10    5   44  183  448  689  607  234   13    2
 9    2    3    4    5    6    7    8    9   10    6   53  195  455  690  577  211   11    2
 9    2    3    4    5    6    7    8    9   10    6   60  204  478  680  548  187   10    2
10    1    2    3    4    5    6    7    8    9   10    1    8   68  211  504  662  519  166   10    1
10    1    2    3    4    5    6    7    8    9   10    1   12   80  217  517  648  488  153    8    1
10    1    2    3    4    5    6    7    8    9   10    1   18   82  234  527  627  464  140    6    1
10    1    2    3    4    5    6    7    8    9   10    1   21   86  249  535  616  440  120    6    1
10    1    2    3    4    5    6    7    8    9   10    3   22   87  262  554  602  408  105    6    1
10    1    2    3    4    5    6    7    8    9   10    3   25   99  280  540  590  389   93    5    1
10    1    2    3    4    5    6    7    8    9   10    4   25  115  291  534  586  358   83    3    1
10    1    2    3    4    5    6    7    8    9   10    5   31  123  298  554  555  328   78    2    1
10    1    2    3    4    5    6    7    8    9   10    7   35  130  302  564  533  303   73    2    1
10    1    2    3    4    5    6    7    8    9   10    8   37  146  319  552  519  277   65    1    1
10    1    2    3    4    5    6    7    8    9   10    7   44  156  344  528  491  270   58    1    1
 9    1    2    3    4    5    6    7    8   10   10   48  164  344  546  465  244   53    1
 9    1    2    3    4    5    6    7    8   10   11   61  168  369  530  441  221   48    1
 9    1    2    3    4    5    6    7    8    9   16   65  174  383  515  424  204   43    1
 9    1    2    3    4    5    6    7    8    9   21   71  172  401  489  426  177   42    1
 9    1    2    3    4    5    6    7    8    9   22   72  185  425  471  397  161   41    1
 8    1    2    3    4    5    6    7    8   22   77  205  439  444  382  141   40
 8    1    2    3    4    5    6    7    8   20   80  224  433  438  366  126   37
 8    1    2    3    4    5    6    7    8   22   88  242  426  425  344  123   29
 8    1    2    3    4    5    6    7    8   25   92  259  427  405  332  107   27
 8    1    2    3    4    5    6    7    8   28   98  270  420  396  308  102   26
 8    1    2    3    4    5    6    7    8   36  100  281  417  391  282   92   24
 8    1    2    3    4    5    6    7    8   39  107  289  408  384  265   84   22
 8    1    2    3    4    5    6    7    8   44  113  296  388  376  256   78   20
 8    1    2    3    4    5    6    7    8   47  122  304  382  361  238   72   20
 8    1    2    3    4    5    6    7    8   49  131  301  380  353  224   65   17
 8    1    2    3    4    5    6    7    8   52  140  303  378  332  217   59   14
 8    1    2    3    4    5    6    7    8   55  143  310  383  314  201   53   10
 8    1    2    3    4    5    6    7    8   56  162  301  393  292  182   47   10
 8    1    2    3    4    5    6    7    8   58  178  309  374  280  167   43    9
 8    1    2    3    4    5    6    7    8   59  180  316  364  272  158   35    8
 8    1    2    3    4    5    6    7    8   67  182  328  358  257  140   28    6
 8    1    2    3    4    5    6    7    8   63  193  321  344  253  125   25    6
 8    1    2    3    4    5    6    7    8   67  201  319  339  229  119   23    4
 8    1    2    3    4    5    6    7    8   71  206  326  330  212  107   23    2
 8    1    2    3    4    5    6    7    8   68  216  326  320  201   97   21    2
 8    1    2    3    4    5    6    7    8   71  227  320  304  194   87   19    2
 8    1    2    3    4    5    6    7    8   78  230  317  296  181   76   16    2
 8    1    2    3    4    5    6    7    8   83  241  310  283  168   67   15    2
 8    1    2    3    4    5    6    7    8   92  237  318  270  158   55   12    2
 7    1    2    3    4    5    6    7   82  229  308  251  150   46   12
 7    1    2    3    4    5    6    7   89  235  305  235  135   43   11
 7    1    2    3    4    5    6    7   92  235  300  219  125   35    9
 7    1    2    3    4    5    6    7   93  232  292  208  107   31    6
 7    1    2    3    4    5    6    7   94  228  281  199   97   29    6
 7    1    2    3    4    5    6    7   90  216  255  176   87   23    6
 7    1    2    3    4    5    6    7   93  218  247  161   81   21    5
 7    1    2    3    4    5    6    7   96  213  241  153   72   18    5
 7    1    2    3    4    5    6    7   91  171  201  122   60   15    4
 7    1    2    3    4    5    6    7   85  155  184  106   53   11    4
 7    1    2    3    4    5    6    7   83  154  171  110   41    9    3
 7    1    2    3    4    5    6    7   78  157  156  103   37    6    3
 7    1    2    3    4    5    6    7   66  125  125   76   28    5    3
 7    1    2    3    4    5    6    7   44   82   88   58   22    3    2
 7    1    2    3    4    5    6    7   39   77   83   58   20    3    2
 7    1    2    3    4    5    6    7   31   59   68   39   12    1    1
 7    1    2    3    4    5    6    7   29   62   70   30   10    1    1
 6    1    2    3    4    5    7   23   55   61   24   11    1
 6    1    2    3    4    5    6   23   44   48   22   11    1
 6    1    2    3    4    5    6   23   45   43   23    8    1
 5    1    2    3    4    5   18   35   25   15    5
 5    1    2    3    4    5   18   35   25   15    5
 5    1    2    3    4    5   13   17   16   11    5
 5    1    2    3    4    5    9   12   13    7    4
 5    1    2    3    4    5    7   12   14    5    3
 5    1    2    3    4    5    7   10   12    5    3
 5    1    2    3    4    5    5    8    8    5    3
 5    1    2    3    4    5    6   10    8    1    2
 5    1    2    3    4    5    5    7    7    1    2
 5    1    2    3    4    5    5    7    7    1    2
 4    1    2    3    4    5    8    5    3
 4    1    2    3    4    6    5    4    1
 4    1    2    3    4    6    5    4    1
 3    1    2    3    5    4    3
 3    1    2    3    3    3    1
 3    1    2    3    1    3    1
 3    1    2    3    1    3    1
 3    1    2    3    1    3    1
 2    1    2    2    1
 2    1    2    2    1
 2    1    2    2    1
 2    1    2    2    1
 2    1    2    2    1
