# n  list(x)  list(y)
42   76   61   54   53   51   50   44   43   41   40   38   37   36   35   31   30   29   28   27   26   25   24   23   22   21   20   19   18   17   16   15   14   13   12   11   10    9    8    7    6    5    4    1    1    1    1    1    1    2    1    1    1    1    2    1    1    1    2    3    5    3    6    5    7    4    6    9   10   14   14   15   22   27   31   26   50   57   70  106  170  294 1367  156    4
40   75   59   53   50   43   42   41   39   38   37   36   35   31   30   29   28   27   26   25   24   23   22   21   20   19   18   17   16   15   14   13   12   11   10    9    8    7    6    5    4    1    1    2    2    2    1    1    1    1    1    1    2    1    2    3    4    3    6    5    5    6    5    8    9   16   13   16   19   27   31   24   45   51   77  103  168  285 1283  229   15
40   75   59   53   52   50   49   43   42   40   38   37   36   35   30   29   28   27   26   25   24   23   22   21   20   19   18   17   16   15   14   13   12   11   10    9    8    7    6    5    4    1    1    1    1    1    1    1    2    1    2    1    1    2    3    3    2    5    6    5    4    6    5    7   10   14   16   15   15   30   24   29   41   48   79   98  159  265 1232  289   24
38   73   59   53   52   49   42   39   38   36   35   30   29   28   27   26   25   24   23   22   21   20   19   18   17   16   15   14   13   12   11   10    9    8    7    6    5    4    3    1    1    1    1    2    3    1    1    2    3    1    2    2    6    5    6    3    5    7    8    8   14   12   15   12   29   29   26   38   50   72  102  145  254 1177  339   41    1
41   71   58   53   52   48   42   41   39   38   36   35   34   33   30   29   28   27   26   25   24   23   22   21   20   19   18   17   16   15   14   13   12   11   10    9    8    7    6    5    4    3    1    1    1    1    2    1    2    1    1    1    1    1    2    1    2    2    4    4    7    3    4    4    8    8   15   10   14   14   26   30   24   40   43   69   96  146  241 1123  391   54    1
42   70   57   53   52   47   42   41   39   38   36   35   34   33   32   30   29   28   27   26   25   24   23   22   21   20   19   18   17   16   15   14   13   12   11   10    9    8    7    6    5    4    3    1    1    1    1    2    1    2    1    1    1    1    1    1    1    1    1    3    3    4    6    4    5    3    7   10   10   13   13   13   21   30   27   38   45   59   98  147  231 1058  430   75    4
42   70   56   53   51   47   46   42   41   40   39   38   36   34   33   32   29   28   27   26   25   24   23   22   21   20   19   18   17   16   15   14   13   12   11   10    9    8    7    6    5    4    3    1    1    1    1    1    1    1    1    1    1    1    1    2    1    1    2    2    4    1    8    5    4    3    4    9   13   13   12   16   16   29   30   38   39   61   93  147  224  996  464   96    5
39   70   53   52   51   47   45   41   39   37   36   34   32   29   28   27   26   25   24   23   22   21   20   19   18   17   16   15   14   13   12   11   10    9    8    7    6    5    4    3    1    1    1    1    1    1    2    2    1    1    2    2    2    1    4    1    6    5    6    3    3    9   12   12    9   18   14   26   34   36   40   53   94  141  219  931  501  114   15
41   70   52   51   49   45   41   40   39   38   37   36   34   33   32   29   28   27   26   25   24   23   22   21   20   19   18   17   16   15   14   13   12   11   10    9    8    7    6    5    4    3    1    1    1    1    2    1    1    1    1    1    1    1    1    2    1    2    3    2    5    2    8    1    5    8    9   13    8   18   15   25   28   36   41   51   86  137  213  866  545  133   23
41   70   51   49   45   41   40   39   38   37   35   34   33   32   30   29   28   27   26   25   24   23   22   21   20   19   18   17   16   15   14   13   12   11   10    9    8    7    6    5    4    3    1    2    1    2    1    1    1    1    1    1    1    1    1    1    1    2    2    3    5    2    8    1    5    8    7   14    8   18   13   21   23   43   41   48   83  131  210  820  557  156   29
41   69   50   49   45   44   40   39   36   35   34   33   31   30   29   28   27   26   25   24   23   22   21   20   19   18   17   16   15   14   13   12   11   10    9    8    7    6    5    4    3    2    1    2    1    1    1    1    2    2    1    1    1    1    1    1    1    3    2    6    2    5    3    5    6    7   13    8   16   12   22   21   46   35   44   85  122  208  751  603  172   33    2
38   68   49   48   45   43   39   38   36   35   34   31   29   27   26   25   24   23   22   21   20   19   18   17   16   15   14   13   12   11   10    9    8    7    6    5    4    3    2    1    2    1    1    1    2    1    1    2    1    2    2    3    3    5    3    5    3    5    6    7   11   10   14   14   19   22   43   36   41   83  120  204  709  604  201   34    3
40   67   49   47   45   43   38   37   36   35   34   31   30   29   28   27   26   25   24   23   22   21   20   19   18   17   16   15   14   13   12   11   10    9    8    7    6    5    4    3    2    1    2    1    1    1    2    1    1    2    1    1    1    1    1    1    4    4    4    4    5    3    6    8    8   14   10   17   15   22   41   41   32   80  120  196  673  609  224   38    4
40   67   48   46   45   43   38   37   35   34   33   31   30   29   28   27   26   25   24   23   22   21   20   19   18   17   16   15   14   13   12   11   10    9    8    7    6    5    4    3    2    1    2    1    1    1    2    1    2    1    1    1    1    1    1    1    3    5    4    4    5    3    6    7    8    9   13   16   17   18   41   38   30   77  117  195  627  619  244   47    4
40   67   48   47   45   42   38   37   35   34   33   31   30   29   28   27   26   25   24   23   22   21   20   19   18   17   16   15   14   13   12   11   10    9    8    7    6    5    4    3    2    1    1    1    2    1    1    2    2    1    1    1    1    1    1    1    1    6    4    4    4    2    7    6    9   10   10   17   15   17   42   34   34   71  112  185  608  598  279   50    7
40   67   47   45   44   42   37   36   35   34   32   31   30   28   27   26   25   24   23   22   21   20   19   18   17   16   15   14   13   12   11   10    9    8    7    6    5    4    3    2    1    1    1    2    1    1    2    1    1    2    1    1    1    2    1    1    5    5    4    3    2    7    6    9    9   11   14   16   18   40   33   32   68  105  186  579  596  290   61    6    1
39   67   47   44   42   37   36   35   34   32   31   29   28   27   26   25   24   23   22   21   20   19   18   17   16   15   14   13   12   11   10    9    8    7    6    5    4    3    2    1    1    1    3    1    1    1    1    3    1    1    1    1    2    1    3    6    3    2    4    6    7    5   10   10   16   15   18   36   32   31   66  100  181  541  597  307   78    6    1
39   67   45   44   43   42   36   35   34   32   31   30   28   27   26   25   24   23   22   21   20   19   18   17   16   15   14   13   12   11   10    9    8    7    6    5    4    3    2    1    1    1    2    1    1    1    1    3    1    1    1    2    2    1    2    6    3    3    4    6    4    8   10    8   16   16   14   35   31   32   63   99  170  520  597  314   85    8    2
37   67   45   43   41   36   34   33   31   30   28   27   26   25   24   23   22   21   20   19   18   17   16   15   14   13   12   11   10    9    8    7    6    5    4    3    2    1    1    1    3    1    1    3    1    2    1    2    2    1    1    7    2    4    3    7    3    6   11    8   16   15   15   30   32   26   66   98  158  488  603  324   95   11    2
38   67   45   43   42   41   35   34   33   31   30   28   27   26   25   24   23   22   21   20   19   18   17   16   15   14   13   12   11   10    9    8    7    6    5    4    3    2    1    1    1    2    1    1    1    1    3    1    2    2    2    1    1    4    5    3    3    7    3    5   13    7   13   18   15   26   31   23   67   90  156  456  601  331  112   14    2
39   66   45   43   42   38   34   33   32   31   30   29   28   27   26   25   24   23   22   21   20   19   18   17   16   15   14   13   12   11   10    9    8    7    6    5    4    3    2    1    1    1    1    2    1    1    1    3    1    1    1    2    2    1    1    4    4    3    3    3    6    4   11   10   11   14   17   26   31   23   57   90  151  436  582  345  129   18    2
39   66   45   43   42   41   38   34   33   32   31   30   29   28   27   25   24   23   22   21   20   19   18   17   16   15   14   13   12   11   10    9    8    7    6    5    4    3    2    1    1    1    1    1    1    1    1    1    2    1    1    2    1    3    2    2    3    4    2    6    4    5   11   11    9   12   18   25   33   22   54   86  147  417  563  362  134   23    2
38   65   45   43   42   40   38   34   33   32   31   29   28   27   25   24   23   22   21   20   19   18   17   16   15   14   13   12   11   10    9    8    7    6    5    4    3    2    1    1    1    1    1    1    1    1    1    1    1    4    1    3    1    2    3    3    2    4    7    4    9   12   10    9   22   20   35   22   50   82  143  393  554  369  148   26    2
38   64   45   43   41   39   38   34   33   31   30   29   27   26   25   24   23   22   21   20   19   18   17   16   15   14   13   12   11   10    9    8    7    6    5    4    3    2    1    1    1    1    1    1    1    1    1    1    1    4    3    1    1    2    3    2    3    3    2    7   10   12    9   11   20   18   32   26   42   85  132  372  549  377  156   31    2
38   64   45   43   41   37   34   32   31   30   29   28   27   26   25   24   23   22   21   20   19   18   17   16   15   14   13   12   11   10    9    8    7    6    5    4    3    2    1    1    1    1    1    2    1    1    1    1    3    1    1    2    1    3    2    2    4    3    2    4   10   14    6   13   19   20   30   25   38   82  131  348  537  381  167   38    3
37   62   45   41   37   35   34   32   31   29   28   27   26   25   24   23   22   21   20   19   18   17   16   15   14   13   12   11   10    9    8    7    6    5    4    3    2    1    1    1    2    1    1    1    1    1    3    2    1    1    1    4    1    2    3    5    2    3    8   12    8   11   23   21   26   27   33   82  121  316  540  396  173   38    3
36   62   45   41   36   34   32   31   29   28   27   26   25   24   23   22   21   20   19   18   17   16   15   14   13   12   11   10    9    8    7    6    5    4    3    2    1    1    1    2    1    2    1    1    2    3    1    1    1    3    1    3    2    6    2    3    5   12    9    8   22   23   23   31   32   77  112  309  516  407  184   39    4
36   59   45   41   40   36   33   31   29   28   27   26   25   24   23   22   21   20   19   18   17   16   15   14   13   12   11   10    9    8    7    6    5    4    3    2    1    1    1    1    1    1    2    2    1    3    2    1    1    2    2    3    2    2    5    2    5   12    6   10   21   22   20   30   36   68  104  293  503  407  197   52    4
37   59   43   40   39   36   33   32   31   30   29   28   27   26   25   24   22   21   20   19   18   17   16   15   14   13   12   11   10    9    8    7    6    5    4    3    2    1    1    1    1    1    1    1    1    1    1    1    2    1    1    1    2    5    2    2    4    3    5    9    8   10   17   23   19   29   36   60  106  279  483  408  211   57    7
37   58   43   40   38   35   33   32   31   30   29   28   27   26   25   24   22   21   20   19   18   17   16   15   14   13   12   11   10    9    8    7    6    5    4    3    2    1    1    1    1    1    1    1    1    1    1    1    1    1    2    1    1    5    1    3    5    3    2   12    6    8   20   20   19   29   33   58  105  264  472  402  218   66    8
36   58   43   40   37   35   33   32   30   29   28   27   26   25   24   22   21   20   19   18   17   16   15   14   13   12   11   10    9    8    7    6    5    4    3    2    1    1    1    1    1    1    1    1    1    1    1    1    2    1    2    5    1    3    3    5    1   12    6    6   19   19   21   27   36   52   97  249  467  395  229   72    9
35   58   40   39   37   35   32   31   28   27   26   25   24   23   22   21   20   19   18   17   16   15   14   13   12   11   10    9    8    7    6    5    4    3    2    1    1    1    1    1    1    1    1    2    1    2    1    1    1    5    1    2    2    4    4    7    7    9   16   18   22   26   33   50   90  229  454  397  245   76   13
32   57   39   37   35   31   30   27   26   25   23   22   21   20   19   18   17   16   15   14   13   12   11   10    9    8    7    6    5    4    3    2    1    1    2    1    1    1    1    1    3    1    2    4    2    2    2    4    3    4   11    8   14   14   24   28   32   44   85  208  445  403  250   83   16
33   57   39   38   35   34   31   28   26   25   24   23   22   21   20   19   18   17   16   15   14   13   12   11   10    9    8    7    6    5    4    3    2    1    1    1    1    1    1    1    1    2    2    1    1    1    4    1    2    4    4    3   10    9   11   12   24   25   34   37   84  190  430  400  269   89   19
32   55   38   34   33   31   28   26   25   24   23   22   21   20   19   18   17   16   15   14   13   12   11   10    9    8    7    6    5    4    3    2    1    1    2    1    1    1    1    2    1    2    1    1    3    2    1    3    6    2    7   10   11   11   22   27   32   33   80  184  403  406  278   95   20
30   55   37   32   30   26   25   24   23   22   21   20   19   18   17   16   15   14   13   12   11   10    9    8    7    6    5    4    3    2    1    1    2    2    1    2    2    2    1    1    3    1    1    3    4    4    2   13   11   12   19   25   32   35   72  173  380  402  288  107   24
30   55   36   32   29   26   25   24   23   22   21   20   19   18   17   16   15   14   13   12   11   10    9    8    7    6    5    4    3    2    1    1    2    2    1    1    3    2    1    1    3    1    1    2    5    4    1   12   12   11   21   22   32   33   71  158  360  408  285  116   27
30   36   35   32   29   26   25   24   23   22   21   20   19   18   17   16   15   14   13   12   11   10    9    8    7    6    5    4    3    2    1    1    1    2    1    1    1    4    1    1    2    2    1    2    3    5    1    8   15    8   17   27   31   33   67  140  329  410  302  124   34
28   32   31   28   26   25   24   23   22   21   20   18   17   16   15   14   13   12   11   10    9    8    7    6    5    4    3    2    1    2    1    1    1    1    3    1    1    2    3    3    2    3    2    7   14    9   14   29   28   33   60  129  309  421  303  128   39
26   32   31   27   26   24   22   21   20   18   17   16   15   14   13   12   11   10    9    8    7    6    5    4    3    2    1    1    2    1    1    4    1    2    4    1    4    2    2    5   13   12   11   24   22   41   55  121  290  417  302  140   44
28   31   30   28   27   26   24   22   21   20   19   18   17   16   15   14   13   12   11   10    9    8    7    6    5    4    3    2    1    1    1    1    1    1    4    1    2    1    3    1    4    2    1    3   10   16   10   22   23   36   59  115  272  406  317  138   45
25   30   27   26   24   21   20   19   18   17   16   15   14   13   12   11   10    9    8    7    6    5    4    3    2    1    2    1    2    4    1    2    3    1    2    3    1    2   10   16   11   18   21   36   56  110  257  390  326  151   45
26   30   27   26   24   23   21   20   19   18   17   16   15   14   13   12   11   10    9    8    7    6    5    4    3    2    1    2    1    2    3    1    1    1    3    1    2    3    2    2    5   17   11   18   21   35   55   99  248  369  327  169   47
25   30   27   25   24   22   20   19   18   17   16   15   14   13   12   11   10    9    8    7    6    5    4    3    2    1    2    1    2    2    2    2    1    2    2    2    4    2    3   18    7   16   21   36   49   98  227  364  332  176   49
25   30   27   24   23   22   20   19   18   17   16   15   14   13   12   11   10    9    8    7    6    5    4    3    2    1    2    1    2    2    2    2    1    2    2    2    4    2    3   15    9   14   23   34   46   93  213  352  332  179   54
27   30   29   26   24   23   22   21   20   19   18   17   16   15   14   13   12   11   10    9    8    7    6    5    4    3    2    1    1    1    1    2    1    2    1    1    1    1    4    2    2    4    2   12   12   11   21   30   44   92  195  342  329  198   53
25   30   26   24   23   22   21   20   18   17   16   15   14   13   12   11   10    9    8    7    6    5    4    3    2    1    1    2    2    1    1    2    1    1    4    1    3    3    2    9   13   10   17   31   44   81  191  327  332  204   57
24   30   25   24   22   21   20   18   17   16   15   14   13   12   11   10    9    8    7    6    5    4    3    2    1    1    2    2    2    1    2    1    2    2    3    2    3    5   12   14   17   24   47   75  187  313  334  199   64
25   30   25   24   23   22   21   20   18   17   16   15   14   13   12   11   10    9    8    7    6    5    4    3    2    1    1    1    1    1    2    1    2    1    2    1    2    3    3    4    9   18   13   20   43   74  174  305  333  203   72
24   29   25   24   23   22   21   20   18   17   15   14   13   12   11   10    9    8    7    6    5    4    3    2    1    1    1    1    1    2    1    2    1    2    3    3    3    4    4   20   11   21   41   69  163  296  318  223   71
24   28   25   24   23   22   21   20   18   17   15   14   13   12   11   10    9    8    7    6    5    4    3    2    1    1    1    1    1    1    2    2    1    2    1    3    4    4    4   17   14   19   37   62  152  289  310  233   76
24   28   25   24   23   22   21   20   19   17   15   14   13   12   11   10    9    8    7    6    5    4    3    2    1    1    1    1    1    1    2    1    1    3    1    3    3    5    4   13   15   15   38   59  146  271  306  239   81
23   28   24   23   22   21   19   17   16   15   14   13   12   11   10    9    8    7    6    5    4    3    2    1    1    1    1    2    2    2    1    2    1    3    3    5    4    9   14   16   34   50  143  262  296  250   81
23   27   24   22   21   20   19   17   16   15   14   13   12   11   10    9    8    7    6    5    4    3    2    1    1    1    1    2    1    2    1    2    1    3    1    5    4    7   14   15   31   41  136  244  295  264   80
21   27   24   22   21   19   16   15   14   13   12   11   10    9    8    7    6    5    4    3    2    1    1    1    1    1    4    2    2    1    2    5    2    7   12   13   32   38  129  236  288  267   83
22   26   24   22   21   19   18   16   15   14   13   12   11   10    9    8    7    6    5    4    3    2    1    1    1    1    1    3    1    1    2    2    2    3    3    6   11   11   30   35  125  214  289  265   94
22   25   24   22   20   19   18   16   15   14   13   12   11   10    9    8    7    6    5    4    3    2    1    1    1    1    1    2    1    2    1    2    1    4    1    5   12    8   30   26  120  205  279  270   97
20   24   22   20   18   16   15   14   13   12   11   10    9    8    7    6    5    4    3    2    1    1    1    1    2    2    1    2    1    3    1    3   12   10   24   21  109  191  272  281  104
18   24   20   17   16   15   13   12   11   10    9    8    7    6    5    4    3    2    1    1    1    2    1    2    2    1    4    1    8   14   22   18   99  178  265  283  106
18   24   20   17   16   15   13   12   11   10    9    8    7    6    5    4    3    2    1    1    1    2    1    2    1    2    2    3    5   15   19   21   88  162  268  272  115
18   23   19   17   16   15   13   12   11   10    9    8    7    6    5    4    3    2    1    1    1    2    1    1    1    2    2    4    4   12   19   15   77  155  251  271  127
16   22   19   17   16   15   12   10    9    8    7    6    5    4    3    2    1    1    1    1    1    2    3    4    4   10   17   16   67  139  241  272  133
16   21   17   16   15   14   12   10    9    8    7    6    5    4    3    2    1    1    2    1    1    1    3    4    3    8   15   17   60  139  224  275  132
17   19   17   16   15   14   12   11   10    9    8    7    6    5    4    3    2    1    1    1    1    2    1    1    2    4    2    8   14   17   52  127  207  272  137
15   19   16   14   12   11   10    9    8    7    6    5    4    3    2    1    1    1    2    2    2    2    3    7   12   18   46  122  186  272  140
16   19   15   14   13   12   11   10    9    8    7    6    5    4    3    2    1    1    1    1    1    1    3    2    3    4   10   16   44  113  180  263  139
14   19   14   12   11   10    9    8    7    6    5    4    3    2    1    1    2    2    3    2    2    4    9   15   38  109  167  265  136
14   18   13   12   11   10    9    8    7    6    5    4    3    2    1    1    2    1    2    3    3    4    9   12   38   96  160  261  134
14   18   13   12   11   10    9    8    7    6    5    4    3    2    1    1    2    1    1    4    3    2    8   11   34   90  149  245  137
14   18   13   12   11   10    9    8    7    6    5    4    3    2    1    1    1    2    1    2    3    2    7    9   35   73  145  235  144
14   18   13   12   11   10    9    8    7    6    5    4    3    2    1    1    1    1    1    1    1    4    6    9   31   56  140  223  142
13   18   13   11   10    9    8    7    6    5    4    3    2    1    1    1    2    1    1    4    4   11   24   52  128  219  138
12   18   13   11    9    8    7    6    5    4    3    2    1    1    1    1    3    3    4   10   19   47  113  210  133
12   17   12   10    9    8    7    6    5    4    3    2    1    1    1    1    1    2    4    9   18   42   97  195  125
11   17   12   10    8    7    6    5    4    3    2    1    1    1    1    2    2    9   14   37   80  180  121
11   17   12   10    8    7    6    5    4    3    2    1    1    1    1    1    2    8    9   24   63  160  105
11   17   12   10    8    7    6    5    4    3    2    1    1    1    1    1    2    7    9   23   54  136   92
11   16   10    9    8    7    6    5    4    3    2    1    1    1    1    1    1    7    9   20   46  131   87
10   16   10    9    8    6    5    4    3    2    1    1    1    1    1    6    9   17   42  106   80
10   15    9    8    7    6    5    4    3    2    1    1    1    1    1    5    9   15   34   96   72
 9   14    9    8    6    5    4    3    2    1    1    1    1    5    8   14   29   84   62
 9   14    9    7    6    5    4    3    2    1    1    1    1    5    5   13   28   73   53
 8   14    9    6    5    4    3    2    1    1    1    3    6   12   20   54   45
 8   12    8    6    5    4    3    2    1    1    1    1    3    8   13   35   26
 8   11    8    6    5    4    3    2    1    1    1    1    2    7   13   32   24
 7    8    6    5    4    3    2    1    2    1    1    4    8   19   19
 7    8    6    5    4    3    2    1    1    2    1    4    8   17   19
 6    6    5    4    3    2    1    1    2    3    6   15   14
 4    4    3    2    1    2    4    6    8
 4    4    3    2    1    2    2    3    8
 4    4    3    2    1    2    2    3    8
 3    3    2    1    2    4    4
 3    4    2    1    1    4    4
 3    4    2    1    1    4    4
 3    4    2    1    1    3    4
 3    4    2    1    1    2    4
 3    3    2    1    1    1    3
 2    2    1    2    2
 2    2    1    2    2
