# n  list(x)  list(y)
 6    8    7    6    5    4    3  666 1032  549  168   83    2
 6    8    7    6    5    4    3  611  987  596  191   86    4
 6    8    7    6    5    4    3  562  955  610  226   88    9
 6    8    7    6    5    4    3  502  940  625  251   94   13
 8    8    7    6    5    4    3    2    1  462  896  656  271   97   16    1    1
 8    8    7    6    5    4    3    2    1  415  870  675  277  114   22    1    1
 8    8    7    6    5    4    3    2    1  378  811  700  313  117   29    1    1
 8    8    7    6    5    4    3    2    1  338  778  700  352  122   33    1    1
 8    8    7    6    5    4    3    2    1  306  734  712  372  135   39    1    1
 8    8    7    6    5    4    3    2    1  272  697  722  388  146   48    1    1
 8    8    7    6    5    4    3    2    1  253  641  727  412  163   52    1    1
 8    8    7    6    5    4    3    2    1  233  617  707  423  183   57    4    1
 8    8    7    6    5    4    3    2    1  212  575  706  445  196   61    4    1
 8    8    7    6    5    4    3    2    1  203  549  670  453  222   71    6    1
 8    8    7    6    5    4    3    2    1  179  521  655  475  228   83    8    1
 8    8    7    6    5    4    3    2    1  160  495  646  484  239   89   10    2
 8    8    7    6    5    4    3    2    1  150  443  643  493  259   98   12    2
 8    8    7    6    5    4    3    2    1  139  412  627  506  268  101   21    1
 8    8    7    6    5    4    3    2    1  117  387  605  516  295  105   23    2
 8    8    7    6    5    4    3    2    1  102  355  609  517  294  120   26    2
 8    8    7    6    5    4    3    2    1   91  331  588  523  306  126   31    4
 8    8    7    6    5    4    3    2    1   79  309  581  523  309  132   38    4
 8    8    7    6    5    4    3    2    1   73  282  564  525  312  149   40    4
 8    8    7    6    5    4    3    2    1   67  268  546  502  332  161   43    5
 8    8    7    6    5    4    3    2    1   60  254  514  503  342  171   49    6
 8    8    7    6    5    4    3    2    1   51  233  497  500  356  177   54    6
 8    8    7    6    5    4    3    2    1   46  212  478  494  368  186   59    6
 8    8    7    6    5    4    3    2    1   43  193  448  485  384  199   63    9
 8    8    7    6    5    4    3    2    1   34  179  425  487  383  217   65    9
 8    8    7    6    5    4    3    2    1   32  160  399  487  394  229   61   12
 8    8    7    6    5    4    3    2    1   29  147  389  462  398  247   63   14
 8    8    7    6    5    4    3    2    1   25  141  360  454  398  261   68   16
 8    8    7    6    5    4    3    2    1   22  130  334  448  396  275   77   17
 8    8    7    6    5    4    3    2    1   12  130  308  442  398  277   89   17
 8    8    7    6    5    4    3    2    1   11  111  292  439  393  290   94   18
 8    8    7    6    5    4    3    2    1   11   99  270  424  395  303  101   20
 8    8    7    6    5    4    3    2    1   11   94  242  404  405  301  116   25
 8    8    7    6    5    4    3    2    1    8   84  228  385  402  307  131   28
 8    8    7    6    5    4    3    2    1    7   75  214  368  401  309  138   36
 8    8    7    6    5    4    3    2    1    6   63  199  353  402  315  140   45
 8    8    7    6    5    4    3    2    1    5   58  185  341  378  333  147   50
 8    8    7    6    5    4    3    2    1    5   52  171  326  371  333  160   51
 8    8    7    6    5    4    3    2    1    5   47  156  306  367  335  172   50
 8    8    7    6    5    4    3    2    1    3   44  141  293  365  338  173   55
 8    8    7    6    5    4    3    2    1    2   39  129  279  364  330  184   58
 8    8    7    6    5    4    3    2    1    2   34  116  259  364  324  196   63
 8    8    7    6    5    4    3    2    1    2   26  115  246  349  331  198   67
 8    8    7    6    5    4    3    2    1    1   26  100  234  333  333  209   73
 8    8    7    6    5    4    3    2    1    1   22   82  215  339  325  222   74
 7    7    6    5    4    3    2    1   20   73  201  327  322  229   83
 7    7    6    5    4    3    2    1   18   60  195  309  329  230   86
 7    7    6    5    4    3    2    1   14   56  186  281  335  227   87
 7    7    6    5    4    3    2    1   13   50  172  274  318  219   95
 7    7    6    5    4    3    2    1   10   43  164  269  309  222   97
 7    7    6    5    4    3    2    1   10   33  149  255  307  227  102
 7    7    6    5    4    3    2    1    5   21   97  199  213  192   83
 7    7    6    5    4    3    2    1    5   18   82  195  200  199   89
 7    7    6    5    4    3    2    1    5   14   71  169  208  207   90
 7    7    6    5    4    3    2    1    1    8   39  113  123  126   67
 7    7    6    5    4    3    2    1    1    7   34  107  116  130   65
 6    6    5    4    3    2    1    8   17   51   54   56   19
 7    7    6    5    4    3    2    1    1    5   11   34   58   45   16
 6    6    5    4    3    2    1    6   11   36   43   40   14
 6    6    5    4    3    2    1    5   10   27   50   37   16
 6    6    5    4    3    2    1    5   10   27   47   36   15
 6    6    5    4    3    2    1    4   11   25   45   36   16
 6    6    5    4    3    2    1    3    9   23   49   34   16
 6    6    5    4    3    2    1    2    8   20   50   34   16
 6    6    5    4    3    2    1    2    8   17   51   34   17
 6    6    5    4    3    2    1    2    8   17   47   33   17
 6    6    5    4    3    2    1    2    5   13   31   38   18
 6    6    5    4    3    2    1    2    5   10   30   38   19
 6    6    5    4    3    2    1    1    4   12   27   39   19
 6    6    5    4    3    2    1    1    3    6   19   30   12
 5    5    4    3    2    1    1    8   13   12    6
 5    5    4    3    2    1    1    8   13   12    6
 5    5    4    3    2    1    1    7   14   11    5
 5    5    4    3    2    1    1    4   13   11    6
 5    5    4    3    2    1    1    4   11   11    6
 5    5    4    3    2    1    1    4   11   11    6
 5    5    4    3    2    1    1    3   10    8    5
 4    4    3    2    1    3    5    8    3
 4    4    3    2    1    3    4    9    2
 3    3    2    1    5    9    3
 3    3    2    1    3    9    3
 3    3    2    1    2   10    2
 3    3    2    1    1    5    1
 3    3    2    1    3    3    1
 3    3    2    1    3    3    1
 3    3    2    1    3    3    1
 2    2    1    3    2
 2    2    1    2    2
 2    2    1    2    2
 2    2    1    1    2
 2    2    1    1    2
 2    2    1    1    2
 2    2    1    1    2
 2    2    1    1    2
