# n  list(x)  list(y)
16    4    5    6    7    8    9   10   11   12   13   14   15   16   17   18   19    1  102  581  606  432  318  181  114   81   31   24   13    8    3    4    1
16    4    5    6    7    8    9   10   11   12   13   14   15   16   17   18   19    4  129  585  595  419  309  162  117   74   31   22   13    8    3    3    1
17    3    4    5    6    7    8    9   10   11   12   13   14   15   16   17   18   19    1    7  160  592  585  393  295  161  106   73   30   20   14    7    2    3    1
17    3    4    5    6    7    8    9   10   11   12   13   14   15   16   17   18   19    1   18  174  598  569  394  277  154   98   68   28   20   16    4    2    3    1
17    3    4    5    6    7    8    9   10   11   12   13   14   15   16   17   18   19    3   27  204  576  560  383  269  150   97   63   23   21   14    4    3    2    1
17    3    4    5    6    7    8    9   10   11   12   13   14   15   16   17   18   19    5   36  229  574  540  365  259  149   91   62   22   21   12    5    3    1    1
17    3    4    5    6    7    8    9   10   11   12   13   14   15   16   17   18   19    6   45  251  571  526  352  248  144   92   53   24   19    9    7    1    1    1
17    3    4    5    6    7    8    9   10   11   12   13   14   15   16   17   18   19    6   50  274  576  509  339  238  137   89   48   22   20    8    6    1    1    1
17    3    4    5    6    7    8    9   10   11   12   13   14   15   16   17   18   19    7   68  278  574  498  335  230  130   80   48   21   15    8    5    1    1    1
16    3    4    5    6    7    8    9   10   11   12   13   14   15   16   17   19   11   85  284  584  484  321  209  126   72   50   19   14    8    5    2    1
17    2    3    4    5    6    7    8    9   10   11   12   13   14   15   16   17   19    1   15   88  301  594  455  302  205  125   71   45   20   12   10    3    2    1
17    2    3    4    5    6    7    8    9   10   11   12   13   14   15   16   17   18    1   17  104  314  587  435  298  191  120   71   41   22   11    8    2    2    1
17    2    3    4    5    6    7    8    9   10   11   12   13   14   15   16   17   18    2   24  112  326  571  424  290  187  117   63   42   20    9    8    2    2    1
17    2    3    4    5    6    7    8    9   10   11   12   13   14   15   16   17   18    6   25  127  343  555  402  294  174  113   58   37   21    9    6    3    1    1
18    1    2    3    4    5    6    7    8    9   10   11   12   13   14   15   16   17   18    1    7   28  139  367  540  393  283  157  108   54   34   21   10    4    2    1    1
17    1    2    3    4    5    6    7    8    9   10   11   12   13   14   15   16   18    1    9   34  139  374  544  383  270  151   97   51   36   18   10    4    2    1
17    1    2    3    4    5    6    7    8    9   10   11   12   13   14   15   16   18    1   10   41  154  378  539  359  263  144   95   47   36   17   10    3    1    1
17    1    2    3    4    5    6    7    8    9   10   11   12   13   14   15   16   17    2   11   46  185  393  508  347  256  133   89   47   31   12    9    3    1    1
17    1    2    3    4    5    6    7    8    9   10   11   12   13   14   15   16   17    2   12   56  201  394  492  339  240  131   82   46   28   13    9    2    1    1
17    1    2    3    4    5    6    7    8    9   10   11   12   13   14   15   16   17    2   12   67  203  415  487  324  216  128   80   44   25    9    8    2    1    1
16    1    2    3    4    5    6    7    8    9   10   11   12   13   14   15   17    2   17   76  213  417  466  313  211  126   74   39   25    9    7    3    1
16    1    2    3    4    5    6    7    8    9   10   11   12   13   14   15   17    3   17   83  231  423  447  300  204  119   68   39   22    7    7    3    1
16    1    2    3    4    5    6    7    8    9   10   11   12   13   14   15   17    3   21   92  243  413  447  278  200  117   60   38   20    7    6    3    1
16    1    2    3    4    5    6    7    8    9   10   11   12   13   14   15   17    4   27   98  250  423  418  276  201  101   59   37   14    7    5    3    1
16    1    2    3    4    5    6    7    8    9   10   11   12   13   14   15   17    5   33  105  262  417  407  268  186   96   59   33   15    6    3    3    1
16    1    2    3    4    5    6    7    8    9   10   11   12   13   14   15   17    6   35  112  275  412  402  254  172   89   59   32   14    6    3    2    1
16    1    2    3    4    5    6    7    8    9   10   11   12   13   14   15   17    6   40  120  273  407  396  247  165   82   59   33    9    6    3    2    1
16    1    2    3    4    5    6    7    8    9   10   11   12   13   14   15   17    6   40  138  281  400  395  225  159   77   55   30    9    5    1    2    1
16    1    2    3    4    5    6    7    8    9   10   11   12   13   14   15   16    4   45  151  281  404  380  226  144   73   49   27    8    3    1    2    1
16    1    2    3    4    5    6    7    8    9   10   11   12   13   14   15   16    6   53  157  287  402  366  211  142   68   42   26    8    2    1    2    1
16    1    2    3    4    5    6    7    8    9   10   11   12   13   14   15   16    9   56  166  298  394  352  207  131   59   46   18    7    2    2    1    1
16    1    2    3    4    5    6    7    8    9   10   11   12   13   14   15   16   10   58  178  306  385  339  200  116   62   41   16    7    2    2    1    1
15    1    2    3    4    5    6    7    8    9   10   11   12   13   14   15   10   62  182  310  391  313  200  109   59   35   16    6    2    2    2
15    1    2    3    4    5    6    7    8    9   10   11   12   13   14   15   14   65  191  316  377  298  202  100   53   32   15    6    1    3    1
15    1    2    3    4    5    6    7    8    9   10   11   12   13   14   15   18   68  198  313  372  285  203   87   50   32   15    3    1    3    1
15    1    2    3    4    5    6    7    8    9   10   11   12   13   14   15   21   73  205  318  359  274  192   86   47   27   14    3    1    3    1
15    1    2    3    4    5    6    7    8    9   10   11   12   13   14   15   22   77  211  319  347  269  186   80   41   29   10    2    2    2    1
15    1    2    3    4    5    6    7    8    9   10   11   12   13   14   15   23   84  221  318  346  266  163   72   37   26   10    2    1    2    1
14    1    2    3    4    5    6    7    8    9   10   11   12   13   14   22   92  231  312  341  255  151   69   34   25    7    2    2    2
14    1    2    3    4    5    6    7    8    9   10   11   12   13   14   23   98  232  324  326  244  144   64   30   24    5    2    2    2
13    1    2    3    4    5    6    7    8    9   10   11   12   14   26  105  234  326  317  234  135   56   29   23    3    4    2
13    1    2    3    4    5    6    7    8    9   10   11   12   14   27  112  240  318  313  223  128   50   27   21    3    5    1
13    1    2    3    4    5    6    7    8    9   10   11   12   14   31  118  234  316  315  203  122   51   25   18    3    5    1
13    1    2    3    4    5    6    7    8    9   10   11   12   14   32  130  230  316  306  190  116   49   24   15    4    4    1
13    1    2    3    4    5    6    7    8    9   10   11   12   13   34  134  238  319  294  174  111   45   21   12    5    3    1
13    1    2    3    4    5    6    7    8    9   10   11   12   13   39  139  238  309  290  160  107   42   23    9    4    3    1
13    1    2    3    4    5    6    7    8    9   10   11   12   13   42  144  245  307  275  150  101   36   22   11    2    3    1
12    1    2    3    4    5    6    7    8    9   10   11   12   45  145  250  310  254  151   87   34   25    8    1    4
12    1    2    3    4    5    6    7    8    9   10   11   12   49  147  262  294  253  135   81   33   23    7    2    3
12    1    2    3    4    5    6    7    8    9   10   11   12   53  153  264  282  248  128   78   27   20    7    1    3
11    1    2    3    4    5    6    7    8    9   10   12   57  149  272  292  226  115   77   22   16    6    3
12    1    2    3    4    5    6    7    8    9   10   11   12   62  152  283  278  222  103   69   20   13    5    1    2
12    1    2    3    4    5    6    7    8    9   10   11   12   63  157  280  271  214   97   65   17   11    5    1    2
12    1    2    3    4    5    6    7    8    9   10   11   12   63  166  280  270  197   92   53   15   10    4    1    2
11    1    2    3    4    5    6    7    8    9   10   11   65  176  278  266  183   84   45   15    8    4    1
11    1    2    3    4    5    6    7    8    9   10   11   72  174  285  254  176   72   41   15    7    3    1
10    1    2    3    4    5    6    7    8    9   10   82  178  276  243  166   66   37   15    5    4
10    1    2    3    4    5    6    7    8    9   10   86  180  277  228  159   57   34   16    4    2
10    1    2    3    4    5    6    7    8    9   10   91  193  270  217  146   52   32   13    3    2
10    1    2    3    4    5    6    7    8    9   10   93  194  268  207  135   47   29   12    3    1
10    1    2    3    4    5    6    7    8    9   10  104  200  257  193  132   45   20   10    1    1
10    1    2    3    4    5    6    7    8    9   10  111  206  253  176  123   42   16    8    1    1
10    1    2    3    4    5    6    7    8    9   10  114  212  244  171  105   41   14    7    1    1
 9    1    2    3    4    5    6    7    8    9  114  215  228  167   93   37   11    5    2
 9    1    2    3    4    5    6    7    8    9  118  222  221  156   81   30   11    5    1
 9    1    2    3    4    5    6    7    8    9  125  225  209  148   70   24    7    4    1
 9    1    2    3    4    5    6    7    8    9  131  211  193  143   69   16    6    3    1
 8    1    2    3    4    5    6    7    8  130  209  188  129   65   12    5    3
 8    1    2    3    4    5    6    7    8  132  196  189  119   57   13    4    1
 7    1    2    3    4    5    6    7  130  199  179  116   52    7    3
 7    1    2    3    4    5    6    7  139  190  166  108   43    8    2
 7    1    2    3    4    5    6    7  140  181  162   95   42    5    2
 7    1    2    3    4    5    6    7  142  178  154   80   36    3    2
 7    1    2    3    4    5    6    7  129  182  133   68   27    3    1
 7    1    2    3    4    5    6    7  122  175  115   58   24    2    1
 6    1    2    3    4    5    6  121  156  108   50   19    3
 6    1    2    3    4    5    6  120  145   94   38   14    2
 6    1    2    3    4    5    6  116  127   88   34   12    1
 6    1    2    3    4    5    6  102  112   80   28   10    1
 6    1    2    3    4    5    6   80   87   58   22    8    1
 6    1    2    3    4    5    6   64   72   48   15    4    1
 6    1    2    3    4    5    6   48   53   37   10    3    1
 6    1    2    3    4    5    6   42   48   27    9    1    1
 5    1    2    3    4    5   32   46   21    8    1
 4    1    2    3    4   24   45   16    7
 4    1    2    3    4   10   19    6    2
 4    1    2    3    4    9   17    7    1
 4    1    2    3    4    8   17    6    1
 3    1    2    3    4    8    4
 3    1    2    3    3    8    3
 3    1    2    3    3    7    3
 3    1    2    3    2    3    2
 3    1    2    3    3    2    1
 3    1    2    3    3    2    1
 3    1    2    3    3    2    1
 3    1    2    3    3    1    1
 3    1    2    3    3    1    1
 2    1    2    2    2
 2    1    2    2    1
