# n  list(x)  list(y)
15    4    5    6    7    8    9   10   11   12   13   14   15   16   17   18    4   99  473  595  501  379  227  132   56   19    7    4    1    2    1
15    4    5    6    7    8    9   10   11   12   13   14   15   16   17   18    9  122  484  581  488  371  217  124   47   18    6    4    1    2    1
16    3    4    5    6    7    8    9   10   11   12   13   14   15   16   17   18    1   17  146  487  573  474  357  203  118   43   17    7    3    2    1    1
15    3    4    5    6    7    8    9   10   11   12   13   14   15   16   17    2   26  156  490  561  460  350  200  109   42   16    8    1    3    1
15    3    4    5    6    7    8    9   10   11   12   13   14   15   16   17    5   39  177  496  548  437  346  183  104   41   13    6    2    2    1
15    3    4    5    6    7    8    9   10   11   12   13   14   15   16   17    7   48  199  491  534  425  332  185   96   36   13    4    2    2    1
16    2    3    4    5    6    7    8    9   10   11   12   13   14   15   16   17    1    7   56  214  489  540  420  300  184   88   31   11    4    3    1    1
15    2    3    4    5    6    7    8    9   10   11   12   13   14   15   17    1   11   65  229  500  528  401  284  180   77   30   11    4    3    1
15    2    3    4    5    6    7    8    9   10   11   12   13   14   15   17    1   11   77  249  504  522  378  278  166   72   27    7    5    2    1
15    2    3    4    5    6    7    8    9   10   11   12   13   14   15   16    2   15   88  271  492  510  372  260  160   66   25    6    5    2    1
15    2    3    4    5    6    7    8    9   10   11   12   13   14   15   16    3   15  104  275  503  497  361  250  147   59   24    4    5    2    1
15    2    3    4    5    6    7    8    9   10   11   12   13   14   15   16    5   18  114  291  506  478  353  236  135   56   22    5    3    2    1
15    2    3    4    5    6    7    8    9   10   11   12   13   14   15   16    6   20  126  304  505  467  343  233  114   52   19    7    2    1    1
15    2    3    4    5    6    7    8    9   10   11   12   13   14   15   16    7   23  131  316  514  454  321  229  102   48   20    7    1    1    1
14    2    3    4    5    6    7    8    9   10   11   12   13   15   16    8   31  134  333  507  440  310  215  100   44   18    8    1    1
14    2    3    4    5    6    7    8    9   10   11   12   13   14   16    8   37  145  341  502  426  308  197   92   45   14    8    1    1
14    2    3    4    5    6    7    8    9   10   11   12   13   14   15    9   39  159  352  497  409  306  186   81   39   15    6    1    1
14    2    3    4    5    6    7    8    9   10   11   12   13   14   15    9   44  167  362  491  408  297  167   73   36   13    6    1    1
14    2    3    4    5    6    7    8    9   10   11   12   13   14   15   12   52  175  372  485  396  291  150   66   31   14    4    1    1
14    2    3    4    5    6    7    8    9   10   11   12   13   14   15   12   60  188  375  480  393  265  146   56   31   13    4    1    1
13    2    3    4    5    6    7    8    9   10   11   12   13   15   13   65  200  385  476  374  259  132   50   31   10    4    1
14    1    2    3    4    5    6    7    8    9   10   11   12   13   15    1   14   75  212  393  459  359  254  118   48   27   10    4    1
14    1    2    3    4    5    6    7    8    9   10   11   12   13   15    1   15   81  219  404  453  359  233  112   38   21   12    1    1
13    1    2    3    4    5    6    7    8    9   10   11   12   15    1   19   89  230  410  437  343  230   99   37   19   10    1
13    1    2    3    4    5    6    7    8    9   10   11   12   15    2   18  105  241  402  421  336  218   92   36   18   10    1
13    1    2    3    4    5    6    7    8    9   10   11   12   15    3   21  110  253  396  417  329  203   85   34   14    9    1
13    1    2    3    4    5    6    7    8    9   10   11   12   15    3   21  120  264  384  415  310  199   81   31   13    8    1
13    1    2    3    4    5    6    7    8    9   10   11   12   14    4   24  130  271  398  400  295  177   78   29   11    7    1
13    1    2    3    4    5    6    7    8    9   10   11   12   14    4   38  129  281  396  393  278  166   72   25   11    6    1
13    1    2    3    4    5    6    7    8    9   10   11   12   14    4   44  142  279  401  373  267  164   65   23    7    5    1
13    1    2    3    4    5    6    7    8    9   10   11   12   14    6   46  149  299  392  368  253  142   64   19    6    5    1
13    1    2    3    4    5    6    7    8    9   10   11   12   14    6   50  160  302  390  360  238  134   56   17    6    4    1
13    1    2    3    4    5    6    7    8    9   10   11   12   14    7   56  166  324  382  347  224  120   46   16    7    3    1
13    1    2    3    4    5    6    7    8    9   10   11   12   14    9   63  181  318  382  330  213  110   43   14    8    2    1
13    1    2    3    4    5    6    7    8    9   10   11   12   14   11   74  182  314  377  314  211  100   46   11    7    1    1
13    1    2    3    4    5    6    7    8    9   10   11   12   14   11   74  194  311  386  302  191   97   40   10    6    1    1
12    1    2    3    4    5    6    7    8    9   10   11   14   13   83  189  325  384  284  183   83   38    9    7    1
12    1    2    3    4    5    6    7    8    9   10   11   14   13   85  204  326  378  277  162   77   35   10    6    1
12    1    2    3    4    5    6    7    8    9   10   11   13   14   95  215  328  371  265  144   67   35    7    6    1
12    1    2    3    4    5    6    7    8    9   10   11   13   16   96  235  328  375  240  129   62   29    8    5    1
12    1    2    3    4    5    6    7    8    9   10   11   13   17  109  229  334  368  223  120   57   27    9    4    1
12    1    2    3    4    5    6    7    8    9   10   11   13   31  112  237  337  344  206  115   55   23    9    3    1
12    1    2    3    4    5    6    7    8    9   10   11   13   38  112  248  341  337  183  104   50   23    9    1    1
12    1    2    3    4    5    6    7    8    9   10   11   13   40  118  253  342  321  176   94   49   20    6    1    1
11    1    2    3    4    5    6    7    8    9   10   13   43  123  269  330  315  158   86   46   18    6    1
11    1    2    3    4    5    6    7    8    9   10   13   48  122  284  330  293  150   82   38   18    4    1
11    1    2    3    4    5    6    7    8    9   10   13   47  130  301  325  268  142   79   33   14    3    1
11    1    2    3    4    5    6    7    8    9   10   13   49  140  294  338  243  136   72   32    9    3    1
11    1    2    3    4    5    6    7    8    9   10   12   53  143  304  315  239  129   64   31    8    2    1
11    1    2    3    4    5    6    7    8    9   10   12   57  151  304  315  225  118   54   30    6    2    1
11    1    2    3    4    5    6    7    8    9   10   12   58  154  317  293  219  113   49   27    5    2    1
11    1    2    3    4    5    6    7    8    9   10   12   59  169  318  274  209  102   51   21    5    2    1
11    1    2    3    4    5    6    7    8    9   10   12   60  172  320  263  204   96   44   16    4    2    1
11    1    2    3    4    5    6    7    8    9   10   12   60  190  309  253  198   82   42   15    3    2    1
11    1    2    3    4    5    6    7    8    9   10   12   71  197  296  244  191   72   43   10    3    2    1
11    1    2    3    4    5    6    7    8    9   10   12   77  206  291  234  175   68   37    8    2    2    1
10    1    2    3    4    5    6    7    8    9   11   83  202  285  220  168   71   27    8    2    1
10    1    2    3    4    5    6    7    8    9   11   90  209  277  212  155   67   19    8    2    1
10    1    2    3    4    5    6    7    8    9   11   92  209  275  214  135   63   17    6    2    1
 9    1    2    3    4    5    6    7    8   10  100  212  263  206  126   58   17    7    1
 9    1    2    3    4    5    6    7    8   10  101  216  263  198  108   55   14    6    1
 9    1    2    3    4    5    6    7    8   10  110  215  264  185   92   54   10    5    1
 9    1    2    3    4    5    6    7    8   10  117  215  261  166   93   46    9    5    1
 9    1    2    3    4    5    6    7    8   10  120  224  249  157   81   38   10    3    1
 9    1    2    3    4    5    6    7    8   10  113  211  226  145   71   33   10    3    1
 9    1    2    3    4    5    6    7    8   10  121  216  208  141   59   33    8    2    1
 9    1    2    3    4    5    6    7    8   10  126  210  201  136   51   32    8    1    1
 8    1    2    3    4    5    6    7    8  132  204  199  121   49   24    8    1
 8    1    2    3    4    5    6    7    8  135  194  191  105   41   24    7    1
 7    1    2    3    4    5    6    7  127  197  173   99   38   18    4
 7    1    2    3    4    5    6    7  118  175  149   89   32   16    3
 7    1    2    3    4    5    6    7  112  162  128   73   25   13    1
 7    1    2    3    4    5    6    7  101  144  123   56   21   11    1
 7    1    2    3    4    5    6    7   54   79   61   19   12    4    1
 6    1    2    3    4    5    6   50   63   56   18   10    4
 6    1    2    3    4    5    6   41   49   45   13    8    2
 6    1    2    3    4    5    6   36   40   42    9    8    2
 6    1    2    3    4    5    6   31   35   35    7    6    2
 6    1    2    3    4    5    6   21   22   27    5    6    2
 6    1    2    3    4    5    6   20   19   25    6    5    2
 6    1    2    3    4    5    6   18   21   22    7    2    2
 6    1    2    3    4    5    6   18   24   19    4    1    1
 5    1    2    3    4    6    8   18    8    2    1
 5    1    2    3    4    5    7    8    2    4    1
 5    1    2    3    4    5    7    8    2    4    1
 5    1    2    3    4    5    7    8    2    4    1
 5    1    2    3    4    5    6    6    3    3    1
 4    1    2    3    4    5    6    3    3
 3    1    2    3    3    8    1
 3    1    2    3    3    5    3
 3    1    2    3    3    5    3
 3    1    2    3    2    6    2
 1    2    7
 2    1    2    2    3
 2    1    2    2    3
 2    1    2    2    3
 2    1    2    2    3
 2    1    2    2    1
