# n  list(x)  list(y)
31   43   40   34   33   32   30   28   27   26   25   24   23   22   21   20   19   18   17   16   15   14   13   12   11   10    9    8    7    6    5    4    1    1    1    2    3    2    1    4    1    1    3    6    4    7   15   16    9   18   24   23   34   55   43   66  120  166  203  418 1090  159    4
32   43   40   33   32   31   30   29   27   26   25   24   23   22   21   20   19   18   17   16   15   14   13   12   11   10    9    8    7    6    5    4    3    1    1    2    2    2    1    1    2    4    1    2    6    5    6   11   17   10   14   24   25   28   57   42   62  119  151  205  403 1028  231   11    1
32   42   40   33   32   31   30   28   27   26   25   24   23   22   21   20   19   18   17   16   15   14   13   12   11   10    9    8    7    6    5    4    3    1    1    1    3    2    1    1    2    2    3    1    4    8    5   10   17   11   12   20   29   24   51   46   65  108  150  197  394  988  271   20    2
31   41   39   33   32   31   30   27   26   25   24   23   22   21   20   19   18   17   16   15   14   13   12   11   10    9    8    7    6    5    4    3    1    1    1    3    2    1    1    4    3    1    3    7    5    8   16   13   14   14   33   24   47   47   58  100  149  195  381  941  316   33    3
31   39   33   32   31   28   27   26   25   24   23   22   21   20   19   18   17   16   15   14   13   12   11   10    9    8    7    6    5    4    3    2    1    1    2    3    1    1    3    3    1    2    5    8    6   15   14   12   16   30   23   45   49   55   89  151  189  373  908  338   49    6    1
32   39   33   32   31   30   28   27   26   25   24   23   22   21   20   19   18   17   16   15   14   13   12   11   10    9    8    7    6    5    4    3    2    1    1    2    2    1    1    1    3    2    1    2    5    7    6   12   15   10   16   29   25   39   52   53   79  145  198  350  854  383   72    7    1
33   38   33   32   31   30   29   28   27   26   25   24   23   22   21   20   19   18   17   16   15   14   13   12   11   10    9    8    7    6    5    4    3    2    1    1    1    2    1    1    1    1    2    3    1    1    3    8    7    8   16   10   14   27   30   31   56   49   68  145  195  336  811  427   84    8    1
31   38   32   31   30   28   27   26   25   24   23   22   21   20   19   18   17   16   15   14   13   12   11   10    9    8    7    6    5    4    3    1    1    2    1    2    1    1    2    4    1    1    3    7    6    9   16   11   13   21   31   32   50   46   71  143  187  326  775  451   98   12    1
31   38   32   31   30   28   27   26   25   24   23   22   21   20   19   18   17   16   15   14   13   12   11   10    9    8    7    6    5    4    3    1    1    2    1    2    1    1    2    2    2    2    2    8    4    8   18    9   16   16   32   30   49   38   79  130  190  307  731  477  125   14    1
32   37   32   31   30   29   28   27   26   25   23   22   21   20   19   18   17   16   15   14   13   12   11   10    9    8    7    6    5    4    3    2    1    1    1    2    1    1    1    1    1    2    3    2    7    3    5   20    8   17   15   30   31   49   34   79  122  179  289  707  498  140   24    1    1
32   37   32   31   30   29   28   26   25   24   23   22   21   20   19   18   17   16   15   14   13   12   11   10    9    8    7    6    5    4    3    2    1    1    1    2    1    1    1    2    1    1    3    1    7    3    5   18    7   18   14   26   30   47   34   75  115  179  277  664  534  154   26    1    1
29   37   31   30   29   28   26   25   24   22   21   20   19   18   17   16   15   14   13   12   11   10    9    8    7    6    5    4    3    2    1    2    2    1    1    2    1    1    3    6    3    4   14   10   13   20   26   25   46   36   69  113  167  279  631  544  173   28    3
28   36   31   30   29   28   26   24   22   21   20   19   18   17   16   15   14   13   12   11   10    9    8    7    6    5    4    3    2    1    2    1    1    1    3    2    2    4    3    4   10   12   13   21   25   23   41   38   65  107  158  265  615  544  197   37    4
30   36   31   30   29   27   26   25   24   23   22   21   20   19   18   17   16   15   14   13   12   11   10    9    8    7    6    5    4    3    2    1    1    1    2    1    1    1    2    1    2    4    1    3    9   14    9   22   25   22   39   38   62  104  154  251  596  550  212   42    4
29   36   31   30   29   27   26   24   23   22   21   20   19   18   17   16   15   14   13   12   11   10    9    8    7    6    5    4    3    2    1    1    1    2    1    1    3    1    1    4    1    4    8   12   11   18   30   20   38   35   62  100  155  238  573  541  234   47    6
27   35   31   29   27   26   24   23   21   20   19   18   17   16   15   14   13   12   11   10    9    8    7    6    5    4    3    2    1    1    3    1    1    2    2    4    1    5    8   10   13   15   26   26   31   37   58   95  150  221  567  526  256   55    9
27   34   30   28   27   26   23   22   21   20   19   18   17   16   15   14   13   12   11   10    9    8    7    6    5    4    3    2    1    1    3    1    1    2    2    3    2    3    6   10   14   12   26   25   31   37   52   93  145  205  550  537  263   62   12
27   33   30   28   27   26   23   22   21   20   19   18   17   16   15   14   13   12   11   10    9    8    7    6    5    4    3    2    1    1    1    3    1    2    1    3    3    3    3   11   14   12   26   23   31   32   55   91  138  198  524  533  276   74   14
27   32   29   27   26   25   23   22   21   20   19   18   17   16   15   14   13   12   11   10    9    8    7    6    5    4    3    2    1    1    2    2    1    1    2    2    2    4    3    8   13   13   20   24   31   28   56   87  133  186  502  544  282   85   16
28   32   29   27   26   24   23   22   21   20   19   18   17   16   15   14   13   12   11   10    9    8    7    6    5    4    3    2    1    1    1    2    2    1    1    2    2    2    2    5    5   14   12   21   20   32   28   47   87  128  189  479  535  295   93   17    1
29   31   29   27   26   25   24   23   22   21   20   19   18   17   16   15   14   13   12   11   10    9    8    7    6    5    4    3    2    1    1    1    2    1    1    1    1    1    2    2    3    5    3   13   12   21   21   29   29   43   82  123  181  453  536  299  112   20    1
27   31   29   26   25   23   22   21   20   19   18   17   16   15   14   13   12   11   10    9    8    7    6    5    4    3    2    1    1    1    2    2    1    2    1    3    3    3    5   11   12   18   23   26   29   40   78  123  174  426  524  327  114   23    2
26   31   26   25   23   22   21   20   19   18   17   16   15   14   13   12   11   10    9    8    7    6    5    4    3    2    1    1    3    2    1    2    1    2    2    3    5   11   11   16   16   26   31   38   74  115  167  411  526  331  123   29    2
26   31   26   25   23   22   21   20   19   18   17   16   15   14   13   12   11   10    9    8    7    6    5    4    3    2    1    1    3    1    1    3    1    1    2    3    6    8   12   14   18   22   30   39   68  105  165  392  517  339  133   35    5
25   29   26   24   23   22   20   19   18   17   16   15   14   13   12   11   10    9    8    7    6    5    4    3    2    1    1    3    1    1    3    2    2    3    5    9   12   13   15   23   28   37   66  104  159  365  506  352  148   36    5
25   28   26   25   23   22   20   19   18   17   16   15   14   13   12   11   10    9    8    7    6    5    4    3    2    1    1    2    1    1    4    2    1    4    4    8   11   14   15   19   30   36   59   99  162  343  492  365  156   39    6
25   27   26   25   22   21   20   19   18   17   16   15   14   13   12   11   10    9    8    7    6    5    4    3    2    1    1    2    1    4    1    1    2    2    6    7   12   12   14   19   31   29   58   98  156  329  473  374  167   44    6
25   27   26   25   22   21   20   19   18   17   16   15   14   13   12   11   10    9    8    7    6    5    4    3    2    1    1    2    1    4    1    1    2    2    5    8    7   16   11   20   25   31   51   99  153  309  465  371  184   49    6
25   27   26   25   22   21   20   19   18   17   16   15   14   13   12   11   10    9    8    7    6    5    4    3    2    1    1    2    1    2    2    1    1    2    5    8    6   14   13   19   20   30   46   95  148  293  454  380  193   55    8
24   26   25   22   21   20   19   18   17   16   15   14   13   12   11   10    9    8    7    6    5    4    3    2    1    3    1    2    2    1    1    2    5    8    4   12   11   23   20   24   46   91  133  268  458  385  205   55   14
23   26   25   22   21   19   18   17   16   15   14   13   12   11   10    9    8    7    6    5    4    3    2    1    3    1    1    3    2    2    5    7    3   11   11   21   17   29   42   90  117  258  434  404  212   62   13
23   25   22   21   20   19   18   17   16   15   14   13   12   11   10    9    8    7    6    5    4    3    2    1    4    1    2    1    2    2    3    6    5    5   11   19   20   29   38   84  121  242  414  418  214   69   12
24   25   24   22   21   20   19   18   17   16   15   14   13   12   11   10    9    8    7    6    5    4    3    2    1    1    3    1    2    1    1    3    2    7    5    5    9   17   22   26   35   81  125  226  390  422  219   78   15
24   25   24   23   21   20   19   18   17   16   15   14   13   12   11   10    9    8    7    6    5    4    3    2    1    1    2    1    2    1    2    2    3    5    7    2   10   18   21   25   30   73  124  216  378  416  236   81   15
23   25   24   23   21   19   18   17   16   15   14   13   12   11   10    9    8    7    6    5    4    3    2    1    1    1    2    2    2    2    4    5    5    4    9   18   17   27   30   66  116  201  370  402  253   92   17
24   25   24   23   22   21   19   18   17   16   15   14   13   12   11   10    9    8    7    6    5    4    3    2    1    1    1    1    1    2    1    3    3    6    5    4    7   20   14   23   33   61  115  185  367  391  258   98   21
23   24   23   22   21   19   18   17   16   15   14   13   12   11   10    9    8    7    6    5    4    3    2    1    1    2    1    2    1    3    3    6    3    6    4   21   12   23   32   58  112  168  357  383  266  110   22
23   24   23   22   21   19   18   17   16   15   14   13   12   11   10    9    8    7    6    5    4    3    2    1    1    2    1    2    1    2    4    4    4    6    4   16   10   25   27   54  103  170  331  381  282  115   26
23   23   22   21   20   19   18   17   16   15   14   13   12   11   10    9    8    7    6    5    4    3    2    1    2    2    1    1    1    2    3    5    3    5    5   14   11   20   24   54   95  170  312  368  296  124   27
23   23   22   21   20   19   18   17   16   15   14   13   12   11   10    9    8    7    6    5    4    3    2    1    2    1    2    1    1    2    2    5    4    4    4   14   13   18   22   54   95  159  297  357  300  131   32
23   23   22   21   20   19   18   17   16   15   14   13   12   11   10    9    8    7    6    5    4    3    2    1    1    1    2    2    1    2    1    5    3    4    6   12   13   18   21   47   93  155  280  354  302  135   37
22   22   21   20   19   18   17   16   15   14   13   12   11   10    9    8    7    6    5    4    3    2    1    2    2    2    1    1    2    2    3    2    7   12   10   16   21   46   84  144  270  339  308  158   38
21   22   21   20   18   17   16   15   14   13   12   11   10    9    8    7    6    5    4    3    2    1    2    1    3    2    1    3    3    1    6   11   11   18   19   41   81  141  261  320  318  161   37
21   22   21   20   18   17   16   15   14   13   12   11   10    9    8    7    6    5    4    3    2    1    1    2    3    1    1    4    1    3    5    9   10   21   17   35   81  129  247  316  321  164   45
20   22   21   20   18   16   15   14   13   12   11   10    9    8    7    6    5    4    3    2    1    1    2    3    1    4    1    4    5    8   11   19   17   33   71  130  224  319  318  173   47
19   21   20   18   16   15   14   13   12   11   10    9    8    7    6    5    4    3    2    1    3    3    1    4    1    4    5    7   12   16   18   30   63  126  213  318  315  173   54
20   21   20   19   18   16   15   14   13   12   11   10    9    8    7    6    5    4    3    2    1    3    2    1    1    4    1    4    5    6    9   14   21   26   61  124  201  315  310  173   58
20   21   20   19   17   16   15   14   13   12   11   10    9    8    7    6    5    4    3    2    1    1    4    1    1    4    1    4    4    5    9    8   24   26   59  111  198  309  302  182   58
18   20   19   16   15   14   13   12   11   10    9    8    7    6    5    4    3    2    1    2    4    3    1    4    5    4    7    9   22   24   55  105  185  298  306  182   67
19   20   19   18   16   15   14   13   12   11   10    9    8    7    6    5    4    3    2    1    2    3    1    1    1    3    5    2    8    9   20   21   47   96  172  295  317  185   65
18   19   18   16   15   14   13   12   11   10    9    8    7    6    5    4    3    2    1    4    2    1    1    1    6    3    7    8   19   19   46   91  169  282  310  198   64
18   19   18   16   15   14   13   12   11   10    9    8    7    6    5    4    3    2    1    3    3    1    1    1    4    3    9    8   16   20   42   84  157  266  317  195   75
19   19   18   17   16   15   14   13   12   11   10    9    8    7    6    5    4    3    2    1    1    1    1    2    2    1    2    5    5   10   14   20   40   74  155  250  315  203   77
17   19   17   15   14   13   12   11   10    9    8    7    6    5    4    3    2    1    1    2    1    2    2    3    6    9    9   22   34   65  147  240  302  224   78
17   18   17   16   14   13   12   11   10    9    8    7    6    5    4    3    2    1    1    1    1    2    2    4    5   10    8   22   34   58  140  227  297  230   77
17   18   17   16   14   13   12   11   10    9    8    7    6    5    4    3    2    1    1    1    1    1    3    4    2    9   12   18   30   57  133  213  298  228   81
16   17   16   14   13   12   11   10    9    8    7    6    5    4    3    2    1    1    2    1    2    3    2    7   12   15   27   53  119  211  283  240   86
15   16   14   13   12   11   10    9    8    7    6    5    4    3    2    1    3    1    2    3    2    4   15   14   24   50  101  210  276  236   92
15   16   15   13   12   11   10    9    8    7    6    5    4    3    2    1    1    2    2    3    3    3   15   13   23   47   91  192  280  236   96
16   16   15   14   13   12   11   10    9    8    7    6    5    4    3    2    1    1    1    1    2    2    3    3   13   11   22   45   85  182  269  234  105
16   16   15   14   13   12   11   10    9    8    7    6    5    4    3    2    1    1    1    1    2    1    3    4   10   12   22   38   87  160  266  232  107
16   16   15   14   13   12   11   10    9    8    7    6    5    4    3    2    1    1    1    1    1    1    4    4    7   14   18   36   80  150  251  248  104
15   16   15   14   12   11   10    9    8    7    6    5    4    3    2    1    1    1    1    1    1    5    6   12   20   28   80  134  238  256  102
13   15   14   12   10    9    8    7    6    5    4    3    2    1    2    1    1    6    3   10   19   32   74  122  226  249  110
12   14   12   10    9    8    7    6    5    4    3    2    1    3    1    4    4    9   14   33   65  109  217  254  116
12   14   13   10    9    8    7    6    5    4    3    2    1    2    1    1    5    7   12   28   66  101  204  258  118
12   14   12   10    9    8    7    6    5    4    3    2    1    2    1    1    5    6    9   27   64   83  194  265  118
13   14   13   12   10    9    8    7    6    5    4    3    2    1    1    1    1    1    5    5    7   26   56   71  188  254  123
12   13   12   10    9    8    7    6    5    4    3    2    1    2    1    1    3    7    5   23   49   69  171  241  134
11   13   12    9    8    7    6    5    4    3    2    1    2    1    3    3    7   20   45   62  159  226  132
11   13   12    9    8    7    6    5    4    3    2    1    1    2    3    3    5   17   41   60  145  218  135
10   12    9    8    7    6    5    4    3    2    1    1    1    3    4   12   37   54  133  201  143
 9   10    8    7    6    5    4    3    2    1    1    3    4    9   32   54  125  189  139
 9   10    8    7    6    5    4    3    2    1    1    2    4    9   26   50  119  180  133
 9    9    8    7    6    5    4    3    2    1    1    2    4    5   22   50  102  164  109
 8    8    7    6    5    4    3    2    1    2    4    2   19   44   92  137  103
 8    8    7    6    5    4    3    2    1    1    4    2   17   40   82  132   97
 8    8    7    6    5    4    3    2    1    1    2    3   10   20   33   62   51
 8    8    7    6    5    4    3    2    1    1    2    1    8   13   35   58   47
 8    8    7    6    5    4    3    2    1    1    2    1    8   12   32   57   42
 7    7    6    5    4    3    2    1    3    1    4   13   29   51   40
 7    7    6    5    4    3    2    1    3    1    2    7   23   45   34
 7    7    6    5    4    3    2    1    1    2    2    6   23   33   30
 6    6    5    4    3    2    1    1    2    6   18   27   22
 6    6    5    4    3    2    1    1    1    6   17   24   20
 5    5    4    3    2    1    1    4    9   13   10
 4    4    3    2    1    4    6    6    6
 4    4    3    2    1    2    6    5    6
 4    6    4    2    1    1    1    9    4
 3    4    2    1    2    7    4
 4    5    4    2    1    1    1    6    5
 3    4    2    1    2    5    4
 3    4    2    1    2    5    4
 3    4    2    1    2    2    6
 3    4    2    1    2    2    6
 3    4    2    1    1    3    4
 3    4    2    1    1    2    4
 3    4    2    1    1    2    4
 2    2    1    2    2
 2    2    1    2    2
