# n  list(x)  list(y)
41   83   60   59   50   48   45   43   42   37   36   35   34   33   31   30   29   28   27   26   25   24   23   22   21   20   19   18   17   16   15   14   13   12   11   10    9    8    7    6    5    4    1    1    1    1    1    1    1    2    1    2    1    1    2    1    3    1    5    2    8    6    3    9    6    8   10   12   14   13   26   28   25   40   47   48   74  109  157  326 1334  165    4
40   83   59   58   50   48   45   43   42   37   36   34   33   31   30   29   28   27   26   25   24   23   22   21   20   19   18   17   16   15   14   13   12   11   10    9    8    7    6    5    4    1    1    1    1    1    1    1    2    1    2    2    2    1    2    1    5    1    9    7    2   10    5    8    7   12   16   12   23   23   28   37   47   46   73  106  153  314 1258  245    8
41   82   58   57   49   47   43   41   40   39   37   35   34   33   31   30   29   28   27   26   25   24   23   22   21   20   19   18   17   16   15   14   13   12   11   10    9    8    7    6    5    4    1    1    1    1    1    1    1    1    1    1    2    1    2    2    2    1    4    2    6   10    1    8    8    6    6   12   17   12   20   21   30   39   43   46   68  108  145  299 1188  315   16
38   81   57   49   46   41   39   38   37   35   33   31   30   29   28   27   26   25   24   23   22   21   20   19   18   17   16   15   14   13   12   11   10    9    8    7    6    5    4    1    2    1    1    2    1    1    1    1    4    2    2    1    4    1    6   10    1    9    7    5    7   13   15   13   19   21   28   36   43   43   68  103  141  301 1120  359   32
39   81   56   48   45   41   39   38   37   34   33   32   31   30   29   28   26   25   24   23   22   21   20   19   18   17   16   15   14   13   12   11   10    9    8    7    6    5    4    3    1    2    1    1    2    1    1    1    1    3    1    1    3    1    4    6   10    2    6    8    5    7   13   13   14   19   19   31   32   40   42   64   98  145  295 1080  374   46    7
40   80   56   55   47   45   41   40   38   36   33   32   31   30   29   28   27   26   25   24   23   22   21   20   19   18   17   16   15   14   13   12   11   10    9    8    7    6    5    4    3    1    1    1    1    1    1    1    2    1    3    2    1    3    1    3    1    5    8    4    6    6    7    6   12   15   11   20   21   26   33   38   43   66   90  141  289 1023  407   63   11
41   79   56   55   46   45   41   40   38   36   33   32   31   30   29   28   27   26   25   24   23   22   21   20   19   18   17   16   15   14   13   12   11   10    9    8    7    6    5    4    3    2    1    1    1    1    1    1    1    2    1    1    2    2    3    2    2    2    5    7    4    6    7    6    5   13    9   16   21   18   23   33   37   41   68   88  126  286  966  449   77   14    1
41   79   56   55   46   44   40   38   37   36   33   32   31   30   29   28   27   26   25   24   23   22   21   20   19   18   17   16   15   14   13   12   11   10    9    8    7    6    5    4    3    2    1    1    1    1    1    2    1    1    1    1    1    2    4    1    1    3    3    8    5    7    5    8    5   12    7   14   21   20   23   28   44   35   67   85  127  270  931  466   93   15    3
40   77   56   54   46   44   40   38   37   36   33   32   31   30   29   27   26   25   24   23   22   21   20   19   18   17   16   15   14   13   12   11   10    9    8    7    6    5    4    3    2    1    1    1    1    1    1    1    1    2    1    1    1    4    2    4    2    8    5    7    6    6    3   14    6   12   21   23   20   26   44   34   62   84  123  262  869  500  119   18    3
40   77   56   53   46   44   40   37   36   35   33   32   30   29   28   27   26   25   24   23   22   21   20   19   18   17   16   15   14   13   12   11   10    9    8    7    6    5    4    3    2    1    1    1    1    1    1    2    1    1    1    1    4    2    1    4    1    6    7    4   10    4    5    8    8   12   19   22   22   21   48   29   65   80  120  249  820  525  144   20    3
39   75   55   50   46   43   39   37   36   33   31   30   29   28   27   26   25   24   23   22   21   20   19   18   17   16   15   14   13   12   11   10    9    8    7    6    5    4    3    2    1    1    1    1    1    1    2    1    1    1    2    2    2    1    4    2    8    5    8    8    3    7    9   12   19   20   16   28   41   32   57   83  115  243  772  550  159   27    4
37   75   55   48   45   43   38   37   36   33   30   28   27   26   25   24   23   22   21   20   19   18   17   16   15   14   13   12   11   10    9    8    7    6    5    4    3    2    1    1    1    1    1    1    2    1    1    2    3    1    1    4    6    5    9   10    2    8    8   11   17   20   16   29   36   37   53   77  115  238  707  581  181   32    6
35   75   55   48   45   41   37   36   32   30   28   26   25   24   23   22   21   20   19   18   17   16   15   14   13   12   11   10    9    8    7    6    5    4    3    2    1    1    1    1    1    1    3    1    2    3    2    3    7    4    9    8    4    8    8   11   11   24   19   22   38   38   45   77  113  223  685  588  189   41    8
38   75   55   47   43   40   37   36   35   32   30   29   28   27   26   25   24   23   22   21   20   19   18   17   16   15   14   13   12   11   10    9    8    7    6    5    4    3    2    1    1    1    1    1    1    2    1    1    1    1    2    1    1    3    8    3    9    8    4    7    7   13   12   19   22   17   38   37   46   76  109  209  649  596  207   52    8
36   74   55   46   43   38   36   35   32   29   28   27   26   25   24   23   22   21   20   19   18   17   16   15   14   13   12   11   10    9    8    7    6    5    4    3    2    1    1    1    1    1    3    1    1    2    2    1    1    2    7    4    9    9    3    6    7   13   14   16   23   19   33   39   41   69  110  205  615  585  239   55   11
35   74   54   44   43   36   35   34   32   28   27   26   25   24   23   22   21   20   19   18   17   16   15   14   13   12   11   10    9    8    7    6    5    4    3    2    1    1    1    1    3    1    1    1    3    1    1    3    6    4    7   12    2    6    5   14   13   16   22   19   28   40   42   63  109  190  584  588  263   62   12
35   73   54   43   42   36   35   34   32   28   27   26   25   24   23   22   21   20   19   18   17   16   15   14   13   12   11   10    9    8    7    6    5    4    3    2    1    1    1    1    2    2    1    1    1    2    2    3    3    6    6   14    2    6    5   13   13   15   20   22   23   33   53   56  101  184  571  568  279   72   17
34   72   54   42   36   35   34   32   28   27   26   25   24   23   22   21   20   19   18   17   16   15   14   13   12   11   10    9    8    7    6    5    4    3    2    1    1    2    2    2    1    1    1    1    2    1    5    4    6   12    5    4    7   11   13   15   17   25   21   34   48   55   98  178  532  570  296   84   20
33   71   54   41   35   34   32   28   27   26   25   24   23   22   21   20   19   18   17   16   15   14   13   12   11   10    9    8    7    6    5    4    3    2    1    1    2    3    2    1    1    1    1    1    5    4    6    9    6    3    8   11   14   13   18   24   20   31   45   52   95  169  509  574  299   96   25
32   70   53   41   40   35   34   32   27   25   24   23   22   21   20   19   18   17   16   15   14   13   12   11   10    9    8    7    6    5    4    3    2    1    1    1    1    2    3    1    2    2    5    4    6    8    6    3    6   10   14   14   16   22   23   25   46   50   88  167  485  550  324  113   26
34   70   53   41   38   35   34   33   32   27   26   25   24   23   22   21   20   19   18   17   16   15   14   13   12   11   10    9    8    7    6    5    4    3    2    1    1    1    1    1    3    1    1    1    1    2    5    3    3    9    5    4    4   12   11   15   14   23   21   24   45   50   87  156  459  553  331  124   28
34   69   52   40   37   35   34   33   32   27   26   25   24   23   22   21   20   19   18   17   16   15   14   13   12   11   10    9    8    7    6    5    4    3    2    1    1    1    1    1    3    1    1    1    1    2    5    2    4    7    6    4    4   11   13   12   15   20   24   22   42   52   77  154  436  537  347  136   31
34   68   52   37   36   35   34   33   32   27   26   25   24   23   22   21   20   19   18   17   16   15   14   13   12   11   10    9    8    7    6    5    4    3    2    1    1    1    1    1    2    1    2    1    1    1    6    1    4    5    8    4    3   10   15    9   16   19   24   23   40   51   70  149  413  520  367  146   34
33   68   51   36   35   34   33   32   31   26   25   24   23   22   21   20   19   18   17   16   15   14   13   12   11   10    9    8    7    6    5    4    3    2    1    1    1    1    2    2    1    1    1    2    2    4    4    4    9    4    4    6   17    9   13   20   21   26   41   44   71  144  378  538  364  152   37
32   65   51   35   34   33   32   31   25   24   23   22   21   20   19   18   17   16   15   14   13   12   11   10    9    8    7    6    5    4    3    2    1    1    1    2    2    1    2    1    2    2    3    4    3    9    4    6    5   14   11   11   20   22   25   41   43   67  137  366  508  386  160   40    1
32   65   51   35   34   33   32   30   25   24   23   22   21   20   19   18   17   16   15   14   13   12   11   10    9    8    7    6    5    4    3    2    1    1    1    1    2    2    2    1    1    1    5    3    3    9    5    5    6   12    8   15   18   22   27   38   40   65  128  340  517  391  164   41    1
33   65   51   35   34   33   32   31   30   25   24   23   22   21   20   19   18   17   16   15   14   13   12   11   10    9    8    7    6    5    4    3    2    1    1    1    1    1    3    1    1    1    1    1    5    3    3    6    8    4    7   10    8   16   16   25   22   39   40   65  120  323  503  397  171   44    3
31   64   51   34   33   32   31   30   25   23   22   21   20   19   18   17   16   15   14   13   12   11   10    9    8    7    6    5    4    3    2    1    1    1    1    1    2    2    2    1    3    3    4    1   11    4    7    9    9   12   14   25   19   35   47   55  112  304  498  394  191   53    4
30   64   50   33   32   31   29   28   23   22   21   20   19   18   17   16   15   14   13   12   11   10    9    8    7    6    5    4    3    2    1    1    1    2    1    3    1    1    2    3    3    3    9    6    5   10    7   10   15   25   16   32   45   55  109  274  506  385  207   57    6
30   64   50   33   32   31   30   28   23   22   21   20   19   18   17   16   15   14   13   12   11   10    9    8    7    6    5    4    3    2    1    1    1    1    1    3    1    2    1    2    3    4    8    6    6    9    8    7   17   19   17   28   43   46  111  254  493  390  216   68    9
30   63   49   33   32   31   30   28   23   22   21   20   19   18   17   16   15   14   13   12   11   10    9    8    7    6    5    4    3    2    1    1    1    1    1    2    2    2    1    2    2    4    7    7    4    9    7    9   13   22   17   28   35   44  101  244  462  408  229   74    9
32   60   49   33   32   31   30   29   28   27   23   22   21   20   19   18   17   16   15   14   13   12   11   10    9    8    7    6    5    4    3    2    1    1    1    1    1    2    1    1    1    1    1    1    3    3    8    4    5    7    8    9   13   23   15   27   33   45   93  239  430  414  234   83   15
31   60   49   33   32   31   30   29   28   27   22   21   20   19   18   17   16   15   14   13   12   11   10    9    8    7    6    5    4    3    2    1    1    1    1    1    1    2    1    1    1    2    3    2    5    7    4    8    7    7   16   21   16   29   31   43   88  231  396  420  247   87   18
28   60   48   32   30   29   28   27   21   20   19   18   17   16   15   14   13   12   11   10    9    8    7    6    5    4    3    2    1    1    1    2    3    1    1    1    4    3    5    3    6    8    8    7   16   19   17   27   33   40   77  221  386  419  255   90   19
29   59   48   32   31   30   29   28   27   21   20   19   18   17   16   15   14   13   12   11   10    9    8    7    6    5    4    3    2    1    1    1    1    1    1    2    2    1    3    2    5    4    5    9    7    9   15   13   20   25   30   40   72  197  379  415  261  105   22
28   57   47   31   30   29   28   27   21   20   19   18   17   16   15   14   13   12   11   10    9    8    7    6    5    4    3    2    1    1    1    1    1    3    1    2    2    1    3    5    5    9    6    7   14   15   20   23   25   42   64  186  354  425  269  114   24
29   56   46   31   30   29   28   27   26   21   20   19   18   17   16   15   14   13   12   11   10    9    8    7    6    5    4    3    2    1    1    1    1    1    1    2    2    1    1    2    1    7    4    9    5    6   13   16   15   28   22   43   64  169  343  412  270  131   26
29   55   46   31   30   28   27   26   25   21   20   19   18   17   16   15   14   13   12   11   10    9    8    7    6    5    4    3    2    1    1    1    1    1    2    2    1    1    1    1    2    5    4    6    9    3   13   14   16   26   22   38   67  152  312  419  281  141   30
28   55   46   30   29   28   27   26   25   20   19   18   17   16   15   14   13   12   11   10    9    8    7    6    5    4    3    2    1    1    1    1    1    1    2    1    2    1    3    2    4    5    9    4   14   10   19   23   22   35   62  146  293  414  293  143   35
26   53   46   30   27   25   24   20   19   18   17   16   15   14   13   12   11   10    9    8    7    6    5    4    3    2    1    1    1    1    4    2    1    1    1    4    4    3    9    4   11   14   14   24   21   32   60  139  273  415  289  155   39
27   52   45   29   27   26   25   24   20   19   18   17   16   15   14   13   12   11   10    9    8    7    6    5    4    3    2    1    1    1    1    2    2    2    1    1    1    3    1    6    7    3   13   12   11   24   23   25   59  124  251  407  307  166   43
26   51   45   29   27   26   25   24   19   18   17   16   15   14   13   12   11   10    9    8    7    6    5    4    3    2    1    1    1    1    1    2    3    1    2    2    2    6    7    1   12    9   13   23   22   23   53  108  245  390  319  175   50
25   50   44   28   27   25   23   19   18   17   16   15   14   13   12   11   10    9    8    7    6    5    4    3    2    1    1    1    1    1    5    1    1    2    2    6    5    2    9   11   13   21   21   21   52  102  228  380  321  187   53
25   50   43   27   25   24   23   19   18   17   16   15   14   13   12   11   10    9    8    7    6    5    4    3    2    1    1    1    1    2    3    1    1    2    1    7    5    2    7   12   11   20   23   22   46   94  218  364  325  195   56
25   48   42   27   25   24   23   22   18   17   16   15   14   13   12   11   10    9    8    7    6    5    4    3    2    1    1    1    1    1    2    2    1    2    1    5    7    1    7    9   12   19   22   20   40   91  209  355  327  199   59
25   48   42   27   25   23   22   21   18   17   16   15   14   13   12   11   10    9    8    7    6    5    4    3    2    1    1    1    1    1    3    1    1    1    2    3    9    1    6    9   10   18   22   18   35   87  199  333  332  209   65
25   48   41   27   25   23   22   20   18   17   16   15   14   13   12   11   10    9    8    7    6    5    4    3    2    1    1    1    1    1    2    2    1    1    1    3    7    2    6    8   10   15   23   19   31   85  190  309  329  220   74
23   47   26   25   23   22   19   17   16   15   14   13   12   11   10    9    8    7    6    5    4    3    2    1    1    1    1    2    2    1    2    2    7    3    3    8   10   12   24   19   30   76  186  289  322  238   77
24   45   26   24   23   22   21   18   17   16   15   14   13   12   11   10    9    8    7    6    5    4    3    2    1    1    1    1    1    2    1    1    2    2    6    4    3    7    7   15   20   20   27   75  174  281  314  242   84
23   42   26   23   22   21   18   17   16   15   14   13   12   11   10    9    8    7    6    5    4    3    2    1    1    1    1    2    2    1    2    1    5    5    3    3   11   14   17   19   29   68  164  265  313  243   95
23   41   26   23   22   21   20   17   16   15   14   13   12   11   10    9    8    7    6    5    4    3    2    1    1    1    1    1    2    1    2    2    5    4    3    4    8   14   18   19   26   64  152  261  309  239   97
22   41   26   23   22   21   20   16   15   14   13   12   11   10    9    8    7    6    5    4    3    2    1    1    1    1    1    2    1    4    2    4    5    3   10   10   18   20   27   54  146  255  304  240   96
21   41   26   22   21   20   16   15   14   13   12   11   10    9    8    7    6    5    4    3    2    1    1    1    2    2    1    2    3    4    6    3   10    8   16   19   24   55  136  238  307  238  103
21   41   26   22   21   20   16   15   14   13   12   11   10    9    8    7    6    5    4    3    2    1    1    1    2    1    2    1    3    4    6    3   11    6   16   18   21   49  129  228  297  242  107
21   40   24   22   21   20   16   15   14   13   12   11   10    9    8    7    6    5    4    3    2    1    1    1    2    1    2    1    3    3    5    4    8    9   14   14   24   42  124  214  288  249  115
20   38   22   21   19   18   16   14   13   12   11   10    9    8    7    6    5    4    3    2    1    1    2    2    1    1    1    4    6    4    5   10   12   16   22   36  112  207  279  252  125
19   36   21   20   18   16   14   13   12   11   10    9    8    7    6    5    4    3    2    1    1    2    1    2    1    3    4    4    5    9   12   19   19   32   97  201  273  245  136
18   34   19   18   16   14   13   12   11   10    9    8    7    6    5    4    3    2    1    1    3    2    1    1    3    6    3   11    8   19   18   31   88  184  269  251  136
19   34   19   18   17   16   14   13   12   11   10    9    8    7    6    5    4    3    2    1    1    2    2    1    1    1    2    4    6    8    8   19   18   29   81  180  267  232  143
19   34   19   18   17   15   14   13   12   11   10    9    8    7    6    5    4    3    2    1    1    2    1    1    2    1    2    3    3    9    6   16   22   24   64  179  260  233  148
17   32   18   15   14   13   12   11   10    9    8    7    6    5    4    3    2    1    1    3    2    2    1    3    4    7    7   13   18   27   57  166  241  230  154
17   32   18   17   15   14   12   11   10    9    8    7    6    5    4    3    2    1    1    1    2    2    2    4    2    8    7   10   16   29   50  152  234  229  157
18   32   18   17   16   15   14   12   11   10    9    8    7    6    5    4    3    2    1    1    1    1    1    2    2    2    2    7    8    8   17   24   50  140  229  229  155
18   31   17   16   15   14   13   12   11   10    9    8    7    6    5    4    3    2    1    1    2    1    1    1    2    2    1    7    7    9   18   21   43  125  219  234  152
17   27   17   16   15   13   12   11   10    9    8    7    6    5    4    3    2    1    1    2    1    1    1    3    2    6    7    6   18   20   37  108  225  223  156
15   27   16   13   12   11   10    9    8    7    6    5    4    3    2    1    1    3    2    2    1    3   10    6   16   16   35  103  206  214  159
16   27   16   15   13   12   11   10    9    8    7    6    5    4    3    2    1    1    2    1    1    2    2    3    7    8   16   15   35   95  187  212  154
15   27   16   15   12   11   10    9    8    7    6    5    4    3    2    1    1    1    2    3    2    2    7    6   12   14   33   86  179  211  146
14   27   15   14   12   11    9    8    7    6    5    4    3    2    1    1    2    1    3    2    7    8    8   15   27   78  171  209  140
14   25   15   14   12   11    9    8    7    6    5    4    3    2    1    1    1    2    3    2    6    9    7   13   24   70  160  203  137
13   23   13   12   10    9    8    7    6    5    4    3    2    1    1    1    3    1    4    9    8   12   22   58  151  200  131
13   23   13   12   10    9    8    7    6    5    4    3    2    1    1    1    3    1    4    8    7   12   19   57  139  190  133
11   22   12    9    8    7    6    5    4    3    2    1    1    4    4    8    5   12   16   51  125  162  132
13   21   12   11   10    9    8    7    6    5    4    3    2    1    1    2    1    1    2    7    8   10   12   48  111  161  125
11   12   10    9    8    7    6    5    4    3    2    1    1    1    3    7    7   10   11   43  101  148  110
11   12   10    9    8    7    6    5    4    3    2    1    1    1    3    5    7   10    9   38   88  143  109
11   12   10    9    8    7    6    5    4    3    2    1    1    1    3    1   10    9    9   31   78  138   98
11   12   10    9    8    7    6    5    4    3    2    1    1    1    1    3    5   12    8   31   70  132   98
10   10    9    8    7    6    5    4    3    2    1    1    2    1    5   10    6   29   61  116  100
 9    9    8    7    6    5    4    3    2    1    1    2    3   12    5   22   55  106   98
 9    9    8    7    6    5    4    3    2    1    1    1    2    8    4   11   38   68   77
 8    9    7    6    5    4    3    2    1    1    1    4    8    7   32   48   58
 8    9    7    6    5    4    3    2    1    1    1    2    7    4   27   43   50
 7    9    6    5    4    3    2    1    1    1    3    3   11   17   25
 7    9    6    5    4    3    2    1    1    1    1    5    9   16   23
 6    8    6    4    3    2    1    1    1    3   11   13   21
 6    8    6    4    3    2    1    1    1    2   10   11   18
 4    6    3    2    1    1    4    9   10
 4    5    3    2    1    1    3    5    6
 4    5    3    2    1    1    3    4    6
 4    4    3    2    1    1    2    2    6
 4    5    3    2    1    1    2    2    5
 4    5    3    2    1    1    1    3    4
 3    5    2    1    1    4    3
 3    3    2    1    1    1    3
 2    2    1    2    2
 2    2    1    1    2
 2    2    1    1    2
 2    2    1    1    2
