# n  list(x)  list(y)
26    4    5    6    7    8    9   10   11   12   13   14   15   16   17   18   19   20   21   22   23   24   25   26   29   31   34    4  132  828  515  337  208  144  106   58   43   39   25   17   10    4    9    4    3    3    1    2    1    2    1    2    2
27    4    5    6    7    8    9   10   11   12   13   14   15   16   17   18   19   20   21   22   23   24   25   26   29   31   32   34   10  159  823  497  321  213  134   98   57   40   43   22   17    9    6    6    3    3    3    1    3    1    1    1    2    1    1
26    4    5    6    7    8    9   10   11   12   13   14   15   16   17   18   19   20   21   22   23   24   29   30   31   32   34   20  197  807  476  308  204  132   89   59   37   42   23   17    8    5    6    3    3    3    1    5    1    1    1    1    1
27    3    4    5    6    7    8    9   10   11   12   13   14   15   16   17   18   19   20   21   22   23   24   28   29   31   32   33    1   27  235  787  462  292  197  127   90   55   34   42   20   17    9    5    5    4    2    3    2    4    1    1    1    1    1
25    3    4    5    6    7    8    9   10   11   12   13   14   15   16   17   18   19   20   21   22   24   29   31   32   33    3   36  270  755  449  285  201  116   82   61   28   42   20   16    8    6    5    2    3    4    4    1    1    1    1
26    3    4    5    6    7    8    9   10   11   12   13   14   15   16   17   18   19   20   21   22   23   24   29   31   32   33    6   56  305  718  431  280  200  110   75   61   27   40   17   15    7    8    3    2    3    3    1    3    1    1    1    1
25    2    3    4    5    6    7    8    9   10   11   12   13   14   15   16   17   18   19   20   21   22   24   27   30   32    1    9   63  338  700  409  279  192  104   67   60   30   34   18   15    5    7    3    3    2    4    3    1    1    2
25    2    3    4    5    6    7    8    9   10   11   12   13   14   15   16   17   18   19   20   21   22   24   27   30   32    1   15   76  357  684  380  286  175  105   64   57   32   30   19   13    6    6    4    2    3    3    3    1    1    2
26    2    3    4    5    6    7    8    9   10   11   12   13   14   15   16   17   18   19   20   21   22   24   27   30   31   32    1   20   97  371  661  373  271  167  101   60   59   32   25   20   12    5    7    3    2    3    3    3    1    1    1    1
27    2    3    4    5    6    7    8    9   10   11   12   13   14   15   16   17   18   19   20   21   22   23   24   27   29   30   31    2   24  115  381  644  367  260  165   97   55   51   30   25   18   12    6    6    3    1    5    1    1    2    1    1    1    1
25    2    3    4    5    6    7    8    9   10   11   12   13   14   15   16   17   18   19   20   21   23   24   27   29   30    3   26  135  399  618  359  249  158   95   52   50   25   28   15    9    6    6    3    3    4    1    2    1    1    2
26    2    3    4    5    6    7    8    9   10   11   12   13   14   15   16   17   18   19   20   21   23   24   27   28   29   30    3   30  156  420  593  346  238  150   94   47   48   23   26   14    9    7    5    3    4    2    2    1    1    1    1    1
26    2    3    4    5    6    7    8    9   10   11   12   13   14   15   16   17   18   19   20   21   23   24   27   28   29   30    5   32  174  420  590  333  233  142   82   49   44   24   26   12    8    6    4    4    3    2    2    1    1    1    1    1
27    2    3    4    5    6    7    8    9   10   11   12   13   14   15   16   17   18   19   20   21   22   23   24   27   28   29   30    6   41  182  443  555  333  225  133   78   44   42   30   19   11    7    6    4    4    3    2    1    1    1    1    1    1    1
25    2    3    4    5    6    7    8    9   10   11   12   13   14   15   16   17   18   19   20   21   23   24   26   28   29    5   49  205  442  544  327  203  128   73   43   43   27   23    7    7    6    4    5    2    1    1    1    1    1    2
25    2    3    4    5    6    7    8    9   10   11   12   13   14   15   16   17   18   19   20   21   23   24   26   28   29    5   55  218  459  525  313  195  119   71   45   36   26   22    8    4    8    2    5    2    1    1    1    1    1    2
26    1    2    3    4    5    6    7    8    9   10   11   12   13   14   15   16   17   18   19   20   21   23   24   25   28   29    1   10   59  231  462  504  307  185  117   67   48   28   27   19    8    4    7    3    4    2    1    1    1    1    2    1
24    1    2    3    4    5    6    7    8    9   10   11   12   13   14   15   16   17   18   19   20   23   25   28   29    1   13   67  243  459  495  289  181  110   62   52   25   27   17    7    5    6    5    2    3    2    1    2    1
23    1    2    3    4    5    6    7    8    9   10   11   12   13   14   15   16   17   18   19   20   23   25   28    2   15   82  250  457  481  285  168  108   59   49   24   24   16    4    5    7    4    1    3    2    1    3
23    1    2    3    4    5    6    7    8    9   10   11   12   13   14   15   16   17   18   19   20   23   24   28    2   18   98  252  468  457  283  153  102   58   47   26   18   14    5    3    7    4    2    2    2    1    3
23    1    2    3    4    5    6    7    8    9   10   11   12   13   14   15   16   17   18   19   20   22   23   28    2   21  106  266  463  442  268  149  101   53   46   28   13   13    6    2    8    3    3    1    1    2    3
24    1    2    3    4    5    6    7    8    9   10   11   12   13   14   15   16   17   18   19   20   22   23   26   28    2   25  118  278  460  431  251  142   91   54   44   27   15    9    7    2    7    3    2    1    2    1    1    2
24    1    2    3    4    5    6    7    8    9   10   11   12   13   14   15   16   17   18   19   20   21   22   26   28    2   26  126  287  462  413  241  144   89   46   38   29   11   10    6    4    5    3    1    1    1    2    1    2
24    1    2    3    4    5    6    7    8    9   10   11   12   13   14   15   16   17   18   20   21   22   26   27   28    4   29  135  297  461  399  224  134   90   46   36   25   13    8    4    6    3    4    1    1    2    1    1    1
22    1    2    3    4    5    6    7    8    9   10   11   12   13   14   15   16   17   18   20   22   26   27    5   36  139  310  451  379  221  127   88   42   35   24   13    6    4    7    2    4    2    2    1    2
23    1    2    3    4    5    6    7    8    9   10   11   12   13   14   15   16   17   18   19   20   22   26   27    5   46  141  325  439  374  213  119   73   44   34   22   13    6    4    5    3    2    1    1    2    1    2
23    1    2    3    4    5    6    7    8    9   10   11   12   13   14   15   16   17   18   19   20   22   25   27    7   54  144  337  423  365  198  120   67   47   28   23   12    6    3    5    3    2    1    1    2    1    1
23    1    2    3    4    5    6    7    8    9   10   11   12   13   14   15   16   17   18   19   21   22   24   27   10   55  156  351  416  356  183  109   62   43   31   19   11    4    4    4    3    2    2    1    1    1    1
23    1    2    3    4    5    6    7    8    9   10   11   12   13   14   15   16   17   18   19   21   22   23   27   12   54  167  349  408  343  184  104   58   44   25   18   11    3    5    3    3    2    2    1    1    1    1
23    1    2    3    4    5    6    7    8    9   10   11   12   13   14   15   16   17   18   19   21   22   23   26   13   61  168  357  410  322  173  106   50   44   22   19    8    4    3    5    1    2    2    1    1    1    1
23    1    2    3    4    5    6    7    8    9   10   11   12   13   14   15   16   17   18   19   20   21   23   26   14   68  180  354  395  313  169  103   44   40   24   18    8    3    2    5    2    1    2    1    1    1    1
22    1    2    3    4    5    6    7    8    9   10   11   12   13   14   15   16   17   18   19   20   23   26   16   75  196  349  391  291  165   96   45   37   22   16    6    3    2    5    3    1    1    2    1    1
21    1    2    3    4    5    6    7    8    9   10   11   12   13   14   15   16   18   19   20   23   25   18   82  197  353  383  274  161   89   46   37   20   14    7    2    4    6    1    2    1    1    1
21    1    2    3    4    5    6    7    8    9   10   11   12   13   14   15   16   18   19   20   23   25   21   80  209  355  375  263  157   81   47   34   16   13    5    2    4    6    1    2    1    1    1
20    1    2    3    4    5    6    7    8    9   10   11   12   13   14   15   16   18   19   23   25   20   86  217  359  361  255  154   76   39   32   14   14    5    2    3    5    1    3    1    1
19    1    2    3    4    5    6    7    8    9   10   11   12   13   14   15   16   18   19   25   23   89  230  360  356  237  143   73   37   28   16   12    5    2    4    3    1    3    1
19    1    2    3    4    5    6    7    8    9   10   11   12   13   14   15   16   18   19   25   27   97  226  370  343  222  140   66   34   28   17   10    6    1    4    2    2    2    1
19    1    2    3    4    5    6    7    8    9   10   11   12   13   14   15   16   18   19   25   29   99  239  366  345  210  127   60   28   30   13   10    5    1    4    2    3    1    1
19    1    2    3    4    5    6    7    8    9   10   11   12   13   15   16   17   18   19   24   31  101  255  364  331  203  111   62   27   26   13    9    5    4    1    2    1    1    1
19    1    2    3    4    5    6    7    8    9   10   11   12   13   15   16   17   18   19   23   33  111  260  367  314  192  100   59   30   25   12    8    3    3    2    1    1    1    1
19    1    2    3    4    5    6    7    8    9   10   11   12   13   14   15   16   17   18   22   37  132  260  362  299  182   91   54   28   24   11    7    2    1    2    2    2    1    1
19    1    2    3    4    5    6    7    8    9   10   11   12   13   14   15   16   17   18   22   36  138  268  356  289  172   88   53   23   21   13    4    2    2    2    2    1    1    1
19    1    2    3    4    5    6    7    8    9   10   11   12   13   14   15   16   17   18   22   39  142  277  355  279  163   72   55   17   22   10    5    2    2    1    2    1    1    1
18    1    2    3    4    5    6    7    8    9   10   11   12   13   14   16   17   18   21   46  155  275  343  268  152   70   50   16   22   10    3    3    2    2    1    1    1
18    1    2    3    4    5    6    7    8    9   10   11   12   13   14   16   17   18   21   51  159  284  333  250  146   64   50   18   19    9    4    2    1    2    1    1    1
18    1    2    3    4    5    6    7    8    9   10   11   12   13   14   16   17   18   20   55  170  282  329  235  134   69   39   21   18    7    3    2    1    2    1    1    1
17    1    2    3    4    5    6    7    8    9   10   11   12   13   14   16   17   20   59  182  281  327  216  124   61   42   19   14    7    3    1    1    2    2    1
16    1    2    3    4    5    6    7    8    9   10   11   12   13   16   17   20   60  185  279  325  215  109   57   42   16   13    5    2    2    2    2    1
16    1    2    3    4    5    6    7    8    9   10   11   12   13   16   17   20   61  197  279  317  198  103   53   39   14   10    6    2    1    2    2    1
17    1    2    3    4    5    6    7    8    9   10   11   12   13   15   16   17   20   65  204  276  308  184   98   54   34   14    7    6    1    1    1    2    1    1
17    1    2    3    4    5    6    7    8    9   10   11   12   13   15   16   17   20   75  199  289  288  175   97   47   33   10    9    2    1    1    2    1    1    1
15    1    2    3    4    5    6    7    8    9   10   11   12   14   15   19   79  201  295  271  164   88   50   33    6    8    2    1    1    3    1
15    1    2    3    4    5    6    7    8    9   10   11   12   14   15   18   89  204  291  258  156   84   50   26    5    8    2    1    1    3    1
15    1    2    3    4    5    6    7    8    9   10   11   12   14   15   18   98  206  297  236  150   74   44   24    5    7    2    1    2    2    1
16    1    2    3    4    5    6    7    8    9   10   11   12   13   14   15   18  104  208  293  226  145   68   38   19    5    7    1    1    1    2    1    1
16    1    2    3    4    5    6    7    8    9   10   11   12   13   14   15   18  106  216  282  226  124   69   34   15    7    5    1    1    1    2    1    1
15    1    2    3    4    5    6    7    8    9   10   12   13   14   15   18  105  220  291  202  114   60   31   16    5    6    1    1    2    1    1
14    1    2    3    4    5    6    7    8    9   10   12   13   14   17  106  229  281  187  111   55   24   14    6    5    1    1    3    1
14    1    2    3    4    5    6    7    8    9   10   12   13   14   17  111  223  276  185  102   46   22   13    6    3    1    2    2    1
14    1    2    3    4    5    6    7    8    9   10   12   13   14   16  117  217  272  173   94   45   18   14    6    2    2    1    2    1
14    1    2    3    4    5    6    7    8    9   10   12   13   14   16  118  222  258  172   81   41   16   15    4    2    3    1    1    1
13    1    2    3    4    5    6    7    8    9   10   12   13   14  123  219  244  158   81   35   18   12    3    2    3    1    2
14    1    2    3    4    5    6    7    8    9   10   11   12   13   14  127  223  220  150   79   34   13   13    3    1    2    1    2    1
13    1    2    3    4    5    6    7    8    9   11   12   13   14  132  222  225  127   77   28   12   10    4    2    1    2    1
13    1    2    3    4    5    6    7    8    9   10   12   13   14  137  223  216  119   64   24   15    5    3    2    2    1    1
13    1    2    3    4    5    6    7    8    9   10   12   13   14  142  222  202  107   65   23   11    5    3    2    2    1    1
12    1    2    3    4    5    6    7    8    9   10   12   14  148  221  194  101   55   17    8    5    3    2    2    1
11    1    2    3    4    5    6    7    8    9   10   12  153  214  184   97   45   15    6    7    2    1    3
10    1    2    3    4    5    6    7    8    9   12  142  218  177   85   46   12    6    6    3    3
10    1    2    3    4    5    6    7    8    9   11  148  208  163   70   41   14    4    5    3    3
10    1    2    3    4    5    6    7    8    9   11  144  205  147   68   39   13    4    6    2    2
10    1    2    3    4    5    6    7    8    9   11  144  197  137   59   34   13    3    6    1    1
10    1    2    3    4    5    6    7    8    9   11  144  179  128   55   33   10    5    4    1    1
10    1    2    3    4    5    6    7    8    9   11  140  178  118   56   21   10    5    2    1    1
 9    1    2    3    4    5    6    7    8   10  135  153   98   49   21    8    4    3    1
 9    1    2    3    4    5    6    7    8   10  118  149   83   51   15   11    2    2    1
 9    1    2    3    4    5    6    7    8    9  120  126   77   42   12    7    2    2    1
 9    1    2    3    4    5    6    7    8    9  106  122   70   38   13    5    2    2    1
 8    1    2    3    4    5    6    7    8   99  111   61   36   11    5    1    3
 8    1    2    3    4    5    6    7    8   97  100   60   33   10    4    1    3
 7    1    2    3    4    5    6    8   78   82   47   26    9    3    3
 7    1    2    3    4    5    6    8   71   73   44   18    7    2    3
 7    1    2    3    4    5    6    8   61   64   32   14    7    2    3
 7    1    2    3    4    5    6    7   56   49   31   11    5    1    2
 7    1    2    3    4    5    6    7   53   41   23   10    5    2    1
 7    1    2    3    4    5    6    7   46   27   19   11    4    1    1
 6    1    2    3    4    5    6   42   27   19   10    1    2
 6    1    2    3    4    5    6   33   22   16    6    1    2
 4    1    2    3    4    7    8    3    2
 4    1    2    3    5    6    6    1    1
 3    1    2    3    3    7    1
 2    1    2    2    5
 3    1    2    3    1    3    1
 3    1    2    3    1    3    1
 3    1    2    3    1    3    1
 2    1    2    2    1
 2    1    2    2    1
