# n  list(x)  list(y)
16   21   18   17   16   15   14   13   12   11   10    9    8    7    6    5    4    1    1    2    9   19   25   46   87  108  191  300  469  456  638  144    4
17   21   18   17   16   15   14   13   12   11   10    9    8    7    6    5    4    3    1    1    2    9   18   21   47   82  109  186  285  466  437  628  172   10    1
17   21   18   17   16   15   14   13   12   11   10    9    8    7    6    5    4    3    1    1    2    9   17   20   46   75  106  180  277  464  409  623  192   26    2
17   21   18   17   16   15   14   13   12   11   10    9    8    7    6    5    4    3    1    1    2    9   14   19   42   75  108  168  272  431  427  612  204   34    6
17   21   18   17   16   15   14   13   12   11   10    9    8    7    6    5    4    3    1    1    2    9    9   21   42   71  107  161  256  425  415  608  216   48    8
17   21   18   17   16   15   14   13   12   11   10    9    8    7    6    5    4    3    1    1    1    8    9   20   38   65  103  158  246  414  415  581  251   54   10
15   21   16   15   14   13   12   11   10    9    8    7    6    5    4    3    1    6    9   14   41   60   87  152  243  392  413  580  278   62   12
15   20   16   15   14   13   12   11   10    9    8    7    6    5    4    3    1    6    8   14   38   59   82  150  229  375  396  581  296   77   13
16   19   16   15   14   13   12   11   10    9    8    7    6    5    4    3    2    1    5    6   15   37   57   81  141  225  349  402  567  310   86   16    2
16   19   16   15   14   13   12   11   10    9    8    7    6    5    4    3    2    1    5    6   13   27   57   81  134  204  346  394  555  332   97   21    2
16   19   16   15   14   13   12   11   10    9    8    7    6    5    4    3    2    1    4    4   16   23   52   84  125  200  325  397  538  341  112   26    2
16   19   16   15   14   13   12   11   10    9    8    7    6    5    4    3    2    1    4    4   10   25   50   85  113  193  310  385  538  347  125   32    3
16   19   16   15   14   13   12   11   10    9    8    7    6    5    4    3    2    1    4    4   10   24   43   87  111  174  295  386  529  347  143   37    5
16   18   16   15   14   13   12   11   10    9    8    7    6    5    4    3    2    1    3    4    8   21   39   81  107  167  296  373  525  346  159   38    7
16   17   16   15   14   13   12   11   10    9    8    7    6    5    4    3    2    1    3    2   10   18   34   81   98  159  289  354  521  354  167   51    8
16   17   16   15   14   13   12   11   10    9    8    7    6    5    4    3    2    1    3    2    7   16   33   81   99  145  275  352  505  354  184   59    9
16   17   16   15   14   13   12   11   10    9    8    7    6    5    4    3    2    1    1    2    7   12   31   70  101  132  267  356  491  356  199   63   11
16   17   15   14   13   12   11   10    9    8    7    6    5    4    3    2    1    1    2    7   10   28   62   98  134  256  339  477  372  204   73   11    1
16   17   15   14   13   12   11   10    9    8    7    6    5    4    3    2    1    1    2    6    9   24   67   83  136  238  331  461  384  211   83   13    1
16   17   15   14   13   12   11   10    9    8    7    6    5    4    3    2    1    1    2    5    9   21   60   83  132  235  302  452  398  222   88   13    2
16   17   15   14   13   12   11   10    9    8    7    6    5    4    3    2    1    1    1    2    9   22   52   84  125  220  292  447  397  238   92   15    3
16   17   15   14   13   12   11   10    9    8    7    6    5    4    3    2    1    1    1    2    7   23   45   84  120  210  292  434  384  243  109   17    3
16   16   15   14   13   12   11   10    9    8    7    6    5    4    3    2    1    1    1    2    5   20   44   75  120  197  284  427  380  263  105   23    3
16   16   15   14   13   12   11   10    9    8    7    6    5    4    3    2    1    1    1    2    3   19   42   73  110  194  267  420  386  265  110   29    3
15   15   14   13   12   11   10    9    8    7    6    5    4    3    2    1    2    2    3   14   39   71  102  185  254  422  383  267  120   33    3
15   15   14   13   12   11   10    9    8    7    6    5    4    3    2    1    2    1    4   12   39   64   97  173  242  411  392  266  133   34    5
15   15   14   13   12   11   10    9    8    7    6    5    4    3    2    1    2    1    2   12   33   61   99  159  232  398  387  284  139   35    6
15   15   14   13   12   11   10    9    8    7    6    5    4    3    2    1    1    2    2    9   29   59   94  147  223  385  384  300  139   45    6
15   15   14   13   12   11   10    9    8    7    6    5    4    3    2    1    1    1    3    7   26   53   97  141  209  362  385  310  146   50    9
15   15   14   13   12   11   10    9    8    7    6    5    4    3    2    1    1    1    3    7   21   56   91  131  203  352  369  326  149   56    9
14   15   13   12   11   10    9    8    7    6    5    4    3    2    1    1    3    7   15   51   91  131  189  325  387  319  165   57    9
14   15   13   12   11   10    9    8    7    6    5    4    3    2    1    1    2    7   15   41   84  123  187  313  375  331  167   67   11
14   15   13   12   11   10    9    8    7    6    5    4    3    2    1    1    2    5   15   33   83  114  180  304  369  331  177   72   13
14   15   13   12   11   10    9    8    7    6    5    4    3    2    1    1    2    5   13   31   73  119  164  297  358  337  183   77   14
14   15   13   12   11   10    9    8    7    6    5    4    3    2    1    1    2    4   11   30   68  115  153  296  345  336  191   81   15
14   15   13   12   11   10    9    8    7    6    5    4    3    2    1    1    2    3   10   29   63  110  143  283  348  329  198   85   19
14   15   13   12   11   10    9    8    7    6    5    4    3    2    1    1    2    2    9   29   55   99  137  275  339  335  201   92   22
14   15   13   12   11   10    9    8    7    6    5    4    3    2    1    1    1    3    8   25   52   96  129  263  340  333  199   99   24
13   13   12   11   10    9    8    7    6    5    4    3    2    1    2    2    8   15   46   98  119  247  333  345  202  104   26
13   13   12   11   10    9    8    7    6    5    4    3    2    1    2    1    9   13   40   92  115  233  317  357  203  110   30
13   13   12   11   10    9    8    7    6    5    4    3    2    1    1    1    9   13   38   82  110  223  307  355  208  115   33
13   13   12   11   10    9    8    7    6    5    4    3    2    1    1    1    7   13   36   76  108  209  301  347  213  120   38
13   13   12   11   10    9    8    7    6    5    4    3    2    1    1    1    5   13   32   68  102  197  294  343  225  121   43
12   13   11   10    9    8    7    6    5    4    3    2    1    1    5   12   27   60  105  177  296  331  227  131   47
12   13   11   10    9    8    7    6    5    4    3    2    1    1    4    9   29   55  100  171  277  327  236  134   51
12   13   11   10    9    8    7    6    5    4    3    2    1    1    3   10   25   53   93  157  268  331  237  141   51
12   13   11   10    9    8    7    6    5    4    3    2    1    1    2    9   20   52   84  154  257  314  253  143   53
11   12   10    9    8    7    6    5    4    3    2    1    1   10   16   50   79  145  240  315  253  152   56
11   12   10    9    8    7    6    5    4    3    2    1    1    8   16   42   73  139  230  306  260  155   61
11   12   10    9    8    7    6    5    4    3    2    1    1    8   15   39   69  124  225  308  249  163   64
11   12   10    9    8    7    6    5    4    3    2    1    1    7   13   32   67  110  220  301  249  166   71
11   11   10    9    8    7    6    5    4    3    2    1    1    7   11   27   61  100  208  295  256  172   71
11   11   10    9    8    7    6    5    4    3    2    1    1    6    9   29   52   95  200  275  261  180   75
11   11   10    9    8    7    6    5    4    3    2    1    1    6    6   26   45   95  192  269  255  186   77
11   11   10    9    8    7    6    5    4    3    2    1    1    6    5   22   47   83  185  266  233  196   77
11   11   10    9    8    7    6    5    4    3    2    1    1    6    3   23   42   74  184  248  235  190   83
10   10    9    8    7    6    5    4    3    2    1    6    3   21   36   72  172  243  233  193   88
10   10    9    8    7    6    5    4    3    2    1    6    3   20   36   66  159  233  242  182   94
10   10    9    8    7    6    5    4    3    2    1    6    3   17   36   56  149  225  237  188   99
10   10    9    8    7    6    5    4    3    2    1    4    4   13   39   52  135  220  230  190  106
10   10    9    8    7    6    5    4    3    2    1    2    6   12   35   53  116  210  224  191  111
10   10    9    8    7    6    5    4    3    2    1    1    6   11   29   55   99  205  212  191  110
10   10    9    8    7    6    5    4    3    2    1    1    5   12   22   51   90  197  213  188  110
 9    9    8    7    6    5    4    3    2    1    5   10   25   41   86  180  212  188  112
 9    9    8    7    6    5    4    3    2    1    4    9   21   41   73  167  213  186  115
 9    9    8    7    6    5    4    3    2    1    4    6   21   36   67  150  212  184  112
 9    9    8    7    6    5    4    3    2    1    2    3   23   37   60  135  209  179  110
 8    8    7    6    5    4    3    2    1    4   17   39   56  131  196  173  113
 8    8    7    6    5    4    3    2    1    2   17   31   46  131  187  162  118
 8    8    7    6    5    4    3    2    1    2   15   26   43  122  171  167  113
 8    8    7    6    5    4    3    2    1    2   13   25   37  112  168  169  112
 8    8    7    6    5    4    3    2    1    2    9   22   33  105  158  165  112
 8    8    7    6    5    4    3    2    1    1    9   20   26   89  146  163  113
 8    8    7    6    5    4    3    2    1    1    8   17   23   79  141  160  116
 8    8    7    6    5    4    3    2    1    1    5   17   21   63  135  142  113
 8    8    7    6    5    4    3    2    1    1    4    8   19   48  105  105   88
 7    7    6    5    4    3    2    1    3    8   15   44   96   96   86
 7    7    6    5    4    3    2    1    3    5   13   20   60   74   60
 7    7    6    5    4    3    2    1    3    2   13   17   45   56   47
 7    7    6    5    4    3    2    1    3    2    7   18   43   50   41
 7    7    6    5    4    3    2    1    3    2    4   20   31   36   36
 7    7    6    5    4    3    2    1    3    2    4   17   21   28   32
 7    7    6    5    4    3    2    1    2    3    2   10   20   20   28
 5    6    4    3    2    1    1    3    9   14   15
 5    6    4    3    2    1    1    3    9   13   15
 5    6    4    3    2    1    1    2   10   12   14
 6    6    5    4    3    2    1    1    1    4    6   10    5
 6    6    5    4    3    2    1    1    1    4    6   10    5
 5    5    4    3    2    1    1    1    6    6    9
 5    5    4    3    2    1    1    4    2    8    3
 4    4    3    2    1    4    2    6    4
 3    3    2    1    2    3    4
 2    2    1    5    2
 2    2    1    4    2
 3    3    2    1    1    2    3
 3    3    2    1    1    1    3
 2    2    1    2    2
 2    2    1    1    2
 2    2    1    1    2
