# n  list(x)  list(y)
42   62   55   54   53   52   47   43   40   39   36   35   34   33   32   31   30   29   28   27   26   25   24   23   22   21   20   19   18   17   16   15   14   13   12   11   10    9    8    7    6    5    4    1    1    1    1    1    2    1    1    2    1    1    1    1    2    1    2    4    2    5    4    4    5   11    8    8    9   13   14   19   21   33   29   33   51   55   76   86  122  316 1385  163    4
40   61   53   50   47   42   39   38   36   35   34   33   32   31   30   29   28   27   26   25   24   23   22   21   20   19   18   17   16   15   14   13   12   11   10    9    8    7    6    5    4    1    2    1    2    1    1    2    1    1    1    1    1    1    2    4    3    4    3    5    5    8   12    6   10   13    9   22   18   32   31   32   50   53   82   82  119  308 1305  222   19
40   61   53   52   47   46   42   38   37   35   34   33   32   31   30   29   28   27   26   25   24   23   22   21   20   19   18   17   16   15   14   13   12   11   10    9    8    7    6    5    4    1    1    1    1    1    1    2    1    1    2    1    1    1    2    3    2    4    5    1    6    8   11    7   10   11   13   16   21   28   32   34   46   52   84   78  116  275 1229  304   37
39   60   53   49   46   42   38   36   35   34   33   31   30   29   28   27   26   25   24   23   22   21   20   19   18   17   16   15   14   13   12   11   10    9    8    7    6    5    4    3    1    1    1    2    1    2    1    1    2    1    2    2    2    3    2    6    2    6    5   12    9   10   11   12   13   23   25   31   34   43   53   80   80  111  257 1155  368   54    1
38   60   53   48   46   42   38   36   34   32   31   30   29   28   27   26   25   24   23   22   21   20   19   18   17   16   15   14   13   12   11   10    9    8    7    6    5    4    3    1    1    1    2    1    1    2    3    1    1    3    2    3    1    5    3    7    5   10    9    9   13    8   16   18   23   35   31   41   52   80   77  113  246 1082  421   70    3
38   59   51   46   45   42   37   36   34   32   30   29   28   27   26   25   24   23   22   21   20   19   18   17   16   15   14   13   12   11   10    9    8    7    6    5    4    3    2    1    1    2    1    1    1    1    3    1    3    2    2    2    4    3    6    6    8    8   11   13    8   14   21   18   33   30   38   51   82   76  112  220 1021  473   89    8    1
38   59   51   46   45   42   36   34   33   32   30   29   28   27   26   25   24   23   22   21   20   19   18   17   16   15   14   13   12   11   10    9    8    7    6    5    4    3    2    1    1    2    1    1    2    2    1    1    2    2    3    2    4    3    4    8    6   10   11   10   10   14   20   19   25   34   35   57   72   81  106  214  959  504  108   14    1
39   58   51   46   45   40   36   35   34   33   31   30   29   28   27   26   25   24   23   22   21   20   19   18   17   16   15   14   13   12   11   10    9    8    7    6    5    4    3    2    1    1    2    1    1    1    1    2    1    1    1    3    3    2    3    4    4    6    7   10   11    6   10   16   22   18   22   39   31   55   69   79  110  203  915  510  135   18    1
40   58   50   46   45   44   39   36   35   34   33   31   30   29   28   27   26   25   24   23   22   21   20   19   18   17   16   15   14   13   12   11   10    9    8    7    6    5    4    3    2    1    1    1    1    1    1    1    1    2    1    1    1    1    4    3    2    4    4    6    7   11   11    6   10   13   21   20   20   32   35   53   63   82  101  197  867  541  149   22    2
39   58   50   46   45   44   39   36   35   34   33   31   30   28   27   26   25   24   23   22   21   20   19   18   17   16   15   14   13   12   11   10    9    8    7    6    5    4    3    2    1    1    1    1    1    1    1    1    2    1    1    1    4    3    2    5    3    5    6   12   11    5   13   10   20   20   20   28   38   47   59   78  103  188  826  557  165   31    3
40   57   48   46   45   43   39   36   35   34   33   32   31   30   28   27   26   25   24   23   22   21   20   19   18   17   16   15   14   13   12   11   10    9    8    7    6    5    4    3    2    1    1    1    1    1    1    1    1    1    1    1    1    1    2    5    1    4    3    6    5   11   12    6   12    9   22   19   21   29   31   45   57   75  105  173  780  573  190   36    5
39   56   48   46   45   43   38   35   34   33   32   31   30   28   27   26   25   24   23   22   21   20   19   18   17   16   15   14   13   12   11   10    9    8    7    6    5    4    3    2    1    1    1    1    1    1    2    1    1    1    1    1    2    5    1    4    3    4    7    7   12    9   11    9   17   23   20   29   30   42   59   70  101  174  731  580  209   44    9
37   56   48   45   43   38   35   34   33   32   30   28   27   26   25   24   23   22   21   20   19   18   17   16   15   14   13   12   11   10    9    8    7    6    5    4    3    2    1    1    2    1    1    2    1    1    1    2    1    3    3    2    4    5    6    8    9    7   13   11   15   23   22   28   26   43   56   68   91  174  688  595  234   41   11
38   56   47   44   43   42   37   35   33   32   29   28   27   26   25   24   23   22   21   20   19   18   17   16   15   14   13   12   11   10    9    8    7    6    5    4    3    2    1    1    1    1    1    1    1    2    2    1    1    1    2    5    1    2    7    2    7   11    4   15   12   13   24   21   29   23   45   49   69   86  160  653  605  260   40   16    1
37   55   46   44   43   42   37   33   32   29   28   27   26   25   24   23   22   21   20   19   18   17   16   15   14   13   12   11   10    9    8    7    6    5    4    3    2    1    1    1    1    1    1    1    4    1    1    1    1    4    1    2    6    4    7    8    7   10   12   16   22   20   28   24   42   50   65   84  156  604  636  264   44   19    1
36   53   45   43   42   41   36   33   32   29   28   27   26   24   23   22   21   20   19   18   17   16   15   14   13   12   11   10    9    8    7    6    5    4    3    2    1    1    1    1    1    1    1    2    3    1    1    1    4    2    5    4    9    7    7    7   11   18   22   18   27   23   38   51   64   79  154  561  627  296   55   21    1
35   52   45   42   41   35   33   32   28   27   26   25   24   23   22   21   20   19   18   17   16   15   14   13   12   11   10    9    8    7    6    5    4    3    2    1    1    1    1    2    1    1    4    1    2    2    1    2    5    5    6    5   10    6   12   18   22   16   27   21   33   53   59   84  140  544  605  317   71   20    2
37   52   44   42   41   40   35   33   32   31   30   27   26   25   24   23   22   21   20   19   18   17   16   15   14   13   12   11   10    9    8    7    6    5    4    3    2    1    1    1    1    1    1    1    1    2    1    1    1    3    1    1    5    4    8    4   10    6    9   17   20   18   28   22   32   49   62   76  140  509  594  340   81   21    3
36   52   44   40   39   33   32   31   30   29   27   26   25   24   23   22   21   20   19   18   17   16   15   14   13   12   11   10    9    8    7    6    5    4    3    2    1    1    1    2    1    2    1    1    1    1    1    3    1    1    4    3    5    7   12    5    9   15   21   17   24   25   32   45   60   77  135  471  600  350   90   23    3
35   50   44   40   39   33   32   31   30   29   26   25   24   23   22   21   20   19   18   17   16   15   14   13   12   11   10    9    8    7    6    5    4    3    2    1    1    1    1    2    2    1    1    1    1    3    1    2    3    2    6    6   10    8    7   14   22   16   22   27   32   45   53   77  135  439  595  361   99   24    5
34   47   44   40   39   33   32   31   30   29   26   24   23   22   21   20   19   18   17   16   15   14   13   12   11   10    9    8    7    6    5    4    3    2    1    1    1    1    2    1    1    2    1    1    2    2    3    3    5    5    8    8   10   13   20   15   22   29   31   46   48   75  132  411  584  371  113   28    5
32   46   44   39   33   30   29   26   25   24   23   22   21   20   19   18   17   16   15   14   13   12   11   10    9    8    7    6    5    4    3    2    1    1    1    3    1    3    2    1    1    2    3    2    4    4    8    7    5   16   21   14   18   28   28   47   49   70  126  382  574  388  128   31    7
33   44   43   39   38   32   30   29   28   25   24   23   22   21   20   19   18   17   16   15   14   13   12   11   10    9    8    7    6    5    4    3    2    1    1    1    1    2    1    2    1    1    1    3    1    3    3    4    9    7    4   11   21   11   20   28   26   46   45   67  122  363  544  409  153   31    8
33   43   42   39   38   32   30   29   28   25   24   23   22   21   20   19   18   17   16   15   14   13   12   11   10    9    8    7    6    5    4    3    2    1    1    1    1    2    1    1    1    2    1    3    1    1    4    4   10    4    5   10   18   15   20   28   25   40   46   68  115  347  536  403  163   39    9
32   42   41   39   38   32   30   28   25   24   23   22   21   20   19   18   17   16   15   14   13   12   11   10    9    8    7    6    5    4    3    2    1    1    1    1    2    1    1    3    1    1    2    2    4    4    8    2    5   12   16   15   16   26   27   37   41   68  107  333  515  417  177   44    9
33   42   41   39   36   35   32   30   28   27   24   23   22   21   20   19   18   17   16   15   14   13   12   11   10    9    8    7    6    5    4    3    2    1    1    1    1    1    1    1    1    2    1    2    1    2    5    4    5    5    3   14   13   14   16   21   27   39   41   63  105  309  508  423  187   48    9
32   42   39   36   34   31   30   28   27   24   23   22   21   20   19   18   17   16   15   14   13   12   11   10    9    8    7    6    5    4    3    2    1    1    1    1    1    1    1    2    1    1    2    2    3    4    6    5    3   12   16   11   16   18   28   33   48   58  102  280  507  414  204   57   10
32   41   38   35   34   31   30   28   27   24   23   22   21   20   19   18   17   16   15   14   13   12   11   10    9    8    7    6    5    4    3    2    1    1    1    1    1    1    1    2    1    1    1    2    4    3    6    6    3   11   13   11   16   21   24   36   44   61   99  257  494  420  204   66   12
31   41   38   34   31   30   28   27   24   23   22   21   20   19   18   17   16   15   14   13   12   11   10    9    8    7    6    5    4    3    2    1    1    1    2    1    1    2    1    1    1    2    4    3    5    6    3    7   13   13   16   19   20   37   41   56   93  245  482  419  218   73   13
31   41   37   33   31   30   28   27   24   23   22   21   20   19   18   17   16   15   14   13   12   11   10    9    8    7    6    5    4    3    2    1    1    1    1    2    1    1    2    1    1    2    2    3    5    5    5    3   14   13   14   18   18   38   38   54   84  220  475  430  232   77   13
31   41   37   32   31   30   28   27   24   23   22   21   20   19   18   17   16   15   14   13   12   11   10    9    8    7    6    5    4    3    2    1    1    1    1    1    2    1    2    1    1    1    3    3    5    3    7    3   12   14   13   17   19   35   40   48   89  206  449  440  230   88   13
29   40   36   31   30   28   27   24   22   21   20   19   18   17   16   15   14   13   12   11   10    9    8    7    6    5    4    3    2    1    1    1    2    2    1    2    1    1    3    2    6    3    4    5   11    9   19   16   19   31   40   51   80  191  435  445  240   90   13
28   39   36   31   30   28   27   23   21   20   19   18   17   16   15   14   13   12   11   10    9    8    7    6    5    4    3    2    1    1    1    2    2    1    2    1    2    4    5    2    4    4   11   10   18   13   20   31   38   54   72  186  412  449  245   96   13
28   38   36   31   30   29   27   23   21   20   19   18   17   16   15   14   13   12   11   10    9    8    7    6    5    4    3    2    1    1    1    2    1    1    3    1    1    3    6    3    3    3   11   10   13   16   23   26   39   47   74  175  388  446  258  104   15
28   37   36   30   29   27   25   23   21   20   19   18   17   16   15   14   13   12   11   10    9    8    7    6    5    4    3    2    1    1    1    3    1    2    1    1    1    2    5    3    3    4   11    6   14   15   24   22   35   47   76  155  360  449  278  114   15
28   36   34   30   27   26   25   23   21   20   19   18   17   16   15   14   13   12   11   10    9    8    7    6    5    4    3    2    1    1    1    3    2    1    1    1    1    2    5    3    3    3   10    7   11   13   28   18   33   49   67  149  341  444  284  126   17
28   36   34   30   29   27   26   25   23   20   19   18   17   16   15   14   13   12   11   10    9    8    7    6    5    4    3    2    1    1    1    2    1    1    2    1    1    2    5    3    4    3    9    7   11   10   29   18   29   50   64  147  324  432  290  131   21
27   36   34   30   28   27   25   23   20   19   18   17   16   15   14   13   12   11   10    9    8    7    6    5    4    3    2    1    1    1    2    1    1    2    2    2    2    3    4    4    9    6    7   10   27   23   27   45   68  131  318  412  302  139   25
27   36   32   29   28   27   24   23   20   19   18   17   16   15   14   13   12   11   10    9    8    7    6    5    4    3    2    1    1    1    2    1    1    2    2    1    2    3    3    5   10    5    7   10   21   27   25   44   66  127  303  398  312  145   26
26   36   32   29   28   27   23   20   19   18   17   16   15   14   13   12   11   10    9    8    7    6    5    4    3    2    1    1    1    2    1    1    3    1    2    3    2    4   11    4    9    9   18   26   28   40   63  119  285  392  321  148   31
26   35   32   29   28   27   23   20   19   18   17   16   15   14   13   12   11   10    9    8    7    6    5    4    3    2    1    1    1    2    1    1    3    1    2    1    2    5    8    5   10    9   18   20   32   38   59  108  270  385  330  156   32
25   35   30   29   27   23   21   19   18   17   16   15   14   13   12   11   10    9    8    7    6    5    4    3    2    1    1    1    2    2    2    1    3    1    2    4    6    6    7   10   17   20   24   44   54  100  251  370  350  160   36
27   34   29   28   27   26   23   22   21   19   18   17   16   15   14   13   12   11   10    9    8    7    6    5    4    3    2    1    1    2    1    1    1    1    1    1    1    3    1    4    7    3   10    9   18   17   26   39   56   92  247  355  351  161   40
26   33   29   28   27   25   21   20   19   18   17   16   15   14   13   12   11   10    9    8    7    6    5    4    3    2    1    1    2    1    1    1    2    1    1    2    1    5    3    7    9    6   14   20   27   35   56   86  231  343  350  172   47
26   33   29   28   27   24   21   20   19   18   17   16   15   14   13   12   11   10    9    8    7    6    5    4    3    2    1    1    1    2    1    1    2    1    1    2    1    3    3    7    9    7    7   25   21   36   54   83  219  329  347  186   47
24   32   29   28   27   21   20   19   17   16   15   14   13   12   11   10    9    8    7    6    5    4    3    2    1    1    1    1    2    1    2    1    2    2    2    7    8    8    6   24   21   36   50   79  197  332  336  194   53
23   31   28   27   21   20   19   17   16   15   14   13   12   11   10    9    8    7    6    5    4    3    2    1    1    1    3    1    1    2    2    1    3    6    7    4    7   23   23   33   51   70  186  314  334  209   58
23   31   28   27   26   20   19   17   16   15   14   13   12   11   10    9    8    7    6    5    4    3    2    1    1    1    1    2    2    2    1    2    3    5    5    5    7   23   24   30   45   67  165  296  346  219   62
23   31   28   27   26   20   19   18   17   16   14   13   12   11   10    9    8    7    6    5    4    3    2    1    1    1    1    2    1    2    1    1    2    8    4    5    6   18   29   26   45   63  152  283  342  221   75
24   31   28   27   26   25   20   19   18   16   15   14   13   12   11   10    9    8    7    6    5    4    3    2    1    1    1    1    1    1    1    1    2    1    2    6    4    4    7   16   25   28   43   58  151  257  344  231   78
22   31   27   26   24   19   18   16   15   14   13   12   11   10    9    8    7    6    5    4    3    2    1    1    2    1    1    2    2    1    2    3    6    5    5   14   19   33   42   47  148  249  325  241   88
21   30   26   24   19   18   16   15   14   13   12   11   10    9    8    7    6    5    4    3    2    1    1    3    1    1    3    1    2    3    6    5    3   13   20   29   37   48  140  237  322  245   91
22   30   26   25   24   19   18   16   15   14   13   12   11   10    9    8    7    6    5    4    3    2    1    1    2    1    1    1    3    1    2    3    4    5    3   12   16   28   41   41  130  236  313  243   95
22   29   26   25   22   19   18   17   15   14   13   12   11   10    9    8    7    6    5    4    3    2    1    1    1    2    1    1    2    1    3    3    1    8    3   10   14   27   38   36  123  224  305  244  106
22   28   24   23   21   18   17   16   15   14   13   12   11   10    9    8    7    6    5    4    3    2    1    1    1    1    1    1    1    1    1    4    1    3    5    9   12   30   26   42  107  208  313  248  112
20   28   24   23   21   17   16   14   13   12   11   10    9    8    7    6    5    4    3    2    1    1    1    1    1    1    1    4    2    2    4   11   11   28   27   36  103  197  290  263  114
18   27   23   21   16   14   13   12   11   10    9    8    7    6    5    4    3    2    1    1    1    2    2    4    2    2    4    8    7   29   25   37   95  198  264  271  119
18   27   23   20   16   14   13   12   11   10    9    8    7    6    5    4    3    2    1    1    1    2    2    1    4    1    2   11    5   25   26   29   95  186  255  264  131
20   26   21   20   19   16   15   14   13   12   11   10    9    8    7    6    5    4    3    2    1    1    1    1    1    1    1    1    4    1    1   11    6   18   25   30   83  178  249  258  137
19   25   21   20   19   16   14   13   12   11   10    9    8    7    6    5    4    3    2    1    1    1    1    1    1    2    3    2    1   10    6   16   25   27   74  168  243  257  139
19   25   21   20   18   16   14   13   12   11   10    9    8    7    6    5    4    3    2    1    1    1    1    1    1    2    3    1    2    5   10   13   27   23   67  158  232  246  141
17   25   20   18   14   13   12   11   10    9    8    7    6    5    4    3    2    1    1    1    1    4    2    2    2    4   10   13   27   23   63  143  229  242  140
16   24   20   15   14   12   11   10    9    8    7    6    5    4    3    2    1    1    1    1    4    3    3    3   10   11   28   18   53  132  228  239  141
16   24   19   14   13   12   11   10    9    8    7    6    5    4    3    2    1    1    1    3    1    2    3    4    9    8   25   21   49  115  206  258  138
15   22   14   13   12   11   10    9    8    7    6    5    4    3    2    1    1    2    2    2    2    3    9    9   18   25   44  107  183  256  142
15   21   14   13   12   11   10    9    8    7    6    5    4    3    2    1    1    1    3    1    1    3    9    4   18   24   43   93  184  242  147
15   21   14   13   12   11   10    9    8    7    6    5    4    3    2    1    1    1    1    3    1    1    9    6    9   26   37   89  180  234  154
15   20   14   13   12   11   10    9    8    7    6    5    4    3    2    1    1    1    1    2    2    1    8    5   10   24   33   87  172  219  150
12   19   12   11    9    8    7    6    5    4    3    2    1    1    2    3    5    7    7   21   35   83  159  206  154
11   18   11    9    8    7    6    5    4    3    2    1    1    4    3    8    7   16   35   77  147  203  154
12   18   11   10    9    8    7    6    5    4    3    2    1    1    3    1    2    6    9   13   32   68  138  194  150
12   18   11   10    9    8    7    6    5    4    3    2    1    1    3    1    2    5    8    8   31   60  129  172  139
 9   10    8    7    6    5    4    3    2    1    4    3    9    8   23   60  115  158  143
10   10    9    8    7    6    5    4    3    2    1    3    1    2    3   10   25   48  110  148  139
10   10    9    8    7    6    5    4    3    2    1    2    2    2    2   11   22   43  100  138  130
 9   10    8    7    6    5    4    3    2    1    2    1    3    9   19   35   89  120  121
 9   10    9    7    6    5    4    3    2    1    1    1    3    7   16   31   83  110  109
 9   10    9    7    6    5    4    3    2    1    1    1    3    3   17   24   76   98   97
 7   10    6    5    4    3    2    1    1    2    5   14   27   45   44
 7   10    6    5    4    3    2    1    1    2    4    8   21   31   31
 7   10    6    5    4    3    2    1    1    1    5    6   19   30   30
 7   10    6    5    4    3    2    1    1    1    4    6   20   30   28
 7   10    6    5    4    3    2    1    1    1    3    6   15   31   26
 7   10    6    5    4    3    2    1    1    1    1    1    6   14   17
 6    9    5    4    3    2    1    1    1    1    4   14   14
 5    5    4    3    2    1    1    1    5    8    8
 4    4    3    2    1    2    5    7    7
 4    4    3    2    1    2    5    5    7
 4    4    3    2    1    2    5    5    7
 4    4    3    2    1    1    3    2    5
 4    4    3    2    1    1    3    2    5
 3    3    2    1    1    3    3
 3    3    2    1    1    1    3
 3    3    2    1    1    2    1
 3    3    2    1    1    2    1
 2    2    1    1    2
 2    2    1    1    2
 2    2    1    1    2
