# n  list(x)  list(y)
14    4    5    6    7    8    9   10   11   12   13   14   15   16   17    4   97  485  593  503  353  246  121   55   27   11    2    2    1
14    4    5    6    7    8    9   10   11   12   13   14   15   16   17   14  108  494  587  489  343  233  118   49   25   10    2    2    1
13    4    5    6    7    8    9   10   11   12   13   14   15   16   16  138  495  585  464  333  224  109   49   22   11    1    3
14    3    4    5    6    7    8    9   10   11   12   13   14   15   16    1   20  144  526  566  451  335  197  107   45   19   10    2    2
14    3    4    5    6    7    8    9   10   11   12   13   14   15   16    4   24  169  527  553  442  327  185   95   44   18    8    2    2
14    3    4    5    6    7    8    9   10   11   12   13   14   15   16    5   38  196  515  544  431  310  177   92   38   17    8    2    2
14    3    4    5    6    7    8    9   10   11   12   13   14   15   16    7   45  214  517  532  416  306  167   86   33   18    6    1    2
14    3    4    5    6    7    8    9   10   11   12   13   14   15   16   10   57  224  528  523  401  290  154   84   30   16    5    1    2
13    3    4    5    6    7    8    9   10   11   12   13   14   16   13   65  254  514  522  386  280  135   78   30   17    4    2
13    3    4    5    6    7    8    9   10   11   12   13   14   16   16   72  268  523  502  387  267  128   64   27   15    4    2
14    3    4    5    6    7    8    9   10   11   12   13   14   15   16   18   82  278  530  498  371  252  122   52   28   13    4    1    1
15    2    3    4    5    6    7    8    9   10   11   12   13   14   15   16    1   20   88  301  529  488  363  225  114   55   26   10    3    1    1
14    3    4    5    6    7    8    9   10   11   12   13   14   15   16   21  100  325  517  482  348  202  114   54   25    7    3    1    1
14    2    3    4    5    6    7    8    9   10   11   12   13   14   15    1   29  106  339  515  465  333  194  106   54   24    6    2    1
14    2    3    4    5    6    7    8    9   10   11   12   13   14   15    2   33  126  350  511  452  309  193   93   53   21    4    2    1
14    2    3    4    5    6    7    8    9   10   11   12   13   14   15    3   36  147  354  509  427  305  185   85   48   19    5    1    1
14    2    3    4    5    6    7    8    9   10   11   12   13   14   15    3   40  167  372  495  410  292  173   81   41   19    5    1    1
13    2    3    4    5    6    7    8    9   10   11   12   13   14    5   47  177  375  479  407  295  156   76   38   13    5    2
13    2    3    4    5    6    7    8    9   10   11   12   13   14    8   51  196  376  464  394  291  145   73   35   10    5    2
14    1    2    3    4    5    6    7    8    9   10   11   12   13   14    1    7   58  205  388  444  388  276  136   76   31    8    6    1
14    1    2    3    4    5    6    7    8    9   10   11   12   13   14    2    6   65  224  381  447  374  257  128   74   27    9    5    1
14    1    2    3    4    5    6    7    8    9   10   11   12   13   14    2   10   82  227  375  459  351  239  122   75   20    8    4    1
14    1    2    3    4    5    6    7    8    9   10   11   12   13   14    2   13   92  232  385  462  324  226  120   68   15    6    4    1
13    1    2    3    4    5    6    7    8    9   10   11   12   13    2   19  101  246  380  459  315  207  110   62   14    6    4
13    1    2    3    4    5    6    7    8    9   10   11   12   13    3   21  108  260  385  448  305  191  105   51   14    5    4
13    1    2    3    4    5    6    7    8    9   10   11   12   13    3   30  115  268  377  443  291  180   98   49   12    5    4
13    1    2    3    4    5    6    7    8    9   10   11   12   13    6   32  123  290  368  438  272  168   93   43    9    5    3
13    1    2    3    4    5    6    7    8    9   10   11   12   13    5   36  127  288  387  425  259  161   81   39   10    5    1
12    1    2    3    4    5    6    7    8    9   10   11   12    6   40  136  292  384  419  254  144   73   35   11    5
12    1    2    3    4    5    6    7    8    9   10   11   12    7   46  138  306  395  401  242  130   66   30    8    5
12    1    2    3    4    5    6    7    8    9   10   11   12    8   51  153  312  395  388  219  123   58   29    9    4
12    1    2    3    4    5    6    7    8    9   10   11   12   11   54  166  319  402  367  201  112   57   24    7    4
12    1    2    3    4    5    6    7    8    9   10   11   12   13   60  173  328  390  352  187  107   60   18    7    4
12    1    2    3    4    5    6    7    8    9   10   11   12   13   69  187  332  381  336  182   93   57   12    8    3
12    1    2    3    4    5    6    7    8    9   10   11   12   16   73  197  333  387  313  169   88   52   10    7    3
12    1    2    3    4    5    6    7    8    9   10   11   12   17   81  206  334  384  292  156   90   46   10    5    2
12    1    2    3    4    5    6    7    8    9   10   11   12   18   88  222  343  364  284  140   85   39    7    5    2
12    1    2    3    4    5    6    7    8    9   10   11   12   24   89  234  346  346  276  132   79   35    7    3    1
12    1    2    3    4    5    6    7    8    9   10   11   12   28   95  248  339  338  257  126   74   34    5    2    1
12    1    2    3    4    5    6    7    8    9   10   11   12   32  100  263  326  331  236  128   69   29    6    1    1
11    1    2    3    4    5    6    7    8    9   10   11   31  115  261  334  314  230  115   64   27    3    2
11    1    2    3    4    5    6    7    8    9   10   11   37  124  262  328  303  224  103   60   26    3    1
10    1    2    3    4    5    6    7    8    9   10   39  128  258  339  289  211   97   56   23    4
10    1    2    3    4    5    6    7    8    9   10   44  142  255  330  288  193   88   59   15    4
10    1    2    3    4    5    6    7    8    9   10   46  147  267  312  292  181   79   51   14    4
10    1    2    3    4    5    6    7    8    9   10   48  154  275  304  271  175   79   46   11    4
10    1    2    3    4    5    6    7    8    9   10   52  157  285  308  258  160   73   38    8    2
10    1    2    3    4    5    6    7    8    9   10   59  164  279  299  250  149   69   36    7    2
10    1    2    3    4    5    6    7    8    9   10   65  161  290  287  241  141   67   26    7    2
10    1    2    3    4    5    6    7    8    9   10   72  167  287  285  241  122   59   23    3    2
10    1    2    3    4    5    6    7    8    9   10   73  175  282  285  225  114   54   23    2    2
10    1    2    3    4    5    6    7    8    9   10   74  174  282  283  206  111   48   22    2    2
10    1    2    3    4    5    6    7    8    9   10   75  183  277  275  194  108   40   22    2    2
10    1    2    3    4    5    6    7    8    9   10   75  191  271  272  180   97   41   20    1    2
10    1    2    3    4    5    6    7    8    9   10   83  193  276  262  170   88   34   16    1    2
10    1    2    3    4    5    6    7    8    9   10   90  190  272  267  154   79   31   12    1    2
10    1    2    3    4    5    6    7    8    9   10   92  196  271  264  136   72   26    9    1    2
10    1    2    3    4    5    6    7    8    9   10   99  202  269  243  123   66   24    7    1    2
 9    1    2    3    4    5    6    7    8   10  101  211  269  236  107   56   19    7    2
 9    1    2    3    4    5    6    7    8   10  101  220  263  219   99   51   17    6    2
10    1    2    3    4    5    6    7    8    9   10  112  217  264  206   88   43   15    6    1    1
10    1    2    3    4    5    6    7    8    9   10  109  224  259  191   83   36   16    3    1    1
10    1    2    3    4    5    6    7    8    9   10  108  234  238  187   76   34   15    2    1    1
 9    1    2    3    4    5    6    7    8   10  114  242  231  171   66   33    9    2    1
 9    1    2    3    4    5    6    7    8   10  126  242  215  160   57   29   10    1    1
 9    1    2    3    4    5    6    7    8   10  119  242  207  147   50   29    8    1    1
 9    1    2    3    4    5    6    7    8   10  122  245  202  127   42   27    4    1    1
 9    1    2    3    4    5    6    7    8    9  123  245  189  118   38   27    3    1    1
 9    1    2    3    4    5    6    7    8    9  124  238  173  106   37   21    3    1    1
 8    1    2    3    4    5    6    7    8  116  212  158   88   29   17    3    2
 8    1    2    3    4    5    6    7    8  116  210  145   83   28   12    3    2
 8    1    2    3    4    5    6    7    8  117  213  135   66   27   11    3    1
 7    1    2    3    4    5    6    7  106  208  116   66   19    7    3
 7    1    2    3    4    5    6    7   97  197  107   61   13    7    1
 6    1    2    3    4    5    6   57  106   62   21    1    4
 6    1    2    3    4    5    6   37   62   31   20    6    2
 5    1    2    3    4    5   29   49   32   10    1
 5    1    2    3    4    5   26   39   23   15    3
 5    1    2    3    4    5   24   39   21    9    1
 5    1    2    3    4    5   18   23   19    9    3
 5    1    2    3    4    5   18   21   19    9    3
 5    1    2    3    4    5   18   23   15    8    3
 5    1    2    3    4    5   17   21   13    6    2
 5    1    2    3    4    5   19   19   12    5    1
 5    1    2    3    4    5   19   18   12    5    1
 5    1    2    3    4    5   15   14    8    4    1
 4    1    2    3    4    8    7    6    3
 4    1    2    3    4    6    8    4    2
 4    1    2    3    4    4    9    2    1
 4    1    2    3    4    4    8    2    1
 3    1    2    3    2    3    2
 3    1    2    3    3    2    1
 3    1    2    3    3    2    1
 2    1    3    3    1
 2    1    2    2    1
 2    1    2    2    1
 2    1    2    2    1
