# n  list(x)  list(y)
40   79   66   53   50   48   46   44   37   35   34   33   32   31   30   29   28   27   26   25   24   23   22   21   20   19   18   17   16   15   14   13   12   11   10    9    8    7    6    5    4    1    1    1    1    2    1    2    2    1    5    1    1    2    1    2    5    4    3    1    4    7    9    8   14   10   12   11   21   33   33   38   44   57   83   96  154  300 1372  153    4
41   79   66   53   50   48   45   44   42   37   35   34   33   32   31   30   29   28   27   26   25   24   23   22   21   20   19   18   17   16   15   14   13   12   11   10    9    8    7    6    5    4    1    1    1    1    2    1    1    1    1    2    4    1    1    3    1    1    4    5    4    1    4    6    8    8   12   10   13   12   18   35   29   41   43   55   76  106  145  287 1292  227   11
41   79   65   53   49   48   46   45   43   41   36   35   34   33   32   31   29   28   27   26   25   24   23   22   21   20   19   18   17   16   15   14   13   12   11   10    9    8    7    6    5    4    1    1    1    1    1    1    1    1    1    1    1    3    2    2    3    2    3    4    6    1    3    6    6   10   13    8   13   14   16   34   25   41   43   52   73  105  142  276 1227  286   20
41   77   65   52   48   47   46   45   43   41   36   35   34   33   32   31   28   27   26   25   24   23   22   21   20   19   18   17   16   15   14   13   12   11   10    9    8    7    6    5    4    3    1    1    1    1    1    1    1    1    1    1    1    2    2    3    3    3    4    4    4    3    4    8    5   15    8   13   14   16   30   27   41   44   46   72   97  139  265 1161  346   33    2
39   77   65   51   48   47   46   45   43   40   36   35   33   32   31   30   27   26   25   24   22   21   20   19   18   17   16   15   14   13   12   11   10    9    8    7    6    5    4    3    1    1    1    1    1    1    1    1    1    1    1    4    3    1    2    7    1    3    7    9    7   10   10   12   14   13   31   29   34   46   48   69   91  141  247 1111  396   41    2
40   77   65   51   48   47   46   45   43   40   36   35   33   32   31   30   29   27   26   25   24   22   21   20   19   18   17   16   15   14   13   12   11   10    9    8    7    6    5    4    3    1    1    1    1    1    1    1    1    1    1    1    2    3    3    1    1    7    1    3    7    6    8   10    8   13   12   16   30   23   33   44   45   70   88  142  236 1052  428   67    5
38   77   65   50   48   46   43   39   36   35   33   32   31   30   28   27   26   25   24   22   21   20   19   18   17   16   15   14   13   12   11   10    9    8    7    6    5    4    3    1    1    1    1    2    2    1    1    1    2    2    3    2    1    4    4    2    7    3    6   13   10   11   11   15   28   24   33   42   46   70   87  136  220  997  461   92    7
40   76   63   50   48   46   43   42   38   36   35   33   32   31   30   28   27   26   25   24   23   22   21   20   19   18   17   16   15   14   13   12   11   10    9    8    7    6    5    4    3    1    1    1    1    1    1    2    1    1    1    1    3    2    3    1    4    2    3    7    1    2    7   12    8   10   10   14   29   25   29   47   43   69   80  132  218  948  485  108   11
39   75   62   50   47   45   42   38   36   35   33   32   31   30   28   27   26   25   24   22   21   20   19   18   17   16   15   14   13   12   11   10    9    8    7    6    5    4    3    2    1    1    1    1    1    2    1    1    1    1    1    3    4    1    3    2    4    7    1    7   12    9   10   10   14   25   24   28   45   46   67   81  123  213  887  520  125   16    1
40   75   61   50   47   45   42   37   36   34   33   32   31   30   29   28   27   26   25   24   23   21   20   19   18   17   16   15   14   13   12   11   10    9    8    7    6    5    4    3    2    1    1    1    1    1    2    1    1    1    1    1    3    1    3    1    3    1    5    5    2    7   13    9    9   10   13   22   23   30   40   51   66   81  117  198  835  547  146   21    1
39   75   60   50   47   43   42   37   35   34   32   31   30   29   28   27   26   25   24   23   21   20   19   18   17   16   15   14   13   12   11   10    9    8    7    6    5    4    3    2    1    1    1    1    1    2    1    1    1    2    3    1    3    1    1    3    5    5    2    5   12   10    7   13   13   22   22   29   38   48   65   84  109  193  803  546  166   27    2
38   74   60   50   47   43   42   41   35   32   31   30   29   28   27   26   25   24   23   21   20   19   18   17   16   15   14   13   12   11   10    9    8    7    6    5    4    3    2    1    1    1    1    1    1    1    2    2    3    2    3    1    1    1    4    6    4    3   14    9    7   11   12   21   24   30   35   45   65   83  107  184  749  573  182   33    2
37   74   60   49   47   42   41   35   32   31   30   29   28   27   25   24   23   22   21   20   19   18   17   16   15   14   13   12   11   10    9    8    7    6    5    4    3    2    1    1    1    1    2    1    2    2    2    1    3    3    1    2    7    5    1    3   11    7   10   10   12   18   25   26   39   42   63   81  105  174  698  598  201   37    4
36   74   60   47   42   41   39   35   32   31   30   29   28   25   24   23   22   21   20   19   18   17   16   15   14   13   12   11   10    9    8    7    6    5    4    3    2    1    1    2    1    1    1    2    1    2    1    2    5    3    6    4    3    2    9   10    8   11   11   19   19   31   37   43   54   85   98  173  651  617  209   48    4
37   74   60   47   46   42   41   39   35   34   31   30   29   28   25   24   23   22   21   20   19   18   17   16   15   14   13   12   11   10    9    8    7    6    5    4    3    2    1    1    1    1    1    1    1    1    1    1    3    2    5    3    6    3    4    1    8   12    7   10   10   19   19   30   32   43   52   81   99  162  618  616  232   55    8
36   74   59   45   41   39   35   33   31   30   29   28   27   25   24   23   22   21   20   19   18   17   16   15   14   13   12   11   10    9    8    7    6    5    4    3    2    1    1    2    2    1    1    1    1    2    3    4    1    2    6    3    4    2    8   10    9    6   11   19   21   28   31   40   53   75   96  158  593  608  255   58    9
36   73   58   45   44   41   39   35   33   31   29   28   27   25   24   23   22   21   20   19   18   17   16   15   14   13   12   11   10    9    8    7    6    5    4    3    2    1    1    1    1    2    1    1    1    1    3    5    2    1    6    4    3    1    8   11    9    5   10   19   19   26   33   39   47   73   98  146  568  606  273   66    9
36   72   56   45   43   40   39   35   33   31   29   28   27   25   24   23   22   20   19   18   17   16   15   14   13   12   11   10    9    8    7    6    5    4    3    2    1    1    1    1    1    1    2    1    1    1    2    6    2    1    5    3    5    9   10    9    4   11   16   21   24   34   37   45   70  100  138  542  584  299   75   12    1
38   72   56   45   42   39   38   33   32   31   29   28   27   26   25   24   23   22   21   20   19   18   17   16   15   14   13   12   11   10    9    8    7    6    5    4    3    2    1    1    1    1    1    2    1    1    1    1    1    5    3    1    1    3    3    5    2    7    9   10    5    9   15   21   23   35   35   42   71   96  129  511  582  319   83   13    1
38   72   55   45   42   39   38   37   33   30   29   28   27   26   25   24   23   22   21   20   19   18   17   16   15   14   13   12   11   10    9    8    7    6    5    4    3    2    1    1    1    1    1    1    1    1    1    1    1    3    5    1    1    1    4    5    3    7    8    7    7    8   18   16   23   33   35   39   70   92  122  477  586  332   91   20    1
35   71   53   45   41   37   32   29   28   27   26   25   24   23   22   21   20   19   18   17   16   15   14   13   12   11   10    9    8    7    6    5    4    3    2    1    1    1    1    1    3    1    2    2    4    2    2    1    4    4    2    6    6   10    8    6   17   12   27   30   40   35   70   87  118  454  566  356   97   22    2
33   71   52   45   41   37   32   29   27   26   25   23   22   21   20   19   18   17   16   15   14   13   12   11   10    9    8    7    6    5    4    3    2    1    1    1    1    1    3    1    1    6    2    3    5    2    4    4    7   10    7    7   14   15   23   33   40   36   63   88  112  432  554  362  107   28    2
35   71   52   44   41   37   36   32   29   27   26   25   24   23   22   21   20   19   18   17   16   15   14   13   12   11   10    9    8    7    6    5    4    3    2    1    1    1    1    1    2    1    1    1    3    4    3    1    4    3    4    4    6   10    6    7   16   14   19   35   42   31   63   79  111  409  548  367  116   34    2
35   70   51   44   39   37   35   32   29   27   26   25   24   23   22   21   20   19   18   17   16   15   14   13   12   11   10    9    8    7    6    5    4    3    2    1    1    1    1    1    2    1    1    1    3    3    2    3    4    2    2    6    5   10    7    6   16   13   17   27   48   31   56   79  107  389  539  377  124   38    2
34   70   50   42   37   35   34   32   29   27   26   24   23   22   21   20   19   18   17   16   15   14   13   12   11   10    9    8    7    6    5    4    3    2    1    1    1    1    2    1    1    1    1    2    4    3    3    2    2    6    5    7    9    7   14   10   18   23   54   29   54   78   99  364  519  395  138   43    3
36   67   49   42   37   36   35   34   31   28   27   26   25   24   23   22   21   20   19   18   17   16   15   14   13   12   11   10    9    8    7    6    5    4    3    2    1    1    1    1    1    1    1    1    1    1    1    2    3    3    2    2    3    6    3    7   10    7   10   13   12   29   50   30   51   78   99  335  512  397  155   42    4
34   66   48   42   37   35   34   33   31   27   25   24   23   22   21   20   19   18   17   16   15   14   13   12   11   10    9    8    7    6    5    4    3    2    1    1    1    1    1    1    1    1    1    2    3    4    2    2    2    6    3    7    6   10   11   14    7   26   48   36   49   73   99  310  500  398  169   48    7
34   64   47   42   37   34   32   31   27   26   25   24   23   22   21   20   19   18   17   16   15   14   13   12   11   10    9    8    7    6    5    4    3    2    1    1    1    1    1    2    1    1    1    1    1    6    2    1    2    5    3    7    8    8   12    8   12   25   44   34   52   68   94  296  475  411  179   53    8
33   64   47   41   37   34   32   31   26   25   24   23   22   21   20   19   18   17   16   15   14   13   12   11   10    9    8    7    6    5    4    3    2    1    1    1    1    1    1    1    2    2    1    5    2    2    2    3    4    6    9    8   11   10   10   20   41   33   59   60   88  283  460  416  187   60    9
34   62   47   41   37   34   32   31   30   26   25   24   23   22   21   20   19   18   17   16   15   14   13   12   11   10    9    8    7    6    5    4    3    2    1    1    1    1    1    1    1    1    1    1    2    4    1    4    1    3    3    7    9    6   13    7   10   19   39   29   55   59   84  259  445  431  196   67   12
31   60   47   38   36   31   29   26   24   23   22   21   20   19   18   17   16   15   14   13   12   11   10    9    8    7    6    5    4    3    2    1    1    1    1    1    2    1    1    3    4    4    1    2    3    7    6    6   12    9   11   17   36   27   53   60   77  236  435  437  206   77   12
32   58   47   38   36   31   30   28   26   24   23   22   21   20   19   18   17   16   15   14   13   12   11   10    9    8    7    6    5    4    3    2    1    1    1    1    1    1    1    1    1    3    3    4    1    3    3    3    9    5    8   10    8   17   36   28   47   53   80  225  417  433  223   82   15
32   58   46   38   36   30   29   28   26   24   23   22   21   20   19   18   17   16   15   14   13   12   11   10    9    8    7    6    5    4    3    2    1    1    1    1    1    1    1    1    1    2    4    2    3    2    4    2   10    3    9    9   10   14   36   29   41   53   77  210  402  432  233   86   18
30   58   45   38   35   29   27   26   24   23   22   21   19   18   17   16   15   14   13   12   11   10    9    8    7    6    5    4    3    2    1    1    1    1    1    2    1    1    1    4    2    4    5    3    8    4    7   10   10   15   32   30   42   48   76  187  389  438  242   89   20
30   57   44   38   34   29   27   26   24   23   22   21   19   18   17   16   15   14   13   12   11   10    9    8    7    6    5    4    3    2    1    1    1    1    1    2    1    1    1    4    1    5    4    4    7    5    6   11    9   15   29   29   41   46   69  186  375  426  250   95   23
29   57   44   38   34   29   27   24   23   21   20   19   18   17   16   15   14   13   12   11   10    9    8    7    6    5    4    3    2    1    1    1    1    1    1    2    1    3    4    2    4    3    6    5    8   10    9   13   26   30   40   42   69  172  353  431  257  100   29
30   57   43   38   34   29   26   24   23   22   21   20   19   18   17   16   15   14   13   12   11   10    9    8    7    6    5    4    3    2    1    1    1    1    1    1    2    1    2    1    1    3    4    4    4    7    6   10    8   13   18   35   35   40   72  147  345  423  267  113   33
31   56   42   38   34   28   26   25   24   23   22   21   20   19   18   17   16   15   14   13   12   11   10    9    8    7    6    5    4    3    2    1    1    1    1    1    1    1    1    1    1    1    2    2    5    2    4    8    7    8   10    8   17   34   35   41   69  138  322  426  275  116   34
31   56   42   38   33   28   26   25   24   23   22   21   20   19   18   17   16   15   14   13   12   11   10    9    8    7    6    5    4    3    2    1    1    1    1    1    1    1    1    1    1    1    2    2    5    2    4    7    6    8   11    7   17   34   33   38   73  130  301  422  273  125   36
31   56   40   38   32   27   26   25   24   23   22   21   20   19   18   17   16   15   14   13   12   11   10    9    8    7    6    5    4    3    2    1    1    1    1    1    1    1    1    1    1    1    2    2    5    1    5    7    5    7   12    7   17   29   39   35   68  117  293  406  281  131   42
28   54   39   38   31   25   24   23   21   20   19   18   17   16   15   14   13   12   11   10    9    8    7    6    5    4    3    2    1    1    1    1    1    3    1    1    1    2    5    2    3    6    7    7    9    9   12   28   37   34   62  114  270  408  282  136   52
28   54   38   37   30   25   24   22   21   20   19   18   17   16   15   14   13   12   11   10    9    8    7    6    5    4    3    2    1    1    1    1    1    3    1    1    1    2    3    4    3    5    6    7    8    8    9   30   36   30   62  106  257  398  293  136   56
28   53   38   36   30   25   24   22   21   20   19   18   17   16   15   14   13   12   11   10    9    8    7    6    5    4    3    2    1    1    1    1    1    1    3    1    1    2    2    3    4    3    7    7    7    9    7   26   35   34   51  107  242  389  291  142   65
29   52   37   35   29   25   24   23   22   21   20   19   18   17   16   15   14   13   12   11   10    9    8    7    6    5    4    3    2    1    1    1    1    1    1    1    1    2    1    1    2    3    4    3    5    8    5   11    8   20   30   39   45  100  222  382  295  157   68
27   51   35   29   24   23   22   21   20   19   18   17   16   15   14   13   12   11   10    9    8    7    6    5    4    3    2    1    1    2    1    1    1    2    2    1    2    3    4    2    5    7    6   10    8   17   31   35   45   97  205  371  300  159   69
25   49   35   28   24   22   21   19   18   17   16   15   14   13   12   11   10    9    8    7    6    5    4    3    2    1    1    2    1    1    2    2    2    4    3    1    6    6    6   10   10   15   26   35   42   96  191  361  298  165   75
27   48   35   34   27   24   22   21   20   19   18   17   16   15   14   13   12   11   10    9    8    7    6    5    4    3    2    1    1    1    1    1    1    1    2    1    1    3    3    1    5    8    4   11   10   12   23   33   46   86  184  346  294  179   76
26   47   34   33   27   23   22   20   19   18   17   16   15   14   13   12   11   10    9    8    7    6    5    4    3    2    1    1    1    1    1    1    1    2    1    3    3    1    5    6    6    8   12   10   22   32   46   79  178  322  303  181   84
24   46   33   32   26   22   21   20   19   17   15   14   13   12   11   10    9    8    7    6    5    4    3    2    1    1    1    1    1    1    1    2    1    6    4    3   10    3   13   11   19   31   43   78  169  311  299  187   90
25   46   33   32   26   22   21   20   19   17   16   15   14   13   12   11   10    9    8    7    6    5    4    3    2    1    1    1    1    1    1    1    2    1    4    2    3    3   10    3   10   14   16   30   42   73  156  291  298  202   94
25   45   32   31   26   22   21   20   18   17   16   15   14   13   12   11   10    9    8    7    6    5    4    3    2    1    1    1    1    1    1    1    2    1    2    3    4    2    8    4   12   13   15   31   40   67  150  275  286  221   92
26   45   32   31   25   22   21   20   19   18   17   16   15   14   13   12   11   10    9    8    7    6    5    4    3    2    1    1    1    1    1    1    1    1    1    1    2    2    3    3    6    7   10   13   15   23   44   66  133  264  285  233   87
24   45   32   31   23   21   20   19   17   16   15   14   13   12   11   10    9    8    7    6    5    4    3    2    1    1    1    1    1    2    1    1    3    2    2    1    8    7   10   10   16   21   44   58  127  252  277  237   95
23   45   31   30   23   21   20   17   16   15   14   13   12   11   10    9    8    7    6    5    4    3    2    1    1    1    1    1    1    2    1    4    2    1    6    8   10    7   16   17   40   60  115  238  271  245  105
22   43   30   22   21   20   19   16   15   14   13   12   11   10    9    8    7    6    5    4    3    2    1    1    2    1    1    1    1    3    3    2    5    6   10    8   11   18   39   52  109  231  271  242  113
22   43   30   28   22   20   19   16   15   14   13   12   11   10    9    8    7    6    5    4    3    2    1    1    1    1    1    2    1    3    2    3    2    6   12    8   10   20   34   50   98  226  261  250  111
21   42   29   28   20   18   16   15   14   13   12   11   10    9    8    7    6    5    4    3    2    1    1    1    1    1    2    2    1    3    3    2   11    9   10   14   27   51   92  207  269  254  116
21   42   29   28   19   17   16   15   14   13   12   11   10    9    8    7    6    5    4    3    2    1    1    1    1    1    1    1    2    2    2    3    8    9    9   16   23   46   83  189  268  260  124
21   41   29   28   19   17   16   15   14   13   12   11   10    9    8    7    6    5    4    3    2    1    1    1    1    1    1    1    1    2    1    4    7    8   10   14   20   41   82  177  257  257  128
19   41   28   27   19   17   16   14   12   11   10    9    8    7    6    5    4    3    2    1    1    1    1    1    1    1    2    4    5    7    8   18   20   39   73  170  244  256  136
20   40   28   27   18   17   15   14   13   12   11   10    9    8    7    6    5    4    3    2    1    1    1    1    1    1    1    1    1    2    5    5   12   12   22   35   70  155  237  254  140
19   39   27   26   17   15   14   13   12   11   10    9    8    7    6    5    4    3    2    1    1    1    1    2    1    1    1    1    5    5    9   15   17   33   60  144  226  251  141
19   38   27   26   17   16   15   13   12   11   10    9    8    7    6    5    4    3    2    1    1    1    1    1    1    1    2    1    3    6    9   13   16   27   58  140  218  239  141
18   37   25   17   16   15   13   12   11   10    9    8    7    6    5    4    3    2    1    1    2    1    1    1    1    1    2    5    8   15   15   25   54  127  212  238  135
17   36   25   17   16   15   12   11   10    9    8    7    6    5    4    3    2    1    1    2    1    1    1    2    1    5    5   15   13   25   50  124  202  229  133
16   36   24   23   16   15   12   10    9    8    7    6    5    4    3    2    1    1    1    1    1    2    1    5    4   16   13   25   38  119  180  233  136
15   35   23   15   14   11   10    9    8    7    6    5    4    3    2    1    1    2    1    1    1    5    2   14   11   26   34   95  175  229  141
15   32   22   15   13   11   10    9    8    7    6    5    4    3    2    1    1    2    1    1    1    3    3   12   12   21   34   88  166  218  142
15   31   22   21   15   11   10    9    8    7    6    5    4    3    2    1    1    1    1    1    1    4    3   10   11   16   34   78  158  206  148
15   29   22   21   15   11   10    9    8    7    6    5    4    3    2    1    1    1    1    1    1    4    1    9   13   10   34   69  150  196  140
14   29   20   15   11   10    9    8    7    6    5    4    3    2    1    1    2    1    1    2    3    8   11   10   31   61  143  184  129
14   29   20   18   15   10    9    8    7    6    5    4    3    2    1    1    1    1    1    2    4    5   12   10   27   61  129  177  132
14   29   19   18   15   10    9    8    7    6    5    4    3    2    1    1    1    1    1    2    3    6   11    7   23   50  120  164  124
14   28   19   17   15   10    9    8    7    6    5    4    3    2    1    1    1    1    1    1    3    6    8    8   22   47  116  155  124
13   25   19   17   10    9    8    7    6    5    4    3    2    1    1    1    1    1    1    5    4   11   20   42  106  140  120
11   23   17    9    8    7    6    5    4    3    2    1    1    1    1    1    5    8   16   37   86  141  116
11   23   16    9    8    7    6    5    4    3    2    1    1    1    1    1    4    4   17   32   74  126  109
10   22   16    8    7    6    5    4    3    2    1    1    1    2    2    5   10   26   61  106   85
 9   22   16    7    6    5    4    3    2    1    1    1    3    4    5   21   52   92   74
 9   21   15    7    6    5    4    3    2    1    1    1    3    3    3   20   49   80   73
 8   13    7    6    5    4    3    2    1    1    1    1    1    3   12   20   19
 7   12    7    6    4    3    2    1    1    1    1    1   10   22   17
 6   12    6    4    3    2    1    1    2    1    9   19   17
 5   11    6    3    2    1    1    2    9   18   14
 6    6    5    4    3    2    1    1    1    2    9   13   14
 5    9    4    3    2    1    1    1    3    7    6
 4    4    3    2    1    1    5    5    7
 4    4    3    2    1    1    4    4    6
 4    4    3    2    1    1    4    4    6
 4    8    3    2    1    1    2    4    4
 4    8    3    2    1    1    2    4    4
 4    7    3    2    1    1    2    4    3
 4    7    3    2    1    1    2    4    3
 4    6    3    2    1    1    2    3    2
 3    5    2    1    1    4    1
 3    5    2    1    1    4    1
 2    4    2    1    4
 2    2    1    1    2
