# n  list(x)  list(y)
26    4    5    6    7    8    9   10   11   12   13   14   15   16   17   18   19   20   21   22   23   24   26   30   31   32   35    4  131  837  522  330  204  137   97   65   54   30   24   10   11   12   10    6    3    5    1    1    1    1    2    1    1
26    3    4    5    6    7    8    9   10   11   12   13   14   15   16   17   18   19   20   21   22   23   25   29   31   32   34    1    9  178  808  505  329  190  133   92   67   49   32   20    9   11   13   10    3    3    6    1    1    1    2    1    1
28    2    3    4    5    6    7    8    9   10   11   12   13   14   15   16   17   18   19   20   21   22   23   25   27   30   31   32   34    1    2   13  214  787  497  312  188  126   91   64   46   28   20   10   12   13    7    3    5    4    1    1    1    1    1    1    1
28    2    3    4    5    6    7    8    9   10   11   12   13   14   15   16   17   18   19   20   21   22   23   24   27   29   31   32   34    1    2   18  258  767  481  297  189  114   86   65   44   25   19    8   16   11    5    4    4    4    1    1    1    1    1    1    1
28    2    3    4    5    6    7    8    9   10   11   12   13   14   15   16   17   18   19   20   21   22   23   24   26   29   30   32   34    1    2   31  298  744  468  285  178  110   84   63   41   23   16   12   11   11    3    5    3    4    1    1    1    1    1    1    1
28    2    3    4    5    6    7    8    9   10   11   12   13   14   15   16   17   18   19   20   21   22   23   24   26   29   30   32   33    1    4   48  326  720  459  270  167  106   82   63   38   21   17   10   12    9    3    6    3    3    1    1    1    1    1    1    1
25    2    3    4    5    6    7    8    9   10   11   12   13   14   15   16   17   18   19   20   21   22   23   26   29   32    1    5   59  364  705  441  254  164   99   86   53   32   21   17   12   10    5    4    5    4    3    1    1    2    2
26    2    3    4    5    6    7    8    9   10   11   12   13   14   15   16   17   18   19   20   21   22   26   28   29   31   32    1    6   78  387  701  413  240  150  106   83   48   28   23   15   13    8    4    5    5    3    3    1    1    1    1    1
26    2    3    4    5    6    7    8    9   10   11   12   13   14   15   16   17   18   19   20   21   22   26   28   29   31   32    1    8  100  411  660  404  237  140  109   80   38   32   24   12   11    8    7    2    5    3    3    1    1    1    1    1
25    2    3    4    5    6    7    8    9   10   11   12   13   14   15   16   17   18   19   20   21   22   25   28   29   31    1    9  110  446  641  384  228  134  103   78   34   33   24    9   11    7    7    2    5    2    2    1    1    1    2
24    2    3    4    5    6    7    8    9   10   11   12   13   14   15   16   17   18   19   20   21   25   28   29   31    2   14  131  453  617  373  225  132  100   70   34   29   23    7   12    8    4    3    5    3    1    1    1    2
24    2    3    4    5    6    7    8    9   10   11   12   13   14   15   16   17   18   19   20   21   25   27   29   31    2   19  150  466  601  365  208  131   97   61   34   25   22    7   10    8    3    4    4    3    1    1    1    2
25    2    3    4    5    6    7    8    9   10   11   12   13   14   15   16   17   18   19   20   21   25   27   29   30   31    2   22  169  475  582  349  202  131   88   60   34   24   19   10    9    6    2    5    4    2    1    1    1    1    1
24    2    3    4    5    6    7    8    9   10   11   12   13   14   15   16   17   18   19   20   21   25   27   29   31    2   26  195  471  558  338  195  128   86   60   33   23   17   12    8    5    6    2    3    2    1    1    2    1
25    1    2    3    4    5    6    7    8    9   10   11   12   13   14   15   16   17   18   19   20   21   25   27   29   30    1    1   42  205  481  533  326  190  130   79   52   33   21   13   13    9    3    6    3    2    2    1    1    2    1
25    1    2    3    4    5    6    7    8    9   10   11   12   13   14   15   16   17   18   19   20   21   24   27   28   29    2    3   50  213  487  516  310  186  128   77   48   34   16   15   13    7    4    6    1    2    2    1    1    1    2
25    1    2    3    4    5    6    7    8    9   10   11   12   13   14   15   16   17   18   19   20   21   23   27   28   29    2    3   65  225  491  497  299  179  121   71   48   30   15   16   12    6    4    6    1    3    1    1    1    2    1
23    1    2    3    4    5    6    7    8    9   10   11   12   13   14   15   16   17   18   19   20   21   27   28    2    4   76  252  483  491  295  166  109   60   49   27   11   19    7    5    6    4    1    3    2    1    2
24    1    2    3    4    5    6    7    8    9   10   11   12   13   14   15   16   17   18   19   20   21   26   27   28    3    6   95  260  480  475  282  163   95   61   50   19   13   19    5    6    6    3    2    2    2    1    1    1
23    1    2    3    4    5    6    7    8    9   10   11   12   13   14   15   16   17   18   19   20   21   26   27    3    6  111  272  475  460  270  155   96   53   46   19   14   17    5    6    5    3    2    2    2    2    1
24    1    2    3    4    5    6    7    8    9   10   11   12   13   14   15   16   17   18   19   20   21   25   26   27    3   10  128  274  483  433  255  154   88   55   44   18   13   16    5    5    4    3    3    1    2    1    1    1
24    1    2    3    4    5    6    7    8    9   10   11   12   13   14   15   16   17   18   19   20   21   25   26   27    3   15  136  289  471  425  240  153   74   57   42   17   15   13    6    3    5    3    2    1    2    1    1    1
24    1    2    3    4    5    6    7    8    9   10   11   12   13   14   15   16   17   18   19   20   21   25   26   27    5   20  142  302  473  413  229  139   69   53   40   17   13   12    6    1    8    1    1    1    2    1    1    1
23    1    2    3    4    5    6    7    8    9   10   11   12   13   14   15   16   17   18   20   21   24   26   27    6   27  143  308  475  394  223  130   65   53   38   20   10   11    5    1    8    2    1    2    1    1    1
23    1    2    3    4    5    6    7    8    9   10   11   12   13   14   15   16   17   18   19   21   23   26   27    6   32  147  320  479  383  206  124   66   42   38   15   11   10    5    2    7    1    1    2    1    1    1
23    1    2    3    4    5    6    7    8    9   10   11   12   13   14   15   16   17   18   19   21   23   26   27    6   39  154  331  466  372  196  117   63   41   38   14   12    6    4    3    6    1    1    2    1    1    1
24    1    2    3    4    5    6    7    8    9   10   11   12   13   14   15   16   17   18   19   20   21   22   25   27    6   43  162  338  459  357  195  107   60   37   37   14   11    4    5    3    5    1    1    1    1    1    1    1
24    1    2    3    4    5    6    7    8    9   10   11   12   13   14   15   16   17   18   19   20   21   22   25   27    6   50  175  338  453  348  183   96   59   34   35   15    9    5    4    4    4    1    1    1    1    1    1    1
23    1    2    3    4    5    6    7    8    9   10   11   12   13   14   15   16   17   18   19   20   22   25   27    8   55  183  344  452  323  170   97   55   33   32   15   10    4    5    3    4    1    1    2    1    1    1
21    1    2    3    4    5    6    7    8    9   10   11   12   13   14   15   16   17   18   20   25   27    8   65  185  350  443  316  156   90   55   35   27   18    6    4    5    3    3    1    3    1    1
21    1    2    3    4    5    6    7    8    9   10   11   12   13   14   15   16   17   18   19   25   27    8   73  201  357  435  290  145   90   52   37   20   16    5    5    4    3    3    3    1    1    1
20    1    2    3    4    5    6    7    8    9   10   11   12   13   14   15   16   17   18   25   27   11   76  218  364  414  274  143   80   57   30   18   15    7    4    3    4    1    4    1    1
20    1    2    3    4    5    6    7    8    9   10   11   12   13   14   15   16   17   18   25   27   12   84  227  370  401  259  135   79   51   29   19   11    5    4    6    1    2    3    1    1
19    1    2    3    4    5    6    7    8    9   10   11   12   13   14   15   17   18   25   27   18   85  238  373  384  255  123   72   46   35   12   12    4    6    5    2    3    1    1
18    1    2    3    4    5    6    7    8    9   10   11   12   13   14   15   17   18   25   18   97  240  370  372  246  116   68   44   34   11   11    5    8    2    2    3    2
20    1    2    3    4    5    6    7    8    9   10   11   12   13   14   15   16   17   18   24   25   18  110  244  379  369  225  103   60   48   25   11   12    4    7    2    1    2    2    1    1
20    1    2    3    4    5    6    7    8    9   10   11   12   13   14   15   16   17   18   23   25   22  113  254  376  361  203  103   56   47   23   12    9    5    7    1    2    1    2    1    1
19    1    2    3    4    5    6    7    8    9   10   11   12   13   14   15   16   17   18   25   27  116  261  377  347  200   91   57   37   25    9    9    5    6    1    3    1    1    1
19    1    2    3    4    5    6    7    8    9   10   11   12   13   14   15   16   17   18   25   29  123  272  369  327  196   84   61   30   26    7    8    5    6    2    1    1    1    1
18    1    2    3    4    5    6    7    8    9   10   11   12   13   14   16   17   18   25   36  125  285  368  309  180   83   58   27   24    7    8    3    7    1    1    1    1
18    1    2    3    4    5    6    7    8    9   10   11   12   13   14   15   16   18   22   36  133  296  362  297  170   73   60   32   14    9    5    4    4    1    1    1    1
18    1    2    3    4    5    6    7    8    9   10   11   12   13   14   15   16   17   21   41  136  312  346  283  165   68   53   31   14    8    5    6    2    1    1    1    1
17    1    2    3    4    5    6    7    8    9   10   11   12   13   14   15   17   21   48  149  307  337  275  154   68   48   29   12    6    4    7    1    2    1    1
17    1    2    3    4    5    6    7    8    9   10   11   12   13   14   15   17   20   55  154  310  324  266  146   65   48   24   11    5    5    7    1    1    1    1
16    1    2    3    4    5    6    7    8    9   10   11   12   13   15   17   20   55  171  301  322  249  138   65   41   24   11    4    5    8    1    1    1
16    1    2    3    4    5    6    7    8    9   10   11   12   13   15   17   20   57  179  303  313  236  130   66   32   25   11    3    7    6    1    1    1
16    1    2    3    4    5    6    7    8    9   10   11   12   13   14   17   20   60  179  316  300  227  113   61   37   19   10    4    6    6    1    1    1
16    1    2    3    4    5    6    7    8    9   10   11   12   13   14   16   20   66  179  315  299  219  104   54   32   19   10    4    5    5    1    1    1
15    1    2    3    4    5    6    7    8    9   10   11   12   13   14   16   74  188  307  303  206   98   50   22   16    9    5    4    4    1    1
14    1    2    3    4    5    6    7    8    9   10   11   12   13   16   84  195  308  289  201   84   45   20   14    7    7    2    5    1
14    1    2    3    4    5    6    7    8    9   10   11   12   13   15   87  205  303  281  183   83   41   18   13    5    7    2    5    1
14    1    2    3    4    5    6    7    8    9   10   11   12   13   15   89  207  295  278  169   79   37   17   14    4    6    1    5    1
14    1    2    3    4    5    6    7    8    9   10   11   12   13   14   97  207  298  266  161   67   35   17   11    6    5    2    3    1
14    1    2    3    4    5    6    7    8    9   10   11   12   13   14   99  209  298  257  149   62   31   18   12    4    5    3    2    1
13    1    2    3    4    5    6    7    8    9   10   11   12   14  103  222  294  242  137   53   32   15   12    5    4    3    1
13    1    2    3    4    5    6    7    8    9   10   11   12   14  112  232  284  226  130   46   28   14   10    5    4    3    1
13    1    2    3    4    5    6    7    8    9   10   11   12   14  121  230  276  230  109   45   25   11   11    3    4    2    1
13    1    2    3    4    5    6    7    8    9   10   11   12   14  126  237  278  205  101   40   24   10   11    2    4    1    1
13    1    2    3    4    5    6    7    8    9   10   11   12   14  131  242  270  194   95   35   19   12    9    2    4    1    1
12    1    2    3    4    5    6    7    8    9   10   11   14  129  250  266  178   87   33   17   12    9    1    2    1
11    1    2    3    4    5    6    7    8    9   11   14  140  246  261  166   82   32   13   12    8    2    1
11    1    2    3    4    5    6    7    8    9   11   13  139  249  254  150   76   36   11    8    8    1    1
11    1    2    3    4    5    6    7    8    9   10   11  141  254  244  142   74   26   13    6    5    1    1
 9    1    2    3    4    5    6    7    8    9  146  263  222  136   69   24   11    3    6
 9    1    2    3    4    5    6    7    8    9  153  271  208  113   68   22    6    3    5
 9    1    2    3    4    5    6    7    8    9  154  272  195  108   59   22    5    3    3
 9    1    2    3    4    5    6    7    8    9  160  261  175  101   52   18    4    4    1
 9    1    2    3    4    5    6    7    8    9  164  254  168   89   48   16    3    2    1
 9    1    2    3    4    5    6    7    8    9  166  249  158   85   44   11    3    2    1
 8    1    2    3    4    5    6    7    8  174  235  146   79   33   11    3    3
 8    1    2    3    4    5    6    7    8  166  225  144   72   24    9    4    2
 8    1    2    3    4    5    6    7    8  162  201  120   68   20    6    4    2
 7    1    2    3    4    5    6    7  155  172  112   53   14    5    3
 7    1    2    3    4    5    6    7  142  170   95   53   10    5    3
 7    1    2    3    4    5    6    7  125  142   77   43    9    2    3
 7    1    2    3    4    5    6    7  112  118   71   40    6    1    3
 7    1    2    3    4    5    6    7  104  114   61   38    4    1    3
 7    1    2    3    4    5    6    7   95   98   52   28    2    1    3
 6    1    2    3    4    5    7   83   67   40   26    1    2
 7    1    2    3    4    5    6    7   58   41   30   16    1    1    1
 5    1    2    3    4    7   43   28   24    9    1
 5    1    2    3    4    7   27   15   14    5    1
 5    1    2    3    4    7   23   14   10    4    1
 5    1    2    3    4    7   22   15    9    4    1
 5    1    2    3    4    7   17   11    8    2    1
 5    1    2    3    4    7   14   10    5    2    1
 5    1    2    3    4    6   11    5    3    1    1
 4    1    2    3    4    6    2    2    1
 3    1    2    3    5    2    3
 3    1    2    3    4    4    2
 3    1    2    3    3    3    1
 3    1    2    3    3    2    1
 3    1    2    3    3    2    1
 3    1    2    3    3    2    1
 3    1    2    3    3    2    1
 2    1    3    3    1
 2    1    3    3    1
