# n  list(x)  list(y)
33   43   41   40   35   34   33   30   29   28   27   26   25   24   23   22   21   20   19   18   17   16   15   14   13   12   11   10    9    8    7    6    5    4    1    1    1    1    1    1    1    2    3    3    1    1    6    9    6    6    5    8   16   15   22   26   27   56   68   77   98  148  231  403 1098  154    4
32   43   41   40   34   33   30   29   28   27   26   25   24   23   22   21   20   19   18   17   16   15   14   13   12   11   10    9    8    7    6    5    4    1    1    1    2    1    1    1    3    1    3    2    5    8    7    5    6    8   15   14   22   19   30   53   64   67  108  139  217  397 1055  203   16
32   43   41   39   34   32   30   29   28   27   26   25   24   23   22   21   20   19   18   17   16   15   14   13   12   11   10    9    8    7    6    5    4    1    1    1    2    1    1    1    1    2    3    2    5    5    8    7    6    7   12   14   23   21   29   48   65   65   98  136  211  383 1014  246   31
33   43   41   38   34   32   30   29   28   27   26   25   24   23   22   21   20   19   18   17   16   15   14   13   12   11   10    9    8    7    6    5    4    3    1    1    1    2    1    1    1    1    2    3    1    5    6    5    9    6    7   11   13   23   18   29   45   64   63   90  138  209  367  941  314   45    2
33   42   41   38   34   31   30   29   28   27   26   25   24   23   22   21   20   19   18   17   16   15   14   13   12   11   10    9    8    7    6    5    4    3    1    1    1    1    1    1    1    1    1    4    1    5    5    5    4    9    7    9   13   18   23   28   41   59   67   83  131  207  355  882  375   58    2
31   41   38   34   31   30   29   27   26   25   24   23   22   21   20   19   18   17   16   15   14   13   12   11   10    9    8    7    6    5    4    3    2    1    1    1    1    1    2    4    1    3    6    6    4    8    7    7   15   14   26   28   36   61   68   77  127  199  346  848  386   87    2
31   41   40   38   33   30   28   27   26   25   24   23   22   21   20   19   18   17   16   15   14   13   12   11   10    9    8    7    6    5    4    3    1    1    1    1    1    2    1    4    2    1    6    7    4    7    7    9   14   12   26   21   39   58   68   74  118  194  330  809  432   95    5
32   41   40   38   33   30   28   27   26   25   24   23   22   21   20   19   18   17   16   15   14   13   12   11   10    9    8    7    6    5    4    3    2    1    1    1    1    1    2    1    2    4    1    3    8    5    8    5    8   13   12   23   19   41   55   66   75  113  180  322  770  457  117    9    1
31   40   38   33   30   28   27   26   25   24   23   22   21   20   19   18   17   16   15   14   13   12   11   10    9    8    7    6    5    4    3    2    2    1    1    1    2    1    1    4    2    3    6    6    9    5    5   16   11   19   21   39   56   58   76  111  169  318  741  469  132   14    1
32   40   39   37   33   30   28   27   26   25   24   23   22   21   20   19   18   17   16   15   14   13   12   11   10    9    8    7    6    5    4    3    2    1    1    1    1    1    2    1    1    4    1    4    6    6    6    8    5   14    9   19   19   38   52   54   77  107  163  310  703  489  155   15    2
31   40   39   37   32   30   28   27   25   24   23   22   21   20   19   18   17   16   15   14   13   12   11   10    9    8    7    6    5    4    3    2    1    1    1    1    1    1    2    4    2    3    5    5    6    9    4   14    8   20   18   32   47   54   76  105  159  288  665  522  171   22    3
31   40   39   37   32   30   28   27   25   24   23   22   21   20   19   18   17   16   15   14   13   12   11   10    9    8    7    6    5    4    3    2    1    1    1    1    1    1    2    3    1    4    5    6    5    9    3   14   10   18   16   26   47   55   75   98  156  268  650  536  181   27    4
30   39   36   30   28   26   25   24   23   22   21   20   19   18   17   16   15   14   13   12   11   10    9    8    7    6    5    4    3    2    1    2    1    2    1    2    3    1    4    4    5    5    9    5    7   16   14   17   25   47   59   65   95  149  266  626  530  198   36    5    1
32   39   38   35   30   29   28   26   25   24   23   22   21   20   19   18   17   16   15   14   13   12   11   10    9    8    7    6    5    4    3    2    1    1    1    1    1    1    1    1    3    2    3    3    6    5    8    5    8   15   10   19   26   45   50   61   98  138  254  607  529  225   41    6    1
31   39   38   34   28   27   26   25   24   23   22   21   20   19   18   17   16   15   14   13   12   11   10    9    8    7    6    5    4    3    2    1    1    1    1    2    1    1    2    3    2    2    6    4    8    5    7   14   12   17   25   42   49   59   95  133  248  585  526  240   51    7    1
29   38   34   28   27   26   25   23   22   21   20   19   18   17   16   15   14   13   12   11   10    9    8    7    6    5    4    3    2    1    2    1    2    1    1    2    2    4    5    6    6    5    5   15   12   19   25   38   47   57   87  132  238  562  523  255   64    8    1
28   38   33   28   27   26   25   23   22   21   20   19   18   17   16   15   14   13   12   11   10    9    8    7    6    5    4    3    2    2    1    2    1    1    2    1    3    7    6    6    4    5   14   11   21   23   36   43   58   85  126  231  541  519  269   73    9
29   38   33   28   27   26   25   23   22   21   20   19   18   17   16   15   14   13   12   11   10    9    8    7    6    5    4    3    2    1    2    1    1    1    2    2    1    3    7    5    6    5    5   10   12   20   25   31   44   52   81  121  230  511  517  280   89   10    1
28   38   37   33   26   25   24   22   21   20   19   18   17   16   15   14   13   12   11   10    9    8    7    6    5    4    3    2    1    1    1    1    3    2    1    4    4    6    6    6    3    5   14   20   24   32   44   46   79  120  217  467  536  298   94   15    1
28   37   36   33   26   25   24   22   21   20   19   18   17   16   15   14   13   12   11   10    9    8    7    6    5    4    3    2    1    1    1    1    2    3    1    3    4    7    5    6    4    4   15   18   20   37   38   51   67  118  218  442  521  321  100   16    1
27   36   33   26   25   23   22   21   20   19   18   17   16   15   14   13   12   11   10    9    8    7    6    5    4    3    2    1    2    1    2    3    1    3    2    6    7    5    6    3   11   19   18   36   33   51   65  112  212  433  509  326  106   26    2
28   36   32   26   25   24   23   22   21   20   19   18   17   16   15   14   13   12   11   10    9    8    7    6    5    4    3    2    1    2    1    1    3    1    1    3    1    6    7    4    6    3    9   19   17   34   35   48   56  104  199  424  506  333  119   30    3
29   36   35   31   26   25   24   23   22   21   20   19   18   17   16   15   14   13   12   11   10    9    8    7    6    5    4    3    2    1    1    1    1    1    2    1    2    2    1    5    5    7    5    4    9   17   15   32   37   43   57   92  195  392  515  342  132   31    3
28   36   32   31   26   25   23   22   21   20   19   18   17   16   15   14   13   12   11   10    9    8    7    6    5    4    3    2    1    1    1    1    1    2    1    3    2    4    6    5    5    5    7   16   16   24   41   40   57   89  179  382  499  361  135   39    3
28   36   32   30   26   25   23   22   21   20   19   18   17   16   15   14   13   12   11   10    9    8    7    6    5    4    3    2    1    1    1    1    1    2    1    2    3    2    7    6    3    7    5   15   17   24   36   40   56   81  168  365  493  379  139   42    2
28   35   32   30   26   25   23   22   21   20   19   18   17   16   15   14   13   12   11   10    9    8    7    6    5    4    3    2    1    1    1    1    1    1    1    2    3    3    2    9    3    6    7   12   19   24   35   36   57   76  160  347  480  390  150   44    3
28   35   32   29   26   25   23   22   21   20   19   18   17   16   15   14   13   12   11   10    9    8    7    6    5    4    3    2    1    1    1    1    1    1    1    2    2    3    3    6    6    3    9   10   17   25   32   34   58   70  159  324  466  405  156   49    4
27   33   32   28   26   25   23   22   21   20   18   17   16   15   14   13   12   11   10    9    8    7    6    5    4    3    2    1    1    1    1    1    1    1    2    2    3    8    5    4    7   12   12   24   38   26   57   70  143  316  448  405  174   57    5
28   33   32   28   26   25   23   22   21   20   19   18   17   16   15   14   13   12   11   10    9    8    7    6    5    4    3    2    1    1    1    1    1    1    1    2    2    2    1    7    5    4    6   11   12   23   37   24   52   75  133  301  442  404  182   61    7
26   33   30   27   25   22   21   20   19   18   17   16   15   14   13   12   11   10    9    8    7    6    5    4    3    2    1    1    1    1    2    2    2    3    1    5    7    3    7    9   12   21   33   28   48   73  119  293  427  413  184   70    8
25   31   30   25   22   21   20   19   18   17   16   15   14   13   12   11   10    9    8    7    6    5    4    3    2    1    1    1    3    2    1    3    2    4    7    3    6    9   11   19   32   30   45   70  113  269  421  419  193   74    9
26   31   28   25   24   22   21   20   19   18   17   16   15   14   13   12   11   10    9    8    7    6    5    4    3    2    1    1    1    1    2    1    2    3    2    2    8    2    5    9   10   17   31   33   46   66  107  250  406  419  204   81   13
27   31   28   25   24   23   22   21   20   19   18   17   16   15   14   13   12   11   10    9    8    7    6    5    4    3    2    1    1    1    1    1    1    1    1    3    2    2    8    1    7    9    7   16   30   32   42   69  102  233  385  423  214   88   17
27   30   27   25   24   23   22   21   20   19   18   17   16   15   14   13   12   11   10    9    8    7    6    5    4    3    2    1    1    1    1    1    1    1    1    2    3    2    5    4    5   10    7   14   27   34   40   68   98  215  374  427  218   95   17
26   29   27   25   24   22   21   20   19   18   17   16   15   14   13   12   11   10    9    8    7    6    5    4    3    2    1    1    1    1    1    2    1    1    2    2    5    5    6    7    8   14   26   32   40   68   94  195  360  430  228  100   17
26   27   26   25   24   22   21   20   19   18   17   16   15   14   13   12   11   10    9    8    7    6    5    4    3    2    1    1    1    1    1    1    2    1    1    3    4    6    4    8    7   13   21   35   36   64   88  187  337  427  244  111   18
26   27   26   24   23   22   21   20   19   18   17   16   15   14   13   12   11   10    9    8    7    6    5    4    3    2    1    1    1    1    1    1    2    1    1    1    5    6    4    7    8   12   19   34   32   62   92  171  327  416  257  112   23
22   26   23   22   20   19   17   16   15   14   13   12   11   10    9    8    7    6    5    4    3    2    1    2    1    2    2    1    5    7    5    7    7   12   16   32   33   57   88  159  313  409  266  121   27
22   25   22   21   20   19   17   16   15   14   13   12   11   10    9    8    7    6    5    4    3    2    1    2    1    1    2    1    3    5    6    6    7   13   17   25   31   52   94  143  296  408  274  125   34
22   25   24   22   20   19   17   16   15   14   13   12   11   10    9    8    7    6    5    4    3    2    1    1    1    1    3    1    3    2    7    7    7   13   14   26   30   51   84  137  282  397  292  125   37
21   24   21   20   19   17   16   15   14   13   12   11   10    9    8    7    6    5    4    3    2    1    2    1    3    1    3    2    6    7    5   13   15   25   29   51   76  128  270  390  291  139   39
22   24   23   21   20   19   17   16   15   14   13   12   11   10    9    8    7    6    5    4    3    2    1    1    1    1    3    1    1    3    5    8    5   14   13   23   29   48   74  120  257  383  296  144   41
22   24   23   21   20   19   18   16   15   14   13   12   11   10    9    8    7    6    5    4    3    2    1    1    1    1    2    1    1    3    3    9    5   12   13   17   29   50   68  113  242  367  308  156   43
21   24   21   20   19   17   16   15   14   13   12   11   10    9    8    7    6    5    4    3    2    1    1    2    2    1    1    2    3    9    3    9   10   19   31   42   65  100  233  362  318  158   49
22   24   21   20   19   18   17   16   15   14   13   12   11   10    9    8    7    6    5    4    3    2    1    1    2    1    1    1    1    1    3    7    4    8    9   14   31   37   62  100  223  349  327  156   57
21   23   21   20   19   17   16   15   14   13   12   11   10    9    8    7    6    5    4    3    2    1    1    1    2    1    1    2    1    4    6    9    9   14   28   37   60   91  208  336  336  163   60
19   23   21   20   19   16   15   13   12   11   10    9    8    7    6    5    4    3    2    1    1    1    2    1    2    1    8    9    7   17   23   33   60   85  197  329  327  174   68
17   21   20   17   15   13   12   11   10    9    8    7    6    5    4    3    2    1    2    2    1    2    5    7    9   15   23   27   55   83  188  308  335  183   74
18   21   20   18   17   15   13   12   11   10    9    8    7    6    5    4    3    2    1    1    2    1    1    2    4    6   10   15   21   24   51   79  177  301  327  194   76
18   21   20   17   16   15   13   12   11   10    9    8    7    6    5    4    3    2    1    1    2    1    1    2    2    6    9   13   20   22   47   76  171  287  323  200   82
16   20   16   15   13   12   11   10    9    8    7    6    5    4    3    2    1    2    1    2    1    3   13   13   15   23   39   76  154  279  322  203   92
15   20   15   13   12   11   10    9    8    7    6    5    4    3    2    1    2    3    1    2   14   11   17   21   37   68  145  271  313  210   96
16   19   18   15   13   12   11   10    9    8    7    6    5    4    3    2    1    1    1    2    1    2   10   12   13   22   34   63  144  247  318  215  101
15   18   14   13   12   11   10    9    8    7    6    5    4    3    2    1    1    2    1    2    9   11   11   17   31   59  131  233  322  222  107
15   18   14   13   12   11   10    9    8    7    6    5    4    3    2    1    1    2    1    2    3   15    8   17   27   56  122  223  312  234  109
15   18   14   13   12   11   10    9    8    7    6    5    4    3    2    1    1    1    2    2    1   16    8   15   28   53  113  215  302  234  114
15   18   14   13   12   11   10    9    8    7    6    5    4    3    2    1    1    1    1    3    1   11   13   15   22   55  104  206  294  234  117
15   18   14   13   12   11   10    9    8    7    6    5    4    3    2    1    1    1    1    3    1    9   13   13   23   49  103  200  275  242  112
14   17   13   12   11   10    9    8    7    6    5    4    3    2    1    1    1    2    1    9   14    9   22   44   90  194  269  249  112
13   16   13   11   10    9    8    7    6    5    4    3    2    1    1    1    2    7   14    8   21   43   81  185  258  253  117
13   15   13   11   10    9    8    7    6    5    4    3    2    1    1    1    2    6   14    8   19   40   77  172  247  254  121
13   15   13   11   10    9    8    7    6    5    4    3    2    1    1    1    2    6   12    9   17   38   74  159  242  249  125
12   14   11   10    9    8    7    6    5    4    3    2    1    1    3    3   14    9   13   39   66  154  228  251  122
12   13   11   10    9    8    7    6    5    4    3    2    1    1    2    3   13    8   15   32   64  141  221  252  122
12   12   11   10    9    8    7    6    5    4    3    2    1    1    1    1   12    8   17   26   48  136  212  260  124
10   10    9    8    7    6    5    4    3    2    1    3    8    6   17   25   49  119  205  255  133
10   10    9    8    7    6    5    4    3    2    1    1    7    7   13   22   52  110  188  254  132
10   10    9    8    7    6    5    4    3    2    1    1    5    9   13   15   44  104  179  229  135
10   10    9    8    7    6    5    4    3    2    1    1    2   12   10   12   46   93  165  222  139
10   10    9    8    7    6    5    4    3    2    1    1    1    8   11    9   37   90  158  216  137
10   10    9    8    7    6    5    4    3    2    1    1    1    6   10   11   34   84  149  211  132
 9   10    8    7    6    5    4    3    2    1    1    5   10   10   29   76  148  205  129
 8    8    7    6    5    4    3    2    1    3    9    7   12   54  106  138   99
 8    8    7    6    5    4    3    2    1    2    3    8    7   32   63   89   71
 8    8    7    6    5    4    3    2    1    2    1    7    8   28   61   84   68
 8    8    7    6    5    4    3    2    1    1    2    5    7   21   57   75   56
 7    7    6    5    4    3    2    1    3    4    6   16   46   66   45
 7    7    6    5    4    3    2    1    3    4    5   15   43   58   45
 7    7    6    5    4    3    2    1    1    2    4   11   23   34   34
 7    7    6    5    4    3    2    1    1    2    1    8   20   27   28
 7    8    6    5    4    3    2    1    1    1    1    7   11   26   18
 7    7    6    5    4    3    2    1    1    1    1    3   15    8   15
 7    7    6    5    4    3    2    1    1    1    1    2   10    9   12
 5    6    5    3    2    1    1    1    6    8    9
 4    5    3    2    1    2    6    5   10
 4    5    3    2    1    2    6    5   10
 4    4    3    2    1    2    4    4   10
 4    4    3    2    1    2    4    4   10
 4    4    3    2    1    2    4    4   10
 4    4    3    2    1    1    2    4    6
 4    4    3    2    1    1    1    3    5
 3    3    2    1    2    3    4
 3    3    2    1    2    3    4
 3    3    2    1    2    3    4
 3    4    2    1    1    2    2
 3    4    2    1    1    2    2
 2    2    1    3    2
 2    2    1    1    2
