# n  list(x)  list(y)
17    4    5    6    7    8    9   10   11   12   13   14   15   16   17   18   19   20    4  123  713  535  388  217  179  129   73   57   29   20   19    5    5    2    2
13    4    5    6    7    8    9   10   11   12   13   14   15   16   15  204  705  508  379  203  180  117   64   52   27   20    1
12    3    4    5    6    7    8    9   10   11   12   13   14    2   35  257  705  497  349  198  183  102   57   48   17
11    3    4    5    6    7    8    9   10   11   12   13    4   59  300  704  483  327  216  152   96   53   31
12    2    3    4    5    6    7    8    9   10   11   12   13    1    7   75  358  691  474  302  217  144   81   49    1
11    2    3    4    5    6    7    8    9   10   11   12    1   10  109  399  675  448  306  196  143   71   17
10    2    3    4    5    6    7    8    9   10   11    1   18  137  435  674  417  295  181  143   49
10    2    3    4    5    6    7    8    9   10   11    3   25  159  474  669  389  282  186  122   16
 9    2    3    4    5    6    7    8    9   10    5   34  183  521  640  373  267  182   95
 9    2    3    4    5    6    7    8    9   10    7   46  220  524  633  373  249  159   64
 9    2    3    4    5    6    7    8    9   10   10   55  255  549  603  363  248  139   28
 8    2    3    4    5    6    7    8    9   13   70  284  570  586  345  240  117
 8    2    3    4    5    6    7    8    9   16   83  321  583  569  328  214   86
 8    2    3    4    5    6    7    8    9   20  105  339  601  555  309  197   49
 8    2    3    4    5    6    7    8    9   23  120  373  609  543  295  173   14
 8    1    2    3    4    5    6    7    8    2   30  138  402  614  514  288  137
 8    1    2    3    4    5    6    7    8    3   34  167  428  601  504  267   96
 8    1    2    3    4    5    6    7    8    4   40  191  453  598  490  241   58
 8    1    2    3    4    5    6    7    8    5   41  220  489  587  468  216   24
 7    1    2    3    4    5    6    7    5   47  242  517  597  433  184
 7    1    2    3    4    5    6    7    8   56  274  537  577  397  151
 7    1    2    3    4    5    6    7   10   70  305  546  558  370  115
 7    1    2    3    4    5    6    7   13   86  316  576  547  335   76
 7    1    2    3    4    5    6    7   17   99  339  592  536  303   38
 7    1    2    3    4    5    6    7   18  107  368  625  513  263    5
 6    1    2    3    4    5    6   21  129  402  619  475  228
 6    1    2    3    4    5    6   30  149  423  610  455  182
 6    1    2    3    4    5    6   35  174  436  614  433  132
 6    1    2    3    4    5    6   41  197  467  590  410   93
 6    1    2    3    4    5    6   47  221  492  584  371   58
 6    1    2    3    4    5    6   54  246  509  578  341   19
 5    1    2    3    4    5   62  264  534  566  294
 5    1    2    3    4    5   75  289  543  533  252
 5    1    2    3    4    5   85  322  537  498  218
 5    1    2    3    4    5   98  349  543  468  175
 5    1    2    3    4    5  115  369  541  446  132
 5    1    2    3    4    5  133  385  538  423   91
 5    1    2    3    4    5  151  412  539  383   58
 5    1    2    3    4    5  166  438  545  348   19
 4    1    2    3    4  185  461  529  310
 4    1    2    3    4  189  456  495  273
 4    1    2    3    4  180  436  460  231
 4    1    2    3    4  187  440  433  191
 4    1    2    3    4  186  412  394  155
 4    1    2    3    4  165  386  333  112
 4    1    2    3    4  162  337  300   74
 4    1    2    3    4  115  265  189   39
 3    1    2    3  101  227  141
 3    1    2    3   98  219  138
 3    1    2    3   95  209  129
 3    1    2    3   83  183  111
 3    1    2    3   67  151   87
 3    1    2    3   48  103   56
 3    1    2    3   36   73   42
 3    1    2    3   17   38   17
 2    1    2    2    9
 2    1    2    2    9
 2    1    2    2    9
 2    1    2    2    9
 2    1    2    2    9
 2    1    2    2    9
 2    1    2    2    7
 2    1    2    2    4
