# n  list(x)  list(y)
37   69   58   49   48   46   41   35   34   33   32   31   30   28   27   26   25   24   23   22   21   20   19   18   17   16   15   14   13   12   11   10    9    8    7    6    5    4    1    1    2    1    1    2    1    2    2    1    3    4    3    6    6    8    3    5    9    7   10   17   11   15   18   24   22   39   50   62   86  107  145  360 1301  161    4
38   67   58   49   48   46   41   35   34   33   32   31   30   29   28   27   26   25   24   23   22   21   20   19   18   17   16   15   14   13   12   11   10    9    8    7    6    5    4    1    1    2    1    1    2    1    1    1    3    2    1    4    2    7    3    8    5    4    5   12    7   15   12   13   21   22   22   39   43   64   82  104  145  347 1222  238   12
37   66   58   49   47   46   41   40   34   33   32   31   29   28   27   26   25   24   23   22   21   20   19   18   17   16   15   14   13   12   11   10    9    8    7    6    5    4    1    1    2    1    1    1    1    2    1    1    4    4    3    5    3    4    9    1    8   12    7   13   10   14   19   22   22   36   46   60   78  105  144  334 1156  289   30
39   65   57   49   47   46   40   39   34   33   32   31   30   29   28   27   26   25   24   23   22   21   20   19   18   17   16   15   14   13   12   11   10    9    8    7    6    5    4    3    1    1    1    1    2    1    1    1    2    1    2    1    3    5    5    3    3    8    3    6    9   12   11   11   13   18   21   25   33   46   58   73  106  139  323 1115  310   48    3
40   65   56   48   47   46   45   40   39   34   33   32   31   30   29   28   27   26   25   24   23   22   21   20   19   18   17   16   15   14   13   12   11   10    9    8    7    6    5    4    3    1    1    1    1    1    1    1    1    1    2    1    1    2    2    3    6    4    2    6    7    4   10   10   11   12   11   18   22   23   35   42   59   71  104  130  316 1055  359   60    3
40   64   56   47   46   45   44   40   39   34   33   32   31   30   29   28   27   26   25   24   23   22   21   20   19   18   17   16   15   14   13   12   11   10    9    8    7    6    5    4    3    1    1    1    1    1    1    1    1    1    2    1    1    2    1    2    7    3    4    4    6    6   10    7   11   13   11   16   23   24   35   41   57   64   96  139  294 1008  398   73    7
37   64   54   47   46   44   43   39   33   31   30   29   28   27   26   25   24   23   22   21   20   19   18   17   16   15   14   13   12   11   10    9    8    7    6    5    4    3    1    1    1    1    1    1    2    2    2    2    1    1    8    2    5    3    3    7    7    9   11   11   14   12   21   28   29   37   56   62   87  138  284  954  434  100   12
36   64   54   46   44   43   39   38   33   31   30   29   28   27   25   24   23   22   21   20   19   18   17   16   15   14   13   12   11   10    9    8    7    6    5    4    3    1    1    2    1    1    1    1    2    2    1    2    1    8    4    5    2    8    8    9    7   15   14   10   19   27   30   35   54   60   90  128  278  905  460  117   16
36   64   54   46   43   38   37   33   32   30   29   27   26   25   24   23   22   21   20   19   18   17   16   15   14   13   12   11   10    9    8    7    6    5    4    3    2    1    1    1    2    1    1    1    1    2    3    6    2    4    6    1    6   10    8    7   11   18    8   18   24   30   36   51   60   89  121  269  853  494  132   20    2
36   64   54   46   43   42   38   37   32   29   28   27   26   25   24   23   22   21   20   19   18   17   16   15   14   13   12   11   10    9    8    7    6    5    4    3    2    1    1    1    1    1    1    1    2    3    2    3    4    3    3    4    6   10    7    5   12   17   11   17   20   30   34   51   57   83  122  262  792  523  158   23    4
37   64   54   46   43   42   38   37   32   31   29   28   27   26   25   24   23   22   21   20   19   18   17   16   15   14   13   12   11   10    9    8    7    6    5    4    3    2    1    1    1    1    1    1    1    1    1    3    2    2    3    4    4    3    6    9    7    7    9   17   13   15   21   29   32   48   59   77  121  254  764  520  181   27    4
36   63   54   45   42   38   36   32   30   29   28   27   26   25   24   23   22   21   20   19   18   17   16   15   14   13   12   11   10    9    8    7    6    5    4    3    2    1    1    1    2    1    1    1    1    3    1    3    2    5    3    1    8    8    7    9    7   16   16   13   18   30   31   42   64   76  116  242  725  535  192   39    4
36   62   52   43   42   41   38   36   32   30   29   27   26   25   24   23   22   21   20   19   18   17   16   15   14   13   12   11   10    9    8    7    6    5    4    3    2    1    1    1    1    1    1    1    1    1    3    2    3    6    3    1    7    8    6    9    9   13   16   14   16   27   35   40   62   73  116  229  676  551  213   48    5
37   61   52   43   42   40   37   36   32   30   29   28   27   26   25   24   23   22   21   20   19   18   17   16   15   14   13   12   11   10    9    8    7    6    5    4    3    2    1    1    1    1    1    1    1    1    1    1    2    1    4    4    2    2    7    7    7    7   10   15   12   13   19   22   37   39   58   76  114  219  637  559  229   58    5
36   61   52   43   41   39   37   35   32   29   28   27   26   25   24   23   22   21   20   19   18   17   16   15   14   13   12   11   10    9    8    7    6    5    4    3    2    1    1    1    1    1    1    1    1    2    1    2    4    3    2    3    5    5    9    7   11   12   13   16   17   19   33   41   59   72  117  205  613  555  241   68    7
35   61   51   43   40   38   35   31   29   28   27   26   25   24   23   22   21   20   19   18   17   16   15   14   13   12   11   10    9    8    7    6    5    4    3    2    1    1    1    1    1    2    1    2    1    2    4    2    3    3    5    4    7   10    6   15   14   13   18   15   33   42   55   75  111  190  592  548  260   79    8
34   61   50   43   38   34   30   29   28   27   26   25   24   23   22   21   20   19   18   17   16   15   14   13   12   11   10    9    8    7    6    5    4    3    2    1    1    1    2    2    1    2    1    1    5    1    4    2    5    4    5   10    7   14   14   13   17   17   29   41   56   77  112  180  549  557  276   83   10
33   61   50   43   38   34   29   28   27   26   25   24   23   22   21   20   19   18   17   16   15   14   13   12   11   10    9    8    7    6    5    4    3    2    1    1    1    2    2    3    1    1    4    2    4    1    6    3    5    9    7   12   16   11   18   16   26   40   55   73  120  170  502  563  300   86   14
32   61   49   42   38   34   29   28   27   26   25   24   22   21   20   19   18   17   16   15   14   13   12   11   10    9    8    7    6    5    4    3    2    1    1    1    2    1    3    1    1    4    2    4    5    5    3    9    9   12   12   13   13   21   24   39   54   71  116  156  475  559  314   97   22
35   61   47   42   38   36   34   29   28   27   26   25   24   23   22   21   20   19   18   17   16   15   14   13   12   11   10    9    8    7    6    5    4    3    2    1    1    1    1    1    1    1    3    1    1    3    3    1    2    3    7    3    6   11   10   13   11   13   23   19   44   52   69   97  164  443  545  333  113   25    1
34   59   47   40   38   36   33   29   28   26   25   24   23   22   21   20   19   18   17   16   15   14   13   12   11   10    9    8    7    6    5    4    3    2    1    1    1    1    1    1    1    3    1    4    1    2    3    1    8    4    3   11   11   13   12   11   22   20   43   45   68  101  154  406  548  349  122   27    1
34   59   47   40   38   36   32   29   28   26   25   24   23   22   21   20   19   18   17   16   15   14   13   12   11   10    9    8    7    6    5    4    3    2    1    1    1    1    1    1    1    2    2    2    2    3    2    2    7    3    5   10   11   13    9   11   19   22   39   45   61   90  159  381  543  358  135   31    2
34   58   47   40   38   36   31   29   28   26   25   24   23   22   21   20   19   18   17   16   15   14   13   12   11   10    9    8    7    6    5    4    3    2    1    1    1    1    1    1    1    2    2    2    2    2    3    1    6    5    4   11    8   14    9   11   19   23   34   44   59   87  150  360  533  370  147   34    2
34   58   47   39   38   36   31   29   28   26   25   24   23   22   21   20   19   18   17   16   15   14   13   12   11   10    9    8    7    6    5    4    3    2    1    1    1    1    1    1    1    1    3    2    1    3    2    2    3    8    2   10   10   12   11   10   15   25   35   44   52   88  143  342  521  383  150   36    5
33   58   47   38   33   31   29   28   26   25   24   23   22   21   20   19   18   17   16   15   14   13   12   11   10    9    8    7    6    5    4    3    2    1    1    1    2    1    1    1    3    2    1    3    1    2    4    7    2   10    8   11   13    9   17   26   30   41   56   81  140  321  513  384  163   39    6
32   58   47   38   37   31   29   28   27   26   24   22   21   20   19   18   17   16   15   14   13   12   11   10    9    8    7    6    5    4    3    2    1    1    1    1    1    1    1    1    1    3    4    2    5    4    5    8    9    7   13    9   17   26   27   40   53   78  128  303  499  398  163   57    8
33   57   45   38   36   30   29   28   27   26   24   23   22   21   20   19   18   17   16   15   14   13   12   11   10    9    8    7    6    5    4    3    2    1    1    1    1    1    1    1    1    1    3    1    1    3    4    4    2   11    6   10   11    9   16   26   25   37   51   73  131  285  485  398  179   59   11
32   54   44   38   35   29   28   27   26   24   23   22   21   20   19   18   17   16   15   14   13   12   11   10    9    8    7    6    5    4    3    2    1    1    1    1    1    1    1    1    3    1    2    3    4    3    3   10    4   11    9   12   15   23   24   37   48   73  127  267  468  408  190   58   13
31   53   44   38   35   29   28   27   26   23   22   21   20   19   18   17   16   15   14   13   12   11   10    9    8    7    6    5    4    3    2    1    1    1    1    1    1    1    1    3    2    2    4    4    3    9    6    8   10   12   16   19   27   34   46   71  127  240  462  406  207   60   12
30   53   43   38   35   29   28   27   26   22   21   20   19   18   17   16   15   14   13   12   11   10    9    8    7    6    5    4    3    2    1    1    1    1    1    1    1    1    3    4    2    5    4    9    2   10   10   14   15   19   25   34   43   70  119  231  438  415  214   62   17
30   53   42   37   35   29   28   26   25   22   21   20   19   18   17   16   15   14   13   12   11   10    9    8    7    6    5    4    3    2    1    1    1    1    1    1    1    1    2    3    2    5    4    8    3    8   11   12   17   17   24   34   38   72  112  216  415  426  224   69   18
29   52   41   37   35   28   26   25   22   21   20   19   18   17   16   15   14   13   12   11   10    9    8    7    6    5    4    3    2    1    1    1    1    1    2    1    2    3    2    3    4    6    2    7   13   10   19   14   24   33   34   65  113  205  394  428  236   81   18
30   51   41   36   35   28   26   25   23   22   21   20   19   18   17   16   15   14   13   12   11   10    9    8    7    6    5    4    3    2    1    1    1    1    1    2    1    1    1    3    1    2    3    6    3    7   11   11   18   14   21   32   31   67  110  191  374  440  229   93   22
30   51   40   36   35   27   26   25   23   22   21   20   19   18   17   16   15   14   13   12   11   10    9    8    7    6    5    4    3    2    1    1    1    1    1    2    1    1    1    2    1    3    2    7    2    7    8   10   19   16   19   34   28   63  105  191  359  437  229   96   26
28   49   38   36   27   25   24   22   21   20   19   18   17   16   15   14   13   12   11   10    9    8    7    6    5    4    3    2    1    1    1    1    2    1    1    2    1    1    4    4    5    6    6    9   19   15   17   31   31   58   95  186  346  419  255  102   29
27   49   37   36   27   25   24   21   20   19   18   17   16   15   14   13   12   11   10    9    8    7    6    5    4    3    2    1    1    1    1    2    1    1    2    2    2    6    4    4    8    9   16   14   18   30   33   50   94  172  348  398  261  111   33
26   48   37   36   26   25   24   21   19   18   17   16   15   14   13   12   11   10    9    8    7    6    5    4    3    2    1    1    1    1    2    1    1    2    1    6    4    6    6    9   14   15   16   29   29   54   84  173  319  394  273  122   34
25   46   37   34   26   25   21   20   18   17   16   15   14   13   12   11   10    9    8    7    6    5    4    3    2    1    1    1    1    1    2    1    2    4    4    7    6    8   12   15   16   22   35   51   74  167  303  386  286  131   36
24   44   36   34   25   21   20   18   17   16   15   14   13   12   11   10    9    8    7    6    5    4    3    2    1    1    1    1    3    1    2    3    4    8    5    8   13   12   12   24   38   46   72  160  287  386  285  131   44
25   43   35   34   25   21   20   19   18   17   16   15   14   13   12   11   10    9    8    7    6    5    4    3    2    1    1    1    1    3    1    1    1    3    3    7    7    6   12   11   13   24   33   43   76  146  283  368  287  144   43
26   42   35   32   25   24   21   20   19   18   17   16   15   14   13   12   11   10    9    8    7    6    5    4    3    2    1    1    1    1    2    1    1    1    1    2    2    9    5    6   12   11   11   24   30   44   72  128  281  358  287  157   45
25   39   34   31   25   24   20   19   18   17   16   15   14   13   12   11   10    9    8    7    6    5    4    3    2    1    1    1    1    1    2    1    2    2    2    6    8    5    7   15   12   19   31   44   69  111  270  351  299  155   53
25   39   33   30   25   24   20   19   18   17   16   15   14   13   12   11   10    9    8    7    6    5    4    3    2    1    1    1    1    1    2    1    2    2    2    3   10    6    5   16   11   18   27   44   67  112  253  339  307  151   61
25   39   32   30   25   24   20   19   18   17   16   15   14   13   12   11   10    9    8    7    6    5    4    3    2    1    1    1    1    1    2    1    1    1    3    3    8    9    3   15    9   17   27   37   67  110  237  330  304  164   65
24   38   30   29   23   20   19   18   17   16   15   14   13   12   11   10    9    8    7    6    5    4    3    2    1    1    1    1    3    1    1    1    2    1    9   10    2   13   11   15   26   35   63  107  217  327  303  173   66
25   38   30   28   23   22   20   19   18   17   16   15   14   13   12   11   10    9    8    7    6    5    4    3    2    1    1    1    1    2    1    1    1    1    2    1    6   11    3   13   10   14   26   29   63  102  202  329  301  173   64
24   38   29   28   23   22   20   18   17   16   15   14   13   12   11   10    9    8    7    6    5    4    3    2    1    1    1    1    1    2    1    1    3    1    5   12    3    9   11   13   24   27   59   97  189  326  303  177   67
23   37   29   28   22   21   18   17   16   15   14   13   12   11   10    9    8    7    6    5    4    3    2    1    1    1    1    2    1    1    3    1    5   10    5    9    9   11   23   28   55   90  185  313  302  180   72
22   37   29   27   22   21   18   17   15   14   13   12   11   10    9    8    7    6    5    4    3    2    1    1    1    1    2    1    1    2    6    5    9    9    9   10   23   23   54   89  166  300  295  193   82
22   37   28   27   21   20   19   17   15   14   13   12   11   10    9    8    7    6    5    4    3    2    1    1    1    1    1    1    1    3    6    3   11    6   10   12   20   19   55   81  160  278  303  200   82
22   36   28   26   21   20   19   17   15   14   13   12   11   10    9    8    7    6    5    4    3    2    1    1    1    1    1    1    1    3    3    4    8    7   10   15   18   16   52   81  147  264  307  202   86
22   35   27   26   21   20   19   17   15   14   13   12   11   10    9    8    7    6    5    4    3    2    1    1    1    1    1    1    1    3    3    4    7    7    9   16   17   17   48   77  137  256  291  211   93
22   27   26   21   20   18   17   16   15   14   13   12   11   10    9    8    7    6    5    4    3    2    1    1    1    1    1    1    1    2    3    4    4    7   12   15   15   16   46   62  133  242  292  206  110
22   26   25   21   20   18   17   16   15   14   13   12   11   10    9    8    7    6    5    4    3    2    1    1    1    1    1    1    1    1    3    3    4    6   10   18   15   16   38   61  123  225  291  218  111
22   25   23   20   19   18   17   16   15   14   13   12   11   10    9    8    7    6    5    4    3    2    1    1    1    1    1    1    1    1    2    4    2    4   12   14   18   12   34   61  109  219  287  221  116
21   25   23   20   19   18   17   15   14   13   12   11   10    9    8    7    6    5    4    3    2    1    1    1    1    1    1    1    2    5    1    5   12   14   14   14   33   55  105  216  271  221  118
20   25   22   19   18   17   15   14   13   12   11   10    9    8    7    6    5    4    3    2    1    1    1    1    1    2    1    2    5    4   11   11   17   15   28   50   97  203  272  220  123
20   23   22   19   17   16   15   14   13   12   11   10    9    8    7    6    5    4    3    2    1    1    1    1    2    1    1    1    3    3    6   12   19   10   27   47   98  183  260  233  126
20   23   22   19   17   16   15   14   13   12   11   10    9    8    7    6    5    4    3    2    1    1    1    1    2    1    1    1    2    3    3   12   17   16   20   47   85  177  248  235  130
18   22   19   17   15   14   13   12   11   10    9    8    7    6    5    4    3    2    1    2    1    2    2    1    1    4    2   13   14   11   23   43   80  167  249  227  128
16   22   21   17   15   13   12   10    9    8    7    6    5    4    3    2    1    1    1    2    1    3    4   13   11   12   23   38   77  156  237  230  129
17   21   20   17   16   13   12   11   10    9    8    7    6    5    4    3    2    1    1    1    1    1    3    3    1   11    9   16   20   37   67  146  231  229  127
17   21   20   17   16   13   12   11   10    9    8    7    6    5    4    3    2    1    1    1    1    1    2    1    3   11    9   15   20   34   65  134  221  228  134
16   21   20   17   16   13   11   10    9    8    7    6    5    4    3    2    1    1    1    1    1    2    4    9    6   16   18   29   66  125  207  231  137
15   20   16   15   13   11   10    9    8    7    6    5    4    3    2    1    2    1    1    1    3    9    7   11   18   29   63  113  199  230  134
15   20   18   15   13   11   10    9    8    7    6    5    4    3    2    1    1    1    2    1    2    5    8   11   18   27   52  114  186  228  131
16   20   18   15   14   12   11   10    9    8    7    6    5    4    3    2    1    1    1    1    1    1    2    4    7    9   18   25   46  105  188  218  130
15   19   15   14   12   11   10    9    8    7    6    5    4    3    2    1    1    2    1    1    2    3    4   12   15   23   34  101  181  218  127
16   18   15   14   13   12   11   10    9    8    7    6    5    4    3    2    1    1    1    1    1    1    1    3    5   10   15   18   38   85  174  208  131
15   18   15   14   12   11   10    9    8    7    6    5    4    3    2    1    1    1    1    1    2    3    4    5   14   16   34   83  158  201  135
13   18   13   11   10    9    8    7    6    5    4    3    2    1    1    1    4    2    4    5   13   13   33   73  143  202  134
13   18   12   11   10    9    8    7    6    5    4    3    2    1    1    1    3    3    1    5   14   13   29   73  138  185  133
13   18   12   11   10    9    8    7    6    5    4    3    2    1    1    1    3    2    2    5   11   11   30   56  130  167  116
12   18   11   10    9    8    7    6    5    4    3    2    1    1    2    2    3    4   10    9   21   55  121  160  113
12   18   11   10    9    8    7    6    5    4    3    2    1    1    1    2    3    3    6   11   19   47  111  154  106
12   17   11   10    9    8    7    6    5    4    3    2    1    1    1    1    3    4    5   10   17   40  109  150  102
12   16   11   10    9    8    7    6    5    4    3    2    1    1    1    1    3    1    6    8   16   30   90  111   82
12   15   11   10    9    8    7    6    5    4    3    2    1    1    1    1    2    2    5    7   16   24   82  107   81
10   11    9    8    7    6    5    4    3    2    1    1    2    1    5    6   13   22   69   89   68
 8    9    7    6    5    4    3    2    1    2    4    7   11   21   65   76   72
 8    9    7    6    5    4    3    2    1    2    4    5   11   21   56   76   67
 8    9    7    6    5    4    3    2    1    2    4    4   10   13   57   74   65
 8    9    7    6    5    4    3    2    1    2    2    3   11   11   42   58   51
 5    5    4    3    2    1    6    7   17   19   17
 5    5    4    3    2    1    5    8   17   18   16
 5    5    4    3    2    1    5    7   16   18   15
 5    5    4    3    2    1    5    4   12   16   11
 5    5    4    3    2    1    3    4    5   16   10
 5    5    4    3    2    1    2    3    5   11    9
 5    5    4    3    2    1    1    3    6    9    9
 5    5    4    3    2    1    1    2    5    8    6
 4    4    3    2    1    2    4    7    6
 4    6    3    2    1    1    2    4    4
 4    6    3    2    1    1    2    2    4
 3    5    2    1    1    2    5
 3    5    2    1    1    1    5
 3    4    2    1    1    1    4
