# n  list(x)  list(y)
19   24   23   20   19   18   17   16   15   14   13   12   11   10    9    8    7    6    5    4    1    1    1    1    1    1    4   17   20   49   78  123  211  291  428  513  614  142    4
17   23   20   19   17   16   15   14   13   12   11   10    9    8    7    6    5    4    2    1    1    2    4   15   19   45   73  123  198  286  413  505  614  165    9
18   23   22   20   19   17   16   15   14   13   12   11   10    9    8    7    6    5    4    1    1    1    1    1    4   13   19   35   76  109  191  281  403  495  612  192   15
19   23   22   20   19   17   16   15   14   13   12   11   10    9    8    7    6    5    4    3    1    1    1    1    1    3   13   18   30   70  104  186  269  388  491  607  217   21    3
18   23   22   20   19   16   15   14   13   12   11   10    9    8    7    6    5    4    3    1    1    1    1    3   12   19   24   66  104  172  253  387  482  595  245   28    6
17   23   22   19   16   15   14   13   12   11   10    9    8    7    6    5    4    3    1    1    2    3    9   20   24   52  104  172  233  379  481  590  260   36    8
17   23   22   19   16   15   14   13   12   11   10    9    8    7    6    5    4    3    1    1    2    3    8   15   28   46   92  173  218  365  477  574  287   47   13
17   23   22   19   16   15   14   13   12   11   10    9    8    7    6    5    4    3    1    1    2    3    6   12   27   40   87  164  217  354  457  578  302   61   13
18   23   22   19   16   15   14   13   12   11   10    9    8    7    6    5    4    3    2    1    1    2    3    6   12   26   35   79  157  214  337  458  558  321   73   15    2
18   23   22   19   16   15   14   13   12   11   10    9    8    7    6    5    4    3    2    1    1    2    2    7   12   23   36   73  147  207  330  444  543  332   94   19    2
18   23   22   19   16   15   14   13   12   11   10    9    8    7    6    5    4    3    2    1    1    2    2    7    9   25   37   65  133  208  316  436  530  347  105   23    3
18   23   21   19   16   15   14   13   12   11   10    9    8    7    6    5    4    3    2    1    1    2    2    6    9   25   31   57  130  203  297  424  527  367  115   24    4
18   21   19   17   16   15   14   13   12   11   10    9    8    7    6    5    4    3    2    1    1    1    2    4    8   25   29   53  126  186  286  410  540  367  130   24    7
18   21   19   17   16   15   14   13   12   11   10    9    8    7    6    5    4    3    2    1    1    1    2    3    8   20   30   48  118  178  273  404  522  384  145   30    7
18   21   19   17   16   15   14   13   12   11   10    9    8    7    6    5    4    3    2    1    1    1    2    3    6   18   27   47  108  174  256  413  507  377  169   33    7
18   20   19   17   16   15   14   13   12   11   10    9    8    7    6    5    4    3    2    1    1    1    2    3    5   17   27   43  110  153  253  397  495  385  187   36    9
18   20   19   17   16   15   14   13   12   11   10    9    8    7    6    5    4    3    2    1    1    1    2    3    5   14   27   39  105  147  241  379  484  407  193   41   10
17   20   19   16   15   14   13   12   11   10    9    8    7    6    5    4    3    2    1    1    3    1    5   15   24   37   97  133  239  358  489  411  200   50   11
17   20   19   16   15   14   13   12   11   10    9    8    7    6    5    4    3    2    1    1    2    2    4   11   26   33   90  131  215  359  477  415  209   62   12
16   20   16   15   14   13   12   11   10    9    8    7    6    5    4    3    2    1    3    2    3   11   23   33   83  118  210  339  474  420  225   67   13
16   20   16   15   14   13   12   11   10    9    8    7    6    5    4    3    2    1    2    3    3   10   21   28   82  116  196  325  461  430  238   68   16
17   20   16   15   14   13   12   11   10    9    8    7    6    5    4    3    2    1    1    1    4    2    8   20   29   69  125  176  322  452  422  250   77   16    1
16   20   15   14   13   12   11   10    9    8    7    6    5    4    3    2    1    1    5    1    6   20   26   66  121  163  314  444  417  252   92   21    1
16   20   15   14   13   12   11   10    9    8    7    6    5    4    3    2    1    1    4    2    6   20   24   60  111  164  297  427  429  253  100   26    1
16   20   15   14   13   12   11   10    9    8    7    6    5    4    3    2    1    1    3    2    6   20   22   53  110  153  284  427  412  263  110   33    1
16   20   15   14   13   12   11   10    9    8    7    6    5    4    3    2    1    1    3    2    6   15   20   46  105  147  268  407  422  278  115   39    1
16   20   15   14   13   12   11   10    9    8    7    6    5    4    3    2    1    1    3    1    6   14   20   40   99  138  251  403  404  301  121   46    2
16   20   15   14   13   12   11   10    9    8    7    6    5    4    3    2    1    1    2    1    6   11   17   43   90  130  245  372  413  309  132   50    3
16   19   15   14   13   12   11   10    9    8    7    6    5    4    3    2    1    1    1    2    4   10   17   37   89  126  222  344  433  318  141   51    4
16   19   15   14   13   12   11   10    9    8    7    6    5    4    3    2    1    1    1    2    4    9   17   35   81  119  213  313  440  329  151   54    6
15   19   15   13   12   11   10    9    8    7    6    5    4    3    2    1    1    1    4    6   18   30   74  119  199  297  447  323  168   55    8
15   19   15   13   12   11   10    9    8    7    6    5    4    3    2    1    1    1    3    3   19   27   68  109  188  301  433  319  182   62    9
15   19   14   13   12   11   10    9    8    7    6    5    4    3    2    1    1    1    3    3   17   26   59  101  176  295  433  321  188   63   13
15   19   14   13   12   11   10    9    8    7    6    5    4    3    2    1    1    1    2    3   15   21   50  107  156  290  418  330  195   71   15
15   19   14   13   12   11   10    9    8    7    6    5    4    3    2    1    1    1    1    3    8   25   40  102  155  274  399  348  203   75   15
15   19   14   13   12   11   10    9    8    7    6    5    4    3    2    1    1    1    1    2    7   24   38   97  142  257  388  362  202   88   15
15   19   14   13   12   11   10    9    8    7    6    5    4    3    2    1    1    1    1    2    7   21   32   93  136  250  368  360  221   91   16
15   19   14   13   12   11   10    9    8    7    6    5    4    3    2    1    1    1    1    2    6   16   34   82  127  246  354  354  233   98   20
15   18   14   13   12   11   10    9    8    7    6    5    4    3    2    1    1    1    1    1    7   15   29   75  123  227  341  359  238  111   21
15   18   14   13   12   11   10    9    8    7    6    5    4    3    2    1    1    1    1    1    7   13   29   70  115  222  330  344  252  113   26
14   18   13   12   11   10    9    8    7    6    5    4    3    2    1    1    1    2    5   13   30   55  108  212  327  344  255  119   28
13   18   12   11   10    9    8    7    6    5    4    3    2    1    1    1    5   11   28   54   99  195  311  337  269  134   30
12   12   11   10    9    8    7    6    5    4    3    2    1    1    4   10   26   55   84  188  310  327  269  137   37
12   12   11   10    9    8    7    6    5    4    3    2    1    1    4    8   26   49   81  170  297  332  269  140   43
12   12   11   10    9    8    7    6    5    4    3    2    1    1    3    9   21   46   77  160  285  322  277  143   47
12   12   11   10    9    8    7    6    5    4    3    2    1    1    3    8   18   38   76  154  257  321  289  149   51
12   12   11   10    9    8    7    6    5    4    3    2    1    1    2    7   17   34   76  137  239  324  294  153   56
12   12   11   10    9    8    7    6    5    4    3    2    1    1    2    7   13   32   66  141  223  320  295  156   57
12   12   11   10    9    8    7    6    5    4    3    2    1    1    2    6   11   32   63  133  208  312  300  159   58
12   12   11   10    9    8    7    6    5    4    3    2    1    1    1    6   11   30   51  127  201  305  294  175   58
12   12   11   10    9    8    7    6    5    4    3    2    1    1    1    6   10   23   46  114  189  291  316  174   62
12   12   11   10    9    8    7    6    5    4    3    2    1    1    1    6    9   20   44  106  179  275  314  187   65
12   12   11   10    9    8    7    6    5    4    3    2    1    1    1    5    8   20   38   97  158  282  305  195   70
12   12   11   10    9    8    7    6    5    4    3    2    1    1    1    3    9   15   38   87  155  269  291  208   74
12   12   11   10    9    8    7    6    5    4    3    2    1    1    1    3    7   11   35   80  150  251  294  212   81
12   12   11   10    9    8    7    6    5    4    3    2    1    1    1    2    5   11   33   68  139  244  291  220   85
11   11   10    9    8    7    6    5    4    3    2    1    1    3    5   10   28   65  131  233  284  224   85
11   11   10    9    8    7    6    5    4    3    2    1    1    3    4   11   26   60  117  229  266  233   88
11   11   10    9    8    7    6    5    4    3    2    1    1    2    5   10   24   51  114  212  262  238   90
10   10    9    8    7    6    5    4    3    2    1    1    7    9   19   41  113  195  256  243   97
10   10    9    8    7    6    5    4    3    2    1    1    6    9   13   42  105  188  250  238  104
10   10    9    8    7    6    5    4    3    2    1    1    6    8   12   36   93  177  245  241  112
10   10    9    8    7    6    5    4    3    2    1    1    3    9    8   38   75  168  236  246  118
10   10    9    8    7    6    5    4    3    2    1    1    2    9    9   31   64  166  224  244  121
10   10    9    8    7    6    5    4    3    2    1    1    1    9    9   25   62  145  230  234  122
10   10    9    8    7    6    5    4    3    2    1    1    1    8   10   19   56  132  218  236  121
10   10    9    8    7    6    5    4    3    2    1    1    1    7    6   21   48  121  197  228  120
10   10    9    8    7    6    5    4    3    2    1    1    1    5    8   18   39  114  182  225  134
10   10    9    8    7    6    5    4    3    2    1    1    1    4    7   18   35  102  170  191  121
 9    9    8    7    6    5    4    3    2    1    2    3    6   15   30   97  169  176  125
 9    9    8    7    6    5    4    3    2    1    2    3    6   12   27   85  148  154  111
 9    9    8    7    6    5    4    3    2    1    1    4    6    9   23   79  143  149  107
 9    9    8    7    6    5    4    3    2    1    1    3    6    8   16   61  116  105   81
 9    9    8    7    6    5    4    3    2    1    1    3    5    8   14   62  112   97   82
 9    9    8    7    6    5    4    3    2    1    1    3    5    4   14   52  104  101   82
 9    9    8    7    6    5    4    3    2    1    1    3    3    6   11   33   73   55   46
 9    9    8    7    6    5    4    3    2    1    1    3    2    6   11   28   76   51   40
 9    9    8    7    6    5    4    3    2    1    1    3    1    5   11   23   65   55   36
 8    9    7    6    5    4    3    2    1    1    3    3   11   25   57   55   36
 8    9    7    6    5    4    3    2    1    1    2    4   10   24   53   52   40
 8    9    7    6    5    4    3    2    1    1    1    4    8   20   44   59   38
 8    8    7    6    5    4    3    2    1    1    1    3    6   15   39   52   32
 7    7    6    5    4    3    2    1    1    2    2    8   14   23   15
 6    6    5    4    3    2    1    1    4    4   15   19   15
 5    5    4    3    2    1    1    2    9   12    6
 5    5    4    3    2    1    1    2    8   12    5
 4    5    3    2    1    3    6    9    7
 4    4    3    2    1    3    4    9    6
 4    4    3    2    1    3    4    9    6
 4    4    3    2    1    3    4    8    6
 3    3    2    1    3    4    5
 3    3    2    1    3    4    5
 3    3    2    1    3    4    5
 3    3    2    1    2    2    4
 2    2    1    3    2
 2    2    1    2    2
 2    2    1    2    2
 2    2    1    2    2
 2    2    1    1    2
