# n  list(x)  list(y)
19   24   23   20   19   18   17   16   15   14   13   12   11   10    9    8    7    6    5    4    1    1    1    1    1    1    4   17   20   49   78  123  211  291  428  513  614  142    4
19   24   23   20   19   18   17   16   15   14   13   12   11   10    9    8    7    6    5    4    1    1    1    1    1    1    3   15   21   42   74  122  204  282  416  504  595  180   11
19   24   23   20   19   18   16   15   14   13   12   11   10    9    8    7    6    5    4    3    1    1    1    1    1    4   15   19   40   69  117  196  273  406  495  588  193   29    1
18   23   20   19   18   16   15   14   13   12   11   10    9    8    7    6    5    4    3    2    1    1    1    4   14   18   40   66  109  187  273  393  485  561  226   40    4
18   23   20   19   18   16   15   14   13   12   11   10    9    8    7    6    5    4    3    2    1    1    1    3   14   17   37   64   94  191  254  379  479  560  247   52    4
17   23   19   18   16   15   14   13   12   11   10    9    8    7    6    5    4    3    2    2    1    3    8   21   34   59   94  185  239  377  457  545  279   62    7
17   23   19   18   16   15   14   13   12   11   10    9    8    7    6    5    4    3    2    1    2    3    6   18   34   52   93  173  239  355  450  539  305   68   10
17   23   19   18   16   15   14   13   12   11   10    9    8    7    6    5    4    3    2    1    2    2    6   17   33   51   84  162  227  346  455  530  308   83   16
18   23   19   18   16   15   14   13   12   11   10    9    8    7    6    5    4    3    2    2    1    2    1    6   16   28   47   84  160  220  348  430  519  313  104   16    3
19   23   22   19   18   16   15   14   13   12   11   10    9    8    7    6    5    4    3    2    1    1    1    1    2    4   14   25   47   72  147  230  326  431  504  326  122   18    3
19   23   22   19   18   16   15   14   13   12   11   10    9    8    7    6    5    4    3    2    1    1    1    1    2    4   13   25   42   68  138  218  320  415  501  345  129   23    3
19   23   22   19   18   16   15   14   13   12   11   10    9    8    7    6    5    4    3    2    1    1    1    1    2    4   10   26   38   65  127  215  310  406  486  360  146   22    4
18   23   22   17   16   15   14   13   12   11   10    9    8    7    6    5    4    3    2    1    1    2    2    2    9   23   39   61  113  205  297  395  490  365  163   26    6
18   23   22   17   16   15   14   13   12   11   10    9    8    7    6    5    4    3    2    1    1    2    2    1   10   20   36   59  110  194  291  380  481  369  182   30    6
19   23   22   17   16   15   14   13   12   11   10    9    8    7    6    5    4    3    2    1    1    1    2    2    1    8   17   38   54  101  192  272  382  471  371  194   35    7    1
18   22   17   16   15   14   13   12   11   10    9    8    7    6    5    4    3    2    1    2    2    1    1    9   14   38   51  100  174  259  375  464  373  206   45   10    1
18   22   17   16   15   14   13   12   11   10    9    8    7    6    5    4    3    2    1    2    2    1    1    8    9   38   47   95  171  240  382  447  387  210   48    9    3
18   22   17   16   15   14   13   12   11   10    9    8    7    6    5    4    3    2    1    2    2    1    1    8    6   36   46   88  163  227  363  445  397  224   53   10    3
18   22   17   16   15   14   13   12   11   10    9    8    7    6    5    4    3    2    1    2    2    1    1    6    6   27   46   83  157  217  361  421  407  237   59   14    3
18   22   17   16   15   14   13   12   11   10    9    8    7    6    5    4    3    2    1    2    2    1    1    5    6   25   47   80  139  221  336  428  401  238   73   17    3
19   22   21   17   16   15   14   13   12   11   10    9    8    7    6    5    4    3    2    1    1    1    1    2    1    4    6   20   45   73  132  207  338  408  403  247   86   22    3
19   22   21   17   16   15   14   13   12   11   10    9    8    7    6    5    4    3    2    1    1    1    1    2    1    4    5   19   41   74  123  194  329  398  397  264   95   23    3
19   22   20   17   16   15   14   13   12   11   10    9    8    7    6    5    4    3    2    1    1    1    1    2    1    3    6   18   34   80  100  196  308  397  399  275  100   25    3
17   22   20   16   14   13   12   11   10    9    8    7    6    5    4    3    2    1    1    1    3    3    5   17   29   68  102  190  281  400  393  296  105   26    5
17   22   19   16   14   13   12   11   10    9    8    7    6    5    4    3    2    1    1    1    3    3    4   15   23   71   97  176  262  396  395  296  121   31    5
17   22   19   16   14   13   12   11   10    9    8    7    6    5    4    3    2    1    1    1    3    3    4   14   22   60   97  171  248  370  403  301  134   38    5
17   21   19   16   14   13   12   11   10    9    8    7    6    5    4    3    2    1    1    1    3    3    4    9   23   56   86  160  232  370  397  316  143   39    7
18   20   19   16   15   14   13   12   11   10    9    8    7    6    5    4    3    2    1    1    1    1    2    2    5    8   21   53   82  143  232  356  392  321  153   44    8
18   20   19   16   15   14   13   12   11   10    9    8    7    6    5    4    3    2    1    1    1    1    2    2    5    7   19   46   81  134  228  336  382  339  156   52    8
18   20   19   16   15   14   13   12   11   10    9    8    7    6    5    4    3    2    1    1    1    1    2    2    3    7   16   39   80  131  207  324  382  344  167   58   10
18   20   18   16   15   14   13   12   11   10    9    8    7    6    5    4    3    2    1    1    1    1    1    3    3    6   16   35   75  120  206  313  384  330  181   62   12
17   20   18   15   14   13   12   11   10    9    8    7    6    5    4    3    2    1    1    1    2    3    2    6   17   24   73  109  202  305  377  329  196   65   13
17   20   18   15   14   13   12   11   10    9    8    7    6    5    4    3    2    1    1    1    1    3    2    6   12   23   60  110  183  298  378  334  200   74   14
17   20   18   15   14   13   12   11   10    9    8    7    6    5    4    3    2    1    1    1    1    3    2    6   12   19   55  109  172  277  384  328  213   77   15
17   20   17   15   14   13   12   11   10    9    8    7    6    5    4    3    2    1    1    1    1    3    2    4   11   17   41  106  163  269  382  330  215   87   16
17   20   17   15   14   13   12   11   10    9    8    7    6    5    4    3    2    1    1    1    1    3    1    4    9   18   36  103  152  254  373  334  222   92   19
17   19   16   15   14   13   12   11   10    9    8    7    6    5    4    3    2    1    1    1    1    3    1    4    9   12   39   97  148  227  361  345  234   95   20
16   19   16   14   13   12   11   10    9    8    7    6    5    4    3    2    1    1    1    4    1    4    5   14   38   86  137  231  343  344  246   94   23
16   17   16   14   13   12   11   10    9    8    7    6    5    4    3    2    1    1    1    2    2    5    4   12   34   80  128  217  336  353  245  101   26
16   17   16   14   13   12   11   10    9    8    7    6    5    4    3    2    1    1    1    2    1    6    3   11   25   79  126  194  338  335  264  105   30
15   17   16   14   12   11   10    9    8    7    6    5    4    3    2    1    1    1    2    7    3    8   23   69  127  172  339  319  273  119   32
15   17   16   14   12   11   10    9    8    7    6    5    4    3    2    1    1    1    2    7    3    8   16   67  123  159  323  329  270  123   38
15   17   16   14   12   11   10    9    8    7    6    5    4    3    2    1    1    1    2    6    4    8   15   58  115  159  305  325  271  136   39
15   17   16   14   12   11   10    9    8    7    6    5    4    3    2    1    1    1    2    5    2    9   15   53   99  152  285  341  274  133   48
14   16   14   12   11   10    9    8    7    6    5    4    3    2    1    2    2    4    3    7   11   48   98  140  278  344  264  144   50
15   16   15   14   12   11   10    9    8    7    6    5    4    3    2    1    1    1    2    3    3    5   10   49   90  138  257  345  262  146   57
14   15   14   12   11   10    9    8    7    6    5    4    3    2    1    2    2    3    2    3   10   43   85  128  255  332  263  157   59
14   15   13   12   11   10    9    8    7    6    5    4    3    2    1    2    2    2    3    2    8   36   72  132  240  327  262  168   61
14   15   13   12   11   10    9    8    7    6    5    4    3    2    1    2    1    2    3    3    6   30   71  121  225  316  276  170   64
15   15   14   13   12   11   10    9    8    7    6    5    4    3    2    1    1    1    1    2    3    2    6   28   67  113  210  307  275  182   67
14   15   14   12   11   10    9    8    7    6    5    4    3    2    1    1    1    2    3    2    6   26   55  107  193  308  270  188   70
13   14   12   11   10    9    8    7    6    5    4    3    2    1    2    2    2    3    4   21   48  102  173  306  281  191   70
14   14   13   12   11   10    9    8    7    6    5    4    3    2    1    1    1    1    3    3    4   18   39   96  164  288  287  194   80
13   14   13   11   10    9    8    7    6    5    4    3    2    1    1    1    2    3    5   12   39   87  152  282  291  196   82
13   13   12   11   10    9    8    7    6    5    4    3    2    1    1    1    1    4    5    9   35   83  150  259  293  202   87
13   13   12   11   10    9    8    7    6    5    4    3    2    1    1    1    1    3    6    6   28   81  138  243  298  207   92
12   12   11   10    9    8    7    6    5    4    3    2    1    2    1    2    5    5   21   72  136  238  280  219   97
12   12   11   10    9    8    7    6    5    4    3    2    1    2    1    2    3    5   19   66  129  225  270  225  100
12   12   11   10    9    8    7    6    5    4    3    2    1    2    1    2    3    3   19   59  110  217  266  227  107
12   12   11   10    9    8    7    6    5    4    3    2    1    1    1    2    2    4   13   61  105  201  258  235  109
12   12   11   10    9    8    7    6    5    4    3    2    1    1    1    2    2    3   12   57   91  183  258  238  118
11   11   10    9    8    7    6    5    4    3    2    1    1    2    3    2   12   45   90  171  242  249  124
 9    9    8    7    6    5    4    3    2    1    4    2   11   40   83  157  247  242  129
 9    9    8    7    6    5    4    3    2    1    1    4   10   38   75  150  224  249  134
 8    8    7    6    5    4    3    2    1    5    8   33   68  140  216  245  136
 8    8    7    6    5    4    3    2    1    3    7   29   63  128  203  244  143
 8    8    7    6    5    4    3    2    1    3    7   23   63  116  200  232  140
 8    8    7    6    5    4    3    2    1    1    5   20   58  108  194  230  135
 8    8    7    6    5    4    3    2    1    1    3   16   55   97  184  225  132
 8    8    7    6    5    4    3    2    1    1    2   12   46   88  178  223  132
 8    8    7    6    5    4    3    2    1    1    2   10   39   77  164  215  137
 8    8    7    6    5    4    3    2    1    1    2   10   35   69  153  189  134
 8    8    7    6    5    4    3    2    1    1    2    7   33   66  147  161  130
 8    8    7    6    5    4    3    2    1    1    2    6   28   60  142  153  120
 8    8    7    6    5    4    3    2    1    1    1    5   24   53  125  146  112
 6    6    5    4    3    2    1    5   15   32   81  110   80
 6    6    5    4    3    2    1    2   11   26   75   94   74
 6    6    5    4    3    2    1    2    7   16   48   72   53
 6    6    5    4    3    2    1    1    5   14   40   70   47
 6    6    5    4    3    2    1    1    4   14   36   69   42
 6    6    5    4    3    2    1    1    3   13   23   58   32
 6    6    5    4    3    2    1    1    1    5   10   27   17
 5    6    4    3    2    1    1    5    8   26   16
 4    4    3    2    1    5    3   13    9
 4    4    3    2    1    5    2   12    8
 4    4    3    2    1    2    6   10    8
 4    4    3    2    1    4    2   10    8
 4    4    3    2    1    4    2    7    8
 4    4    3    2    1    3    3    4    7
 4    4    3    2    1    3    1    4    7
 4    4    3    2    1    2    1    3    7
 4    4    3    2    1    1    2    1    6
 3    4    2    1    1    1    4
 3    3    2    1    2    2    2
 2    2    1    1    2
 2    2    1    1    2
 2    2    1    1    2
 2    2    1    1    2
