# n  list(x)  list(y)
14    4    5    6    7    8    9   10   11   12   13   14   15   16   17    4   98  488  561  535  379  209  119   66   26    9    4    1    1
13    4    5    6    7    8    9   10   11   12   13   14   15   16    8  125  499  549  530  364  197  104   60   25    8    5    1
12    4    5    6    7    8    9   10   11   12   13   14   15   11  149  502  559  507  342  188  101   53   25    7    6
13    3    4    5    6    7    8    9   10   11   12   13   14   15    1   19  168  506  549  500  328  185   90   44   22    7    6
13    3    4    5    6    7    8    9   10   11   12   13   14   15    1   27  196  502  563  469  309  181   78   40   22    7    5
13    3    4    5    6    7    8    9   10   11   12   13   14   15    2   36  214  509  551  463  284  177   72   36   19    8    4
13    3    4    5    6    7    8    9   10   11   12   13   14   15    5   45  236  508  543  443  269  168   69   35   19    7    3
13    3    4    5    6    7    8    9   10   11   12   13   14   15    6   60  247  520  521  427  268  148   75   25   19    7    2
14    2    3    4    5    6    7    8    9   10   11   12   13   14   15    1    6   73  255  522  516  415  252  140   73   23   16    6    2
14    2    3    4    5    6    7    8    9   10   11   12   13   14   15    1    7   93  276  504  514  394  240  135   71   17   17    5    1
14    2    3    4    5    6    7    8    9   10   11   12   13   14   15    1    8  108  301  496  504  376  226  132   62   17   14    4    1
14    2    3    4    5    6    7    8    9   10   11   12   13   14   15    2    9  123  310  497  501  351  221  124   54   15   14    3    1
14    2    3    4    5    6    7    8    9   10   11   12   13   14   15    2   13  128  332  494  486  345  205  113   55   13   10    3    1
14    2    3    4    5    6    7    8    9   10   11   12   13   14   15    3   19  132  343  504  479  327  190  107   46   13    8    3    1
14    2    3    4    5    6    7    8    9   10   11   12   13   14   15    4   26  148  348  497  462  319  181  105   37   12    7    3    1
14    2    3    4    5    6    7    8    9   10   11   12   13   14   15    4   30  166  359  498  448  297  174   93   34   11    8    2    1
13    2    3    4    5    6    7    8    9   10   11   12   13   15    7   32  176  373  503  423  288  162   86   31    8   10    1
13    2    3    4    5    6    7    8    9   10   11   12   13   15    9   35  188  380  504  408  282  147   75   30    9    7    1
14    1    2    3    4    5    6    7    8    9   10   11   12   13   15    1    9   43  204  392  489  392  269  130   78   27    9    6    1
14    1    2    3    4    5    6    7    8    9   10   11   12   13   15    1   10   57  213  403  468  398  240  128   67   25    9    5    1
14    1    2    3    4    5    6    7    8    9   10   11   12   13   15    1   11   70  213  413  461  380  228  125   63   20   10    4    1
14    1    2    3    4    5    6    7    8    9   10   11   12   13   15    1   14   69  223  413  468  361  220  112   64   17    8    4    1
14    1    2    3    4    5    6    7    8    9   10   11   12   13   15    2   14   83  238  424  454  337  209  111   54   12    7    4    1
14    1    2    3    4    5    6    7    8    9   10   11   12   13   15    2   18   97  248  417  445  326  200   98   51   12    7    3    1
14    1    2    3    4    5    6    7    8    9   10   11   12   13   14    2   23   95  267  410  443  310  192   90   46   12    8    1    1
13    1    2    3    4    5    6    7    8    9   10   11   12   14    3   23  101  281  416  431  295  184   79   42   10    9    1
13    1    2    3    4    5    6    7    8    9   10   11   12   14    6   26  101  284  419  420  285  175   78   36   11    8    1
13    1    2    3    4    5    6    7    8    9   10   11   12   14    6   31  109  291  408  421  272  171   65   32   10    8    1
13    1    2    3    4    5    6    7    8    9   10   11   12   14    6   34  111  303  415  402  269  152   61   27   12    6    1
13    1    2    3    4    5    6    7    8    9   10   11   12   14    7   38  116  313  416  397  247  146   54   22   12    5    1
13    1    2    3    4    5    6    7    8    9   10   11   12   14    8   40  127  324  403  399  224  136   50   21   12    4    1
13    1    2    3    4    5    6    7    8    9   10   11   12   14    8   42  132  328  409  383  218  121   50   17   11    4    1
12    1    2    3    4    5    6    7    8    9   10   11   12    8   45  145  343  408  367  205  101   47   21    5    4
12    1    2    3    4    5    6    7    8    9   10   11   12   10   50  152  344  411  343  195   98   43   20    5    3
12    1    2    3    4    5    6    7    8    9   10   11   12   11   57  153  361  413  322  179   89   42   15    4    3
12    1    2    3    4    5    6    7    8    9   10   11   12   13   60  160  373  396  316  165   84   38   12    6    1
12    1    2    3    4    5    6    7    8    9   10   11   12   14   64  170  371  398  302  157   69   37   10    6    1
12    1    2    3    4    5    6    7    8    9   10   11   12   16   68  187  382  386  281  139   67   31   11    5    1
12    1    2    3    4    5    6    7    8    9   10   11   12   19   75  199  376  374  273  131   59   29    9    4    1
12    1    2    3    4    5    6    7    8    9   10   11   12   21   78  213  378  358  260  123   54   26    9    3    1
12    1    2    3    4    5    6    7    8    9   10   11   12   23   90  219  379  348  242  115   48   25    7    2    1
12    1    2    3    4    5    6    7    8    9   10   11   12   24  100  226  372  339  232  105   45   21    7    1    1
12    1    2    3    4    5    6    7    8    9   10   11   12   29  110  233  363  325  222  100   40   18    6    1    1
11    1    2    3    4    5    6    7    8    9   10   11   31  115  245  372  310  201   90   35   16    5    2
11    1    2    3    4    5    6    7    8    9   10   11   32  121  258  368  289  193   86   29   14    5    1
11    1    2    3    4    5    6    7    8    9   10   11   31  129  262  361  279  179   85   26   14    3    1
11    1    2    3    4    5    6    7    8    9   10   11   33  138  273  349  268  169   73   27   12    2    1
11    1    2    3    4    5    6    7    8    9   10   11   35  149  272  345  266  146   68   27    8    2    1
10    1    2    3    4    5    6    7    8    9   10   38  162  266  343  248  136   66   25    8    2
10    1    2    3    4    5    6    7    8    9   10   41  179  260  339  226  129   65   21    8    1
 9    1    2    3    4    5    6    7    8    9   51  182  272  329  218  116   51   18    8
 9    1    2    3    4    5    6    7    8    9   50  193  268  324  205  110   46   16    7
 9    1    2    3    4    5    6    7    8    9   54  202  278  301  189  106   42   14    7
 9    1    2    3    4    5    6    7    8    9   62  203  277  288  182  100   35   15    4
 9    1    2    3    4    5    6    7    8    9   70  205  285  272  167   96   27   16    3
 9    1    2    3    4    5    6    7    8    9   72  212  281  258  158   89   24   13    3
 9    1    2    3    4    5    6    7    8    9   74  225  276  247  146   81   25   10    1
 9    1    2    3    4    5    6    7    8    9   78  224  268  241  142   70   23    8    1
 9    1    2    3    4    5    6    7    8    9   87  225  268  224  131   63   21    7    1
 8    1    2    3    4    5    6    7    8   93  233  255  218  121   58   15    8
 8    1    2    3    4    5    6    7    8   99  221  259  203  116   53   12    7
 8    1    2    3    4    5    6    7    8   99  229  250  192  107   50   10    5
 8    1    2    3    4    5    6    7    8  106  225  229  186   98   47    9    4
 8    1    2    3    4    5    6    7    8  112  230  209  182   94   37    9    3
 8    1    2    3    4    5    6    7    8  116  230  203  168   85   32    8    3
 8    1    2    3    4    5    6    7    8  129  232  181  156   77   30    9    2
 8    1    2    3    4    5    6    7    8  132  223  181  149   65   27    8    1
 7    1    2    3    4    5    6    7  137  221  169  127   57   20    7
 7    1    2    3    4    5    6    7  140  210  158  118   51   18    7
 7    1    2    3    4    5    6    7  134  206  147  113   43   21    4
 7    1    2    3    4    5    6    7  114  163  130   92   39   22    3
 7    1    2    3    4    5    6    7  109  161  114   82   34   16    3
 7    1    2    3    4    5    6    7  106  151  102   76   27   13    3
 7    1    2    3    4    5    6    7   92  127   88   65   22   11    2
 7    1    2    3    4    5    6    7   40   68   39   27    8    6    1
 7    1    2    3    4    5    6    7   35   61   29   27    5    2    1
 6    1    2    3    4    5    6   25   50   23   17    4    1
 6    1    2    3    4    5    6   22   47   20   16    4    1
 5    1    2    3    4    6   20   31   20   10    1
 4    1    2    3    4   16   31   14    6
 5    1    2    3    4    6   14   25   14    7    1
 5    1    2    3    4    6   15   23   13    7    1
 5    1    2    3    4    6   11   18   11    4    1
 5    1    2    3    4    6    7   16    7    4    1
 5    1    2    3    4    5    7    9    5    2    2
 5    1    2    3    4    5    7    9    5    2    2
 5    1    2    3    4    5    7    9    4    3    1
 5    1    2    3    4    5    6    5    3    1    1
 4    1    2    3    5    5    5    4    1
 4    1    2    3    4    4    3    4    1
 3    1    2    3    2    3    4
 3    1    2    3    4    2    2
 2    1    2    2    3
 2    1    2    2    3
 2    1    2    2    2
 2    1    2    2    2
