# n  list(x)  list(y)
26    4    5    6    7    8    9   10   11   12   13   14   15   16   17   18   19   20   21   22   23   24   25   26   29   31   34    4  132  828  515  337  208  144  106   58   43   39   25   17   10    4    9    4    3    3    1    2    1    2    1    2    2
27    4    5    6    7    8    9   10   11   12   13   14   15   16   17   18   19   20   21   22   23   24   25   26   29   31   32   33    8  177  810  501  326  188  146  108   49   44   35   25   15   11    3    9    3    3    3    1    2    1    2    1    2    1    1
28    3    4    5    6    7    8    9   10   11   12   13   14   15   16   17   18   19   20   21   22   23   24   25   26   29   31   32   33    1   18  218  786  478  316  188  140  103   47   42   31   26   14   11    4    8    2    3    3    1    2    1    2    1    2    1    1
27    3    4    5    6    7    8    9   10   11   12   13   14   15   16   17   18   19   20   21   22   23   25   26   29   30   31   33    3   29  249  763  458  305  194  128  100   46   41   30   25   14   10    5    7    1    3    3    3    1    2    1    1    2    1
28    3    4    5    6    7    8    9   10   11   12   13   14   15   16   17   18   19   20   21   22   23   24   26   27   28   29   31   33    4   38  277  750  434  296  188  138   82   49   42   27   21   16    9    6    6    1    4    1    3    1    2    1    1    1    1    1
27    3    4    5    6    7    8    9   10   11   12   13   14   15   16   17   18   19   20   21   22   24   25   26   27   29   31   32    5   51  311  726  427  283  182  130   78   49   34   32   17   16    6    8    4    1    4    4    1    1    1    1    1    1    1
27    3    4    5    6    7    8    9   10   11   12   13   14   15   16   17   18   19   20   21   22   24   25   26   27   29   31   32    9   60  340  712  411  267  178  122   78   43   40   26   19   15    4    8    4    1    3    3    1    1    1    1    1    1    1
25    3    4    5    6    7    8    9   10   11   12   13   14   15   16   17   18   19   20   21   22   24   25   27   29   31   13   71  367  684  396  269  172  117   71   38   41   24   17   15    5    9    2    2    2    3    1    2    1    1    2
25    3    4    5    6    7    8    9   10   11   12   13   14   15   16   17   18   19   20   21   22   24   25   26   28   31   14   83  394  668  384  261  164  115   58   41   38   21   18   13    6    7    3    1    1    3    1    2    1    1    2
25    2    3    4    5    6    7    8    9   10   11   12   13   14   15   16   17   18   19   21   22   24   25   26   28   31    1   19  103  403  644  380  255  160   98   60   39   35   22   19   12    3    7    4    1    3    1    2    1    1    2
25    2    3    4    5    6    7    8    9   10   11   12   13   14   15   16   17   18   19   20   22   24   25   26   28   31    2   22  121  413  622  370  246  158   89   62   44   31   15   22    9    3    9    1    1    3    1    2    1    1    2
26    2    3    4    5    6    7    8    9   10   11   12   13   14   15   16   17   18   19   20   21   22   23   25   26   28   31    3   24  139  413  607  359  245  148   88   60   42   28   19   17   10    4    7    1    1    1    2    1    2    1    1    2
27    1    2    3    4    5    6    7    8    9   10   11   12   13   14   15   16   17   18   19   20   21   22   23   24   26   28   31    1    2   34  153  423  593  335  241  146   84   57   39   26   20   16    8    4    6    1    1    2    1    1    2    1    1    2
27    1    2    3    4    5    6    7    8    9   10   11   12   13   14   15   16   17   18   19   20   21   22   23   24   26   27   30    1    3   39  176  427  573  334  223  137   83   54   39   25   19   15    6    4    6    1    2    1    1    1    2    1    1    1
26    1    2    3    4    5    6    7    8    9   10   11   12   13   14   15   16   17   18   20   21   22   23   24   26   27   30    1    5   47  196  418  557  330  216  129   77   55   35   28   14   16    6    3    7    2    1    1    1    2    1    1    1
27    1    2    3    4    5    6    7    8    9   10   11   12   13   14   15   16   17   18   19   20   21   22   23   24   26   27   30    1    6   54  215  429  524  330  200  126   72   56   34   27   14   12    6    3    6    1    1    1    1    1    2    1    1    1
24    1    2    3    4    5    6    7    8    9   10   11   12   13   14   15   16   17   18   20   22   23   26   27   30    1    7   68  217  432  511  322  191  122   69   54   36   20   16    9    8    3    5    3    1    2    1    1    1
24    1    2    3    4    5    6    7    8    9   10   11   12   13   14   15   16   17   18   20   22   23   25   27   30    2    9   78  228  437  486  313  183  119   69   48   35   20   15    9    7    3    5    3    2    1    1    1    1
24    1    2    3    4    5    6    7    8    9   10   11   12   13   14   15   16   17   18   20   21   22   25   27   30    2   11   83  242  443  474  295  180  110   66   45   33   19   15    8    6    4    4    3    1    2    1    1    1
25    1    2    3    4    5    6    7    8    9   10   11   12   13   14   15   16   17   18   19   20   21   22   24   27   30    2   17   80  264  433  470  278  179  105   58   42   32   22   11    8    7    3    4    1    2    1    2    1    1    1
25    1    2    3    4    5    6    7    8    9   10   11   12   13   14   15   16   17   18   19   20   21   22   24   27   30    2   19   86  283  421  455  274  173   96   58   41   29   23   11    6    6    3    4    2    2    1    1    1    1    1
25    1    2    3    4    5    6    7    8    9   10   11   12   13   14   15   16   17   18   19   20   21   22   24   27   30    2   27   91  286  423  444  260  166   91   56   40   28   23   10    7    5    4    3    1    2    1    1    1    1    1
23    1    2    3    4    5    6    7    8    9   10   11   12   13   14   15   16   17   18   20   21   24   27   30    4   31  101  294  417  434  255  157   85   52   37   27   20   10    5    6    3    4    2    2    1    1    1
23    1    2    3    4    5    6    7    8    9   10   11   12   13   14   15   16   17   18   20   21   24   27   29    4   35  111  299  412  413  253  150   80   51   41   23   22    7    4    5    3    4    2    2    1    1    1
24    1    2    3    4    5    6    7    8    9   10   11   12   13   14   15   16   17   18   19   20   21   24   27   28    5   34  125  299  416  397  252  133   72   55   38   25   18    7    5    4    3    4    1    1    2    1    1    1
23    1    2    3    4    5    6    7    8    9   10   11   12   13   14   15   16   17   18   19   21   24   27   28    6   39  131  310  405  390  242  131   61   54   32   27   17    6    6    4    3    3    2    2    1    1    1
24    1    2    3    4    5    6    7    8    9   10   11   12   13   14   15   16   17   18   19   20   21   24   26   28    7   44  138  323  401  374  227  124   61   52   27   25   17    6    6    5    3    2    2    1    1    1    1    1
24    1    2    3    4    5    6    7    8    9   10   11   12   13   14   15   16   17   18   19   20   21   23   25   28   11   46  143  329  405  359  215  114   57   55   23   24   16    4    8    4    2    3    1    1    1    1    1    1
24    1    2    3    4    5    6    7    8    9   10   11   12   13   14   15   16   17   18   19   20   21   22   24   26   15   46  153  336  397  340  205  113   60   51   21   21   15    4    8    4    2    2    1    1    1    1    1    1
23    1    2    3    4    5    6    7    8    9   10   11   12   13   14   15   16   17   19   20   21   22   24   25   16   45  169  344  391  316  203  104   68   39   19   22   14    4    7    3    4    1    1    1    1    1    1
21    1    2    3    4    5    6    7    8    9   10   11   12   13   14   15   16   17   19   20   22   24   16   51  185  346  390  292  199   94   66   36   21   18   12    6    7    2    3    1    2    1    1
21    1    2    3    4    5    6    7    8    9   10   11   12   13   14   15   16   17   19   20   22   23   16   57  193  363  370  288  180   93   58   35   23   18    8    6    6    3    2    1    2    1    1
21    1    2    3    4    5    6    7    8    9   10   11   12   13   14   15   16   17   19   20   22   23   20   60  205  362  361  274  181   87   53   33   21   13   10    5    7    2    1    2    1    1    1
21    1    2    3    4    5    6    7    8    9   10   11   12   13   14   15   16   18   19   20   21   23   24   60  228  351  359  264  165   82   52   31   18   11   10   10    3    1    1    1    1    1    1
21    1    2    3    4    5    6    7    8    9   10   11   12   13   14   15   16   18   19   20   21   23   25   70  238  344  353  260  151   82   47   25   17   12   11    4    3    1    1    1    1    1    1
20    1    2    3    4    5    6    7    8    9   10   11   12   13   14   15   16   18   19   20   23   27   80  249  351  326  256  139   77   45   23   17    9   12    4    2    1    1    2    1    1
19    1    2    3    4    5    6    7    8    9   10   11   12   13   14   15   16   18   19   23   31   86  244  354  318  254  126   73   42   20   17    9   13    4    1    2    2    1    1
18    1    2    3    4    5    6    7    8    9   10   11   12   13   14   15   16   18   23   34   91  251  353  313  237  119   67   39   21   16   10   12    3    1    2    3    1
19    1    2    3    4    5    6    7    8    9   10   11   12   13   14   15   16   17   18   23   35  101  253  350  300  236  110   58   41   18   18    8   11    2    2    1    1    2    1
18    1    2    3    4    5    6    7    8    9   10   11   12   13   14   15   16   18   23   37  106  264  344  293  224  106   50   37   17   20    7    9    2    3    1    2    1
18    1    2    3    4    5    6    7    8    9   10   11   12   13   14   15   16   18   23   38  119  267  338  279  224  101   41   36   16   15    8    6    2    3    1    2    1
18    1    2    3    4    5    6    7    8    9   10   11   12   13   14   15   16   18   21   40  121  274  340  269  212   94   40   30   15   14    9    6    1    2    1    2    1
18    1    2    3    4    5    6    7    8    9   10   11   12   13   14   15   16   18   21   40  137  277  323  265  201   86   41   28   13   16    7    5    1    2    2    1    1
18    1    2    3    4    5    6    7    8    9   10   11   12   13   14   15   16   18   21   44  142  269  325  256  191   82   38   27   13   18    5    5    1    2    1    1    1
17    1    2    3    4    5    6    7    8    9   10   11   12   13   14   15   17   20   50  147  275  318  250  179   81   33   22   14   14    4    3    2    2    1    1
17    1    2    3    4    5    6    7    8    9   10   11   12   13   14   15   17   20   54  155  281  300  244  174   70   31   22   18    8    4    2    2    2    1    1
17    1    2    3    4    5    6    7    8    9   10   11   12   13   14   15   17   19   61  157  286  294  242  151   64   32   20   15    9    4    1    3    1    1    1
17    1    2    3    4    5    6    7    8    9   10   11   12   13   14   15   16   19   64  163  278  291  236  141   60   32   18   13    8    2    2    2    1    1    1
17    1    2    3    4    5    6    7    8    9   10   11   12   13   14   15   16   19   64  171  277  286  226  130   62   26   19    9    8    3    2    1    1    1    1
16    1    2    3    4    5    6    7    8    9   10   11   12   13   15   16   19   67  174  279  274  219  120   62   23   15   10    7    2    3    1    1    1
16    1    2    3    4    5    6    7    8    9   10   11   12   13   15   16   18   67  180  272  265  226  105   59   20   15    9    8    2    2    1    1    1
16    1    2    3    4    5    6    7    8    9   10   11   12   13   15   16   18   72  182  277  252  215  101   46   26   11    8    8    1    2    1    1    1
16    1    2    3    4    5    6    7    8    9   10   11   12   13   15   16   18   70  197  273  243  201   98   43   20   11    5    8    2    1    1    1    1
14    1    2    3    4    5    6    7    8    9   10   11   13   15   18   73  203  273  235  191   88   38   16    9    5    9    2    1    1
15    1    2    3    4    5    6    7    8    9   10   11   12   13   14   18   75  207  274  227  179   79   39   13    9    7    7    1    1    1    1
14    1    2    3    4    5    6    7    8    9   10   11   12   13   18   81  214  269  217  171   71   35    9    8    8    6    1    2    1
14    1    2    3    4    5    6    7    8    9   10   11   12   13   17   88  215  258  213  161   61   34    9    9    7    5    1    2    1
14    1    2    3    4    5    6    7    8    9   10   11   12   13   16   93  224  255  203  142   56   33    9    9    8    2    1    2    1
14    1    2    3    4    5    6    7    8    9   10   11   12   13   16   99  214  249  201  126   50   33    7    9    6    2    1    2    1
14    1    2    3    4    5    6    7    8    9   10   11   12   13   15  104  221  247  184  118   45   30    5    8    5    1    2    1    1
14    1    2    3    4    5    6    7    8    9   10   11   12   13   15  112  223  239  176  107   41   27    5    7    4    2    1    1    1
13    1    2    3    4    5    6    7    8    9   10   11   12   13  110  231  217  175   91   40   24    6    4    5    1    1    1
12    1    2    3    4    5    6    7    8    9   10   11   13  113  230  207  159   90   34   21    5    4    3    2    1
12    1    2    3    4    5    6    7    8    9   10   11   13  126  220  201  151   83   28   20    4    5    1    2    1
12    1    2    3    4    5    6    7    8    9   10   11   12  131  216  206  137   76   29   14    2    5    1    2    1
11    1    2    3    4    5    6    7    8    9   10   11  129  220  192  131   66   29   11    2    5    1    3
11    1    2    3    4    5    6    7    8    9   10   11  127  223  171  129   60   24   12    1    5    2    1
11    1    2    3    4    5    6    7    8    9   10   11  129  219  163  115   53   24   11    1    5    2    1
11    1    2    3    4    5    6    7    8    9   10   11  134  205  164  104   52   21    8    2    5    1    1
11    1    2    3    4    5    6    7    8    9   10   11  136  202  155  103   45   17    8    1    5    1    1
10    1    2    3    4    5    6    7    8    9   10  142  192  149   95   43   12    7    2    5    1
10    1    2    3    4    5    6    7    8    9   10  144  192  140   85   39   12    5    3    4    1
10    1    2    3    4    5    6    7    8    9   10  147  174  139   77   33   11    4    4    3    1
10    1    2    3    4    5    6    7    8    9   10  141  165  125   71   30   11    4    5    2    1
10    1    2    3    4    5    6    7    8    9   10  137  150  113   66   30   10    4    5    2    1
10    1    2    3    4    5    6    7    8    9   10  122  143  101   59   28    6    7    2    2    1
10    1    2    3    4    5    6    7    8    9   10  123  138   89   59   18    7    2    2    2    1
10    1    2    3    4    5    6    7    8    9   10  120  134   87   46   16    5    2    3    1    1
10    1    2    3    4    5    6    7    8    9   10  113  126   78   35   13    6    1    3    1    1
 9    1    2    3    4    5    6    7    8    9  105  109   74   29    9    4    1    4    1
 9    1    2    3    4    5    6    7    8    9   94   88   60   26    9    3    2    3    1
 9    1    2    3    4    5    6    7    8    9   86   79   56   25    6    4    3    1    1
 8    1    2    3    4    5    6    7    8   69   62   47   19    4    4    2    2
 8    1    2    3    4    5    6    7    8   62   51   37   15    6    2    1    2
 8    1    2    3    4    5    6    7    8   56   45   36   13    5    2    1    2
 7    1    2    3    4    5    6    8   30   25   18    7    4    1    2
 7    1    2    3    4    5    6    7   25   25   15    7    2    1    2
 6    1    2    3    4    5    6   19   18    9    5    2    3
 5    1    2    3    4    6   16   13   10    6    3
 6    1    2    3    4    5    6   13    8   10    4    1    2
 5    1    2    3    4    6   12    7    8    4    2
 5    1    2    3    4    5   12    9    7    1    1
 4    1    2    3    4    7    9    5    1
 3    1    2    3    5   10    5
 3    1    2    3    4    7    4
 3    1    2    3    3    4    1
 3    1    2    3    3    4    1
 2    1    2    2    3
 2    1    2    2    1
