# n  list(x)  list(y)
11   15   13   12   11   10    9    8    7    6    5    4    1    5   18   90  251  441  764  481  313  132    4
11   14   13   12   11   10    9    8    7    6    5    4    1    4   19   81  236  429  722  509  314  149   11
11   14   13   12   11   10    9    8    7    6    5    4    1    4   18   70  225  416  689  526  320  162   19
12   14   13   12   11   10    9    8    7    6    5    4    3    1    2   17   64  211  394  670  526  344  171   24    1
11   14   13   12   11   10    9    8    7    6    5    4    1    2   14   59  193  390  642  532  350  187   30
12   14   13   12   11   10    9    8    7    6    5    4    3    1    2   12   57  173  368  616  549  359  200   36    2
11   13   12   11   10    9    8    7    6    5    4    3    3   12   49  172  344  592  555  368  205   48    2
11   13   12   11   10    9    8    7    6    5    4    3    3   11   43  162  326  571  549  391  200   66    3
11   13   12   11   10    9    8    7    6    5    4    3    3   11   38  145  308  538  561  402  222   66    6
11   13   12   11   10    9    8    7    6    5    4    3    2   10   32  140  296  516  551  408  237   69   14
12   13   12   11   10    9    8    7    6    5    4    3    2    1    9   29  130  279  498  549  415  241   81   17    1
12   13   12   11   10    9    8    7    6    5    4    3    2    1    9   28  119  258  464  555  427  252   93   18    1
12   13   12   11   10    9    8    7    6    5    4    3    2    1    7   26  108  239  453  530  443  266  104   22    1
12   13   12   11   10    9    8    7    6    5    4    3    2    1    7   21   99  216  438  532  443  277  115   25    1
12   13   12   11   10    9    8    7    6    5    4    3    2    1    6   20   88  201  417  524  452  290  117   32    2
12   13   12   11   10    9    8    7    6    5    4    3    2    1    4   16   76  197  394  515  447  305  134   34    2
11   12   11   10    9    8    7    6    5    4    3    2    3   15   67  189  370  505  446  313  153   36    3
11   12   11   10    9    8    7    6    5    4    3    2    3   14   60  173  356  479  469  316  156   46    3
11   12   11   10    9    8    7    6    5    4    3    2    3   12   51  161  353  459  460  327  164   57    3
11   12   11   10    9    8    7    6    5    4    3    2    3   11   42  150  323  452  460  344  174   59    7
11   12   11   10    9    8    7    6    5    4    3    2    3    9   38  133  305  438  472  344  188   62    8
12   12   11   10    9    8    7    6    5    4    3    2    1    2    8   38  120  277  424  474  364  188   69   10    1
12   12   11   10    9    8    7    6    5    4    3    2    1    2    6   35  115  255  407  485  355  198   80   11    1
12   12   11   10    9    8    7    6    5    4    3    2    1    2    5   32  108  234  392  482  362  206   87   13    2
12   12   11   10    9    8    7    6    5    4    3    2    1    2    5   27   99  205  388  473  379  210   95   15    2
12   12   11   10    9    8    7    6    5    4    3    2    1    2    4   22   86  196  373  455  392  222  103   18    2
12   12   11   10    9    8    7    6    5    4    3    2    1    1    4   21   76  180  366  439  392  238  108   23    2
12   12   11   10    9    8    7    6    5    4    3    2    1    1    4   17   74  164  337  445  392  243  121   25    2
12   12   11   10    9    8    7    6    5    4    3    2    1    1    3   16   64  159  315  422  408  249  132   29    2
11   11   10    9    8    7    6    5    4    3    2    1    4   14   58  161  296  409  401  254  142   33    3
11   11   10    9    8    7    6    5    4    3    2    1    4   11   53  149  280  393  414  262  142   39    3
11   11   10    9    8    7    6    5    4    3    2    1    4   10   44  127  270  372  431  277  142   45    3
11   11   10    9    8    7    6    5    4    3    2    1    3   11   35  125  254  357  424  295  143   50    3
11   11   10    9    8    7    6    5    4    3    2    1    2   10   33  107  248  347  417  292  162   53    4
11   11   10    9    8    7    6    5    4    3    2    1    2    8   30   98  231  337  415  296  167   61    5
11   11   10    9    8    7    6    5    4    3    2    1    2    7   25   89  217  323  404  310  175   68    5
11   11   10    9    8    7    6    5    4    3    2    1    2    7   20   84  202  319  386  310  191   68   11
11   11   10    9    8    7    6    5    4    3    2    1    2    6   18   74  183  308  388  302  208   73   13
11   11   10    9    8    7    6    5    4    3    2    1    2    6   15   70  165  297  384  311  203   80   17
10   10    9    8    7    6    5    4    3    2    1    5   13   65  150  280  382  305  216   89   19
10   10    9    8    7    6    5    4    3    2    1    5   12   58  143  267  365  318  213   98   19
10   10    9    8    7    6    5    4    3    2    1    5   12   50  142  251  343  319  225  106   20
10   10    9    8    7    6    5    4    3    2    1    3    9   47  131  226  334  326  233  116   23
10   10    9    8    7    6    5    4    3    2    1    2    9   41  124  210  318  333  236  125   23
10   10    9    8    7    6    5    4    3    2    1    2    8   34  120  198  304  330  239  133   27
10   10    9    8    7    6    5    4    3    2    1    2    8   31  106  184  295  339  232  141   31
10   10    9    8    7    6    5    4    3    2    1    2    6   30   94  173  284  334  237  151   33
10   10    9    8    7    6    5    4    3    2    1    2    6   26   76  168  269  330  250  153   39
10   10    9    8    7    6    5    4    3    2    1    2    6   21   71  157  260  322  253  154   44
10   10    9    8    7    6    5    4    3    2    1    2    5   20   70  141  238  321  261  157   50
10   10    9    8    7    6    5    4    3    2    1    2    4   18   52  129  233  308  276  163   53
10   10    9    8    7    6    5    4    3    2    1    2    2   15   49  119  223  303  275  166   57
10   10    9    8    7    6    5    4    3    2    1    2    2   12   43  107  208  301  275  171   62
10   10    9    8    7    6    5    4    3    2    1    2    2   12   33  104  190  292  276  177   69
10   10    9    8    7    6    5    4    3    2    1    1    3   10   31   95  175  277  273  191   74
10   10    9    8    7    6    5    4    3    2    1    1    3    8   30   86  167  249  283  192   73
10   10    9    8    7    6    5    4    3    2    1    1    2    8   30   78  158  238  277  197   73
10   10    9    8    7    6    5    4    3    2    1    1    2    5   29   72  136  234  273  204   80
 9    9    8    7    6    5    4    3    2    1    3    5   24   65  134  223  262  202   85
 9    9    8    7    6    5    4    3    2    1    1    5   18   60  127  212  251  199   99
 8    8    7    6    5    4    3    2    1    5   14   55  110  209  246  202   98
 8    8    7    6    5    4    3    2    1    2   14   46  110  198  231  209   99
 8    8    7    6    5    4    3    2    1    2   14   42   94  192  233  204   99
 8    8    7    6    5    4    3    2    1    1   13   37   82  175  230  207  105
 7    7    6    5    4    3    2    1   10   28   78  172  207  208  107
 7    7    6    5    4    3    2    1    8   27   64  158  203  212  111
 7    7    6    5    4    3    2    1    4   23   60  147  200  202  108
 7    7    6    5    4    3    2    1    4   18   56  135  193  196  103
 7    7    6    5    4    3    2    1    2   13   36   90  119  129   73
 7    7    6    5    4    3    2    1    2   10   31   88  117  128   68
 7    7    6    5    4    3    2    1    2    8   27   75  109  109   62
 7    7    6    5    4    3    2    1    2    6   15   39   76   74   35
 7    7    6    5    4    3    2    1    1    7   10   21   57   53   34
 7    7    6    5    4    3    2    1    1    7    9   21   58   50   34
 7    7    6    5    4    3    2    1    1    5    7   17   45   35   25
 7    7    6    5    4    3    2    1    1    5    6   17   40   32   23
 7    7    6    5    4    3    2    1    1    1    8   10   29   30   20
 6    7    5    4    3    2    1    1    6   10   26   30   23
 6    6    5    4    3    2    1    1    5    9   17   31   22
 6    6    5    4    3    2    1    1    3    8   11   26   16
 6    6    5    4    3    2    1    1    2    6    9   24   15
 6    6    5    4    3    2    1    1    2    6    9   24   15
 6    6    5    4    3    2    1    1    2    6    8   19   14
 6    6    5    4    3    2    1    1    2    6    8   19   14
 5    5    4    3    2    1    1    8    6   18   15
 5    5    4    3    2    1    1    7    7   18   14
 5    5    4    3    2    1    1    6    7   16   14
 5    5    4    3    2    1    1    5    8   15   13
 4    4    3    2    1    5    4   11   10
 4    4    3    2    1    4    2    5    6
 4    4    3    2    1    2    1    3    7
 4    4    3    2    1    1    1    2    5
 4    4    3    2    1    1    1    2    5
 3    3    2    1    1    1    3
 2    2    1    3    2
 2    2    1    3    2
 2    2    1    1    2
