# n  list(x)  list(y)
17   21   19   18   17   16   15   14   13   12   11   10    9    8    7    6    5    4    1    3    2    2    8    9   27   56   86  115  191  283  446  481  648  138    4
17   21   19   18   17   16   15   14   13   12   11   10    9    8    7    6    5    4    1    3    2    2    7   10   26   51   84  107  187  283  436  460  631  169   16
17   21   19   18   17   16   15   14   13   12   11   10    9    8    7    6    5    4    1    2    2    2    7    9   19   49   76  103  184  265  434  458  624  193   22
18   21   19   18   17   16   15   14   13   12   11   10    9    8    7    6    5    4    3    1    2    2    1    8    7   16   44   80   87  190  251  415  454  615  209   41    2
18   21   19   18   17   16   15   14   13   12   11   10    9    8    7    6    5    4    3    1    1    2    1    8    6   14   42   66   93  170  243  409  452  604  239   47    2
17   21   18   17   16   15   14   13   12   11   10    9    8    7    6    5    4    3    1    2    1    8    4   15   38   65   82  169  232  397  446  598  255   59    3
17   20   18   17   16   15   14   13   12   11   10    9    8    7    6    5    4    3    1    1    1    9    4   14   29   65   79  159  225  381  440  597  270   71    4
16   20   18   16   15   14   13   12   11   10    9    8    7    6    5    4    3    1    1   10    4   10   31   61   75  154  209  370  431  587  289   85    7
16   20   18   16   15   14   13   12   11   10    9    8    7    6    5    4    3    1    1    9    5    9   27   55   74  149  199  360  423  568  315   92   13
17   20   18   16   15   14   13   12   11   10    9    8    7    6    5    4    3    2    1    1    5    6    9   22   54   66  150  191  336  438  548  324  108   15    1
17   19   18   16   15   14   13   12   11   10    9    8    7    6    5    4    3    2    1    1    5    6    8   21   51   61  137  184  325  435  526  347  124   17    1
17   19   18   16   15   14   13   12   11   10    9    8    7    6    5    4    3    2    1    1    5    4    7   21   44   65  127  165  319  425  524  362  130   23    2
17   19   18   16   15   14   13   12   11   10    9    8    7    6    5    4    3    2    1    1    4    5    6   22   41   61  118  166  299  407  517  383  142   25    2
17   19   17   16   15   14   13   12   11   10    9    8    7    6    5    4    3    2    1    1    4    3    5   23   37   58  112  156  296  385  514  392  157   29    2
17   19   17   16   15   14   13   12   11   10    9    8    7    6    5    4    3    2    1    1    2    4    4   25   31   56  102  156  283  383  494  397  174   35    2
17   19   17   16   15   14   13   12   11   10    9    8    7    6    5    4    3    2    1    1    1    4    5   20   28   55   96  151  268  369  478  411  195   38    4
17   19   17   16   15   14   13   12   11   10    9    8    7    6    5    4    3    2    1    1    1    4    5   16   28   52   89  139  256  357  475  415  212   45    4
17   19   17   16   15   14   13   12   11   10    9    8    7    6    5    4    3    2    1    1    1    4    4   13   30   47   86  135  238  354  471  410  221   51    8
17   19   17   15   14   13   12   11   10    9    8    7    6    5    4    3    2    1    1    1    5    4   10   32   40   77  130  232  342  456  427  222   61    9    1
17   19   17   15   14   13   12   11   10    9    8    7    6    5    4    3    2    1    1    1    4    4    8   32   38   73  122  214  338  446  430  232   70   10    2
16   19   17   14   13   12   11   10    9    8    7    6    5    4    3    2    1    1    1    5   11   28   33   73  116  201  322  442  436  242   75   11    3
16   19   17   14   13   12   11   10    9    8    7    6    5    4    3    2    1    1    1    4   11   24   32   64  111  202  311  422  446  244   88   11    3
16   19   17   14   13   12   11   10    9    8    7    6    5    4    3    2    1    1    1    2   12   25   26   61  109  191  310  404  449  243  100   14    2
15   18   17   13   12   11   10    9    8    7    6    5    4    3    2    1    1    1   12   25   26   52  103  180  300  388  462  244  111   18    1
15   18   16   13   12   11   10    9    8    7    6    5    4    3    2    1    1    1   11   22   29   46   98  177  275  392  461  246  118   20    2
15   18   15   13   12   11   10    9    8    7    6    5    4    3    2    1    1    1    6   24   28   43   91  165  267  379  464  253  127   21    4
15   18   15   13   12   11   10    9    8    7    6    5    4    3    2    1    1    1    6   22   26   35   92  155  252  365  459  269  133   28    5
15   18   14   13   12   11   10    9    8    7    6    5    4    3    2    1    1    1    6   20   22   34   88  148  245  345  444  289  142   34    5
14   17   13   12   11   10    9    8    7    6    5    4    3    2    1    1    7   16   20   37   75  143  240  337  437  295  148   37    6
14   17   13   12   11   10    9    8    7    6    5    4    3    2    1    1    4   15   17   33   76  134  220  329  438  307  149   44    7
14   17   13   12   11   10    9    8    7    6    5    4    3    2    1    1    4   12   19   29   66  125  206  323  435  311  161   49    8
14   17   13   12   11   10    9    8    7    6    5    4    3    2    1    1    1   14   19   23   58  126  200  304  425  320  173   53    7
13   13   12   11   10    9    8    7    6    5    4    3    2    1    1   14   14   24   54  124  183  300  417  325  174   62    7
13   13   12   11   10    9    8    7    6    5    4    3    2    1    1   12   16   21   52  111  180  286  405  333  182   63   12
12   12   11   10    9    8    7    6    5    4    3    2    1   12   14   21   46  104  166  285  391  335  188   72   15
12   12   11   10    9    8    7    6    5    4    3    2    1   11   14   17   41  100  155  271  386  335  196   82   16
12   12   11   10    9    8    7    6    5    4    3    2    1    9   14   16   37   86  151  258  373  335  220   81   19
12   12   11   10    9    8    7    6    5    4    3    2    1    7   12   17   34   79  141  247  358  335  227   95   22
12   12   11   10    9    8    7    6    5    4    3    2    1    7   10   15   32   73  129  233  348  343  232   98   29
12   12   11   10    9    8    7    6    5    4    3    2    1    7    8   15   32   58  121  226  347  340  238  102   30
12   12   11   10    9    8    7    6    5    4    3    2    1    4   10   11   30   52  116  212  344  338  245  104   33
12   12   11   10    9    8    7    6    5    4    3    2    1    3   10    8   30   47  106  198  333  341  244  114   39
12   12   11   10    9    8    7    6    5    4    3    2    1    2    8    9   24   46  100  183  325  336  250  121   43
12   12   11   10    9    8    7    6    5    4    3    2    1    2    8    9   18   45   87  171  319  340  245  129   45
12   12   11   10    9    8    7    6    5    4    3    2    1    2    6    6   17   42   82  161  301  332  254  140   50
12   12   11   10    9    8    7    6    5    4    3    2    1    1    4    6   14   39   69  157  285  332  257  154   51
12   12   11   10    9    8    7    6    5    4    3    2    1    1    3    6   13   34   67  145  272  326  259  156   62
11   11   10    9    8    7    6    5    4    3    2    1    4    4    9   32   65  132  268  307  268  162   62
11   11   10    9    8    7    6    5    4    3    2    1    3    5    7   28   62  130  249  306  265  167   66
11   11   10    9    8    7    6    5    4    3    2    1    2    6    4   28   57  120  223  306  272  169   70
11   11   10    9    8    7    6    5    4    3    2    1    2    6    4   25   50  110  203  300  288  162   81
11   11   10    9    8    7    6    5    4    3    2    1    1    7    3   18   49   96  205  295  287  159   83
11   11   10    9    8    7    6    5    4    3    2    1    1    6    3   17   46   90  197  286  281  160   90
11   11   10    9    8    7    6    5    4    3    2    1    1    5    3   17   35   93  185  260  288  173   90
11   11   10    9    8    7    6    5    4    3    2    1    1    2    5   17   28   84  173  246  299  177   94
11   11   10    9    8    7    6    5    4    3    2    1    1    1    4   15   26   79  156  238  292  189   99
10   11    9    8    7    6    5    4    3    2    1    1    4   16   23   68  146  235  283  195  101
10   10    9    8    7    6    5    4    3    2    1    1    3   17   21   60  143  215  277  201  104
10   10    9    8    7    6    5    4    3    2    1    1    3   11   26   52  128  215  261  212  108
10   10    9    8    7    6    5    4    3    2    1    1    3    8   24   48  118  212  248  214  109
10   10    9    8    7    6    5    4    3    2    1    1    3    8   22   47  107  199  238  215  110
 9    9    8    7    6    5    4    3    2    1    4    7   20   41   98  184  243  206  121
 9    9    8    7    6    5    4    3    2    1    3    7   17   44   91  167  242  195  119
 9    9    8    7    6    5    4    3    2    1    2    7   13   38   82  166  229  197  118
 9    9    8    7    6    5    4    3    2    1    1    6   13   34   71  160  220  197  121
 9    9    8    7    6    5    4    3    2    1    1    6   12   32   60  148  206  194  127
 9    9    8    7    6    5    4    3    2    1    1    5   11   27   50  139  204  194  126
 9    9    8    7    6    5    4    3    2    1    1    5    8   25   46  122  188  190  113
 8    8    7    6    5    4    3    2    1    5    4   26   37  103  162  155  105
 8    8    7    6    5    4    3    2    1    3    4   18   40   89  155  155  111
 8    8    7    6    5    4    3    2    1    3    3   13   37   77  140  144   94
 8    8    7    6    5    4    3    2    1    2    2   12   33   65  131  139  100
 8    8    7    6    5    4    3    2    1    1    2   11   32   55  115  123   91
 8    8    7    6    5    4    3    2    1    1    2   10   29   52  107  116   90
 8    8    7    6    5    4    3    2    1    1    1    7   19   46  104  106   84
 8    8    7    6    5    4    3    2    1    1    1    6   14   40   94   96   79
 8    8    7    6    5    4    3    2    1    1    1    2    6   32   76   74   63
 8    8    7    6    5    4    3    2    1    1    1    1    7   30   71   68   63
 7    8    7    5    4    3    2    1    1    1    6   21   42   47   35
 6    7    5    4    3    2    1    1    6   14   39   35   26
 6    6    5    4    3    2    1    1    4    7   24   22   16
 6    6    5    4    3    2    1    1    3    5   13   26   12
 6    6    5    4    3    2    1    1    2    4    9   21   11
 5    6    4    3    2    1    1    6    8   21   10
 5    6    4    3    2    1    1    5    9   19   11
 5    6    4    3    2    1    1    3    5    9    7
 5    5    4    3    2    1    1    3    5    8    6
 4    4    3    2    1    1    2    3    6
 3    3    2    1    3    3    5
 3    3    2    1    2    3    4
 3    3    2    1    2    2    4
 3    3    2    1    2    2    4
 3    3    2    1    1    3    3
 2    2    1    3    2
 2    2    1    3    2
 2    2    1    3    2
 2    2    1    3    2
 2    2    1    3    2
