# n  list(x)  list(y)
19    4    5    6    7    8    9   10   11   12   13   14   15   16   17   18   19   20   21   23    4  118  702  537  403  250  151  125   85   45   26   23    8   10    3    6    2    1    1
13    4    5    6    7    8    9   10   11   12   13   14   15   16   10  181  714  545  377  224  147  120   75   37   20   21    4
12    3    4    5    6    7    8    9   10   11   12   13   14    2   24  252  706  541  341  214  135  119   67   34   15
11    3    4    5    6    7    8    9   10   11   12   13    4   37  309  710  534  294  215  147  101   57   17
10    3    4    5    6    7    8    9   10   11   12    5   59  373  690  515  283  201  144   90   40
10    3    4    5    6    7    8    9   10   11   12    9   82  415  687  496  275  192  128   80   11
 9    3    4    5    6    7    8    9   10   11   13  110  446  699  466  261  185  112   58
10    2    3    4    5    6    7    8    9   10   11    2   18  137  478  692  455  246  174   94   29
 9    2    3    4    5    6    7    8    9   10    2   23  178  508  672  438  229  173   77
 9    2    3    4    5    6    7    8    9   10    5   29  214  530  665  409  229  146   48
 9    2    3    4    5    6    7    8    9   10    5   37  241  568  644  395  221  130    9
 8    2    3    4    5    6    7    8    9    6   56  273  588  619  373  209  101
 8    2    3    4    5    6    7    8    9    8   72  299  607  612  350  185   67
 8    2    3    4    5    6    7    8    9   10   91  321  619  608  336  164   26
 7    2    3    4    5    6    7    8   12  111  356  635  579  308  149
 8    1    2    3    4    5    6    7    8    1   16  138  382  643  545  282  118
 8    1    2    3    4    5    6    7    8    1   22  152  415  648  530  259   73
 8    1    2    3    4    5    6    7    8    1   25  174  442  665  498  236   34
 8    1    2    3    4    5    6    7    8    1   29  195  487  658  466  212    2
 7    1    2    3    4    5    6    7    2   40  207  527  652  426  171
 7    1    2    3    4    5    6    7    4   48  239  538  655  382  134
 7    1    2    3    4    5    6    7    4   65  260  558  648  342   98
 7    1    2    3    4    5    6    7    5   83  274  586  628  321   53
 7    1    2    3    4    5    6    7    7   92  309  601  608  294   14
 6    1    2    3    4    5    6    9  111  332  619  579  250
 6    1    2    3    4    5    6   12  128  353  642  531  208
 6    1    2    3    4    5    6   15  149  380  647  491  167
 6    1    2    3    4    5    6   18  165  416  647  454  124
 6    1    2    3    4    5    6   33  177  431  655  420   83
 6    1    2    3    4    5    6   36  202  457  650  387   42
 6    1    2    3    4    5    6   39  228  481  649  348    4
 5    1    2    3    4    5   45  262  503  606  308
 5    1    2    3    4    5   62  271  531  562  269
 5    1    2    3    4    5   73  299  527  535  228
 5    1    2    3    4    5   89  317  545  501  184
 5    1    2    3    4    5  104  338  553  472  141
 5    1    2    3    4    5  117  354  563  442  100
 5    1    2    3    4    5  126  391  563  415   55
 5    1    2    3    4    5  141  405  579  373   20
 4    1    2    3    4  155  426  569  335
 4    1    2    3    4  160  433  526  299
 4    1    2    3    4  145  409  483  257
 4    1    2    3    4  149  409  451  218
 4    1    2    3    4  148  410  406  180
 4    1    2    3    4  143  409  365  144
 4    1    2    3    4  150  404  332  106
 4    1    2    3    4  131  303  267   66
 4    1    2    3    4  111  267  187    7
 3    1    2    3  112  254  170
 3    1    2    3  100  226  144
 3    1    2    3   86  184  120
 3    1    2    3   73  157   99
 3    1    2    3   40  110   60
 3    1    2    3   29   83   43
 3    1    2    3    9   39   11
 3    1    2    3    6   10    4
 2    1    2    2   10
 2    1    2    2   10
 2    1    2    2   10
 2    1    2    2   10
 2    1    2    2   10
 2    1    2    2    7
 2    1    2    2    6
 2    1    2    2    4
