#n_nodes  m_edges  aspl  diameter  acluster  assort    n_conn  n_comp  o_largestc
2500  8488    17.410264906  49   0.23299047619    0.110649385342  3   1  2500
2475  8328   17.4398670619  49  0.232588103255    0.115436613058  3   1  2475
2450  8162   17.4897815852  49   0.23262941367    0.113691532639  3   1  2450
2425  7988   17.5313827362  49  0.232966781214    0.110179728671  3   1  2425
2400  7823   17.5565919828  49  0.232821097884    0.117857264281  3   1  2400
2375  7652   17.5955049882  49  0.232420384294    0.119254380576  2   1  2375
2350  7482   17.6283311142  49  0.232648429585    0.131436361246  2   1  2350
2325  7321   17.6885092444  50  0.232663935825    0.128692639727  2   1  2325
2300  7161   17.7267409271  50  0.232199792961    0.139896190688  2   1  2300
2275  7001   17.7893689775  50  0.231798011512    0.144537319295  2   1  2275
2250  6848   17.8147482832  50  0.230882892416     0.14938198698  2   1  2250
2225  6698    17.848504163  50  0.231555198859    0.151322475821  2   1  2225
2200  6553   17.8715585597  50  0.231576118326     0.15705179285  2   1  2200
2175  6404   17.9793462974  50  0.231546068236    0.143015207252  2   1  2175
2150  6260   18.0700933912  50  0.233299741602    0.147402675121  2   1  2150
2125  6108   18.0920026587  50  0.233411764706    0.157281831048  2   1  2125
2100  5973   18.1562753239  51  0.233470143613    0.172791812657  2   1  2100
2075  5839    18.234958116  51  0.232833046472    0.168202073005  2   1  2075
2050  5703   18.2940989656  51  0.232958188153    0.168666046026  1   1  2050
2025  5561   18.3366876494  51  0.232689006467    0.168604873206  1   1  2025
2000  5423   18.3743951976  51  0.231148412698    0.176006864669  1   1  2000
1975  5294   18.4105210778  51   0.23225758489    0.174999842304  1   1  1975
1950  5154   18.4685227138  51  0.231410663411    0.171484002961  1   1  1950
1925  5020   18.5264697465  51   0.23021603793    0.180768646352  1   1  1925
1900  4880   18.6199467864  51  0.229201754386    0.162005837265  1   1  1900
1875  4757   18.7173680541  51  0.229923386243    0.157085049848  1   1  1875
1850  4629   18.7858219929  51  0.229983268983    0.161705907131  1   1  1850
1825  4499   18.9199164864  52  0.231666014351    0.167418048629  1   1  1825
1800  4389   19.0007325057  52  0.231862433862    0.179853017151  1   1  1800
1775  4259   19.1251961827  52   0.23118175721    0.185334365943  1   1  1775
1750  4134    19.212281957  52  0.230189569161    0.187885431156  1   1  1750
1725  4011   19.3221738644  52  0.228490406217    0.187157857344  1   2  1724
1700  3894   19.3946768382  52  0.230491792558    0.187887089504  1   2  1699
1675  3778   19.5052186857  52  0.230850861963    0.182593718139  1   3  1673
1650  3675   19.7732133464  52  0.229773710739     0.19333041704  1   4  1647
1625  3569   19.9046751522  53  0.228782318517    0.193838255381  1   4  1622
1600  3453   20.0787661075  53  0.230194511535     0.18356351585  1   4  1597
1575  3350   20.1926875251  54  0.229402968486     0.18873045557  1   5  1571
1550  3242   20.3088502104  54  0.230663687266     0.19992720013  1   6  1545
1525  3128   20.4944007438  54  0.228796618494     0.20227774147  1   7  1519
1500  3022   20.6306027862  54  0.226473619345    0.201238805107  1   7  1494
1475  2922   20.8455884128  54  0.227648566238     0.20372105161  1   8  1468
1450  2820   21.1492915799  55  0.224627408215    0.208601516433  1  10  1441
1425  2719    21.332649277  55  0.221714622245    0.212577851204  1  11  1415
1400  2628   21.5518752766  55  0.219917318512    0.212858299978  1  12  1388
1375  2553   21.6124847509  55  0.219314690686    0.201739376665  1  11  1364
1350  2463   21.7162239853  57  0.216599096696    0.205886306621  1  11  1339
1325  2364    21.696690999  55  0.217262382098    0.192734442175  1  13  1247
1300  2286   21.9713193091  56  0.214565711153    0.182837595249  1  17  1216
1275  2195   22.4167770388  59  0.211410564226    0.185721891584  1  18  1190
1250  2119   23.4821415995  61  0.211910877365    0.180903207791  1  17  1168
1225  2018   23.7631126529  62  0.202976190476    0.174823654028  1  18  1144
1200  1936   25.1558722641  63    0.2075329326     0.17472984439  1  20  1117
1175  1853   26.0374896697  63  0.206314416177    0.144817347642  1  23  1095
1150  1771   27.7217478889  67  0.205511171293    0.149307803099  1  24  1055
1125  1689   29.1205710358  70  0.199838344649    0.141505834751  1  23  1031
1100  1611   29.8457636008  71   0.18862134782    0.138604196604  1  29   973
1075  1541   32.9849475891  75  0.192040589821    0.130632090762  1  34   901
1050  1471   46.6566431678 132  0.196471434102    0.136855416823  1  39   861
1025  1398   42.6523295753 116  0.193450614667    0.150030260104  1  50   674
1000  1337   42.7033839136 116   0.18412456446    0.164135897951  1  53   656
 975  1275     25.91460752  67  0.186956521739    0.178820535333  1  56   437
 950  1204   14.3323978653  38  0.172248803828    0.185472877389  1  65   209
 925  1136    10.257017281  26  0.160798122066    0.168362995394  1  81   142
 900  1091   10.1455622554  26   0.17270531401    0.156316980233  1  90   138
 875  1031   10.1349557522  26  0.182595870206    0.197352934112  1 100   113
 850   977   10.1985257985  26  0.165165165165    0.225358273085  1 105   111
 825   925   6.94889190412  17  0.162189054726    0.344386271088  1 113    67
 800   883   6.94889190412  17  0.162189054726    0.344386271088  1 116    67
 775   834   6.94889190412  17  0.162189054726    0.344386271088  1 127    67
 750   772   6.95462794918  17  0.129885057471     0.15813270035  1 137    58
 725   719   6.06292517007  14  0.134693877551     0.14381270903  1 146    49
 700   668   6.15924426451  15  0.103418803419    0.243637880684  1 157    39
 675   622   6.15924426451  15  0.103418803419    0.243637880684  1 165    39
 650   574   6.12517780939  15  0.128070175439    0.164158686731  1 169    38
 625   538   6.13174603175  14 0.0972222222222    0.125074805506  1 176    36
 600   495   6.13174603175  14 0.0972222222222    0.125074805506  1 185    36
 575   450   4.77339901478  12   0.13908045977   0.0145867098865  1 194    29
 550   417   4.77339901478  12   0.13908045977   0.0145867098865  1 199    29
 525   371   4.33538461538  11  0.155128205128   0.0514905149051  1 210    26
 500   335   3.30065359477   8  0.259259259259    0.194899817851  1 211    18
 475   295   3.36029411765   8  0.186274509804    0.394736842105  1 218    17
 450   261   3.36029411765   8  0.186274509804    0.394736842105  1 218    17
 425   233   1.77777777778   3  0.385185185185   -0.259259259259  1 216     9
 400   207             3.0   7             0.0   -0.333333333333  1 213     9
 375   189             3.0   7             0.0   -0.333333333333  1 201     9
 350   163             3.0   7             0.0   -0.333333333333  1 198     9
 325   135             3.0   7             0.0   -0.333333333333  1 196     9
 300   118             3.0   7             0.0   -0.333333333333  1 188     9
 275   103   2.06666666667   4  0.388888888889  -0.0909090909091  1 178     6
 250    82   2.06666666667   4  0.388888888889  -0.0909090909091  1 171     6
 225    65   2.06666666667   4  0.388888888889  -0.0909090909091  1 162     6
 200    50   2.06666666667   4  0.388888888889  -0.0909090909091  1 152     6
 175    30   2.06666666667   4  0.388888888889  -0.0909090909091  1 146     6
 150    26   2.06666666667   4  0.388888888889  -0.0909090909091  1 125     6
 125    21             1.5   2             0.0              -1.0  1 104     4
 100    16             1.5   2             0.0              -1.0  1  84     4
  75     9   1.33333333333   2             0.0              -1.0  1  66     3
  50     4             1.0   1             0.0                na  1  46     2
  25     1             1.0   1             0.0                na  1  24     2
   1     0               0   0             0.0                na  0   1     1
