# n  list(x)  list(y)
 8    3    4    5    6    7    8    9   10    1   43  210  651  977  562   50    6
 8    3    4    5    6    7    8    9   10    2   50  237  661  957  518   44    6
 8    3    4    5    6    7    8    9   10    4   59  266  674  928  471   42    6
 8    3    4    5    6    7    8    9   10    5   72  299  683  895  429   37    5
 8    3    4    5    6    7    8    9   10    6   86  328  700  838  404   34    4
 9    2    3    4    5    6    7    8    9   10    1   16   93  349  714  797  374   28    3
 9    2    3    4    5    6    7    8    9   10    1   23  104  375  726  753  340   25    3
 9    2    3    4    5    6    7    8    9   10    1   25  115  399  741  716  303   22    3
 9    2    3    4    5    6    7    8    9   10    1   31  133  425  718  697  275   17    3
 9    2    3    4    5    6    7    8    9   10    1   34  158  433  722  667  242   16    2
 9    2    3    4    5    6    7    8    9   10    2   43  167  458  713  628  222   15    2
 9    2    3    4    5    6    7    8    9   10    5   45  188  478  696  590  206   15    2
 9    2    3    4    5    6    7    8    9   10    7   44  211  493  688  550  192   13    2
 9    2    3    4    5    6    7    8    9   10    9   50  226  508  676  522  172   10    2
 9    2    3    4    5    6    7    8    9   10   10   58  246  526  640  501  158    9    2
 9    2    3    4    5    6    7    8    9   10   13   70  265  535  617  469  146    8    2
 9    2    3    4    5    6    7    8    9   10   16   72  289  538  601  437  137    9    1
 9    2    3    4    5    6    7    8    9   10   17   73  309  538  605  405  119    8    1
10    1    2    3    4    5    6    7    8    9   10    2   18   85  321  544  582  377  112    8    1
10    1    2    3    4    5    6    7    8    9   10    2   22  102  327  552  555  358   98    8    1
 9    1    2    3    4    5    6    7    8    9    4   25  112  336  557  529  351   78    8
 9    1    2    3    4    5    6    7    8    9    4   29  129  344  553  501  336   71    8
 9    1    2    3    4    5    6    7    8    9    5   31  135  377  543  477  312   63    7
 9    1    2    3    4    5    6    7    8    9    5   39  152  377  544  455  287   60    6
 9    1    2    3    4    5    6    7    8    9    7   41  167  386  537  452  256   49    5
 9    1    2    3    4    5    6    7    8    9    7   44  184  380  545  437  228   46    4
 9    1    2    3    4    5    6    7    8    9   10   47  196  389  536  420  209   40    3
 9    1    2    3    4    5    6    7    8    9   10   58  203  399  537  388  189   38    3
 9    1    2    3    4    5    6    7    8    9    9   62  216  407  522  372  172   37    3
 9    1    2    3    4    5    6    7    8    9   12   64  227  429  500  357  152   31    3
 9    1    2    3    4    5    6    7    8    9   14   71  229  455  479  337  134   29    2
 9    1    2    3    4    5    6    7    8    9   14   76  248  455  474  306  124   25    2
 9    1    2    3    4    5    6    7    8    9   16   78  273  447  462  285  117   19    2
 9    1    2    3    4    5    6    7    8    9   18   91  277  446  447  269  109   15    1
 9    1    2    3    4    5    6    7    8    9   19   92  288  452  432  249  100   14    1
 9    1    2    3    4    5    6    7    8    9   23  108  289  443  417  235   92   14    1
 9    1    2    3    4    5    6    7    8    9   27  113  305  442  398  218   81   12    1
 9    1    2    3    4    5    6    7    8    9   29  129  305  431  383  212   70   11    1
 9    1    2    3    4    5    6    7    8    9   33  143  311  419  365  199   64   10    1
 9    1    2    3    4    5    6    7    8    9   38  160  312  410  352  178   59    9    1
 9    1    2    3    4    5    6    7    8    9   42  162  331  408  323  167   53    7    1
 8    1    2    3    4    5    6    7    8   44  171  334  411  299  153   49    7
 8    1    2    3    4    5    6    7    8   50  177  345  391  288  140   43    7
 8    1    2    3    4    5    6    7    8   55  194  339  378  279  124   41    5
 8    1    2    3    4    5    6    7    8   61  197  344  364  268  112   37    5
 8    1    2    3    4    5    6    7    8   64  202  339  360  257  104   34    4
 8    1    2    3    4    5    6    7    8   68  214  341  345  236  104   27    4
 8    1    2    3    4    5    6    7    8   66  197  334  323  208   93   22    4
 8    1    2    3    4    5    6    7    8   69  191  335  317  195   89   17    3
 8    1    2    3    4    5    6    7    8   76  194  339  308  174   83   13    3
 8    1    2    3    4    5    6    7    8   84  201  335  287  172   73   13    3
 8    1    2    3    4    5    6    7    8   92  206  349  263  159   62   12    1
 7    1    2    3    4    5    6    7   92  214  351  248  146   55   11
 7    1    2    3    4    5    6    7   92  226  352  236  136   47    6
 7    1    2    3    4    5    6    7   98  232  340  219  118   42    6
 7    1    2    3    4    5    6    7  107  248  316  216  105   35    4
 7    1    2    3    4    5    6    7  107  250  288  194  102   29    3
 7    1    2    3    4    5    6    7  112  240  257  172   92   25    3
 7    1    2    3    4    5    6    7  112  242  242  158   81   23    3
 7    1    2    3    4    5    6    7   89  195  191  116   58   23    2
 7    1    2    3    4    5    6    7   87  206  174  112   55   20    2
 6    1    2    3    4    5    6   62  126  102   88   44   15
 6    1    2    3    4    5    6   29   56   48   47   23    6
 6    1    2    3    4    5    6   21   40   36   26   15    4
 6    1    2    3    4    5    6   19   40   36   24   15    4
 6    1    2    3    4    5    6   16   33   29   20   13    2
 6    1    2    3    4    5    6   18   31   32   16   12    2
 6    1    2    3    4    5    6    9   19   21    6   10    2
 6    1    2    3    4    5    6    9   19   21    6   10    2
 6    1    2    3    4    5    6    9   19   21    6   10    2
 6    1    2    3    4    5    6    9   21   17    6    4    1
 6    1    2    3    4    5    6    7   17   18    3    3    1
 5    1    2    3    4    5    8   11   13    6    1
 5    1    2    3    4    5    8   11   13    6    1
 5    1    2    3    4    5    8   11   13    5    1
 4    1    2    3    4    9   10   11    6
 4    1    2    3    4    9   10   11    6
 5    1    2    3    4    5    6   10    3    9    1
 5    1    2    3    4    5    6   10    3    9    1
 5    1    2    3    4    5    5    8    4    8    1
 4    1    2    3    4    2    5    4    7
 4    1    2    3    4    2    6    4    5
 4    1    2    3    4    2    6    4    5
 5    1    2    3    4    5    1    1    4    2    1
 3    1    2    3    3    5    1
 3    1    2    3    3    5    1
 3    1    2    3    3    5    1
 3    1    2    3    3    5    1
 3    1    2    3    3    5    1
 3    1    2    3    1    4    1
 3    1    2    3    1    4    1
 3    1    2    3    1    4    1
 3    1    2    3    1    4    1
 3    1    2    3    1    4    1
 3    1    2    3    1    4    1
 2    1    3    3    1
 2    1    3    3    1
 2    1    2    2    1
