# n  list(x)  list(y)
41   51   49   48   46   45   41   39   38   37   36   35   34   33   31   30   29   28   27   26   25   24   23   22   21   20   19   18   17   16   15   14   13   12   11   10    9    8    7    6    5    4    2    1    1    3    1    1    1    2    2    1    3    3    1    3    1    3    2    6    5    7    7    1    5    4   13    7   13   15   18   23   22   53   43   64   81   96  159  322 1341  160    4
41   51   49   48   46   45   41   39   38   37   36   35   34   33   31   30   29   28   27   26   25   24   23   22   21   20   19   18   17   16   15   14   13   12   11   10    9    8    7    6    5    4    2    1    1    2    2    1    1    1    1    2    1    5    2    2    2    2    2    6    4    4    9    2    3    6   11    9    8   17   20   19   24   50   43   64   75   95  157  310 1258  235   16
41   51   49   48   46   45   43   41   39   37   36   35   34   33   30   29   28   27   26   25   24   23   22   21   20   19   18   17   16   15   14   13   12   11   10    9    8    7    6    5    4    3    2    1    1    1    1    1    1    1    1    2    2    4    3    4    1    2    3    6    4   10    2    3    6   11    6   11   17   14   20   25   43   46   62   68   96  163  290 1186  300   29    1
41   51   49   47   44   43   40   38   37   36   35   34   33   32   30   29   28   27   26   25   24   23   22   21   20   19   18   17   16   15   14   13   12   11   10    9    8    7    6    5    4    3    2    1    1    1    1    1    1    1    1    3    1    5    1    4    1    2    2    5    4    8    6    2    6   10    6   11   13   18   18   22   40   49   63   64   92  158  280 1112  359   48    2
42   51   50   49   46   43   42   39   38   37   36   35   34   33   32   30   29   28   27   26   25   24   23   22   21   20   19   18   17   16   15   14   13   12   11   10    9    8    7    6    5    4    3    1    1    1    1    1    1    1    1    1    1    1    3    3    3    2    2    2    3    3    5    7    6    3    5    7    8   10   12   17   20   23   36   47   64   61   88  149  271 1063  394   69    3
39   51   49   46   43   41   38   37   35   34   33   32   31   30   28   27   26   25   24   23   22   21   20   19   18   17   16   15   14   13   12   11   10    9    8    7    6    5    4    3    1    1    1    1    1    2    1    2    1    4    3    1    2    3    3    4    3    8    3    6    6    4   10   10   10   16   19   22   39   43   64   62   85  144  260 1007  422   95    6
39   51   47   46   43   41   38   37   35   34   33   32   31   30   28   27   26   25   24   23   22   21   20   19   18   17   16   15   14   13   12   11   10    9    8    7    6    5    4    3    1    1    1    1    1    1    2    1    2    2    5    1    2    2    3    4    3    4    5    6    5    5   10   10   10   16   13   26   37   45   59   58   84  140  239  953  469  114    9
37   50   47   46   43   41   37   34   33   32   31   30   28   27   26   25   24   23   22   21   20   19   18   17   16   15   14   13   12   11   10    9    8    7    6    5    4    3    1    1    1    1    1    3    1    3    6    1    2    2    3    3    3    5    4    7    4    6   10    7    9   15   15   27   32   45   61   51   83  130  241  905  489  135   12
38   49   47   46   42   41   37   34   33   32   31   30   29   28   27   26   25   24   23   22   21   20   19   18   17   16   15   14   13   12   11   10    9    8    7    6    5    4    3    1    1    1    1    1    3    1    2    4    4    1    1    1    3    4    2    5    4    4    4    8    9    6   10   13   15   26   30   44   58   53   80  117  241  847  529  148   18
37   48   47   46   42   41   37   32   31   30   29   28   27   26   25   24   23   22   21   20   19   18   17   16   15   14   13   12   11   10    9    8    7    6    5    4    3    2    1    1    1    1    1    3    7    3    2    1    1    3    4    2    4    4    4    5    7   10    5    9   12   14   27   29   39   55   59   72  110  231  809  543  173   22    1
36   47   46   44   41   37   32   31   30   29   28   27   26   25   24   23   22   21   20   19   18   17   16   15   14   13   12   11   10    9    8    7    6    5    4    3    2    1    1    1    1    3    4    5    2    2    1    2    2    5    3    5    3    5    4    9    6    8   10   15   22   29   36   54   61   75   97  220  768  556  198   35    1
37   47   46   44   41   37   36   32   31   30   29   28   27   26   25   24   23   22   21   20   19   18   17   16   15   14   13   12   11   10    9    8    7    6    5    4    3    2    1    1    1    1    2    1    3    5    2    3    1    2    1    5    4    2    5    5    4    8    6    8    9   14   23   26   33   53   65   74   92  203  719  581  220   41    1
36   47   45   44   41   37   36   32   31   30   29   27   26   25   24   23   22   21   20   19   18   17   16   15   14   13   12   11   10    9    8    7    6    5    4    3    2    1    1    1    1    2    1    3    5    2    3    2    2    4    4    2    5    3    5    7    8    8    7   16   20   28   27   56   63   75   90  195  677  591  236   48    1
37   47   45   43   41   37   36   32   31   30   29   28   27   26   25   24   23   22   21   20   19   18   17   16   15   14   13   12   11   10    9    8    7    6    5    4    3    2    1    1    1    1    1    1    3    4    3    1    2    1    3    3    5    1    5    3    5    8    7    7    8   15   20   24   27   56   58   71   92  182  631  606  259   57    2
36   46   45   42   40   36   32   31   30   29   28   27   26   25   24   23   22   21   20   19   18   17   16   15   14   13   12   11   10    9    8    7    6    5    4    3    2    1    1    1    1    2    3    3    3    2    1    2    3    2    2    5    4    2    4   10    6    8    6   13   21   24   28   51   58   76   84  177  594  609  271   69    3
37   46   45   42   40   36   35   32   31   30   29   28   27   26   25   24   23   22   21   20   19   18   17   16   15   14   13   12   11   10    9    8    7    6    5    4    3    2    1    1    1    1    1    1    3    2    2    4    1    1    3    2    2    6    2    2    6   10    2   12    6   11   18   26   29   48   55   72   87  174  559  610  278   82    4
36   46   45   42   40   35   32   31   30   29   28   27   26   25   24   23   22   21   20   19   18   17   16   15   14   13   12   11   10    9    8    7    6    5    4    3    2    1    1    1    1    2    2    3    2    3    2    1    3    1    3    6    2    1    7    8    4   12    6    9   17   26   25   53   54   68   86  165  538  605  285   88    9
35   46   45   42   37   35   32   31   29   28   27   26   25   24   23   22   21   20   19   18   17   16   15   14   13   12   11   10    9    8    7    6    5    4    3    2    1    1    1    1    2    1    4    4    2    1    3    1    1    5    4    1    7    7    6   12    6    7   19   21   24   52   50   69   85  155  503  597  310  100   12
35   46   43   42   37   34   32   31   30   29   28   27   26   25   24   23   22   20   19   18   17   16   15   14   13   12   11   10    9    8    7    6    5    4    3    2    1    1    1    1    2    1    2    1    4    3    1    3    1    1    3    6    7    8    5    9    7    9   12   24   27   51   48   71   78  152  471  602  312  109   16
34   43   42   37   34   33   31   30   29   28   27   26   25   23   22   21   20   19   18   17   16   15   14   13   12   11   10    9    8    7    6    5    4    3    2    1    1    1    1    1    3    1    3    2    2    4    1    4    3    3    5    8    7    9    7    6   12   22   22   51   54   64   77  144  456  574  338  117   21
35   43   40   36   33   32   31   30   29   28   27   26   25   23   22   21   20   19   18   17   16   15   14   13   12   11   10    9    8    7    6    5    4    3    2    1    1    1    1    1    1    2    2    2    3    1    1    4    3    3    4    4    8    7   10    6    5   13   21   22   47   53   62   79  132  437  560  349  126   28    1
35   43   40   36   33   31   30   29   28   27   26   25   24   23   22   21   20   19   18   17   16   15   14   13   12   11   10    9    8    7    6    5    4    3    2    1    1    1    1    1    3    2    2    2    1    2    2    2    3    1    5    4    7    9   10    4    7   12   17   22   39   50   67   72  131  410  550  370  130   33    2
34   43   40   36   33   31   30   29   28   26   25   24   23   22   21   20   19   18   17   16   15   14   13   12   11   10    9    8    7    6    5    4    3    2    1    1    1    1    1    2    2    3    2    2    3    1    2    3    4    2    8    8   12    4    7   10   19   23   33   50   66   71  125  389  536  377  145   34    3
34   42   40   36   32   31   30   29   28   26   25   24   23   22   21   20   19   18   17   16   15   14   13   12   11   10    9    8    7    6    5    4    3    2    1    1    1    1    1    2    2    3    2    2    2    2    2    2    5    2    7    7   13    5    7    9   17   21   35   42   63   73  123  359  517  392  167   35    3
34   40   39   36   32   31   30   29   28   27   25   24   23   22   21   20   19   18   17   16   15   14   13   12   11   10    9    8    7    6    5    4    3    2    1    1    1    1    1    1    2    2    1    2    2    2    4    2    3    3    5    8   11    4   11    6   15   21   28   44   60   67  115  329  511  405  186   43    3
33   40   38   35   31   30   29   28   27   25   24   23   22   21   20   19   18   17   16   15   14   13   12   11   10    9    8    7    6    5    4    3    2    1    1    1    1    2    1    2    1    3    1    3    3    3    1    3    4    7   13    5    8    7   13   23   24   42   58   64  107  317  489  414  199   51    4
32   40   38   34   31   29   28   27   26   24   23   22   21   20   19   18   17   16   15   14   13   12   11   10    9    8    7    6    5    4    3    2    1    1    1    1    2    2    1    2    2    3    3    2    2    4    2    8   10    7    8    6    8   26   22   38   57   59  109  298  473  410  216   62    4
32   38   32   31   29   28   27   26   25   24   23   22   21   20   19   18   17   16   15   14   13   12   11   10    9    8    7    6    5    4    3    2    1    1    1    1    1    2    1    3    1    1    4    3    2    3    2    5    9   12    5    5    9   22   26   36   50   57  105  273  461  410  236   70    7
31   37   32   31   29   28   27   26   25   23   22   21   20   19   18   17   16   15   14   13   12   11   10    9    8    7    6    5    4    3    2    1    1    1    1    1    1    2    2    2    5    2    3    3    1    5    8   13    5    6    7   20   25   35   44   60  102  251  451  411  253   71    7
29   37   31   28   27   25   24   23   22   21   20   19   18   17   16   15   14   13   12   11   10    9    8    7    6    5    4    3    2    1    1    2    2    2    2    2    3    3    3    4    1    4    5   17    5    5    8   16   25   35   34   69   95  234  437  415  258   76   11
31   37   31   30   28   27   26   25   24   23   22   21   20   19   18   17   16   15   14   13   12   11   10    9    8    7    6    5    4    3    2    1    1    1    1    1    1    2    2    2    2    2    3    4    2    3    4   13    5    5   10   12   25   35   31   67   93  221  419  412  270   89   11
30   37   30   29   28   27   25   24   23   22   21   20   19   18   17   16   15   14   13   12   11   10    9    8    7    6    5    4    3    2    1    1    1    1    1    1    3    2    3    2    2    4    2    3    4    9    9    4    8   14   20   36   30   61   96  202  404  411  285   94   11
28   35   29   28   27   25   24   23   21   20   19   18   17   16   15   14   13   12   11   10    9    8    7    6    5    4    3    2    1    1    1    1    2    3    1    3    4    2    3    4    3    9    7    4    8   14   18   32   31   58   95  188  382  410  297  104   14
27   35   29   27   25   24   23   21   20   19   18   17   16   15   14   13   12   11   10    9    8    7    6    5    4    3    2    1    1    1    3    1    3    2    3    2    3    5    3    8    5    6    7   13   18   26   33   53   95  177  361  406  308  111   20
28   34   27   26   25   24   23   22   21   20   19   18   17   16   15   14   13   12   11   10    9    8    7    6    5    4    3    2    1    1    3    1    1    1    3    1    3    1    3    3    5    6    6    6    7   10   17   27   29   50   86  162  359  400  313  123   21
27   33   27   26   25   23   22   21   20   19   18   17   16   15   14   13   12   11   10    9    8    7    6    5    4    3    2    1    1    2    1    2    1    3    1    3    4    1    5    4    4    9    9    9   17   27   27   47   82  149  342  404  310  136   23
26   32   26   25   24   22   21   20   19   18   17   16   15   14   13   12   11   10    9    8    7    6    5    4    3    2    1    1    1    3    1    3    2    2    4    2    5    4    4    8    9   10   15   24   27   39   80  144  322  405  315  144   22
25   31   26   25   22   21   20   19   18   17   16   15   14   13   12   11   10    9    8    7    6    5    4    3    2    1    1    1    3    2    2    1    5    2    4    5    2    9    8   12   13   21   29   38   64  144  299  411  319  149   25
25   31   26   25   22   21   20   19   18   17   16   15   14   13   12   11   10    9    8    7    6    5    4    3    2    1    1    1    3    2    2    1    5    2    3    4    4    9    7   10   14   17   33   34   57  136  286  396  327  163   28
26   30   26   25   24   22   21   20   19   18   17   16   15   14   13   12   11   10    9    8    7    6    5    4    3    2    1    1    1    1    2    1    1    3    5    2    2    2    7    4   10    9   12   16   33   33   51  128  270  386  337  172   31
24   30   26   24   21   20   19   18   17   16   15   14   13   12   11   10    9    8    7    6    5    4    3    2    1    1    1    3    2    2    4    2    3    2    6    4   10    8   13   14   30   36   47  115  266  375  327  185   36
24   29   26   24   21   20   19   18   17   16   15   14   13   12   11   10    9    8    7    6    5    4    3    2    1    1    1    3    2    2    3    3    2    3    5    3    7    9   12   17   27   32   51  101  257  369  321  193   42
25   28   26   24   22   21   20   19   18   17   16   15   14   13   12   11   10    9    8    7    6    5    4    3    2    1    1    1    2    1    1    2    3    4    1    4    4    2    9    7   10   16   25   33   52   92  239  366  326  192   48
23   28   24   22   20   19   18   17   16   15   14   13   12   11   10    9    8    7    6    5    4    3    2    1    1    3    1    2    4    4    1    4    4    1    7   10   10   11   27   31   51   86  220  354  335  196   53
24   28   24   23   22   20   19   18   17   16   15   14   13   12   11   10    9    8    7    6    5    4    3    2    1    1    2    1    1    2    4    3    1    5    3    2    7    8    8   12   25   28   55   83  208  339  321  211   57
23   28   24   23   22   20   18   17   16   15   14   13   12   11   10    9    8    7    6    5    4    3    2    1    1    1    1    2    2    7    1    4    4    2    6    9    6   13   19   31   44   89  197  327  322  214   58
22   27   23   22   20   18   17   16   15   14   13   12   11   10    9    8    7    6    5    4    3    2    1    1    1    3    2    7    1    3    4    1    7    8    8   10   19   32   39   84  194  314  321  213   63
23   27   23   22   20   19   18   17   16   15   14   13   12   11   10    9    8    7    6    5    4    3    2    1    1    1    2    2    1    4    1    3    5    2    6    7    6    9   20   25   40   78  178  294  337  216   70
22   27   23   21   20   19   18   16   15   14   13   12   11   10    9    8    7    6    5    4    3    2    1    1    1    2    2    1    4    2    5    3    6    7    7    8   18   25   43   69  170  284  329  218   77
22   27   23   20   19   18   17   16   15   14   13   12   11   10    9    8    7    6    5    4    3    2    1    1    1    3    1    3    1    2    1    7    4    7    7    8   15   21   43   63  159  274  318  232   85
22   27   21   20   19   18   17   16   15   14   13   12   11   10    9    8    7    6    5    4    3    2    1    1    1    3    1    2    1    2    1    6    3    4    8    7   12   18   41   63  144  267  310  241   89
21   26   20   19   18   17   16   15   14   13   12   11   10    9    8    7    6    5    4    3    2    1    1    3    2    2    1    2    1    4    5    4    3   10   10   17   41   62  136  250  309  241   94
21   24   20   19   18   17   16   15   14   13   12   11   10    9    8    7    6    5    4    3    2    1    1    2    1    2    1    1    2    2    7    2    5   10    7   16   33   62  121  238  318  242   99
20   23   20   18   17   16   15   14   13   12   11   10    9    8    7    6    5    4    3    2    1    1    2    3    1    1    1    2    4    4    5    8    9   13   28   67  105  229  319  241  101
19   23   20   18   17   16   15   13   12   11   10    9    8    7    6    5    4    3    2    1    1    2    2    1    1    2    5    4    5    4   11   15   24   63  102  212  317  232  110
20   23   20   19   18   17   16   15   13   12   11   10    9    8    7    6    5    4    3    2    1    1    1    1    1    2    1    2    4    4    5    4    9   15   25   59   85  209  300  242  118
18   23   19   17   16   15   13   12   11   10    9    8    7    6    5    4    3    2    1    1    2    2    1    3    3    4    6    4    9   12   23   57   84  202  284  239  125
19   23   19   18   17   16   15   13   12   11   10    9    8    7    6    5    4    3    2    1    1    1    1    1    1    3    3    3    6    5    8    8   25   55   80  185  271  247  127
19   23   19   17   16   15   14   13   12   11   10    9    8    7    6    5    4    3    2    1    1    1    2    1    2    1    2    3    7    4    8    9   20   54   71  178  262  238  140
19   22   18   17   16   15   14   13   12   11   10    9    8    7    6    5    4    3    2    1    1    1    1    1    2    1    2    3    4    4    8    9   20   43   75  161  255  244  141
18   18   17   16   15   14   13   12   11   10    9    8    7    6    5    4    3    2    1    1    1    1    1    2    2    1    4    6    6    7   21   40   68  144  256  249  141
17   18   16   15   14   13   12   11   10    9    8    7    6    5    4    3    2    1    1    1    1    2    2    2    3    5    7    6   17   38   63  137  247  249  136
16   17   15   14   13   12   11   10    9    8    7    6    5    4    3    2    1    1    1    2    2    1    4    6    6    5   18   35   57  134  234  245  141
16   17   15   14   13   12   11   10    9    8    7    6    5    4    3    2    1    1    1    2    2    1    3    6    7    3   20   31   48  132  218  250  138
16   16   15   14   13   12   11   10    9    8    7    6    5    4    3    2    1    1    1    1    3    1    1    4    8    3   15   30   46  114  215  249  141
15   15   14   13   12   11   10    9    8    7    6    5    4    3    2    1    2    1    2    2    1    4    7    4   13   29   40  112  198  247  141
15   15   14   13   12   11   10    9    8    7    6    5    4    3    2    1    1    1    3    1    2    4    7    3   13   26   35  100  201  233  142
14   14   13   12   11   10    9    8    7    6    5    4    3    2    1    2    1    2    1    3    6    4   13   17   34   94  197  224  134
14   14   13   12   11   10    9    8    7    6    5    4    3    2    1    2    1    2    1    2    7    3   12   15   33   83  183  214  133
14   14   13   12   11   10    9    8    7    6    5    4    3    2    1    1    1    3    1    1    8    1   11   16   31   74  180  204  132
13   13   12   11   10    9    8    7    6    5    4    3    2    1    2    2    1    2    4    4   11   13   26   64  160  200  140
13   13   12   11   10    9    8    7    6    5    4    3    2    1    2    1    1    3    2    5    8   13   23   58  138  189  138
13   13   12   11   10    9    8    7    6    5    4    3    2    1    1    1    2    1    4    5    8    8   23   59  126  181  136
12   12   11   10    9    8    7    6    5    4    3    2    1    1    2    2    3    3    6   11   20   50  109  174  126
12   12   11   10    9    8    7    6    5    4    3    2    1    1    1    3    1    2    8    7    9   35   65  124   76
11   12   10    9    8    7    6    5    4    3    2    1    1    1    3    2    6    8   10   30   62  116   75
10   12    9    8    7    6    5    4    3    2    1    1    2    4    4   10    8   23   57  113   75
 9   12    8    7    6    5    4    3    2    1    1    1    4    3    3   15   30   62   39
 8   11    7    6    5    4    3    2    1    1    3    3    5   11   26   54   39
 8   11    7    6    5    4    3    2    1    1    2    4    4    9   22   50   39
 8   11    7    6    5    4    3    2    1    1    1    3    4    6   22   41   40
 6    6    5    4    3    2    1    3    5    5   17   37   34
 6    6    5    4    3    2    1    1    4    5   12   24   26
 5    5    4    3    2    1    4    4   11   21   19
 5    5    4    3    2    1    2    6    9   21   17
 6    6    5    4    3    2    1    1    2    2    7   12   13
 6    6    5    4    3    2    1    1    2    1    8    7   12
 5    6    4    3    2    1    2    1    2    3   12
 4    6    3    2    1    2    2    4   10
 5    6    5    3    2    1    1    1    2    3    9
 3    5    2    1    2    3    6
 4    4    3    2    1    1    1    2    5
 4    4    3    2    1    1    1    1    5
 4    4    3    2    1    1    1    1    5
 2    4    1    1    4
 3    3    2    1    1    3    1
 3    3    2    1    1    3    1
 3    3    2    1    1    3    1
