# n  list(x)  list(y)
18    4    5    6    7    8    9   10   11   12   13   14   15   16   17   18   19   20   21    4  126  715  546  343  281  153  115   80   48   33   17   18    6    6    6    2    1
18    4    5    6    7    8    9   10   11   12   13   14   15   16   17   18   19   20   21   10  164  704  527  335  268  148  108   76   54   27   17   17    6    7    5    1    1
17    4    5    6    7    8    9   10   11   12   13   14   15   16   17   18   19   20   23  200  684  518  324  253  142  105   71   55   23   16   16    7    7    4    2
17    4    5    6    7    8    9   10   11   12   13   14   15   16   17   18   19   20   29  235  663  504  322  249  131  105   64   51   24   16   15    5    6    5    1
17    3    4    5    6    7    8    9   10   11   12   13   14   15   16   17   18   19    2   34  261  647  494  308  243  131  101   66   44   22   17   13    6    5    6
17    3    4    5    6    7    8    9   10   11   12   13   14   15   16   17   18   19    5   41  277  649  476  305  229  130   93   65   42   20   15   12    7    5    4
17    3    4    5    6    7    8    9   10   11   12   13   14   15   16   17   18   19    9   61  297  629  457  304  217  129   89   61   35   21   15   12    6    7    1
17    3    4    5    6    7    8    9   10   11   12   13   14   15   16   17   18   19   11   85  299  628  432  297  204  133   88   58   32   20   13   12    6    6    1
17    3    4    5    6    7    8    9   10   11   12   13   14   15   16   17   18   19   14   93  326  618  416  293  194  126   82   54   32   15   13   12    6    5    1
16    3    4    5    6    7    8    9   10   11   12   13   14   15   16   17   18   22  100  348  611  395  273  200  112   82   56   25   14   16    9    6    6
16    3    4    5    6    7    8    9   10   11   12   13   14   15   16   17   18   25  115  368  597  378  266  202  105   74   53   21   14   14    7    6    5
17    2    3    4    5    6    7    8    9   10   11   12   13   14   15   16   17   18    1   29  131  368  584  371  277  185   99   67   49   21   12   16    6    5    4
17    2    3    4    5    6    7    8    9   10   11   12   13   14   15   16   17   18    2   34  134  387  572  361  268  181   95   64   42   22   11   13    5    6    3
17    2    3    4    5    6    7    8    9   10   11   12   13   14   15   16   17   18    4   38  148  396  559  351  256  168  101   61   39   17   14   11    3    6    3
17    2    3    4    5    6    7    8    9   10   11   12   13   14   15   16   17   18    5   38  170  399  546  340  259  148  100   57   36   15   17    8    4    7    1
18    1    2    3    4    5    6    7    8    9   10   11   12   13   14   15   16   17   18    1    4   43  179  413  523  338  247  149   93   55   29   17   16    6    5    6    1
18    1    2    3    4    5    6    7    8    9   10   11   12   13   14   15   16   17   18    1    5   49  187  422  528  312  236  143   95   49   26   17   14    6    4    5    1
18    1    2    3    4    5    6    7    8    9   10   11   12   13   14   15   16   17   18    1    7   55  203  435  500  300  233  137   89   45   26   16   12    6    4    5    1
18    1    2    3    4    5    6    7    8    9   10   11   12   13   14   15   16   17   18    2    9   70  213  430  499  285  221  129   81   42   28   14   11    8    3    4    1
18    1    2    3    4    5    6    7    8    9   10   11   12   13   14   15   16   17   18    2    8   79  228  441  467  285  203  131   76   39   26   18    6    8    4    3    1
18    1    2    3    4    5    6    7    8    9   10   11   12   13   14   15   16   17   18    2   10   88  234  454  445  278  194  129   63   39   26   18    6    6    5    2    1
17    1    2    3    4    5    6    7    8    9   10   11   12   13   14   15   16   17    2   12   97  263  434  444  258  183  122   62   38   25   18    5    4    5    3
17    1    2    3    4    5    6    7    8    9   10   11   12   13   14   15   16   17    3   13  102  268  440  433  252  172  117   54   37   26   17    5    5    3    3
17    1    2    3    4    5    6    7    8    9   10   11   12   13   14   15   16   17    3   16  110  282  428  421  251  168  101   51   41   24   13    6    5    3    2
17    1    2    3    4    5    6    7    8    9   10   11   12   13   14   15   16   17    3   19  118  288  431  413  243  158   97   46   37   23   11    6    3    3    1
17    1    2    3    4    5    6    7    8    9   10   11   12   13   14   15   16   17    5   20  135  303  415  399  240  143   94   44   34   20   12    4    4    2    1
16    1    2    3    4    5    6    7    8    9   10   11   12   13   14   15   16    7   25  136  319  415  381  234  135   85   41   34   18    9    4    4    3
16    1    2    3    4    5    6    7    8    9   10   11   12   13   14   15   16    7   32  136  329  425  365  217  128   79   39   32   16   10    3    4    3
16    1    2    3    4    5    6    7    8    9   10   11   12   13   14   15   16    8   33  149  333  414  362  205  121   76   37   31   14    7    3    6    1
15    1    2    3    4    5    6    7    8    9   10   11   12   13   14   15    8   35  159  343  409  350  192  120   65   35   31   14    4    4    6
15    1    2    3    4    5    6    7    8    9   10   11   12   13   14   15    9   42  174  343  405  337  181  114   59   34   24   16    3    4    5
15    1    2    3    4    5    6    7    8    9   10   11   12   13   14   15   10   46  183  361  388  322  170  109   54   32   27   11    4    4    4
15    1    2    3    4    5    6    7    8    9   10   11   12   13   14   15   10   55  195  351  390  305  161  102   57   26   24   12    3    4    4
15    1    2    3    4    5    6    7    8    9   10   11   12   13   14   15   11   60  196  356  387  298  156   93   50   26   21    9    3    4    4
15    1    2    3    4    5    6    7    8    9   10   11   12   13   14   15   13   65  205  356  378  282  155   83   47   29   19    6    5    2    4
15    1    2    3    4    5    6    7    8    9   10   11   12   13   14   15   14   67  212  354  376  272  143   80   50   24   17    5    5    4    1
15    1    2    3    4    5    6    7    8    9   10   11   12   13   14   15   17   72  220  356  359  262  140   76   49   18   15    6    5    3    1
15    1    2    3    4    5    6    7    8    9   10   11   12   13   14   15   20   82  221  356  336  258  134   75   47   16   14    7    5    2    1
14    1    2    3    4    5    6    7    8    9   10   11   12   13   15   23   89  236  346  333  244  125   73   39   14   14    8    3    1
14    1    2    3    4    5    6    7    8    9   10   11   12   13   15   23   96  246  342  331  222  121   70   33   14   16    7    1    1
14    1    2    3    4    5    6    7    8    9   10   11   12   13   15   25  103  256  327  334  206  119   63   28   16   12    7    1    1
13    1    2    3    4    5    6    7    8    9   10   11   12   14   25  114  258  321  328  198  111   52   29   14   13    7    1
13    1    2    3    4    5    6    7    8    9   10   11   12   14   28  126  258  335  310  186   97   46   28   17    9    5    1
12    1    2    3    4    5    6    7    8    9   10   11   12   34  138  251  345  285  186   86   43   25   17    7    5
12    1    2    3    4    5    6    7    8    9   10   11   12   39  141  253  342  281  179   73   45   19   16    5    4
12    1    2    3    4    5    6    7    8    9   10   11   12   45  139  266  332  276  159   75   38   18   15    6    2
11    1    2    3    4    5    6    7    8    9   10   11   48  147  267  329  261  148   75   36   20   10    5
11    1    2    3    4    5    6    7    8    9   10   11   54  150  277  317  246  141   70   32   18    8    5
11    1    2    3    4    5    6    7    8    9   10   11   56  153  279  313  238  127   64   36   16    6    5
11    1    2    3    4    5    6    7    8    9   10   11   59  164  277  305  224  121   62   28   18    5    4
11    1    2    3    4    5    6    7    8    9   10   11   66  165  282  307  211  106   52   33   11    4    4
11    1    2    3    4    5    6    7    8    9   10   11   72  171  289  284  208   99   51   24   10    4    4
11    1    2    3    4    5    6    7    8    9   10   11   75  173  292  273  196   97   45   20    8    4    4
11    1    2    3    4    5    6    7    8    9   10   11   83  173  300  257  186   87   43   17    5    5    3
11    1    2    3    4    5    6    7    8    9   10   11   86  183  293  252  174   85   34   14    6    6    1
11    1    2    3    4    5    6    7    8    9   10   11   87  196  286  239  165   79   32   13    5    4    1
11    1    2    3    4    5    6    7    8    9   10   11   91  204  274  234  157   68   30   12    3    4    1
11    1    2    3    4    5    6    7    8    9   10   11   90  206  268  233  147   60   27   10    3    4    1
11    1    2    3    4    5    6    7    8    9   10   11   92  210  262  232  133   55   21    8    3    4    1
11    1    2    3    4    5    6    7    8    9   10   11   99  211  255  224  122   48   19    6    4    3    1
10    1    2    3    4    5    6    7    8    9   10   98  218  258  211  111   40   18    6    3    4
10    1    2    3    4    5    6    7    8    9   10  102  219  259  192  106   35   15    5    4    2
10    1    2    3    4    5    6    7    8    9   10  103  227  255  177   96   32   12    5    4    2
10    1    2    3    4    5    6    7    8    9   10  109  220  255  165   84   28   13    2    3    2
10    1    2    3    4    5    6    7    8    9   10  115  222  241  153   82   26   11    2    3    1
10    1    2    3    4    5    6    7    8    9   10  115  222  228  150   66   25   10    2    3    1
10    1    2    3    4    5    6    7    8    9   10  116  211  227  140   60   19   11    2    2    1
 9    1    2    3    4    5    6    7    8    9  117  209  217  131   52   19   10    3    2
 9    1    2    3    4    5    6    7    8    9  122  209  198  125   48   17    6    3    2
 9    1    2    3    4    5    6    7    8    9  119  202  195  113   48   13    4    3    2
 9    1    2    3    4    5    6    7    8    9  118  206  183  106   39   11    3    4    1
 9    1    2    3    4    5    6    7    8    9  117  190  171   96   31    8    4    2    1
 9    1    2    3    4    5    6    7    8    9  110  190  149   77   27    8    3    2    1
 9    1    2    3    4    5    6    7    8    9  108  170  137   66   23    7    3    2    1
 8    1    2    3    4    5    6    7    9   98  165  115   57   25    3    5    1
 8    1    2    3    4    5    6    7    8  101  154  110   52   25    2    4    1
 8    1    2    3    4    5    6    7    8  106  140   99   46   17    4    2    1
 8    1    2    3    4    5    6    7    8  104  121   89   46   14    4    1    1
 8    1    2    3    4    5    6    7    8   98   99   81   40   10    4    1    1
 8    1    2    3    4    5    6    7    8   66   72   45   29    6    1    1    1
 6    1    2    3    4    5    6   28   30   13   16    1    1
 6    1    2    3    4    5    8   17   17   15    7    2    1
 6    1    2    3    4    5    8   16   17   16    5    2    1
 6    1    2    3    4    5    7   17   14   16    4    2    1
 5    1    2    3    4    7    8    9    9    4    1
 5    1    2    3    4    5    4    6    7    4    1
 5    1    2    3    4    5    4    7    7    1    1
 4    1    2    3    4    1    8    5    1
 4    1    2    3    4    1    8    5    1
 4    1    2    3    4    2    7    4    1
 3    1    2    3    3    5    1
 3    1    2    5    3    2    1
 2    1    4    4    1
 2    1    4    4    1
 3    1    2    3    1    2    1
 2    1    2    2    2
 2    1    2    2    1
