# n  list(x)  list(y)
25    4    5    6    7    8    9   10   11   12   13   14   15   16   17   18   19   20   21   22   23   25   27   28   31   41    4  135  827  529  339  203  137   90   54   50   31   29   14   22   12    3    5    5    1    2    1    3    2    1    1
26    4    5    6    7    8    9   10   11   12   13   14   15   16   17   18   19   20   21   22   23   25   26   27   28   31   41   12  180  804  508  328  199  134   84   51   49   30   27   17   17   12    3    5    5    1    1    2    1    1    2    1    1
26    4    5    6    7    8    9   10   11   12   13   14   15   16   17   18   19   20   21   23   24   25   26   27   28   30   41   23  213  783  499  324  185  133   79   48   43   31   25   15   19    9    2    5    5    1    1    1    1    1    2    1    1
26    3    4    5    6    7    8    9   10   11   12   13   14   15   16   17   18   19   20   21   22   24   26   27   28   30   40    1   34  244  757  492  311  186  122   76   48   40   29   24   18   14    9    1    6    4    1    2    1    2    1    1    1
27    2    3    4    5    6    7    8    9   10   11   12   13   14   15   16   17   18   19   20   21   22   24   26   27   28   30   40    1    1   40  283  749  475  294  187  106   73   48   34   31   21   18   13    6    1    7    3    1    2    2    1    1    1    1
27    2    3    4    5    6    7    8    9   10   11   12   13   14   15   16   17   18   19   20   21   22   23   24   26   27   30   40    1    3   57  304  724  476  279  182   96   74   44   33   28   19   16   13    6    1    8    2    1    1    1    2    2    1    1
27    2    3    4    5    6    7    8    9   10   11   12   13   14   15   16   17   18   19   20   21   22   23   24   26   27   30   40    1    3   68  328  714  464  264  174   92   70   45   31   27   16   16   11    6    4    5    2    1    1    1    2    2    1    1
26    2    3    4    5    6    7    8    9   10   11   12   13   14   15   16   17   18   19   20   21   22   24   26   27   30   39    1    4   82  354  691  451  253  166   88   66   45   31   24   17   16   11    6    4    4    2    2    1    3    1    1    1
26    2    3    4    5    6    7    8    9   10   11   12   13   14   15   16   17   18   19   20   21   22   24   25   26   30   39    1    7   97  373  680  433  241  157   86   59   44   31   25   18   15    8    7    3    4    2    2    1    2    2    1    1
26    2    3    4    5    6    7    8    9   10   11   12   13   14   15   16   17   18   19   20   21   22   24   25   26   30   39    4   10  107  390  663  422  231  148   81   65   37   31   22   19   14    8    6    3    3    2    2    2    1    2    1    1
26    2    3    4    5    6    7    8    9   10   11   12   13   14   15   16   17   18   19   20   21   22   24   25   26   30   38    4   20  115  403  650  403  225  142   75   63   35   30   22   20   14    7    5    4    2    2    2    2    2    1    1    1
27    2    3    4    5    6    7    8    9   10   11   12   13   14   15   16   17   18   19   20   21   22   23   24   25   26   30   37    5   23  128  423  626  388  216  132   75   61   37   29   25   16   13    6    5    4    3    1    2    1    2    1    1    1    1
26    2    3    4    5    6    7    8    9   10   11   12   13   14   15   16   17   18   19   20   21   22   23   24   26   30   37    7   26  149  430  612  365  214  126   72   57   32   34   22   16   13    4    6    3    2    1    3    1    2    1    1    1
26    2    3    4    5    6    7    8    9   10   11   12   13   14   15   16   17   18   19   20   21   22   23   24   26   29   36    8   34  159  430  611  351  206  117   69   52   33   33   22   15   11    6    3    3    3    1    2    1    2    1    1    1
26    2    3    4    5    6    7    8    9   10   11   12   13   14   15   16   17   18   19   20   21   22   23   24   26   29   36    8   41  180  442  591  344  191  105   66   55   29   32   18   16    8    7    3    3    2    1    2    1    2    1    1    1
27    1    2    3    4    5    6    7    8    9   10   11   12   13   14   15   16   17   18   19   20   21   22   23   24   26   29   36    1    9   48  189  463  569  331  171  110   62   48   34   29   16   16    7    6    3    2    2    2    1    1    2    1    1    1
27    1    2    3    4    5    6    7    8    9   10   11   12   13   14   15   16   17   18   19   20   21   22   23   24   25   29   35    1   11   56  202  472  542  319  171  100   61   46   35   29   13   13    7    6    3    2    3    1    1    2    1    1    1    1
26    1    2    3    4    5    6    7    8    9   10   11   12   13   14   15   16   17   18   19   20   21   22   23   24   25   28    1   14   71  207  472  527  309  163   93   60   48   34   24   11   15    6    6    2    3    2    1    1    2    1    1    1
25    1    2    3    4    5    6    7    8    9   10   11   12   13   14   15   16   17   18   19   20   21   22   23   25   27    1   18   85  215  466  520  301  157   84   58   44   30   25   11   12    4    6    2    3    2    1    1    2    1    1
23    1    2    3    4    5    6    7    8    9   10   11   12   13   14   15   16   17   18   19   21   22   23   25    3   18   96  226  463  510  285  149   79   58   42   31   21   13    9    4    7    1    4    1    1    2    2
24    1    2    3    4    5    6    7    8    9   10   11   12   13   14   15   16   17   18   19   21   22   23   24   25    3   23  108  233  466  484  273  140   80   59   36   32   20   12   10    4    6    1    4    1    1    2    1    1
24    1    2    3    4    5    6    7    8    9   10   11   12   13   14   15   16   17   18   19   20   21   23   24   25    4   27  113  239  476  467  260  136   75   51   36   32   17   16    6    3    6    2    3    1    1    2    1    1
24    1    2    3    4    5    6    7    8    9   10   11   12   13   14   15   16   17   18   19   20   22   23   24   25    4   30  118  255  471  466  238  127   75   48   33   33   16   11    6    6    2    2    3    2    1    1    1    1
23    1    2    3    4    5    6    7    8    9   10   11   12   13   14   15   16   17   18   19   20   22   23   25    4   32  129  264  479  440  228  116   74   46   30   35   13   12    5    5    2    2    3    2    1    2    1
23    1    2    3    4    5    6    7    8    9   10   11   12   13   14   15   16   17   18   19   20   22   23   25    6   31  146  274  470  428  209  115   70   45   27   35   12    9    6    4    3    2    2    2    1    2    1
23    1    2    3    4    5    6    7    8    9   10   11   12   13   14   15   16   17   18   19   20   21   23   24    9   36  149  284  470  412  190  113   66   42   27   36   10    9    6    3    4    1    2    2    1    2    1
23    1    2    3    4    5    6    7    8    9   10   11   12   13   14   15   16   17   18   19   20   21   23   24   10   37  154  306  450  399  188  109   59   40   29   28   12    8    7    2    3    2    1    2    1    2    1
24    1    2    3    4    5    6    7    8    9   10   11   12   13   14   15   16   17   18   19   20   21   22   23   24    9   45  163  317  434  388  179   99   60   36   29   26   12    9    5    2    2    3    1    1    1    1    1    1
22    1    2    3    4    5    6    7    8    9   10   11   12   13   14   15   16   17   18   19   22   23   24   11   49  175  325  426  372  174   88   55   31   31   28   13    4    5    3    3    1    2    1    1    1
21    1    2    3    4    5    6    7    8    9   10   11   12   13   14   15   16   17   19   21   23   24   12   52  185  333  424  348  165   87   52   27   32   26   10    4    7    2    3    2    1    1    1
21    1    2    3    4    5    6    7    8    9   10   11   12   13   14   15   16   17   18   21   23   24   13   62  185  341  416  329  167   75   47   27   35   21   11    5    5    1    3    2    1    1    1
20    1    2    3    4    5    6    7    8    9   10   11   12   13   14   15   16   17   18   21   24   12   70  203  336  417  304  159   70   46   28   34   15   10    5    4    1    3    2    2    1
19    1    2    3    4    5    6    7    8    9   10   11   12   13   14   15   16   17   21   24   13   79  216  329  410  292  148   71   41   26   31   16    9    3    4    2    4    2    1
20    1    2    3    4    5    6    7    8    9   10   11   12   13   14   15   16   17   19   21   24   16   81  232  329  398  278  149   63   34   32   26   11    8    4    4    1    3    1    1    1
20    1    2    3    4    5    6    7    8    9   10   11   12   13   14   15   16   17   19   20   24   15   84  240  335  379  270  145   60   31   31   24    9    9    4    4    1    2    1    1    1
19    1    2    3    4    5    6    7    8    9   10   11   12   13   14   15   16   17   18   24   15   87  250  340  366  261  132   58   29   32   21    9    7    4    4    1    2    2    1
19    1    2    3    4    5    6    7    8    9   10   11   12   13   14   15   16   17   18   24   18   95  265  338  360  240  122   50   33   27   19    9    7    3    4    1    2    2    1
19    1    2    3    4    5    6    7    8    9   10   11   12   13   14   15   16   17   18   24   18  104  275  341  353  217  110   51   35   21   17   12    4    3    3    1    3    1    1
19    1    2    3    4    5    6    7    8    9   10   11   12   13   14   15   16   17   18   24   24  105  282  339  354  203   95   51   32   18   18    8    5    2    4    1    2    1    1
19    1    2    3    4    5    6    7    8    9   10   11   12   13   14   15   16   17   18   23   25  116  287  343  333  194   86   47   33   20   14    7    4    4    2    1    1    1    1
19    1    2    3    4    5    6    7    8    9   10   11   12   13   14   15   16   17   18   23   25  125  301  336  310  189   81   44   33   17   18    6    2    2    2    1    1    1    1
19    1    2    3    4    5    6    7    8    9   10   11   12   13   14   15   16   17   18   22   29  139  294  341  296  172   74   45   32   15   18    5    1    2    1    1    1    1    1
17    1    2    3    4    5    6    7    8    9   10   11   12   13   14   15   17   21   34  149  293  332  296  158   68   47   25   16   12    5    1    2    2    2    1
17    1    2    3    4    5    6    7    8    9   10   11   12   14   15   16   17   21   37  163  288  329  284  144   67   46   20   16   12    4    2    2    1    1    1
17    1    2    3    4    5    6    7    8    9   10   11   12   14   15   16   17   20   45  169  287  329  272  130   60   44   19   17   10    3    2    2    1    1    1
17    1    2    3    4    5    6    7    8    9   10   11   12   14   15   16   17   19   49  169  294  327  259  119   56   40   20   13   10    3    2    2    1    1    1
16    1    2    3    4    5    6    7    8    9   10   11   12   14   15   16   19   52  178  300  325  247  101   53   40   15   13    8    2    3    2    1    1
16    1    2    3    4    5    6    7    8    9   10   11   12   14   15   16   18   54  185  307  311  231   95   49   42   13   13    5    2    4    1    1    1
17    1    2    3    4    5    6    7    8    9   10   11   12   13   14   15   16   18   60  196  305  301  211   89   46   41   14   10    4    2    1    3    1    1    1
16    1    2    3    4    5    6    7    8    9   10   11   12   13   14   15   18   64  204  306  286  200   85   44   35   16    7    5    1    2    3    1    1
16    1    2    3    4    5    6    7    8    9   10   11   12   13   14   15   18   68  210  302  279  190   75   50   29   14    7    2    2    3    1    1    1
16    1    2    3    4    5    6    7    8    9   10   11   12   13   14   15   18   72  219  304  264  176   67   53   22   14    7    3    1    3    1    1    1
15    1    2    3    4    5    6    7    8    9   10   11   12   13   14   18   78  231  298  257  164   59   49   17   13    7    2    1    4    1    1
15    1    2    3    4    5    6    7    8    9   10   11   12   13   14   18   88  241  291  238  151   62   41   17    9    8    1    2    3    1    1
15    1    2    3    4    5    6    7    8    9   10   11   12   13   14   17   95  239  296  222  141   55   39   16    6    8    1    2    3    1    1
15    1    2    3    4    5    6    7    8    9   10   11   12   13   14   16  100  239  288  212  131   52   38   15    6    7    1    3    2    1    1
15    1    2    3    4    5    6    7    8    9   10   11   12   13   14   16  105  244  283  203  118   49   31   15    6    5    1    2    2    1    1
15    1    2    3    4    5    6    7    8    9   10   11   12   13   14   15  110  243  280  195  107   42   30   12    7    5    2    1    1    1    1
14    1    2    3    4    5    6    7    8    9   10   11   13   14   15  118  244  280  179  104   33   32    9    5    4    3    1    1    1
14    1    2    3    4    5    6    7    8    9   10   11   12   13   14  132  237  277  161  100   31   31    8    4    5    1    1    1    1
14    1    2    3    4    5    6    7    8    9   10   11   12   13   14  139  241  264  143   97   31   27    7    5    4    1    1    1    1
13    1    2    3    4    5    6    7    8    9   10   11   13   14  139  235  259  134   89   23   27    8    5    3    2    1    1
13    1    2    3    4    5    6    7    8    9   10   11   12   13  141  230  234  128   81   21   24    8    6    2    1    1    1
13    1    2    3    4    5    6    7    8    9   10   11   12   13  150  227  226  120   70   27   15    9    3    2    1    1    1
12    1    2    3    4    5    6    7    8    9   10   12   13  153  214  220  117   60   26   16    6    4    2    1    1
12    1    2    3    4    5    6    7    8    9   10   11   13  146  210  218  109   53   27   13    5    4    2    1    1
12    1    2    3    4    5    6    7    8    9   10   11   13  150  211  203   98   51   22    9    6    3    2    1    1
11    1    2    3    4    5    6    7    8    9   10   11  150  215  197   85   49   16    7    5    3    1    2
11    1    2    3    4    5    6    7    8    9   10   11  147  207  188   70   50   14    6    4    3    1    2
10    1    2    3    4    5    6    7    8    9   11  147  198  180   65   43   12    5    5    3    2
11    1    2    3    4    5    6    7    8    9   10   11  139  197  166   63   36   10    5    3    3    1    1
11    1    2    3    4    5    6    7    8    9   10   11  140  185  160   57   31   12    3    2    3    1    1
10    1    2    3    4    5    6    7    8    9   11  137  179  150   56   26    9    3    3    3    1
10    1    2    3    4    5    6    7    8    9   11  135  181  131   52   25    8    2    3    2    1
10    1    2    3    4    5    6    7    8    9   11  134  172  126   44   20    7    2    1    1    1
 9    1    2    3    4    5    6    7    8   11  114  155  103   42   18    4    2    1    1
 8    1    2    3    4    5    6    7   11  114  137   96   35   18    4    3    1
 8    1    2    3    4    5    6    7   11   97  117   71   29   15    3    2    1
 8    1    2    3    4    5    6    7   11   88  110   61   22   11    4    1    1
 8    1    2    3    4    5    6    7   10   84   93   57   12   12    2    1    1
 7    1    2    3    4    5    6   10   68   72   46    5   12    1    1
 7    1    2    3    4    5    6    9   68   70   37    7   10    1    1
 7    1    2    3    4    5    6    9   55   57   27    8    7    1    1
 7    1    2    3    4    5    6    9   34   35   16    4    3    1    1
 4    1    2    3    4   12    6    6    4
 4    1    2    3    4    9    5    7    2
 4    1    2    3    6    5    6    3    1
 4    1    2    3    6    5    5    3    1
 4    1    2    3    5    5    5    2    1
 4    1    2    3    5    4    6    1    1
 2    1    2    2    3
 2    1    2    2    3
 2    1    2    2    3
 2    1    2    2    3
 2    1    2    2    3
 2    1    2    2    3
 2    1    2    2    3
 2    1    2    2    2
