# n  list(x)  list(y)
16    4    5    6    7    8    9   10   11   12   13   14   15   16   17   18   19    1  102  581  606  432  318  181  114   81   31   24   13    8    3    4    1
16    4    5    6    7    8    9   10   11   12   13   14   15   16   17   18   19    5  133  578  594  422  312  162  116   75   27   22   14    7    5    2    1
16    4    5    6    7    8    9   10   11   12   13   14   15   16   17   18   19   14  154  585  579  418  295  159  105   68   27   21   11    6    6    1    1
17    3    4    5    6    7    8    9   10   11   12   13   14   15   16   17   18   19    1   21  174  589  563  411  277  145  110   62   33   14   12    6    5    1    1
16    3    4    5    6    7    8    9   10   11   12   13   14   15   16   17   19    1   28  202  586  548  403  259  145  104   56   31   13   11    7    5    1
16    3    4    5    6    7    8    9   10   11   12   13   14   15   16   17   19    3   38  220  588  530  389  258  135   97   54   27   13   13    6    3    1
16    3    4    5    6    7    8    9   10   11   12   13   14   15   16   17   19    4   49  231  589  531  375  238  133   91   50   25   12   12    6    3    1
16    3    4    5    6    7    8    9   10   11   12   13   14   15   16   17   19    9   62  255  583  509  373  212  136   84   47   22   11   12    7    2    1
16    3    4    5    6    7    8    9   10   11   12   13   14   15   16   17   19   11   74  261  592  488  364  201  134   80   42   21   11   11    7    2    1
16    3    4    5    6    7    8    9   10   11   12   13   14   15   16   17   19    9   89  284  573  487  343  202  126   77   34   21   10   13    4    2    1
17    2    3    4    5    6    7    8    9   10   11   12   13   14   15   16   17   19    1   14   98  292  571  472  329  199  120   71   33   21   11   12    3    2    1
17    2    3    4    5    6    7    8    9   10   11   12   13   14   15   16   17   19    2   22  104  307  556  463  321  186  115   70   31   19   12   11    4    1    1
17    2    3    4    5    6    7    8    9   10   11   12   13   14   15   16   17   19    2   23  116  332  541  452  315  175  101   68   29   19   13    9    3    1    1
17    2    3    4    5    6    7    8    9   10   11   12   13   14   15   16   17   19    2   31  124  353  527  433  311  158  102   62   29   19   13    6    3    1    1
17    2    3    4    5    6    7    8    9   10   11   12   13   14   15   16   17   19    5   33  127  376  521  421  296  151   94   57   29   16   13    6    3    1    1
17    2    3    4    5    6    7    8    9   10   11   12   13   14   15   16   17   19    7   38  131  392  519  411  273  152   83   55   28   13   13    5    3    1    1
16    2    3    4    5    6    7    8    9   10   11   12   13   14   15   16   18   10   37  148  401  510  396  268  145   82   47   26   10   12    4    3    1
16    2    3    4    5    6    7    8    9   10   11   12   13   14   15   16   18   11   44  159  409  509  372  264  138   73   43   24   10   11    6    1    1
15    2    3    4    5    6    7    8    9   10   11   12   13   14   15   18   12   50  175  420  482  367  259  128   70   37   22   10   11    6    1
15    2    3    4    5    6    7    8    9   10   11   12   13   14   15   16   14   55  186  429  467  358  247  127   63   30   24    7   11    6    1
15    2    3    4    5    6    7    8    9   10   11   12   13   14   15   16   18   67  196  429  454  349  235  120   56   30   21   10    9    5    1
15    2    3    4    5    6    7    8    9   10   11   12   13   14   15   16   23   68  220  421  448  340  215  111   55   30   20   15    3    5    1
16    1    2    3    4    5    6    7    8    9   10   11   12   13   14   15   16    1   24   74  234  419  442  322  206  108   52   28   16   16    3    4    1
16    1    2    3    4    5    6    7    8    9   10   11   12   13   14   15   16    1   26   80  256  415  425  308  197  108   48   24   17   14    3    2    1
16    1    2    3    4    5    6    7    8    9   10   11   12   13   14   15   16    2   28   90  254  412  417  301  191  100   48   22   15   14    4    1    1
15    1    2    3    4    5    6    7    8    9   10   11   12   13   14   15    2   30  102  263  418  404  286  176   95   44   23   16   10    4    2
15    1    2    3    4    5    6    7    8    9   10   11   12   13   14   15    3   34  115  272  406  398  274  164   90   41   23   15    9    4    2
15    1    2    3    4    5    6    7    8    9   10   11   12   13   14   15    3   41  118  284  397  394  257  158   86   35   23   15    8    4    2
15    1    2    3    4    5    6    7    8    9   10   11   12   13   14   15    6   42  127  295  399  372  245  151   80   35   22   13    9    2    2
15    1    2    3    4    5    6    7    8    9   10   11   12   13   14   15    9   44  137  308  404  351  227  146   73   33   22   11    6    2    2
15    1    2    3    4    5    6    7    8    9   10   11   12   13   14   15   11   49  147  324  399  327  217  140   69   28   21   10    5    2    1
14    1    2    3    4    5    6    7    8    9   10   11   12   13   15   13   50  157  324  403  314  216  126   62   25   18   10    6    1
14    1    2    3    4    5    6    7    8    9   10   11   12   13   15   15   54  168  321  399  311  199  120   59   21   17    9    6    1
14    1    2    3    4    5    6    7    8    9   10   11   12   13   14   16   58  183  312  393  293  195  117   56   20   18    8    5    1
14    1    2    3    4    5    6    7    8    9   10   11   12   13   14   17   62  191  310  389  287  173  114   56   21   16    8    4    1
14    1    2    3    4    5    6    7    8    9   10   11   12   13   14   19   65  200  322  365  291  166  100   52   20   13    6    3    1
14    1    2    3    4    5    6    7    8    9   10   11   12   13   14   21   67  210  327  359  286  151   96   44   17   13    4    2    1
14    1    2    3    4    5    6    7    8    9   10   11   12   13   14   20   81  214  327  352  271  143   93   34   20   12    3    1    1
14    1    2    3    4    5    6    7    8    9   10   11   12   13   14   21   89  217  323  357  250  131   89   33   20   10    3    1    1
14    1    2    3    4    5    6    7    8    9   10   11   12   13   14   23   97  225  321  350  237  124   77   33   17   10    3    1    1
13    1    2    3    4    5    6    7    8    9   10   11   12   13   24  107  224  325  343  223  116   73   30   16    7    3    2
13    1    2    3    4    5    6    7    8    9   10   11   12   13   25  117  230  322  332  214  106   66   26   15    7    3    2
13    1    2    3    4    5    6    7    8    9   10   11   12   13   26  121  242  318  326  195  109   54   24   14    5    3    2
13    1    2    3    4    5    6    7    8    9   10   11   12   13   28  137  236  348  291  192   90   52   21   10    5    3    1
13    1    2    3    4    5    6    7    8    9   10   11   12   13   27  141  248  339  293  178   78   48   19    8    6    2    1
13    1    2    3    4    5    6    7    8    9   10   11   12   13   34  141  254  338  276  171   69   49   17    5    7    1    1
12    1    2    3    4    5    6    7    8    9   10   11   12   41  146  253  332  271  154   69   42   17    6    5    2
12    1    2    3    4    5    6    7    8    9   10   11   12   49  148  259  320  265  145   56   41   15    6    6    1
12    1    2    3    4    5    6    7    8    9   10   11   12   55  156  261  306  254  136   54   35   14    6    6    1
11    1    2    3    4    5    6    7    8    9   10   11   55  174  264  291  239  134   48   29   12    6    6
11    1    2    3    4    5    6    7    8    9   10   11   60  180  264  288  230  118   46   24   13    5    5
11    1    2    3    4    5    6    7    8    9   10   11   58  188  275  274  213  118   39   20   13    3    4
11    1    2    3    4    5    6    7    8    9   10   11   64  186  281  258  208  109   41   13   14    2    4
11    1    2    3    4    5    6    7    8    9   10   11   66  196  281  257  193   95   37   13   12    4    1
11    1    2    3    4    5    6    7    8    9   10   11   68  204  281  249  169   92   35   12   14    2    1
11    1    2    3    4    5    6    7    8    9   10   11   73  205  277  248  156   80   38   10   11    2    1
11    1    2    3    4    5    6    7    8    9   10   11   79  205  279  233  150   76   32   11    9    2    1
11    1    2    3    4    5    6    7    8    9   10   11   83  211  284  222  136   66   26   12    8    2    1
11    1    2    3    4    5    6    7    8    9   10   11   86  220  277  207  126   66   21   11    7    2    1
11    1    2    3    4    5    6    7    8    9   10   11   96  215  280  187  121   60   19    9    7    1    1
10    1    2    3    4    5    6    7    8    9   11   97  220  269  182  108   58   17   12    4    1
10    1    2    3    4    5    6    7    8    9   11  105  226  257  171  100   51   14   13    3    1
10    1    2    3    4    5    6    7    8    9   10  113  226  249  155  105   42    9   12    2    1
10    1    2    3    4    5    6    7    8    9   10  125  217  243  153   90   39   11    9    1    1
 9    1    2    3    4    5    6    7    8    9  120  222  236  143   80   33   11    8    1
 8    1    2    3    4    5    6    7    8  128  219  224  136   76   27    6    7
 8    1    2    3    4    5    6    7    8  137  220  205  130   69   23    5    5
 8    1    2    3    4    5    6    7    8  142  222  196  111   71   15    5    5
 8    1    2    3    4    5    6    7    8  143  223  190   98   62   13    3    4
 8    1    2    3    4    5    6    7    8  154  212  181   91   47   13    4    2
 8    1    2    3    4    5    6    7    8  155  213  167   87   40   12    4    1
 7    1    2    3    4    5    6    7  149  202  146   83   35   12    4
 7    1    2    3    4    5    6    7  146  188  134   72   30    9    4
 7    1    2    3    4    5    6    7  137  182  129   60   25    8    3
 7    1    2    3    4    5    6    7  136  165  122   54   21    4    3
 7    1    2    3    4    5    6    7  130  158  114   47   20    2    2
 7    1    2    3    4    5    6    7  121  140  100   40   17    1    2
 7    1    2    3    4    5    6    7  115  131   84   38   14    1    1
 6    1    2    3    4    5    6  113  126   75   30   12    2
 6    1    2    3    4    5    6  106  105   65   25    9    2
 6    1    2    3    4    5    6   96   90   53   24    5    2
 6    1    2    3    4    5    6   74   78   41   18    5    1
 5    1    2    3    4    5   65   66   36   15    5
 5    1    2    3    4    5   46   52   28    9    4
 5    1    2    3    4    5   35   33   21    8    2
 5    1    2    3    4    5   33   34   19    8    2
 4    1    2    3    4   20   15   12    5
 5    1    2    3    4    5   11    8    2    2    1
 4    1    2    3    4    9    5    5    1
 5    1    2    3    4    5    8    6    1    1    1
 4    1    2    3    4    6    3    2    1
 3    1    2    3    5    3    3
 3    1    2    3    4    2    2
 2    1    3    4    2
 2    1    3    4    2
 2    1    2    2    1
 2    1    2    2    1
