# n  list(x)  list(y)
18    4    5    6    7    8    9   10   11   12   13   14   15   16   17   18   19   20   21    4  127  708  541  378  240  171  112   78   59   25   26    6   14    3    5    1    2
13    4    5    6    7    8    9   10   11   12   13   14   15   16   17  213  691  540  348  232  148  111   75   51   26   21    2
12    3    4    5    6    7    8    9   10   11   12   13   14    1   36  290  660  526  336  224  137  111   66   48   15
11    3    4    5    6    7    8    9   10   11   12   13    5   56  326  663  514  340  196  132  108   58   27
10    3    4    5    6    7    8    9   10   11   12   11   76  371  655  508  312  196  127   94   50
11    2    3    4    5    6    7    8    9   10   11   12    1   13  102  402  660  491  300  189  124   71   22
10    2    3    4    5    6    7    8    9   10   11    2   22  115  451  650  476  288  182  109   55
10    2    3    4    5    6    7    8    9   10   11    3   27  145  479  651  454  276  173   94   23
 9    2    3    4    5    6    7    8    9   10    4   31  183  518  628  431  265  162   78
 9    2    3    4    5    6    7    8    9   10    5   43  213  546  602  430  245  147   44
 9    2    3    4    5    6    7    8    9   10    6   53  246  565  602  407  228  129   14
 8    2    3    4    5    6    7    8    9    9   67  274  592  583  382  217  101
 8    2    3    4    5    6    7    8    9   10   84  309  605  564  366  195   67
 8    2    3    4    5    6    7    8    9   17   91  351  602  565  341  178   30
 7    2    3    4    5    6    7    8   20  106  389  602  557  324  152
 7    2    3    4    5    6    7    8   31  122  426  596  531  300  119
 8    1    2    3    4    5    6    7    8    1   41  137  447  600  528  268   78
 8    1    2    3    4    5    6    7    8    1   45  163  468  602  522  236   38
 8    1    2    3    4    5    6    7    8    2   52  188  487  613  499  199   10
 7    1    2    3    4    5    6    7    3   60  222  505  606  458  171
 7    1    2    3    4    5    6    7    7   70  249  534  573  430  137
 7    1    2    3    4    5    6    7   10   91  259  558  561  394  102
 7    1    2    3    4    5    6    7   14  102  290  567  547  367   63
 7    1    2    3    4    5    6    7   14  113  311  596  547  316   28
 6    1    2    3    4    5    6   16  123  347  606  531  277
 6    1    2    3    4    5    6   21  136  378  610  491  237
 6    1    2    3    4    5    6   29  153  406  596  471  192
 6    1    2    3    4    5    6   39  173  421  589  444  153
 6    1    2    3    4    5    6   45  197  442  586  411  113
 6    1    2    3    4    5    6   50  212  472  591  376   68
 6    1    2    3    4    5    6   54  233  503  586  339   29
 5    1    2    3    4    5   59  255  524  589  291
 5    1    2    3    4    5   68  289  536  552  248
 5    1    2    3    4    5   78  323  538  516  210
 5    1    2    3    4    5   99  326  544  486  173
 5    1    2    3    4    5  113  342  546  459  133
 5    1    2    3    4    5  126  369  556  426   90
 5    1    2    3    4    5  137  401  552  394   53
 5    1    2    3    4    5  144  436  562  361    8
 4    1    2    3    4  166  443  540  323
 4    1    2    3    4  184  459  516  275
 4    1    2    3    4  182  444  484  236
 4    1    2    3    4  152  400  434  199
 4    1    2    3    4  150  390  378  164
 4    1    2    3    4  163  401  345  125
 4    1    2    3    4  133  309  275   82
 4    1    2    3    4   57  145  135   41
 3    1    2    3   75  145   91
 3    1    2    3   68  127   84
 3    1    2    3   51   92   65
 3    1    2    3   37   77   65
 3    1    2    3   37   77   65
 3    1    2    3   37   77   65
 3    1    2    3   30   62   50
 3    1    2    3   11   19   17
 3    1    2    3    3   14    3
 2    1    2    2   13
 2    1    2    2   13
 2    1    2    2   13
 2    1    2    2   13
 2    1    2    2   13
 2    1    2    2   10
 2    1    2    2    8
 2    1    2    2    4
