# n  list(x)  list(y)
40   79   66   53   50   48   46   44   37   35   34   33   32   31   30   29   28   27   26   25   24   23   22   21   20   19   18   17   16   15   14   13   12   11   10    9    8    7    6    5    4    1    1    1    1    2    1    2    2    1    5    1    1    2    1    2    5    4    3    1    4    7    9    8   14   10   12   11   21   33   33   38   44   57   83   96  154  300 1372  153    4
25   27   26   25   24   23   22   21   20   19   18   17   16   15   14   13   12   11   10    9    8    7    6    5    4    3    2    3    3    5    2    9    6   12    8   12   16   15   26   35   26   45   61   76   85  132  261 1090  464   77    4
20   21   20   19   18   17   16   15   14   13   12   11   10    9    8    7    6    5    4    3    2    2    4   11   12   18   12   20   39   26   36   58   72   79  130  234  972  544  164   14    3
16   17   16   15   14   13   12   11   10    9    8    7    6    5    4    3    2   17   12   15   33   31   38   53   63   81  119  220  862  595  254   28    4
15   15   14   13   12   11   10    9    8    7    6    5    4    3    2    1   12   33   32   26   54   68   68  116  201  754  678  316   36    5    1
14   14   13   12   11   10    9    8    7    6    5    4    3    2    1   16   28   27   49   59   71  116  186  668  704  381   63    6    1
13   13   12   11   10    9    8    7    6    5    4    3    2    1    9   29   49   51   72  108  170  579  765  428   81    7    2
12   12   11   10    9    8    7    6    5    4    3    2    1    7   40   56   74   95  161  507  779  496   93   14    3
11   11   10    9    8    7    6    5    4    3    2    1   16   53   64   99  155  437  784  549  124   16    3
10   10    9    8    7    6    5    4    3    2    1   33   64   91  148  399  749  618  151   18    4
10   10    9    8    7    6    5    4    3    2    1    5   49   97  127  366  744  652  182   21    6
 9    9    8    7    6    5    4    3    2    1   22   87  117  335  726  697  202   31    7
 8    8    7    6    5    4    3    2    1   66  116  307  690  743  229   39    9
 8    8    7    6    5    4    3    2    1   34  111  270  666  777  251   53   12
 8    8    7    6    5    4    3    2    1    4   92  246  658  789  278   64   18
 7    7    6    5    4    3    2    1   58  222  628  815  307   70   21
 7    7    6    5    4    3    2    1   30  196  592  840  318   91   28
 6    6    5    4    3    2    1  173  545  877  338  101   35
 6    6    5    4    3    2    1  135  506  875  370  114   44
 6    6    5    4    3    2    1  101  442  887  426  117   42
 6    6    5    4    3    2    1   63  411  872  461  135   44
 6    6    5    4    3    2    1   22  366  890  485  143   49
 5    5    4    3    2    1  325  862  529  158   56
 5    5    4    3    2    1  285  815  554  186   61
 5    5    4    3    2    1  244  768  583  208   71
 5    5    4    3    2    1  204  720  609  237   77
 5    5    4    3    2    1  163  674  636  261   81
 5    5    4    3    2    1  112  635  673  283   87
 5    5    4    3    2    1   64  601  697  307   93
 5    5    4    3    2    1   21  553  730  333   99
 4    4    3    2    1  503  733  359  107
 4    4    3    2    1  462  704  374  126
 4    4    3    2    1  416  683  387  139
 4    4    3    2    1  381  641  401  155
 4    4    3    2    1  349  605  399  169
 4    4    3    2    1  315  565  389  169
 4    4    3    2    1  270  539  406  181
 4    4    3    2    1  224  508  433  192
 4    4    3    2    1  176  413  336  151
 4    4    3    2    1  133  388  342  160
 4    4    3    2    1   79  372  365  178
 4    4    3    2    1   40  351  369  189
 4    4    3    2    1    6  314  370  196
 3    3    2    1  262  310  168
 3    3    2    1  234  274  146
 3    3    2    1  214  246  132
 3    3    2    1  212  246  132
 3    3    2    1  209  243  131
 3    3    2    1  172  216  108
 3    3    2    1  115  162   83
 3    3    2    1   71  111   55
 3    3    2    1   28   53   24
 3    3    2    1    7   17    7
 2    2    1   10    2
 2    2    1    6    2
 2    2    1    6    2
 2    2    1    6    2
 2    2    1    6    2
 2    2    1    6    2
 2    2    1    6    2
 2    2    1    1    2
