#n_nodes  m_edges  aspl  diameter  acluster  assort    n_conn  n_comp  o_largestc
2500  9900   4.38322016807   7  0.103096978385  0.00589806927247  4   1  2500
2475  9694   4.40098936005   7  0.103521766897  0.00752765633325  4   1  2475
2450  9504   4.41577953517   7  0.103866780584  0.00751880483061  3   1  2450
2425  9319   4.42923650097   7  0.104487879923  0.00773751729553  3   1  2425
2400  9122   4.44414860358   7   0.10418625497  0.00824334281255  3   1  2400
2375  8947   4.45509972066   7  0.104405586083  0.00945074878269  2   1  2375
2350  8777   4.46633913933   7  0.104335892511   0.0106679465207  2   1  2350
2325  8598   4.48160087354   7  0.105203041537   0.0106752144948  2   1  2325
2300  8428   4.49416267943   7  0.105708472326    0.011611684378  2   1  2300
2275  8224   4.52027487025   7  0.105553085051   0.0149427927993  2   1  2275
2250  8064   4.52973706833   7  0.105581321158   0.0137888003671  2   1  2250
2225  7876    4.5548674319   7  0.105861927388   0.0102675626641  2   1  2225
2200  7696   4.57562983174   7  0.104894840728   0.0123555470222  2   1  2200
2175  7522   4.59708149605   7  0.105860294967    0.014554486406  2   1  2175
2150  7338   4.62528639605   8   0.10556819436   0.0192974365302  1   1  2150
2125  7160   4.64841342639   8  0.105797151537   0.0165664273996  1   1  2125
2100  7008    4.6616778965   8   0.10548069226   0.0171881103723  1   1  2100
2075  6862   4.67403469229   8  0.105596340409   0.0177947270147  1   1  2075
2050  6677   4.70018117107   8  0.104983237055   0.0207938310694  1   1  2050
2025  6531   4.71609671595   8  0.105267014137    0.018052481447  1   1  2025
2000  6383   4.73530365183   8  0.105416777366   0.0150166604878  1   1  2000
1975  6243   4.75304528491   8  0.105555008755   0.0144018579701  1   1  1975
1950  6070   4.78475431188   8   0.10544305877   0.0166314818221  1   1  1950
1925  5922   4.80417042417   8   0.10540690119   0.0153118046633  1   1  1925
1900  5758   4.83601008841   8  0.105106333434  0.00943206556527  1   1  1900
1875  5603   4.85949370331   8  0.105412094278   0.0114815677959  1   1  1875
1850  5441   4.89548945376   8  0.106240317863   0.0135296715156  1   1  1850
1825  5294   4.92204938717   8  0.105541118092  0.00929047350281  1   1  1825
1800  5145   4.94760653706   8  0.105611987453  0.00679450905253  1   2  1799
1775  5011   4.97453344703   9  0.106105254598  0.00905900079684  1   2  1774
1750  4861   5.01376726551   9  0.107093685897  0.00695602619459  1   2  1749
1725  4733   5.03631472265   9  0.107628273019  0.00145130859153  1   3  1723
1700  4610   5.05883798264   9  0.107290588357  0.00105947518186  1   3  1698
1675  4482    5.0909412653   9  0.106442152258  0.00281000202899  1   3  1673
1650  4365   5.12130985434  10   0.10746709204 -0.000174958208577  1   3  1648
1625  4247   5.14567640112  10  0.108667046268 -0.00127371560513  1   3  1623
1600  4127   5.17056856449  10  0.108396310571  0.00264943651447  1   3  1598
1575  3988   5.22079419763  10  0.107247696091  0.00327345463348  1   4  1572
1550  3874    5.2574126277  11  0.107542046172   0.0027330584485  1   4  1547
1525  3754   5.29559716411  12  0.107142195134   0.0023660372362  1   3  1523
1500  3637   5.33645394929  12  0.107949641351 -0.00180030195266  1   3  1498
1475  3523   5.37914618938  12  0.107824348732  0.00206592490062  1   3  1473
1450  3398   5.45516729221  13  0.109659878069 0.000861013669386  1   3  1448
1425  3281   5.50472985697  13  0.107743864549 -0.00485566556651  1   5  1421
1400  3170   5.55218905013  13  0.106575605229  -0.0127248686033  1   5  1396
1375  3071   5.58778876306  13  0.104369774807  -0.0172364430734  1   5  1371
1350  2969   5.62097692737  13  0.104127486349   -0.014777077257  1   5  1346
1325  2857   5.69312389604  14   0.10516515783  -0.0165351901815  1   5  1321
1300  2748    5.7740990991  14   0.10757556658  -0.0167200249099  1   5  1296
1275  2662   5.79611688979  14  0.109527308535  -0.0161830225735  1   5  1271
1250  2562   5.84875819889  14  0.110092735081  -0.0167437112704  1   8  1243
1225  2449   5.95146469569  14  0.109675188664 -0.00745847221195  1  10  1216
1200  2353   6.02169749313  14  0.110297405676  -0.0106610284347  1  11  1190
1175  2251   6.14073719624  15  0.107819314987 -0.00384863875358  1  10  1166
1150  2146   6.30288802036  15  0.103367757011   0.0287353319646  1  11  1139
1125  2048   6.41911978968  16  0.105920732944   0.0205403758046  1  13  1112
1100  1958   6.54541641864  16  0.107630614892    0.015684636285  1  12  1088
1075  1859   6.69573980646  16  0.109517058241   0.0253479125676  1  17  1058
1050  1784   6.78707824433  19  0.106491617015   0.0166519620165  1  18  1031
1025  1693   6.92230494146  19  0.102818528541   0.0206648375823  1  20  1003
1000  1607   7.01203188191  19  0.106367281212   0.0129763802877  1  28   966
 975  1523   7.13823338235  17  0.109853361946  -0.0100938998741  1  31   932
 950  1448   7.26420085073  18  0.105321406647  -0.0133742124919  1  34   905
 925  1373   7.43101923674  18  0.106321248196 -0.00469422398481  1  35   880
 900  1305   7.51433151099  17   0.10761773889 -0.00486155359534  1  40   849
 875  1236   7.64521042756  17  0.104189467148    0.016070591807  1  44   818
 850  1166   7.86912689069  17  0.104035648903   0.0199680161173  1  47   789
 825  1092   8.10662217304  18  0.100920885218   0.0130179093963  1  50   761
 800  1013   8.45559927041  18 0.0961721862956  0.00517399492035  1  55   729
 775   958   8.54735914102  19 0.0920063126115  0.00647683275558  1  62   694
 750   895   8.81400497807  22 0.0873492063492  0.00450537394415  1  70   650
 725   833   8.98430655968  22 0.0797883597884   0.0124543138137  1  80   615
 700   766   9.74446554692  23 0.0842553889025  -0.0109505186193  1  86   581
 675   721   10.0124055586  24 0.0920227173438  -0.0111838888131  1  91   545
 650   668   10.3914112897  26 0.0942089999064  -0.0322280828125  1  96   509
 625   616   10.3637362637  23 0.0845655806182  -0.0834230759598  1 106   456
 600   560   11.2156769596  26 0.0706141839158  -0.0662588046892  1 114   421
 575   506   12.4181836927  29 0.0716737643567  -0.0860533920935  1 123   369
 550   468    12.457346016  33 0.0757827289937  -0.0773749115847  1 130   327
 525   429   13.1831095734  37 0.0716608594657  -0.0219391829094  1 131   287
 500   383   12.3675732218  30 0.0801388888889  -0.0186956439716  1 147   240
 475   350    13.718539167  31 0.0862481315396  -0.0952660354714  1 149   223
 450   322   15.4514177306  42 0.0895622895623   -0.096763208527  1 149   198
 425   280   12.7100217865  32 0.0892156862745  -0.0942975792566  1 160   136
 400   236   4.42105263158  11             0.0   -0.231939163498  1 172    19
 375   204    4.5730994152  12 0.0789473684211    0.160642570281  1 179    19
 350   176    4.5730994152  12 0.0789473684211    0.160642570281  1 180    19
 325   146             2.8   6 0.0757575757576   -0.108527131783  1 184    11
 300   128             2.8   6 0.0757575757576   -0.108527131783  1 176    11
 275   108   2.86111111111   6  0.240740740741            -0.375  1 170     9
 250    86   2.33333333333   5             0.0             -0.25  1 166     6
 225    72   2.33333333333   5             0.0             -0.25  1 155     6
 200    61   2.33333333333   5             0.0             -0.25  1 141     6
 175    46   2.33333333333   5             0.0             -0.25  1 130     6
 150    36   2.33333333333   5             0.0             -0.25  1 115     6
 125    26             2.0   4             0.0   -0.333333333333  1 100     5
 100    19             2.0   4             0.0   -0.333333333333  1  81     5
  75    13   1.33333333333   2             0.0              -1.0  1  62     3
  50     8   1.33333333333   2             0.0              -1.0  1  42     3
  25     4   1.33333333333   2             0.0              -1.0  1  21     3
   1     0               0   0             0.0                na  0   1     1
