# n  list(x)  list(y)
16   20   18   17   16   15   14   13   12   11   10    9    8    7    6    5    4    1    4    6    6   10   28   54   82  134  176  255  461  521  612  146    4
16   19   18   17   16   15   14   13   12   11   10    9    8    7    6    5    4    1    3    7    6    7   26   48   81  126  177  240  443  522  596  183    9
16   19   18   17   16   15   14   13   12   11   10    9    8    7    6    5    4    1    3    5    8    6   22   43   81  120  181  232  425  508  583  213   19
16   19   18   17   16   15   14   13   12   11   10    9    8    7    6    5    4    1    3    4    8    7   17   45   71  121  172  230  407  494  590  218   37
17   19   18   17   16   15   14   13   12   11   10    9    8    7    6    5    4    3    1    2    5    7    8   14   44   70  106  174  228  379  492  581  245   43    1
17   19   18   17   16   15   14   13   12   11   10    9    8    7    6    5    4    3    1    2    3    9    8   12   41   63   98  167  223  363  484  579  263   56    3
17   19   18   17   16   15   14   13   12   11   10    9    8    7    6    5    4    3    1    1    3    6    9   10   34   59   91  155  226  351  469  578  283   70    4
17   19   18   17   16   15   14   13   12   11   10    9    8    7    6    5    4    3    1    1    3    4    9   11   27   59   84  145  214  350  445  588  300   77    7
17   19   18   17   16   15   14   13   12   11   10    9    8    7    6    5    4    3    1    1    3    3   10   11   24   55   85  129  204  337  437  583  323   87    7
17   19   18   17   16   15   14   13   12   11   10    9    8    7    6    5    4    3    1    1    3    2   10   11   23   53   81  121  194  327  428  566  348   96   10
18   19   18   17   16   15   14   13   12   11   10    9    8    7    6    5    4    3    2    1    1    3    1    9   11   19   46   80  122  183  309  427  552  368  105   12    1
17   18   17   16   15   14   13   12   11   10    9    8    7    6    5    4    3    2    2    3    1    7   11   19   39   77  111  180  307  409  544  378  118   17    2
17   18   17   16   15   14   13   12   11   10    9    8    7    6    5    4    3    2    2    2    1    7    8   20   37   72  111  165  305  393  530  388  134   23    2
17   18   17   16   15   14   13   12   11   10    9    8    7    6    5    4    3    2    2    2    1    6    7   15   41   60  111  159  287  393  522  395  141   30    3
17   18   17   16   15   14   13   12   11   10    9    8    7    6    5    4    3    2    2    1    1    5    7   14   36   60  100  168  258  388  511  404  156   34    5
17   18   17   16   15   14   13   12   11   10    9    8    7    6    5    4    3    2    2    1    1    4    5   15   32   54  100  160  247  384  506  399  169   41    5
17   18   17   16   15   14   13   12   11   10    9    8    7    6    5    4    3    2    2    1    1    3    4   14   32   47   96  160  226  353  522  405  177   49    8
17   18   17   16   15   14   13   12   11   10    9    8    7    6    5    4    3    2    1    1    1    2    5   13   24   48   93  153  215  340  515  407  188   58   11
17   18   17   16   15   14   13   12   11   10    9    8    7    6    5    4    3    2    1    1    1    2    4   12   24   43   95  134  211  327  499  419  198   66   13
18   18   17   16   15   14   13   12   11   10    9    8    7    6    5    4    3    2    1    1    1    1    2    4   10   22   43   88  130  198  306  503  417  214   70   14    1
18   18   17   16   15   14   13   12   11   10    9    8    7    6    5    4    3    2    1    1    1    1    2    3   10   21   37   82  114  191  291  499  426  227   78   15    1
18   18   17   16   15   14   13   12   11   10    9    8    7    6    5    4    3    2    1    1    1    1    2    1   12   18   36   75  105  183  283  487  423  236   91   19    1
17   17   16   15   14   13   12   11   10    9    8    7    6    5    4    3    2    1    1    1    1    2   11   15   35   73   92  175  265  476  433  250   98   20    2
17   17   16   15   14   13   12   11   10    9    8    7    6    5    4    3    2    1    1    1    1    2   10   10   32   69   86  167  256  462  440  261  100   25    2
16   17   16   14   13   12   11   10    9    8    7    6    5    4    3    2    1    1    1    1    9   11   28   59   85  152  249  465  417  290  103   25    4
16   17   16   14   13   12   11   10    9    8    7    6    5    4    3    2    1    1    1    1    8    8   28   53   81  141  238  448  418  305  113   26    5
15   16   14   13   12   11   10    9    8    7    6    5    4    3    2    1    2    1    8    6   25   50   81  126  240  422  421  312  117   33    6
15   16   14   13   12   11   10    9    8    7    6    5    4    3    2    1    2    1    8    5   24   46   83  114  229  407  421  313  132   35    5
15   16   14   13   12   11   10    9    8    7    6    5    4    3    2    1    2    1    6    5   19   40   81  112  210  386  424  322  149   38    5
15   16   14   13   12   11   10    9    8    7    6    5    4    3    2    1    2    1    5    5   14   37   75  107  203  375  411  335  154   45    6
15   16   14   13   12   11   10    9    8    7    6    5    4    3    2    1    2    1    5    4   14   35   66  108  194  352  398  349  163   53    6
15   16   15   13   12   11   10    9    8    7    6    5    4    3    2    1    1    1    5    5   12   31   65  104  178  336  392  357  176   55    7
15   16   15   13   12   11   10    9    8    7    6    5    4    3    2    1    1    1    4    5   10   31   57  101  170  323  388  347  191   62    9
15   16   15   13   12   11   10    9    8    7    6    5    4    3    2    1    1    1    2    6   11   29   53   94  157  316  376  358  196   65   10
15   15   14   13   12   11   10    9    8    7    6    5    4    3    2    1    1    1    2    4   13   29   43   93  145  304  377  357  196   74   11
13   13   12   11   10    9    8    7    6    5    4    3    2    1    2    5   12   21   49   78  139  294  375  350  205   79   16
13   13   12   11   10    9    8    7    6    5    4    3    2    1    2    3   13   19   40   80  131  288  372  338  214   76   24
13   13   12   11   10    9    8    7    6    5    4    3    2    1    2    3    9   22   35   71  133  272  353  337  223   88   27
13   13   12   11   10    9    8    7    6    5    4    3    2    1    2    3    9   15   35   62  123  263  353  337  221  102   25
13   13   12   11   10    9    8    7    6    5    4    3    2    1    1    4    8   14   32   60  119  243  348  327  236  105   28
13   13   12   11   10    9    8    7    6    5    4    3    2    1    1    4    7   13   24   61  112  227  334  331  245  109   31
13   13   12   11   10    9    8    7    6    5    4    3    2    1    1    2    5   10   25   57  102  217  318  331  263  111   30
13   13   12   11   10    9    8    7    6    5    4    3    2    1    1    2    4   10   24   51   93  211  302  324  272  119   34
13   13   12   11   10    9    8    7    6    5    4    3    2    1    1    2    4   10   23   43   92  193  299  316  269  133   36
13   13   12   11   10    9    8    7    6    5    4    3    2    1    1    2    4    9   19   45   84  188  275  323  269  137   38
13   13   12   11   10    9    8    7    6    5    4    3    2    1    1    2    3    9   15   37   83  182  256  322  275  144   41
13   13   12   11   10    9    8    7    6    5    4    3    2    1    1    2    3    9   11   38   75  170  250  317  273  145   51
13   13   12   11   10    9    8    7    6    5    4    3    2    1    1    1    3    8   11   35   66  165  240  299  285  154   50
12   13   11   10    9    8    7    6    5    4    3    2    1    1    3    9   10   29   60  148  241  289  283  164   56
12   13   11   10    9    8    7    6    5    4    3    2    1    1    1    9   10   26   51  133  231  281  288  182   56
12   13   11   10    9    8    7    6    5    4    3    2    1    1    1    8    8   27   42  121  227  266  293  185   62
12   13   11   10    9    8    7    6    5    4    3    2    1    1    1    6    9   20   42  100  222  255  298  199   63
11   13   10    9    8    7    6    5    4    3    2    1    1    6    7   18   42   93  208  242  297  210   65
11   13   10    9    8    7    6    5    4    3    2    1    1    5    7   17   40   83  193  235  292  216   73
11   13   10    9    8    7    6    5    4    3    2    1    1    3    7   16   36   72  175  237  289  221   80
11   12   10    9    8    7    6    5    4    3    2    1    1    2    2   16   28   70  164  235  281  222   89
11   11   10    9    8    7    6    5    4    3    2    1    1    2    2    9   30   61  150  234  275  224   94
11   11   10    9    8    7    6    5    4    3    2    1    1    2    2    7   27   61  135  222  276  219   95
10   11    9    8    7    6    5    4    3    2    1    1    2    6   23   56  115  211  278  220   95
10   11    9    8    7    6    5    4    3    2    1    1    2    4   17   52  108  211  265  220  103
10   11    9    8    7    6    5    4    3    2    1    1    2    2   16   46   90  202  261  218  110
10   11    9    8    7    6    5    4    3    2    1    1    2    2   16   36   86  189  251  220  116
10   11    9    8    7    6    5    4    3    2    1    1    2    1   17   34   74  182  245  219  113
10   10    9    8    7    6    5    4    3    2    1    1    2    1   13   35   62  172  233  222  120
 9   10    9    7    6    5    4    3    2    1    1    2   12   27   58  156  224  226  124
 9   10    8    7    6    5    4    3    2    1    1    2   11   23   49  150  212  221  122
 8    8    7    6    5    4    3    2    1    3    8   20   43  144  199  215  130
 8    8    7    6    5    4    3    2    1    1    9   19   37  134  186  214  124
 8    8    7    6    5    4    3    2    1    1    6   18   35  121  179  207  132
 8    8    7    6    5    4    3    2    1    1    6   15   31  109  169  191  120
 7    7    6    5    4    3    2    1    7   12   25   96  172  176  116
 7    7    6    5    4    3    2    1    3   10   24   91  152  164  119
 7    7    6    5    4    3    2    1    2    4    9   28   47   67   50
 7    7    6    5    4    3    2    1    2    2    7   25   50   60   47
 7    7    6    5    4    3    2    1    2    2    6   18   44   57   42
 7    7    6    5    4    3    2    1    1    1    7   11   34   49   34
 6    7    5    4    3    2    1    1    3   16   22   27   20
 6    7    5    4    3    2    1    1    2   12   19   27   22
 6    6    5    4    3    2    1    1    1   13   17   25   22
 5    5    4    3    2    1    1   11   15   22   22
 4    4    3    2    1    6    5   16   11
 4    4    3    2    1    3   11   14    7
 4    4    3    2    1    3   11   11    7
 4    4    3    2    1    3   10   12    6
 4    4    3    2    1    3    7   13    5
 4    4    3    2    1    3    4   14    6
 4    4    3    2    1    3    4   14    6
 4    4    3    2    1    3    2   15    6
 4    4    3    2    1    2    2   13    6
 4    4    3    2    1    1    3   13    5
 3    3    2    1    2    5    4
 3    3    2    1    1    6    3
 3    3    2    1    1    5    3
 3    3    2    1    1    4    3
 2    2    1    2    2
 2    2    1    2    2
 2    2    1    2    2
 2    2    1    1    2
