# n  list(x)  list(y)
43   76   69   65   53   50   49   46   43   40   39   38   37   35   33   32   31   30   29   28   27   26   25   24   23   22   21   20   19   18   17   16   15   14   13   12   11   10    9    8    7    6    5    4    1    1    1    1    1    1    1    1    1    1    1    2    1    2    2    2    3    4    1    7    3    6    1   10    5   11    9   12    8   20   13   17   29   42   52   59   77  107  155  317 1357  151    4
42   75   69   64   53   49   46   43   40   39   38   37   35   33   32   31   30   29   27   26   25   24   23   22   21   20   19   18   17   16   15   14   13   12   11   10    9    8    7    6    5    4    3    1    1    1    1    2    1    1    1    1    1    2    1    2    2    2    2    5    8    3    6    1    7    6   11   11    8    9   21   10   19   30   41   47   62   73  108  146  309 1289  208   14    1
42   75   67   64   53   49   45   43   40   38   37   35   33   32   31   30   29   28   27   26   25   24   23   22   21   20   19   18   17   16   15   14   13   12   11   10    9    8    7    6    5    4    3    1    1    1    1    2    1    1    1    1    3    1    1    3    1    2    4    2    8    2    6    1    7    7    8   14    7    9   18   12   18   26   41   45   61   72  105  148  289 1205  293   19    2
43   74   66   63   53   49   45   43   40   37   36   35   33   32   31   30   29   28   27   26   25   24   23   22   21   20   19   18   17   16   15   14   13   12   11   10    9    8    7    6    5    4    3    2    1    1    1    1    2    1    1    1    3    1    1    1    1    3    1    2    4    8    2    6    1    6    5   10   13    8    9   17    7   22   24   40   41   61   71  101  145  280 1146  326   44    5    1
41   72   66   61   51   49   42   40   37   35   34   32   31   30   29   28   27   26   25   24   23   22   21   20   19   18   17   16   15   14   13   12   11   10    9    8    7    6    5    4    3    2    1    1    1    1    2    1    1    2    2    1    2    2    2    2    4    7    3    5    2    6    4    8   13   10    6   15   11   20   26   35   35   66   67  104  131  267 1086  377   62    8    1
42   72   66   60   51   49   48   41   39   37   35   34   32   31   30   29   28   27   26   25   24   23   22   21   20   19   18   17   16   15   14   13   12   11   10    9    8    7    6    5    4    3    2    1    1    1    1    1    1    1    1    2    1    2    2    2    2    1    4    6    4    3    5    5    4    6    9   14    6   13   12   21   25   32   32   67   67  103  122  258 1032  412   78   14    1
42   71   64   58   51   48   47   41   39   37   36   34   33   32   31   30   28   27   26   25   24   23   22   21   20   19   18   17   16   15   14   13   12   11   10    9    8    7    6    5    4    3    2    1    1    1    1    1    1    1    1    1    1    1    2    1    2    3    5    4    4    4    6    4    5    5    9   14    6   12   10   23   25   31   29   65   69   93  124  253  972  452   91   14    2
41   70   64   58   51   48   47   41   38   36   35   33   32   31   30   28   27   26   25   24   23   22   21   20   19   18   17   16   15   14   13   12   11   10    9    8    7    6    5    4    3    2    1    1    1    1    1    1    1    1    1    1    2    2    2    3    4    1    5    5    4    7    4    5    8   10   10    5   16   17   25   25   38   53   67   93  113  247  909  496  119   18    2
42   70   64   57   49   48   47   41   38   36   35   33   32   31   30   29   28   27   26   25   24   23   22   21   20   19   18   17   16   15   14   13   12   11   10    9    8    7    6    5    4    3    2    1    1    1    1    1    1    1    1    1    1    1    3    1    3    1    4    1    5    3    6    6    5    4    6   10   12    6   14   15   26   27   27   60   64   91  113  233  863  523  134   21    2
40   69   64   57   49   48   47   41   37   35   33   32   31   30   28   27   26   25   24   23   22   21   20   19   18   17   16   15   14   13   12   11   10    9    8    7    6    5    4    3    2    1    1    1    1    1    1    1    1    2    1    2    2    3    4    2    4    3    2    5    9    2    7   10   11    6   15   14   24   21   29   63   59   89  110  230  798  556  158   24    2
41   68   64   55   49   48   45   40   37   35   33   32   31   30   29   28   27   26   25   24   23   22   21   20   19   18   17   16   15   14   13   12   11   10    9    8    7    6    5    4    3    2    1    1    1    1    1    1    1    1    2    1    2    2    2    1    1    2    7    3    1    5    7    5    6    8   13    6   13   14   23   24   23   55   69   86  103  224  761  561  179   29    4
41   66   64   54   49   48   45   40   37   35   32   31   30   29   28   27   26   25   24   23   22   21   20   19   18   17   16   15   14   13   12   11   10    9    8    7    6    5    4    3    2    1    1    1    1    1    1    1    1    1    2    3    1    2    2    1    2    6    2    3    4    7    5    7    6   13    8   12   13   24   21   23   55   64   88   97  215  731  565  197   33    4    1
40   64   63   54   48   47   43   39   36   35   32   31   29   28   27   26   25   24   23   22   21   20   19   18   17   16   15   14   13   12   11   10    9    8    7    6    5    4    3    2    1    1    1    1    1    1    1    1    1    2    2    2    2    2    2    4    3    4    4    6    5    6    7   10    9   14   13   23   17   26   48   67   85   96  207  694  569  216   40    6    1
38   64   63   53   47   43   39   36   35   32   31   29   28   27   26   24   23   22   21   20   19   18   17   16   15   14   13   12   11   10    9    8    7    6    5    4    3    2    1    1    1    1    2    1    1    1    2    2    2    1    3    2    4    6    5    5    5    6    7    8   10   14   12   24   16   23   45   71   74   95  207  650  581  239   41    5    2
39   64   60   52   47   42   39   36   34   32   30   29   28   27   26   25   24   23   22   21   20   19   18   17   16   15   14   13   12   11   10    9    8    7    6    5    4    3    2    1    1    1    1    2    1    1    1    2    2    2    1    3    1    3    1    5    6    5    3    8    4    9    9   15   11   24   16   25   42   68   73   94  197  615  585  241   62    8    2
39   64   60   52   47   46   42   39   36   34   32   30   28   27   26   25   24   23   22   21   20   19   18   17   16   15   14   13   12   11   10    9    8    7    6    5    4    3    2    1    1    1    1    1    1    1    1    1    2    2    2    3    1    4    1    5    6    4    3    5    8    9    8   14   11   19   19   21   41   65   71   85  194  591  580  256   73   12    2
38   64   60   51   46   45   42   39   34   32   30   28   27   26   25   24   23   22   21   20   19   18   17   16   15   14   13   12   11   10    9    8    7    6    5    4    3    2    1    1    1    1    1    1    1    1    2    2    1    3    2    3    2    3    5    5    3    7    6    8    9   16   11   11   25   19   37   59   72   84  182  557  581  280   84   12    2
38   64   60   50   45   44   42   39   34   32   30   28   27   26   25   24   23   22   21   20   19   18   17   16   15   14   13   12   11   10    9    8    7    6    5    4    3    2    1    1    1    1    1    1    1    1    2    2    1    3    2    3    2    3    5    4    3    6    7    6   11   16    8   14   23   18   38   53   75   78  171  533  568  305   93   12    2
38   64   60   50   45   44   41   38   34   32   30   28   27   26   25   24   23   22   21   20   19   18   17   16   15   14   13   12   11   10    9    8    7    6    5    4    3    2    1    1    1    1    1    1    1    1    1    3    1    2    3    3    2    2    5    4    4    5    7    5   13   14    9   11   23   17   37   50   75   81  165  499  570  314   98   16    3
39   63   60   47   44   43   40   38   34   32   31   30   28   27   26   25   24   23   22   21   20   19   18   17   16   15   14   13   12   11   10    9    8    7    6    5    4    3    2    1    1    1    1    1    1    1    1    1    1    1    2    2    3    3    2    2    5    3    4    6    6    5   12   15    8   13   21   16   35   48   70   86  158  457  574  335  100   19    4
39   63   59   46   44   43   40   38   34   32   31   30   28   27   26   25   24   23   22   21   20   19   18   17   16   15   14   13   12   11   10    9    8    7    6    5    4    3    2    1    1    1    1    1    1    1    1    1    1    1    1    2    3    3    3    1    4    3    4    5    7    5   12   14   10   13   17   18   34   41   71   83  146  436  570  346  110   22    5
37   62   46   43   42   39   38   33   31   29   28   27   26   25   24   23   22   21   20   19   18   17   16   15   14   13   12   11   10    9    8    7    6    5    4    3    2    1    1    1    1    1    1    1    1    1    1    2    2    2    4    2    4    2    5    3    9    6    8   17    8   13   12   21   31   44   68   80  131  414  546  373  124   29    5
36   61   45   42   41   38   37   32   31   28   27   26   25   24   23   22   21   20   19   18   17   16   15   14   13   12   11   10    9    8    7    6    5    4    3    2    1    1    1    1    1    1    1    1    1    2    3    1    2    4    4    3    4    3    9    6    7   11   14   11   13   22   31   41   70   74  121  398  528  388  136   30    5
34   60   45   42   40   37   32   31   27   26   25   24   23   22   21   20   19   18   17   16   15   14   13   12   11   10    9    8    7    6    5    4    3    2    1    1    1    1    1    2    1    1    3    3    1    4    5    2    2    5    8    4   10   11   11   14    9   19   26   44   63   82  112  368  518  405  149   33    5
35   60   45   42   39   37   36   32   30   27   26   25   24   23   22   21   20   19   18   17   16   15   14   13   12   11   10    9    8    7    6    5    4    3    2    1    1    1    1    1    1    1    1    1    2    3    2    1    5    5    2    3   10    4    8   11   11   11    6   22   23   40   61   84  103  342  507  417  168   35    5
35   59   45   42   39   37   36   32   30   27   26   25   24   23   22   21   20   19   18   17   16   15   14   13   12   11   10    9    8    7    6    5    4    3    2    1    1    1    1    1    1    1    1    1    1    1    5    1    5    5    1    2   10    6    5   11   12   11    6   18   24   40   63   80  100  330  489  414  184   37    5
34   58   45   42   38   37   35   32   30   26   25   24   23   22   21   20   19   18   17   16   15   14   13   12   11   10    9    8    7    6    5    4    3    2    1    1    1    1    1    1    1    1    1    2    5    1    5    5    1    1    9    8    4    7   16    8    8   17   25   36   61   78   94  315  479  418  188   44    6
34   57   45   42   38   36   35   32   30   26   25   24   23   22   21   20   19   18   17   16   15   14   13   12   11   10    9    8    7    6    5    4    3    2    1    1    1    1    1    1    1    1    1    2    4    2    4    4    3    1    7   10    4    5   14   10    9   15   25   33   55   73   89  301  454  430  211   43    8
34   55   44   42   38   36   35   31   30   26   25   24   23   22   21   20   19   18   17   16   15   14   13   12   11   10    9    8    7    6    5    4    3    2    1    1    1    1    1    1    1    1    1    1    3    3    5    3    2    3    6    9    5    5   11   13   10   13   23   31   54   78   82  282  445  422  222   51    9
31   54   44   41   37   35   30   26   25   24   23   22   21   19   18   17   16   15   14   13   12   11   10    9    8    7    6    5    4    3    2    1    1    1    1    1    2    2    1    2    1    6    4    2    8    8    5    6   11   12    9    9   25   30   50   79   75  268  434  421  225   65   10
31   53   44   41   37   34   29   28   25   24   23   22   21   19   18   17   16   15   14   13   12   11   10    9    8    7    6    5    4    3    2    1    1    1    1    1    1    1    1    2    1    6    3    4    7    7    5    4   12   13    7   12   21   28   48   70   83  246  425  419  238   67   14
29   52   41   33   29   28   25   24   23   22   21   19   18   17   16   15   14   13   12   11   10    9    8    7    6    5    4    3    2    1    1    2    2    1    1    1    2    4    4    5    7    6    4    5   10   14    7    9   22   26   47   66   82  222  419  415  247   77   16
30   52   41   40   33   29   28   24   23   22   21   20   19   18   17   16   15   14   13   12   11   10    9    8    7    6    5    4    3    2    1    1    1    1    2    1    1    2    4    3    4    2    3    9    3    4    9   12   10    9   16   27   48   64   86  208  393  424  246   88   18
31   51   40   39   33   31   29   28   24   23   22   21   20   19   18   17   16   15   14   13   12   11   10    9    8    7    6    5    4    3    2    1    1    1    1    1    1    1    1    2    3    4    3    2    3    6    4    7    8    8   12   10   17   21   46   67   80  199  379  419  248  101   18
30   51   40   39   33   31   29   28   24   22   21   20   19   18   17   16   15   14   13   12   11   10    9    8    7    6    5    4    3    2    1    1    1    1    1    1    1    1    2    6    2    4    2    6    5    7    7    9    9   11   16   21   46   62   72  193  366  413  260  103   20
30   50   40   39   33   31   28   24   23   22   21   20   19   18   17   16   15   14   13   12   11   10    9    8    7    6    5    4    3    2    1    1    1    1    1    1    2    1    1    4    4    2    3    4    6    7    9    7    8   11   16   21   39   58   73  183  358  403  269  107   23
30   50   39   38   32   30   28   24   23   22   21   20   19   18   17   16   15   14   13   12   11   10    9    8    7    6    5    4    3    2    1    1    1    1    1    1    1    1    1    3    3    3    3    3    6    6    8    9    7   11   16   17   30   62   69  172  343  399  282  114   25
30   50   39   35   31   30   28   24   23   22   21   20   19   18   17   16   15   14   13   12   11   10    9    8    7    6    5    4    3    2    1    1    1    1    1    1    1    1    1    1    5    3    3    1    7    6    6    8   11    9   16   16   27   53   70  157  329  401  290  116   30
29   50   38   34   31   29   28   24   23   21   20   19   18   17   16   15   14   13   12   11   10    9    8    7    6    5    4    3    2    1    1    1    1    1    1    1    1    1    3    5    2    2    6    7    6    6   13   10   12   16   26   49   67  149  318  389  293  124   37
29   49   38   34   31   29   28   24   23   21   20   19   18   17   16   15   14   13   12   11   10    9    8    7    6    5    4    3    2    1    1    1    1    1    1    1    1    1    2    5    3    2    5    6    5    8   11    8   12   17   23   44   64  134  310  376  310  130   39
29   49   38   34   31   29   28   24   23   21   20   19   18   17   16   15   14   13   12   11   10    9    8    7    6    5    4    3    2    1    1    1    1    1    1    1    1    1    1    4    5    2    5    5    5    9    9   10   10   16   18   43   61  133  295  379  304  130   45
28   49   37   33   31   29   27   24   23   20   19   18   17   16   15   14   13   12   11   10    9    8    7    6    5    4    3    2    1    1    1    1    1    1    1    1    1    4    4    4    5    4    5   10    5    9   10   16   18   39   59  127  280  378  308  132   47
28   49   36   33   30   29   27   24   23   20   19   18   17   16   15   14   13   12   11   10    9    8    7    6    5    4    3    2    1    1    1    1    1    1    1    1    1    2    4    5    3    5    4    9    9    6   12   16   17   36   60  125  265  363  301  144   52
28   48   35   32   30   29   26   24   21   20   19   18   17   16   15   14   13   12   11   10    9    8    7    6    5    4    3    2    1    1    1    1    1    1    1    1    1    1    1    5    3    6    6    6   10    7   11   13   17   32   55  120  247  361  310  147   55
27   47   35   32   30   29   26   23   20   19   18   17   16   15   14   13   12   11   10    9    8    7    6    5    4    3    2    1    1    1    1    1    1    1    1    1    2    5    2    4    8    5   11    7    9   14   16   32   54  120  228  356  314  146   52
26   46   35   31   29   25   23   20   19   18   17   16   15   14   13   12   11   10    9    8    7    6    5    4    3    2    1    1    1    1    2    1    1    1    2    4    2    3    8    3   11    9    7   16   15   28   50  119  210  345  313  161   54
27   45   35   31   29   28   25   23   20   19   18   17   16   15   14   13   12   11   10    9    8    7    6    5    4    3    2    1    1    1    1    1    1    1    1    1    1    4    3    2    8    4    8   10    7   18   12   23   53  108  202  330  316  168   56
26   45   35   30   28   27   25   23   20   18   17   16   15   14   13   12   11   10    9    8    7    6    5    4    3    2    1    1    1    1    1    1    1    1    1    4    1    3    8    4    6    8    8   16   14   20   51  100  195  317  320  172   60
26   44   35   30   27   25   24   22   20   18   17   16   15   14   13   12   11   10    9    8    7    6    5    4    3    2    1    1    1    1    1    1    1    1    1    3    2    1    7    6    3    9    9   15   14   14   47   96  190  305  321  178   62
26   44   34   30   27   25   24   22   20   18   17   16   15   14   13   12   11   10    9    8    7    6    5    4    3    2    1    1    1    1    1    1    1    1    1    2    1    2    6    4    6    4    9   17   12   15   44   90  181  290  327  180   66
24   43   32   30   27   23   22   20   18   16   15   14   13   12   11   10    9    8    7    6    5    4    3    2    1    1    1    1    1    2    1    1    1    3    6    4    6    5    5   18   12   15   41   88  168  268  329  192   67
24   42   32   30   25   23   22   19   18   16   15   14   13   12   11   10    9    8    7    6    5    4    3    2    1    1    1    1    1    2    1    1    1    3    4    5    7    3    6   14   16   10   41   76  170  253  331  195   67
24   41   32   29   24   23   21   19   18   16   15   14   13   12   11   10    9    8    7    6    5    4    3    2    1    1    1    1    1    2    1    1    1    2    4    6    5    4    7   11   15   13   35   71  159  249  310  211   73
25   40   32   28   24   23   22   21   19   18   16   15   14   13   12   11   10    9    8    7    6    5    4    3    2    1    1    1    1    1    1    1    1    1    1    1    3    6    5    3    8    7   13   14   34   69  144  242  300  218   78
25   39   32   28   24   22   21   20   19   18   16   15   14   13   12   11   10    9    8    7    6    5    4    3    2    1    1    1    1    1    1    1    1    1    1    1    2    6    5    4    7    8   10   13   33   60  133  234  296  225   83
23   39   31   27   23   22   19   18   16   15   14   13   12   11   10    9    8    7    6    5    4    3    2    1    1    1    1    1    1    3    1    1    1    5    5    4    9    4   14   10   27   56  132  216  296  228   85
22   37   28   27   23   22   19   18   15   14   13   12   11   10    9    8    7    6    5    4    3    2    1    1    1    1    1    1    2    1    2    4    2    5   10    4   11   12   27   47  121  210  289  231   91
22   34   27   26   22   20   19   18   15   14   13   12   11   10    9    8    7    6    5    4    3    2    1    1    1    1    1    1    1    2    2    4    1    4    6    9    9   13   23   43  112  208  274  235   97
21   32   26   25   20   19   18   16   15   14   12   11   10    9    8    7    6    5    4    3    2    1    1    1    1    1    1    2    1    2    2    6    4    9    9   11   20   42  105  193  265  239  107
19   32   25   19   18   16   14   13   12   11   10    9    8    7    6    5    4    3    2    1    1    2    1    3    1    3    1    5    3    8    8   12   17   41  105  177  251  239  114
20   30   25   19   18   17   16   14   13   12   11   10    9    8    7    6    5    4    3    2    1    1    2    1    2    1    1    3    1    5    3    5    5   13   16   42   99  173  235  246  109
21   30   25   24   19   18   17   16   14   13   12   11   10    9    8    7    6    5    4    3    2    1    1    1    1    1    2    1    1    1    3    2    4    6    5   10   16   41   87  169  223  238  117
19   30   24   22   19   17   16   13   12   11   10    9    8    7    6    5    4    3    2    1    1    1    1    1    3    1    3    3    3    5    7    8   17   38   81  161  223  230  118
20   29   24   21   19   17   16   15   13   12   11   10    9    8    7    6    5    4    3    2    1    1    1    1    1    2    1    1    3    1    5    3    5   11   17   30   78  150  216  234  118
18   29   22   20   18   16   13   12   11   10    9    8    7    6    5    4    3    2    1    1    1    1    1    3    2    2    6    3    4   11    8   34   67  141  206  233  126
18   29   21   20   17   16   13   12   11   10    9    8    7    6    5    4    3    2    1    1    1    1    1    3    1    1    7    2    3   12    7   28   60  130  210  215  135
16   28   20   16   15   12   11   10    9    8    7    6    5    4    3    2    1    1    2    3    1    1    3    6    2   11    9   18   59  112  210  209  136
16   27   20   16   14   12   11   10    9    8    7    6    5    4    3    2    1    1    2    3    1    1    3    4    3    7   12   16   53  107  199  196  143
18   27   20   19   16   15   13   12   11   10    9    8    7    6    5    4    3    2    1    1    1    1    1    2    1    1    1    5    4    6   13   13   50  104  178  199  143
17   25   20   18   16   14   12   11   10    9    8    7    6    5    4    3    2    1    1    1    1    1    2    2    1    3    5    5   11   15   51   95  174  188  145
17   25   19   18   16   14   12   11   10    9    8    7    6    5    4    3    2    1    1    1    1    1    1    3    1    3    3    6    8   15   49   89  172  179  139
16   24   18   16   13   12   11   10    9    8    7    6    5    4    3    2    1    1    2    1    1    2    1    2    2    1    8   12   41   73  169  171  132
15   24   18   14   13   12   11   10    9    7    6    5    4    3    2    1    1    2    1    1    2    1    2    2    9    9   35   67  158  170  126
15   24   18   17   13   12   11   10    9    7    6    5    4    3    2    1    1    1    1    1    2    2    2    2    8    9   33   59  150  161  131
15   23   17   13   12   11   10    9    8    7    6    5    4    3    2    1    1    2    1    1    3    2    1    1    7    8   28   55  136  156  131
14   23   17   14   13   11   10    9    7    6    5    4    3    2    1    1    1    1    1    4    1    2    7    7   25   52  124  149  121
11   15   14   11    9    7    6    5    4    3    2    1    1    1    3    4    5    7   20   41   98  143  115
10   14   11    9    7    6    5    4    3    2    1    2    3    4    4    6   18   28   91  135  112
11   14   13   11    9    7    6    5    4    3    2    1    1    1    2    5    3    4   14   28   63  123   98
13   14   12   11   10    9    8    7    6    5    4    3    2    1    1    1    1    1    3    2    2    4   13   22   56  115  101
12   13   11   10    9    8    7    6    5    4    3    2    1    1    1    1    1    2    1    4   10   19   50   88   84
11   13   10    9    8    7    6    5    4    3    2    1    1    1    1    3    1    3    9   14   40   68   70
11   13   10    9    8    7    6    5    4    3    2    1    1    1    1    2    1    2    6   12   35   50   62
10   13   10    8    7    6    5    4    3    2    1    1    1    2    2    1    5   10   25   53   55
 8   13    8    7    5    4    3    2    1    1    1    4    5    8   23   49   43
 9   12    8    7    6    5    4    3    2    1    1    1    3    1    3    8   19   47   39
 8   12    8    6    5    4    3    2    1    1    1    1    3    1    9   14   20
 6    6    5    4    3    2    1    1    3    1    5    8   12
 5    5    4    3    2    1    4    1    5    8   11
 4    5    3    2    1    3    5    3    8
 4    4    3    2    1    2    3    5    5
 4    4    3    2    1    1    4    5    4
 4    4    3    2    1    1    4    5    4
 3    3    2    1    4    3    4
 2    5    1    1    5
 2    5    1    1    5
 2    2    1    2    2
 2    2    1    1    2
 2    2    1    1    2
