# n  list(x)  list(y)
18   21   20   19   18   17   16   15   14   13   12   11   10    9    8    7    6    5    4    1    2    2    3    2   10   14   24   38   77  128  194  299  435  493  633  141    4
18   20   19   18   17   16   15   14   13   12   11   10    9    8    7    6    5    4    3    3    2    3    2    8   16   22   37   72  128  189  285  422  483  631  154   17    1
18   20   19   18   17   16   15   14   13   12   11   10    9    8    7    6    5    4    3    3    1    4    2    8   16   20   32   69  122  184  282  407  463  626  185   23    3
19   20   19   18   17   16   15   14   13   12   11   10    9    8    7    6    5    4    3    2    1    2    3    3    7   13   19   31   63  117  176  262  396  470  607  224   26    4    1
19   20   19   18   17   16   15   14   13   12   11   10    9    8    7    6    5    4    3    2    1    2    3    3    4   12   22   28   58  114  170  244  392  449  598  260   35    4    1
19   19   18   17   16   15   14   13   12   11   10    9    8    7    6    5    4    3    2    1    2    4    2    5   10   24   25   53  110  159  237  378  441  592  269   57    5    1    1
19   19   18   17   16   15   14   13   12   11   10    9    8    7    6    5    4    3    2    1    2    2    4    4    9   20   27   47   99  169  225  360  418  598  292   64    7    2    1
19   19   18   17   16   15   14   13   12   11   10    9    8    7    6    5    4    3    2    1    1    3    4    4    9   15   28   46   92  166  217  340  412  579  312   84   10    2    1
19   19   18   17   16   15   14   13   12   11   10    9    8    7    6    5    4    3    2    1    1    3    4    4    7   15   27   45   86  160  211  326  413  559  325   94   17    2    1
19   19   18   17   16   15   14   13   12   11   10    9    8    7    6    5    4    3    2    1    1    3    3    5    7   10   30   42   82  149  206  316  399  553  334  112   19    3    1
19   19   18   17   16   15   14   13   12   11   10    9    8    7    6    5    4    3    2    1    1    3    3    4    7    6   29   43   78  134  197  303  407  532  347  128   24    3    1
19   19   18   17   16   15   14   13   12   11   10    9    8    7    6    5    4    3    2    1    1    2    4    2    8    6   26   42   69  131  191  282  405  514  363  147   28    3    1
18   18   17   16   15   14   13   12   11   10    9    8    7    6    5    4    3    2    1    2    3    2    5    8   20   38   67  122  187  275  394  512  365  158   38    3    1
18   18   17   16   15   14   13   12   11   10    9    8    7    6    5    4    3    2    1    2    3    2    3   10   16   35   61  117  177  260  383  507  383  169   41    5    1
18   18   17   16   15   14   13   12   11   10    9    8    7    6    5    4    3    2    1    1    4    2    3    8   10   32   63  106  164  261  367  503  391  176   53    5    1
18   18   17   16   15   14   13   12   11   10    9    8    7    6    5    4    3    2    1    1    3    3    3    8    8   30   62   93  163  246  357  486  404  192   57    8    1
18   18   17   16   15   14   13   12   11   10    9    8    7    6    5    4    3    2    1    1    2    4    3    7    8   25   55   89  151  238  349  478  403  211   66    9    1
17   18   16   15   14   13   12   11   10    9    8    7    6    5    4    3    2    1    1    6    2    8    8   20   55   78  149  225  340  462  411  225   73   10    2
17   17   16   15   14   13   12   11   10    9    8    7    6    5    4    3    2    1    1    4    3    6    9   16   48   76  140  226  318  456  415  235   82   13    2
17   17   16   15   14   13   12   11   10    9    8    7    6    5    4    3    2    1    1    3    3    5   10   13   45   66  132  215  319  441  424  243   88   15    2
17   17   16   15   14   13   12   11   10    9    8    7    6    5    4    3    2    1    1    2    3    5    9   10   43   60  125  203  312  430  425  260   92   18    2
17   17   16   15   14   13   12   11   10    9    8    7    6    5    4    3    2    1    1    1    4    3   11   10   39   52  123  191  297  414  431  274  100   22    2
17   17   16   15   14   13   12   11   10    9    8    7    6    5    4    3    2    1    1    1    4    3   10    9   35   52  117  183  282  400  426  288  109   28    2
17   17   16   15   14   13   12   11   10    9    8    7    6    5    4    3    2    1    1    1    4    2   10    8   35   50  107  166  274  399  427  297  108   34    2
17   17   16   15   14   13   12   11   10    9    8    7    6    5    4    3    2    1    1    1    4    2    7   11   27   49  107  156  267  375  428  307  121   35    2
17   17   16   15   14   13   12   11   10    9    8    7    6    5    4    3    2    1    1    1    4    2    5   11   26   46  103  147  253  362  423  316  135   38    2
17   17   16   15   14   13   12   11   10    9    8    7    6    5    4    3    2    1    1    1    4    2    3    9   29   38   98  141  235  362  408  322  152   41    4
17   17   16   15   14   13   12   11   10    9    8    7    6    5    4    3    2    1    1    1    1    5    2   10   27   38   91  137  224  340  413  320  160   50    5
17   17   16   15   14   13   12   11   10    9    8    7    6    5    4    3    2    1    1    1    1    5    2    8   25   33   86  128  208  338  412  330  160   57    5
16   17   15   14   13   12   11   10    9    8    7    6    5    4    3    2    1    1    1    5    3    7   18   36   83  126  197  321  405  336  163   66    5
15   17   14   13   12   11   10    9    8    7    6    5    4    3    2    1    1    6    3    5   15   30   85  119  185  320  376  354  169   74    6
15   17   14   13   12   11   10    9    8    7    6    5    4    3    2    1    1    6    3    4   16   22   76  116  189  289  386  355  178   75    7
15   17   14   13   12   11   10    9    8    7    6    5    4    3    2    1    1    5    2    5   15   22   67  105  189  279  372  360  189   78    9
15   17   14   13   12   11   10    9    8    7    6    5    4    3    2    1    1    5    2    4   14   21   55  107  188  253  360  374  194   85   10
15   16   14   13   12   11   10    9    8    7    6    5    4    3    2    1    1    3    4    4   10   22   50  100  186  245  342  371  202   96   12
15   16   14   13   12   11   10    9    8    7    6    5    4    3    2    1    1    1    5    4    9   18   49   97  174  233  340  368  212   97   15
14   16   13   12   11   10    9    8    7    6    5    4    3    2    1    1    5    5    8   17   45   88  164  231  318  374  223  102   17
14   16   13   12   11   10    9    8    7    6    5    4    3    2    1    1    4    6    7   14   43   86  148  218  318  374  230  107   16
14   16   13   12   11   10    9    8    7    6    5    4    3    2    1    1    4    5    7   11   42   70  145  217  313  356  246  109   21
14   16   13   12   11   10    9    8    7    6    5    4    3    2    1    1    4    5    6   11   38   66  139  221  290  343  260  115   23
14   15   13   12   11   10    9    8    7    6    5    4    3    2    1    1    3    5    6   10   34   57  135  213  274  339  266  127   27
14   15   13   12   11   10    9    8    7    6    5    4    3    2    1    1    3    5    6    8   32   53  125  200  268  328  281  131   32
14   15   13   12   11   10    9    8    7    6    5    4    3    2    1    1    3    5    5    8   29   53  114  191  256  319  295  134   35
14   15   13   12   11   10    9    8    7    6    5    4    3    2    1    1    2    6    5    7   27   47  109  187  244  314  299  138   37
14   15   13   12   11   10    9    8    7    6    5    4    3    2    1    1    1    7    4    7   22   44   99  171  248  307  297  142   44
14   15   13   12   11   10    9    8    7    6    5    4    3    2    1    1    1    6    3    8   19   39   91  160  243  298  305  149   45
14   15   13   12   11   10    9    8    7    6    5    4    3    2    1    1    1    6    3    6   16   34   83  150  234  292  308  161   48
14   14   13   12   11   10    9    8    7    6    5    4    3    2    1    1    1    6    3    6   11   35   81  137  233  278  302  175   49
12   12   11   10    9    8    7    6    5    4    3    2    1    7    3    4   10   33   75  133  219  273  298  184   53
12   12   11   10    9    8    7    6    5    4    3    2    1    6    4    3    8   28   73  129  196  275  298  196   49
12   12   11   10    9    8    7    6    5    4    3    2    1    5    5    2    8   27   66  125  182  266  298  195   59
12   12   11   10    9    8    7    6    5    4    3    2    1    5    1    6    8   20   58  124  175  250  295  204   67
12   12   11   10    9    8    7    6    5    4    3    2    1    2    4    5    7   18   41  112  172  246  297  208   75
12   12   11   10    9    8    7    6    5    4    3    2    1    2    1    7    7   17   32  106  169  233  291  212   82
12   12   11   10    9    8    7    6    5    4    3    2    1    2    1    6    6   16   28   95  162  221  290  217   87
12   12   11   10    9    8    7    6    5    4    3    2    1    2    1    3    7   14   25   87  151  220  282  216   98
11   11   10    9    8    7    6    5    4    3    2    1    2    2    8   11   24   78  133  224  270  223  103
11   11   10    9    8    7    6    5    4    3    2    1    1    2    9    9   20   73  126  205  273  226  107
10   10    9    8    7    6    5    4    3    2    1    3    8    9   16   67  117  198  265  224  116
10   10    9    8    7    6    5    4    3    2    1    1    6    8   17   53  112  193  263  216  126
10   10    9    8    7    6    5    4    3    2    1    1    5    8   16   47  104  179  253  217  138
10   10    9    8    7    6    5    4    3    2    1    1    4    8   14   39  101  169  242  228  139
10   10    9    8    7    6    5    4    3    2    1    1    3    7   14   35   93  162  222  228  142
10   10    9    8    7    6    5    4    3    2    1    1    2    7   12   33   88  153  210  224  142
10   10    9    8    7    6    5    4    3    2    1    1    2    6   11   25   90  137  204  217  139
 9   10    8    7    6    5    4    3    2    1    1    7    7   21   77  135  198  207  142
 9    9    8    7    6    5    4    3    2    1    1    6    7   17   66  127  184  203  140
 9    9    8    7    6    5    4    3    2    1    1    5    8   14   56  121  182  196  127
 9    9    8    7    6    5    4    3    2    1    1    5    6   15   50   92  177  191  124
 9    9    8    7    6    5    4    3    2    1    1    5    6   11   46   85  167  190  122
 8    8    7    6    5    4    3    2    1    6    5   10   43   78  151  190  127
 8    8    7    6    5    4    3    2    1    3    7    7   35   61  133  169  119
 8    8    7    6    5    4    3    2    1    1    7    8   26   54  108  145   99
 8    8    7    6    5    4    3    2    1    1    4    8   26   47   93  120   91
 7    7    6    5    4    3    2    1    3    5   18   31   56   80   63
 7    7    6    5    4    3    2    1    1    6   12   19   45   67   42
 7    7    6    5    4    3    2    1    1    5   10   15   41   68   38
 6    6    5    4    3    2    1    3   11   13   43   55   38
 6    6    5    4    3    2    1    3    8   14   40   50   34
 6    6    5    4    3    2    1    2    5   14   32   48   29
 6    6    5    4    3    2    1    2    2   12   33   44   25
 6    6    5    4    3    2    1    2    2   11   32   43   24
 5    5    4    3    2    1    3    9   30   39   27
 5    5    4    3    2    1    3    6   22   37   23
 5    5    4    3    2    1    1    3   18   29   21
 5    5    4    3    2    1    1    3   15   28   18
 4    4    3    2    1    3   14   19   18
 4    4    3    2    1    3    7   12   11
 4    4    3    2    1    3    5   12    9
 4    4    3    2    1    1    3    9    5
 4    4    3    2    1    1    3    9    5
 4    4    3    2    1    1    3    8    5
 3    4    2    1    1    6    2
 3    3    2    1    3    2    3
 3    3    2    1    1    2    3
 2    3    1    1    3
 2    3    1    1    3
 2    2    1    1    2
