# n  list(x)  list(y)
 6    8    7    6    5    4    3  664  963  622  167   82    2
 6    8    7    6    5    4    3  602  945  645  191   86    6
 7    8    7    6    5    4    3    2  560  906  666  216   91   10    1
 7    8    7    6    5    4    3    2  510  872  680  250  100   12    1
 7    8    7    6    5    4    3    2  454  843  702  277  107   16    1
 7    8    7    6    5    4    3    2  406  807  716  306  122   17    1
 7    8    7    6    5    4    3    2  364  781  718  336  125   25    1
 7    8    7    6    5    4    3    2  332  750  722  350  140   30    1
 7    8    7    6    5    4    3    2  287  724  724  379  151   33    2
 7    8    7    6    5    4    3    2  260  681  734  397  161   38    4
 7    8    7    6    5    4    3    2  244  636  726  425  170   43    6
 7    8    7    6    5    4    3    2  216  600  711  461  184   47    6
 7    8    7    6    5    4    3    2  197  559  693  490  200   53    8
 8    8    7    6    5    4    3    2    1  180  532  667  509  217   62    7    1
 8    8    7    6    5    4    3    2    1  166  498  645  526  232   73    9    1
 8    8    7    6    5    4    3    2    1  152  461  638  526  256   77   13    2
 8    8    7    6    5    4    3    2    1  130  438  622  521  287   87   13    2
 8    8    7    6    5    4    3    2    1  115  422  603  514  304   98   17    2
 8    8    7    6    5    4    3    2    1   96  387  607  520  313  103   22    2
 8    8    7    6    5    4    3    2    1   89  354  588  531  319  115   25    4
 8    8    7    6    5    4    3    2    1   75  331  571  532  336  124   26    5
 8    8    7    6    5    4    3    2    1   68  312  541  535  352  134   26    7
 8    8    7    6    5    4    3    2    1   56  296  520  531  366  146   28    7
 8    8    7    6    5    4    3    2    1   49  267  509  524  380  157   29   10
 8    8    7    6    5    4    3    2    1   44  246  492  514  387  172   35   10
 8    8    7    6    5    4    3    2    1   42  224  479  506  396  176   40   12
 8    8    7    6    5    4    3    2    1   38  201  458  500  405  191   45   12
 8    8    7    6    5    4    3    2    1   32  192  423  498  414  199   54   13
 8    8    7    6    5    4    3    2    1   27  176  398  490  425  208   62   14
 8    8    7    6    5    4    3    2    1   23  161  381  481  427  222   65   14
 8    8    7    6    5    4    3    2    1   22  147  359  472  420  238   76   15
 8    8    7    6    5    4    3    2    1   19  132  333  465  432  241   84   18
 8    8    7    6    5    4    3    2    1   18  126  312  452  427  255   88   21
 8    8    7    6    5    4    3    2    1   15  115  286  437  445  261   96   19
 8    8    7    6    5    4    3    2    1   12  100  266  435  447  261  107   20
 8    8    7    6    5    4    3    2    1   12   90  245  417  450  274  111   23
 8    8    7    6    5    4    3    2    1   10   81  212  413  448  283  123   27
 8    8    7    6    5    4    3    2    1   10   77  199  391  439  292  134   30
 8    8    7    6    5    4    3    2    1    9   71  188  369  428  308  139   30
 8    8    7    6    5    4    3    2    1    9   59  180  349  420  321  149   29
 8    8    7    6    5    4    3    2    1    6   52  171  332  419  322  154   34
 8    8    7    6    5    4    3    2    1    6   49  159  323  403  331  156   37
 8    8    7    6    5    4    3    2    1    5   44  150  302  404  333  157   41
 8    8    7    6    5    4    3    2    1    5   38  143  288  405  313  174   43
 8    8    7    6    5    4    3    2    1    4   34  129  273  398  317  183   44
 8    8    7    6    5    4    3    2    1    4   31  118  250  383  334  188   49
 8    8    7    6    5    4    3    2    1    4   29  110  231  371  334  200   54
 8    8    7    6    5    4    3    2    1    4   23  103  223  347  352  194   58
 8    8    7    6    5    4    3    2    1    3   18   96  211  334  357  197   64
 8    8    7    6    5    4    3    2    1    2   16   85  204  317  352  208   68
 8    8    7    6    5    4    3    2    1    2   13   80  196  300  344  211   81
 8    8    7    6    5    4    3    2    1    2   11   70  171  302  333  220   79
 8    8    7    6    5    4    3    2    1    2   10   63  155  287  331  230   76
 8    8    7    6    5    4    3    2    1    1    9   59  143  278  317  237   73
 8    8    7    6    5    4    3    2    1    1    9   53  142  256  299  243   84
 8    8    7    6    5    4    3    2    1    1    7   49  127  239  287  243   91
 8    8    7    6    5    4    3    2    1    1    6   45  122  222  286  227   96
 8    8    7    6    5    4    3    2    1    1    5   38  112  200  286  228   99
 8    8    7    6    5    4    3    2    1    1    4   33   92  194  282  228  102
 8    8    7    6    5    4    3    2    1    1    1   16   47   94  137  111   47
 8    8    7    6    5    4    3    2    1    1    1   12   44   85  134  110   49
 8    8    7    6    5    4    3    2    1    1    1   11   34   81  130  105   49
 8    8    7    6    5    4    3    2    1    1    1    8   28   67  102  103   45
 8    8    7    6    5    4    3    2    1    1    1    5   28   57   93   91   40
 8    8    7    6    5    4    3    2    1    1    1    5   23   56   88   90   40
 7    7    6    5    4    3    2    1    2    5   17   47   63   63   30
 7    7    6    5    4    3    2    1    1    1    9   21   45   37   23
 7    7    6    5    4    3    2    1    1    1    9   18   35   43   19
 6    7    5    4    3    2    1    1    8   16   21   29   12
 6    7    5    4    3    2    1    1    5   10   22   29   14
 7    7    6    5    4    3    2    1    1    1    3   18   20   25    8
 7    7    6    5    4    3    2    1    1    1    3   17   20   25    8
 7    7    6    5    4    3    2    1    1    1    2   17   19   26    8
 6    6    5    4    3    2    1    1    1    5   11    8    8
 6    6    5    4    3    2    1    1    1    4   11    6   10
 6    6    5    4    3    2    1    1    1    4   10    7    9
 6    6    5    4    3    2    1    1    1    4    8    5    9
 6    6    5    4    3    2    1    1    1    4    8    5    9
 5    6    4    3    2    1    1    4    5    7    7
 5    6    4    3    2    1    1    4    5    6    7
 5    6    4    3    2    1    1    3    5    3    5
 4    5    3    2    1    1    4    6    3
 4    5    3    2    1    1    4    6    3
 4    5    3    2    1    1    4    6    3
 4    4    3    2    1    1    3    5    3
 4    4    3    2    1    1    3    5    3
 3    3    2    1    2    6    2
 5    5    4    3    2    1    1    1    1    3    2
 5    5    4    3    2    1    1    1    1    3    2
 4    4    3    2    1    1    1    1    3
 3    3    2    1    1    3    1
 3    3    2    1    2    1    2
 3    3    2    1    2    1    2
 3    3    2    1    2    1    2
 2    2    1    2    2
 2    2    1    2    2
 2    2    1    1    2
 2    2    1    1    2
