# n  list(x)  list(y)
17   22   19   18   17   16   15   14   13   12   11   10    9    8    7    6    5    4    1    2    2    4    6   16   29   58   67  115  185  301  437  509  617  147    4
17   21   19   18   17   16   15   14   13   12   11   10    9    8    7    6    5    4    1    1    3    3    7   14   25   57   66  102  168  301  417  513  616  172    9
17   21   19   18   17   16   15   14   13   12   11   10    9    8    7    6    5    4    1    1    3    1    8   12   23   56   65   96  162  286  400  513  601  208   14
17   21   19   18   17   16   15   14   13   12   11   10    9    8    7    6    5    4    1    1    3    1    4   13   21   53   62   96  151  274  391  495  600  236   23
17   21   18   17   16   15   14   13   12   11   10    9    8    7    6    5    4    3    1    3    2    4   12   20   47   63   93  144  257  367  500  588  266   29    4
17   21   18   17   16   15   14   13   12   11   10    9    8    7    6    5    4    3    1    3    1    4   13   18   42   62   93  142  245  350  482  585  287   43    4
17   21   18   17   16   15   14   13   12   11   10    9    8    7    6    5    4    3    1    3    1    3    9   20   42   56   86  139  243  338  466  583  296   58    6
17   21   18   17   16   15   14   13   12   11   10    9    8    7    6    5    4    3    1    3    1    3    7   16   39   59   79  120  247  331  453  574  316   69    7
17   21   18   17   16   15   14   13   12   11   10    9    8    7    6    5    4    3    1    3    1    3    6   15   38   53   75  119  229  329  442  559  329   87   11
17   21   18   17   16   15   14   13   12   11   10    9    8    7    6    5    4    3    1    2    1    4    5   10   39   51   72  114  214  320  429  558  339  102   14
16   21   18   16   15   14   13   12   11   10    9    8    7    6    5    4    3    1    2    5    4    8   39   48   71  102  210  309  411  562  351  112   15
16   21   18   16   15   14   13   12   11   10    9    8    7    6    5    4    3    1    2    4    5    6   37   48   65   97  197  308  382  567  369  119   18
18   21   18   17   16   15   14   13   12   11   10    9    8    7    6    5    4    3    2    1    1    1    4    5    5   38   46   61   93  187  300  382  532  383  140   20    1
18   21   18   17   16   15   14   13   12   11   10    9    8    7    6    5    4    3    2    1    1    1    4    5    5   35   46   55   93  176  285  379  504  398  158   28    1
18   21   18   17   16   15   14   13   12   11   10    9    8    7    6    5    4    3    2    1    1    1    3    6    4   28   47   54   88  152  278  379  483  410  180   33    2
18   21   18   17   16   15   14   13   12   11   10    9    8    7    6    5    4    3    2    1    1    1    3    5    4   24   48   50   81  152  262  355  492  417  186   41    2
18   21   18   17   16   15   14   13   12   11   10    9    8    7    6    5    4    3    2    1    1    1    3    4    4   23   45   45   83  147  257  336  475  421  199   50    5
17   21   18   16   15   14   13   12   11   10    9    8    7    6    5    4    3    2    1    1    1    6    2   22   44   47   74  134  246  329  461  422  223   55    7
16   21   16   15   14   13   12   11   10    9    8    7    6    5    4    3    2    1    2    6    1   19   35   49   70  128  231  319  445  436  236   64    8
16   21   16   15   14   13   12   11   10    9    8    7    6    5    4    3    2    1    2    5    1   17   33   47   72  116  213  317  440  431  251   70    9
17   20   16   15   14   13   12   11   10    9    8    7    6    5    4    3    2    1    1    1    5    2   14   31   43   69  111  206  295  442  421  273   74   11    1
17   18   16   15   14   13   12   11   10    9    8    7    6    5    4    3    2    1    1    1    4    2   12   28   45   63  107  197  289  431  415  277   87   15    1
16   18   15   14   13   12   11   10    9    8    7    6    5    4    3    2    1    1    4    3    8   27   40   64   96  187  279  419  426  279   98   18    1
16   18   15   14   13   12   11   10    9    8    7    6    5    4    3    2    1    1    3    2    7   27   39   57   96  171  279  408  423  282  110   19    1
16   18   15   14   13   12   11   10    9    8    7    6    5    4    3    2    1    1    3    2    6   25   37   58   91  162  267  393  417  299  116   22    1
16   18   15   14   13   12   11   10    9    8    7    6    5    4    3    2    1    1    3    2    5   17   39   57   87  150  252  386  416  306  129   24    1
16   18   15   14   13   12   11   10    9    8    7    6    5    4    3    2    1    1    3    2    4   12   42   54   77  146  242  377  402  319  138   29    2
15   17   15   13   12   11   10    9    8    7    6    5    4    3    2    1    1    3    3    9   39   54   75  139  227  370  400  314  152   37    2
16   17   15   14   13   12   11   10    9    8    7    6    5    4    3    2    1    1    1    2    2    9   32   53   73  123  217  357  400  325  160   42    2
16   17   15   14   13   12   11   10    9    8    7    6    5    4    3    2    1    1    1    2    1   10   24   56   68  114  202  347  397  320  185   43    3
16   16   15   14   13   12   11   10    9    8    7    6    5    4    3    2    1    1    1    1    2    9   22   52   65  109  197  316  400  333  190   48    3
16   16   15   14   13   12   11   10    9    8    7    6    5    4    3    2    1    1    1    1    2    9   17   50   67  105  192  298  387  330  204   56    4
16   16   15   14   13   12   11   10    9    8    7    6    5    4    3    2    1    1    1    1    2    9   15   46   59  109  172  289  382  327  218   61    7
15   15   14   13   12   11   10    9    8    7    6    5    4    3    2    1    1    2    1    8   16   42   51  102  164  287  366  335  217   74    8
15   15   14   13   12   11   10    9    8    7    6    5    4    3    2    1    1    2    1    8   14   37   55   93  161  268  358  335  221   86    9
15   15   14   13   12   11   10    9    8    7    6    5    4    3    2    1    1    2    1    7   11   35   50   92  147  256  350  334  239   87   11
15   15   14   13   12   11   10    9    8    7    6    5    4    3    2    1    1    1    2    5   11   29   48   90  138  236  351  332  243   99   12
15   15   14   13   12   11   10    9    8    7    6    5    4    3    2    1    1    1    2    3   12   23   45   90  136  216  345  328  253  104   14
13   15   13   11   10    9    8    7    6    5    4    3    2    1    1    3   13   22   40   88  131  202  335  335  255  110   12
13   14   13   11   10    9    8    7    6    5    4    3    2    1    1    3   12   20   38   80  130  191  326  331  260  111   19
12   13   11   10    9    8    7    6    5    4    3    2    1    4   10   22   34   76  129  181  326  317  255  122   18
12   13   11   10    9    8    7    6    5    4    3    2    1    4    8   20   33   66  123  177  313  323  255  127   20
12   13   11   10    9    8    7    6    5    4    3    2    1    4    7   17   32   62  116  167  305  313  269  125   27
12   13   11   10    9    8    7    6    5    4    3    2    1    4    5   18   29   55  115  158  288  304  280  133   29
12   13   11   10    9    8    7    6    5    4    3    2    1    4    5   17   26   50  107  154  262  317  269  152   29
12   13   11   10    9    8    7    6    5    4    3    2    1    3    5   12   26   45  108  147  241  309  277  160   34
12   13   11   10    9    8    7    6    5    4    3    2    1    3    4   13   19   50  102  140  236  300  277  156   41
13   13   12   11   10    9    8    7    6    5    4    3    2    1    2    1    3   13   14   46   89  141  219  296  281  164   44
13   13   12   11   10    9    8    7    6    5    4    3    2    1    1    2    3    9   15   43   89  127  209  292  282  165   51
13   13   12   11   10    9    8    7    6    5    4    3    2    1    1    2    3    9   13   42   85  121  195  283  280  175   55
11   12   10    9    8    7    6    5    4    3    2    1    3    7   12   35   82  106  189  275  275  189   64
12   12   11   10    9    8    7    6    5    4    3    2    1    2    1    3   14   29   74   94  191  265  283  189   67
12   12   11   10    9    8    7    6    5    4    3    2    1    1    1    2   11   22   67   97  162  267  283  197   72
12   12   11   10    9    8    7    6    5    4    3    2    1    1    1    1   11   20   57  100  144  253  279  209   80
11   12   10    9    8    7    6    5    4    3    2    1    1    2   11   17   55   88  141  251  260  217   87
11   12   10    9    8    7    6    5    4    3    2    1    1    2    9   13   50   83  139  238  261  211   91
11   11   10    9    8    7    6    5    4    3    2    1    1    2    8   10   41   82  137  219  255  217   96
11   11   10    9    8    7    6    5    4    3    2    1    1    2    7    9   37   75  129  210  248  223   98
11   11   10    9    8    7    6    5    4    3    2    1    1    1    5   11   33   73  113  213  228  226  102
10   11    9    8    7    6    5    4    3    2    1    1    6    7   33   64  110  204  223  228  103
10   11    9    8    7    6    5    4    3    2    1    1    6    6   29   61   99  188  224  229  109
10   10    9    8    7    6    5    4    3    2    1    1    5    6   27   53   87  183  222  227  117
10   10    9    8    7    6    5    4    3    2    1    1    3    8   24   48   81  172  216  227  118
 9    9    8    7    6    5    4    3    2    1    4    8   18   48   69  165  214  219  123
 9    9    8    7    6    5    4    3    2    1    3    8   15   48   67  152  203  218  126
 9    9    8    7    6    5    4    3    2    1    1    8   14   38   61  145  199  217  129
 9    9    8    7    6    5    4    3    2    1    1    7   11   35   57  135  190  215  127
 9    9    8    7    6    5    4    3    2    1    1    6   10   34   55  126  190  203  126
 9    9    8    7    6    5    4    3    2    1    1    2   14   30   53  100  184  205  124
 8    8    7    6    5    4    3    2    1    3    9   29   42   96  181  196  122
 8    8    7    6    5    4    3    2    1    1    9   22   40   83  166  192  117
 8    8    7    6    5    4    3    2    1    1    5   22   35   75  154  195  112
 8    8    7    6    5    4    3    2    1    1    4   14   37   67  147  187  112
 8    8    7    6    5    4    3    2    1    1    4   13   31   62  124  177  115
 8    8    7    6    5    4    3    2    1    1    2    8   26   46   92  130   88
 7    7    6    5    4    3    2    1    2    5   22   39   75  122   73
 7    7    6    5    4    3    2    1    2    5   19   30   71  109   72
 7    7    6    5    4    3    2    1    1    4   14   28   59   95   60
 6    6    5    4    3    2    1    4   10   23   62   86   64
 6    6    5    4    3    2    1    3    5   18   35   55   50
 6    6    5    4    3    2    1    2    5   13   28   40   41
 5    5    4    3    2    1    2    8   20   31   30
 5    5    4    3    2    1    2    7   11   16   19
 5    5    4    3    2    1    2    4    7   20   17
 5    5    4    3    2    1    1    3    4   14   11
 5    5    4    3    2    1    2    3    4    3    8
 5    5    4    3    2    1    2    2    4    4    6
 5    5    4    3    2    1    2    2    4    4    6
 5    5    4    3    2    1    1    3    2    4    7
 4    4    3    2    1    2    2    3    6
 4    4    3    2    1    1    3    3    5
 3    3    2    1    3    1    5
 3    3    2    1    2    2    4
 3    3    2    1    2    2    4
 2    2    1    2    2
 2    2    1    2    2
 2    2    1    2    2
 2    2    1    2    2
