# n  list(x)  list(y)
31   43   40   34   33   32   30   28   27   26   25   24   23   22   21   20   19   18   17   16   15   14   13   12   11   10    9    8    7    6    5    4    1    1    1    2    3    2    1    4    1    1    3    6    4    7   15   16    9   18   24   23   34   55   43   66  120  166  203  418 1090  159    4
19   21   20   19   18   17   16   15   14   13   12   11   10    9    8    7    6    5    4    3    4   12    8   13   17   20   33   23   38   52   63  109  142  200  374 1050  296   20    1
16   18   17   16   15   14   13   12   11   10    9    8    7    6    5    4    3    5   17   18   34   23   28   45   62   98  133  198  350  986  395   55    3
15   16   15   14   13   12   11   10    9    8    7    6    5    4    3    2    8   35   21   28   38   65   90  118  194  318  907  505   88    9    1
14   15   14   13   12   11   10    9    8    7    6    5    4    3    2    9   23   26   32   58   84  116  179  310  854  563  126   18    2
13   14   13   12   11   10    9    8    7    6    5    4    3    2    2   24   31   50   81  113  161  293  801  613  177   23    6
12   12   11   10    9    8    7    6    5    4    3    2    1   26   48   65  113  151  279  725  691  214   30    7    1
11   11   10    9    8    7    6    5    4    3    2    1   34   69  108  138  263  660  750  248   44   10    1
11   11   10    9    8    7    6    5    4    3    2    1    6   57  103  125  261  614  765  297   57   13    2
10   10    9    8    7    6    5    4    3    2    1   34   86  119  259  560  777  352   72   14    2
10   10    9    8    7    6    5    4    3    2    1    6   72  108  249  518  792  402   83   18    2
 9    9    8    7    6    5    4    3    2    1   45  101  228  486  792  442  104   24    3
 9    9    8    7    6    5    4    3    2    1   12   91  211  451  808  465  128   30    3
 8    8    7    6    5    4    3    2    1   67  195  419  786  520  150   34    3
 8    8    7    6    5    4    3    2    1   36  178  392  755  573  167   44    4
 8    8    7    6    5    4    3    2    1    1  163  360  749  602  192   51    6
 7    7    6    5    4    3    2    1  121  331  723  646  214   56    8
 7    7    6    5    4    3    2    1   91  288  710  672  229   70   14
 7    7    6    5    4    3    2    1   48  275  671  701  259   77   18
 7    7    6    5    4    3    2    1   20  237  647  721  287   90   22
 6    6    5    4    3    2    1  199  608  748  322   98   24
 6    6    5    4    3    2    1  164  552  766  351  111   29
 6    6    5    4    3    2    1  124  516  768  375  126   39
 6    6    5    4    3    2    1   84  490  748  412  142   46
 6    6    5    4    3    2    1   45  446  750  451  154   51
 6    6    5    4    3    2    1    7  404  745  493  168   55
 5    5    4    3    2    1  350  727  521  181   67
 5    5    4    3    2    1  305  687  550  201   75
 5    5    4    3    2    1  263  646  568  233   81
 5    5    4    3    2    1  224  606  580  263   88
 5    5    4    3    2    1  187  574  577  293  100
 5    5    4    3    2    1  137  555  578  325  109
 5    5    4    3    2    1   95  511  604  349  119
 5    5    4    3    2    1   56  466  629  366  135
 5    5    4    3    2    1   14  429  639  400  145
 4    4    3    2    1  386  620  425  148
 4    4    3    2    1  334  603  444  157
 4    4    3    2    1  294  576  454  172
 4    4    3    2    1  250  544  461  184
 4    4    3    2    1  215  517  445  191
 4    4    3    2    1  179  406  343  142
 4    4    3    2    1  143  367  344  137
 4    4    3    2    1   94  347  360  143
 4    4    3    2    1   61  222  218   98
 4    4    3    2    1   23  191  234  105
 3    3    2    1   98  129   60
 3    3    2    1   87  104   63
 3    3    2    1   87  104   63
 3    3    2    1   87  104   63
 3    3    2    1   87  104   63
 3    3    2    1   83   98   61
 3    3    2    1   21   41   17
 3    3    2    1    8   24    8
 3    3    2    1    7   10    7
 2    2    1   16    2
 2    2    1   16    2
 2    2    1   16    2
 2    2    1   16    2
 2    2    1   16    2
 2    2    1   13    2
 2    2    1    7    2
 2    2    1    3    2
