# n  list(x)  list(y)
11   14   13   12   11   10    9    8    7    6    5    4    3    5   23   98  248  423  748  501  308  139    4
11   14   13   12   11   10    9    8    7    6    5    4    3    4   23   87  232  415  702  522  330  146   11
11   14   13   12   11   10    9    8    7    6    5    4    3    4   22   82  220  404  650  549  340  159   17
11   14   13   12   11   10    9    8    7    6    5    4    3    2   20   73  202  374  638  550  370  173   20
11   14   13   12   11   10    9    8    7    6    5    4    3    2   13   72  186  352  633  533  390  187   29
12   14   13   12   11   10    9    8    7    6    5    4    3    2    3   11   64  173  340  597  540  407  198   37    3
13   14   13   12   11   10    9    8    7    6    5    4    3    2    2    1   11   59  163  313  578  557  407  208   46    4    1
13   14   13   12   11   10    9    8    7    6    5    4    3    2    2    1   10   51  151  293  563  550  420  220   57    5    2
13   14   13   12   11   10    9    8    7    6    5    4    3    2    2    1   10   47  137  290  533  541  422  238   70    7    2
13   14   13   12   11   10    9    8    7    6    5    4    3    2    1    2    9   44  125  271  526  534  419  257   75   10    2
13   14   13   12   11   10    9    8    7    6    5    4    3    2    1    2    9   40  120  257  498  529  431  261   91    9    2
12   14   12   11   10    9    8    7    6    5    4    3    2    1    9   38  110  242  484  515  441  272  100   11    2
12   14   12   11   10    9    8    7    6    5    4    3    2    1    7   36  100  235  443  538  441  263  123   10    3
12   14   12   11   10    9    8    7    6    5    4    3    2    1    5   30   97  228  414  534  433  281  130   19    3
12   14   12   11   10    9    8    7    6    5    4    3    2    1    4   24   92  210  386  513  456  302  136   23    3
11   12   11   10    9    8    7    6    5    4    3    2    5   19   86  200  374  495  459  306  149   28    4
11   12   11   10    9    8    7    6    5    4    3    2    5   16   82  188  351  487  447  328  159   29    8
12   12   11   10    9    8    7    6    5    4    3    2    1    5   14   70  185  332  467  446  337  176   34    8    1
12   12   11   10    9    8    7    6    5    4    3    2    1    3   12   64  169  320  449  456  334  188   45    9    1
12   12   11   10    9    8    7    6    5    4    3    2    1    3    8   60  164  293  446  459  325  199   55   11    2
12   12   11   10    9    8    7    6    5    4    3    2    1    3    8   53  157  280  434  453  329  201   64   16    2
12   12   11   10    9    8    7    6    5    4    3    2    1    3    7   50  134  277  421  438  344  212   68   19    2
12   12   11   10    9    8    7    6    5    4    3    2    1    3    6   47  114  273  403  435  349  224   75   18    3
12   12   11   10    9    8    7    6    5    4    3    2    1    3    4   44  108  255  389  434  347  231   86   20    4
12   12   11   10    9    8    7    6    5    4    3    2    1    3    3   39  106  240  375  428  355  229   93   23    6
12   12   11   10    9    8    7    6    5    4    3    2    1    2    4   33   94  236  374  422  349  234   95   28    4
12   12   11   10    9    8    7    6    5    4    3    2    1    2    4   29   85  232  346  430  345  241  104   28    4
12   12   11   10    9    8    7    6    5    4    3    2    1    2    4   27   79  206  331  417  365  244  114   31    5
12   12   11   10    9    8    7    6    5    4    3    2    1    2    4   23   76  196  311  410  370  243  126   32    7
12   12   11   10    9    8    7    6    5    4    3    2    1    2    4   20   69  179  288  415  381  249  123   37    7
12   12   11   10    9    8    7    6    5    4    3    2    1    2    4   17   68  154  287  382  400  249  139   39    8
12   12   11   10    9    8    7    6    5    4    3    2    1    2    4   16   63  137  273  382  394  257  136   50   10
12   12   11   10    9    8    7    6    5    4    3    2    1    1    4   13   53  128  261  384  381  265  141   57   10
12   12   11   10    9    8    7    6    5    4    3    2    1    1    3   13   46  114  251  370  379  281  142   62   11
11   11   10    9    8    7    6    5    4    3    2    1    4   12   41  105  239  362  366  290  152   61   16
11   11   10    9    8    7    6    5    4    3    2    1    2   11   36   97  228  344  363  300  159   68   16
11   11   10    9    8    7    6    5    4    3    2    1    2    8   34   89  209  331  357  307  173   70   19
11   11   10    9    8    7    6    5    4    3    2    1    2    7   32   78  195  310  360  316  171   83   20
11   11   10    9    8    7    6    5    4    3    2    1    1    7   31   71  184  294  350  317  188   84   22
11   11   10    9    8    7    6    5    4    3    2    1    1    5   28   71  164  285  338  320  199   91   22
11   11   10    9    8    7    6    5    4    3    2    1    1    5   26   63  153  267  334  320  207   94   29
10   10    9    8    7    6    5    4    3    2    1    5   23   55  143  249  328  328  214   99   30
10   10    9    8    7    6    5    4    3    2    1    2   22   47  137  239  318  332  216  101   33
10   10    9    8    7    6    5    4    3    2    1    2   20   46  121  229  299  336  227  104   37
10   10    9    8    7    6    5    4    3    2    1    2   18   40  111  201  306  332  236  107   37
10   10    9    8    7    6    5    4    3    2    1    2   18   38  100  194  285  329  245  113   40
10   10    9    8    7    6    5    4    3    2    1    2   15   35   94  187  262  333  245  126   40
10   10    9    8    7    6    5    4    3    2    1    1   14   31   80  171  265  321  249  140   42
10   10    9    8    7    6    5    4    3    2    1    1   10   30   74  155  259  308  265  141   44
10   10    9    8    7    6    5    4    3    2    1    1    8   27   64  145  237  300  279  143   56
 9    9    8    7    6    5    4    3    2    1    7   22   58  135  228  283  286  153   63
 9    9    8    7    6    5    4    3    2    1    6   18   50  127  217  281  274  169   63
 9    9    8    7    6    5    4    3    2    1    6   15   47  110  207  272  282  168   68
 9    9    8    7    6    5    4    3    2    1    5   13   44   94  204  255  296  164   71
 9    9    8    7    6    5    4    3    2    1    4    9   37   88  189  245  301  174   71
 9    9    8    7    6    5    4    3    2    1    4    9   27   80  179  235  292  191   74
 9    9    8    7    6    5    4    3    2    1    3    8   24   72  169  219  299  192   77
 9    9    8    7    6    5    4    3    2    1    3    8   22   64  165  206  286  196   80
 9    9    8    7    6    5    4    3    2    1    2    8   19   60  154  197  276  204   81
 9    9    8    7    6    5    4    3    2    1    2    7   17   54  144  185  277  205   84
 8    8    7    6    5    4    3    2    1    5   18   42  131  181  267  208   88
 8    8    7    6    5    4    3    2    1    1   15   35  112  185  255  220   90
 7    7    6    5    4    3    2    1   11   29   99  177  239  223   99
 7    7    6    5    4    3    2    1   11   25   87  159  223  214   93
 7    7    6    5    4    3    2    1    9   22   77  146  203  204   93
 7    7    6    5    4    3    2    1    8   20   73  129  189  197   92
 7    7    6    5    4    3    2    1    7   19   62  102  174  179   89
 7    7    6    5    4    3    2    1    5   10   33   48  103  104   51
 6    6    5    4    3    2    1    2   18   41   58   72   46
 7    7    6    5    4    3    2    1    4    6   19   33   61   67   32
 6    6    5    4    3    2    1    2   10   27   43   50   39
 6    6    5    4    3    2    1    2    7   22   37   50   36
 6    6    5    4    3    2    1    1    8   21   34   52   36
 6    6    5    4    3    2    1    1    3   16   31   38   28
 7    7    6    5    4    3    2    1    2    8   10   12   23   32   19
 7    7    6    5    4    3    2    1    2    5   10   10   17   23   13
 7    7    6    5    4    3    2    1    2    3   11   11   14   21   15
 7    7    6    5    4    3    2    1    1    2    8   10   14   19   13
 6    6    5    4    3    2    1    3    8    8   12   20   14
 6    6    5    4    3    2    1    2    8    7   12   21   12
 6    6    5    4    3    2    1    1    6    8    9   23   11
 5    5    4    3    2    1    2    7    5   15   11
 5    5    4    3    2    1    2    5    5    9   13
 5    5    4    3    2    1    1    5    6    7   13
 3    3    2    1   10    5    8
 3    3    2    1    8    6    6
 3    3    2    1    5    6    3
 3    3    2    1    5    6    3
 4    4    3    2    1    2    2    6    2
 3    3    2    1    3    5    3
 3    3    2    1    1    4    3
 3    3    2    1    1    3    3
 3    3    2    1    1    3    3
 2    2    1    3    2
 3    3    2    1    1    3    1
 2    2    1    2    2
 2    3    1    1    3
 2    3    1    1    3
 2    2    1    1    2
