# n  list(x)  list(y)
 8    3    4    5    6    7    8    9   10    1   43  210  651  977  562   50    6
 8    3    4    5    6    7    8    9   10    3   51  236  679  926  528   47    5
 8    3    4    5    6    7    8    9   10    4   66  256  707  886  489   38    4
 8    3    4    5    6    7    8    9   10    4   82  283  728  849  439   36    4
 8    3    4    5    6    7    8    9   10    8   89  311  747  815  393   34    3
 8    3    4    5    6    7    8    9   10    9   94  359  754  767  359   31    2
 8    3    4    5    6    7    8    9   10   15  110  373  750  737  334   29    2
 9    2    3    4    5    6    7    8    9   10    2   18  125  392  740  711  307   29    1
 9    2    3    4    5    6    7    8    9   10    2   20  152  409  737  667  284   28    1
 9    2    3    4    5    6    7    8    9   10    3   26  167  430  719  648  259   22    1
 9    2    3    4    5    6    7    8    9   10    5   31  191  441  704  608  249   20    1
 9    2    3    4    5    6    7    8    9   10    5   32  212  464  692  578  223   18    1
 9    2    3    4    5    6    7    8    9   10    5   40  221  494  671  551  202   15    1
 9    2    3    4    5    6    7    8    9   10    5   51  233  506  667  513  185   14    1
 9    2    3    4    5    6    7    8    9   10    6   60  246  529  643  480  172   13    1
 9    2    3    4    5    6    7    8    9   10    8   70  266  527  639  445  157   12    1
 9    2    3    4    5    6    7    8    9   10   12   83  279  530  613  419  153   10    1
10    1    2    3    4    5    6    7    8    9   10    1   15   92  294  518  609  395  140   10    1
10    1    2    3    4    5    6    7    8    9   10    3   18  104  304  528  581  375  126   10    1
 9    1    2    3    4    5    6    7    8    9    3   19  114  324  530  562  351  112   10
 9    1    2    3    4    5    6    7    8    9    3   23  126  339  524  542  332  102    9
 9    1    2    3    4    5    6    7    8    9    5   29  140  343  526  517  314   92    9
 9    1    2    3    4    5    6    7    8    9    5   34  154  360  513  510  283   84    7
 9    1    2    3    4    5    6    7    8    9    7   38  166  360  528  473  268   78    7
 9    1    2    3    4    5    6    7    8    9   10   41  167  372  526  464  240   75    5
 9    1    2    3    4    5    6    7    8    9   10   45  180  372  535  443  217   69    4
 9    1    2    3    4    5    6    7    8    9   11   48  202  369  535  425  198   58    4
 9    1    2    3    4    5    6    7    8    9   10   57  207  386  526  399  186   49    3
 9    1    2    3    4    5    6    7    8    9   13   63  213  392  518  377  172   48    2
 9    1    2    3    4    5    6    7    8    9   13   71  224  394  510  356  159   43    2
 9    1    2    3    4    5    6    7    8    9   15   82  219  405  498  335  152   39    2
 9    1    2    3    4    5    6    7    8    9   16   85  239  420  475  318  134   33    2
 9    1    2    3    4    5    6    7    8    9   18   93  243  416  458  309  127   29    2
 9    1    2    3    4    5    6    7    8    9   20  100  258  424  440  287  114   25    2
 9    1    2    3    4    5    6    7    8    9   20  110  274  410  429  271  107   22    2
 9    1    2    3    4    5    6    7    8    9   26  110  269  426  399  264   98   19    2
 9    1    2    3    4    5    6    7    8    9   27  122  272  419  395  243   90   17    2
 9    1    2    3    4    5    6    7    8    9   30  137  271  410  381  232   84   15    2
 9    1    2    3    4    5    6    7    8    9   34  145  288  400  357  223   74   15    1
 9    1    2    3    4    5    6    7    8    9   36  154  287  399  351  208   63   11    1
 9    1    2    3    4    5    6    7    8    9   40  164  286  394  338  190   57   10    1
 8    1    2    3    4    5    6    7    8   48  170  290  385  332  174   46   10
 8    1    2    3    4    5    6    7    8   55  168  294  387  312  165   39    8
 8    1    2    3    4    5    6    7    8   57  171  303  378  303  149   35    8
 8    1    2    3    4    5    6    7    8   63  182  316  359  284  136   33    6
 8    1    2    3    4    5    6    7    8   68  181  324  344  273  124   33    4
 8    1    2    3    4    5    6    7    8   71  187  326  347  251  116   24    4
 8    1    2    3    4    5    6    7    8   78  196  326  325  247  102   21    3
 8    1    2    3    4    5    6    7    8   85  193  330  316  235   95   16    3
 8    1    2    3    4    5    6    7    8   89  199  328  306  222   84   15    2
 8    1    2    3    4    5    6    7    8   94  208  329  295  204   79   13    1
 8    1    2    3    4    5    6    7    8   99  210  337  282  187   71   11    1
 7    1    2    3    4    5    6    7   96  218  332  281  169   63   11
 7    1    2    3    4    5    6    7   91  214  313  259  147   53    7
 7    1    2    3    4    5    6    7   94  221  295  250  134   46    7
 7    1    2    3    4    5    6    7   89  229  287  217  126   45    6
 7    1    2    3    4    5    6    7   89  240  282  206  117   33    2
 7    1    2    3    4    5    6    7   93  238  274  193  103   27    2
 6    1    2    3    4    5    6   68  187  206  156   80   20
 6    1    2    3    4    5    6   52  150  157  114   65   12
 6    1    2    3    4    5    6   56  145  145  109   59   10
 6    1    2    3    4    5    6   41  102  116   79   39    5
 6    1    2    3    4    5    6   30   74   85   64   25    5
 6    1    2    3    4    5    6   30   74   76   62   20    5
 6    1    2    3    4    5    6   18   42   40   35   10    3
 6    1    2    3    4    5    6   17   38   39   32   10    3
 6    1    2    3    4    5    6   14   36   39   28    7    2
 6    1    2    3    4    5    6   13   40   36   25    7    2
 6    1    2    3    4    5    6    9   32   27   19    4    2
 6    1    2    3    4    5    6   10   30   28   18    4    2
 6    1    2    3    4    5    6    9   30   27   18    4    2
 6    1    2    3    4    5    6   10   31   25   17    5    1
 6    1    2    3    4    5    6    9   32   24   15    5    1
 6    1    2    3    4    5    6   11   29   22   12    3    1
 5    1    2    3    4    5    8   14   15    9    1
 5    1    2    3    4    5    8   14   15    9    1
 5    1    2    3    4    5    7   13   10    6    1
 5    1    2    3    4    5    4   13    7    6    1
 4    1    2    3    4    4   12    8    6
 4    1    2    3    4    4   12    8    6
 6    1    2    3    4    5    6    3    8    7    3    2    1
 6    1    2    3    4    5    6    4    6    8    2    2    1
 5    1    2    3    4    5    4    8    6    2    2
 4    1    2    3    4    4   10    4    3
 4    1    2    3    4    4   10    4    3
 4    1    2    3    4    3   11    3    3
 4    1    2    3    4    3   11    3    3
 4    1    2    3    4    3   10    1    3
 4    1    2    3    4    5    7    1    3
 4    1    2    3    4    5    5    1    3
 4    1    2    3    4    5    5    1    3
 4    1    2    3    4    4    3    2    1
 4    1    2    3    4    4    3    2    1
 3    1    2    3    4    2    2
 3    1    2    3    1    3    1
 3    1    2    3    1    3    1
 3    1    2    3    1    3    1
