# n  list(x)  list(y)
39   58   53   46   44   43   41   38   36   35   34   33   32   31   30   28   27   26   25   24   23   22   21   20   19   18   17   16   15   14   13   12   11   10    9    8    7    6    5    4    1    1    1    1    2    1    1    1    3    3    1    2    4    2    1    6    2    6    8    8    7    6    6   16   11   18   25   20   25   54   42   52   93   93  165  315 1333  160    4
37   58   53   45   44   43   41   38   36   34   33   32   31   30   27   26   25   24   23   22   21   20   19   18   17   16   15   14   13   12   11   10    9    8    7    6    5    4    1    1    1    1    1    1    1    1    3    4    2    3    3    5    4    5    5   10    5    7    7   13   10   17   24   19   29   47   36   62   86   93  163  290 1270  231   14
36   57   53   44   43   41   38   34   33   31   30   29   28   27   26   25   24   23   22   21   20   19   18   17   16   15   14   13   12   11   10    9    8    7    6    5    4    1    1    1    1    1    1    2    6    3    2    2    1    4    2    7    5    9    6    5    9   13    9   15   25   19   25   48   36   57   88   87  159  283 1199  288   30
37   56   53   43   41   37   34   33   32   31   30   29   28   27   26   25   24   23   22   21   20   19   18   17   16   15   14   13   12   11   10    9    8    7    6    5    4    3    1    1    2    1    1    2    5    1    3    2    1    2    3    3    5    6    8    7    6    7   12   11   13   24   19   22   47   42   51   84   88  157  276 1135  326   47    4
36   55   53   43   37   34   33   32   31   30   29   28   27   26   25   24   23   22   21   20   19   18   17   16   15   14   13   12   11   10    9    8    7    6    5    4    3    1    1    2    1    1    4    2    4    1    2    2    2    4    4    6    7    8    6    7   11   13   12   20   21   21   44   42   51   77   85  157  264 1084  357   71    5
37   54   52   43   42   37   34   33   32   31   30   29   28   27   26   25   24   23   22   21   20   19   18   17   16   15   14   13   12   11   10    9    8    7    6    5    4    3    1    1    1    1    1    1    3    2    5    1    1    2    3    4    3    7    5    6    7    7   11   11   11   21   22   20   43   39   53   74   83  146  263 1023  398   84   11
36   54   52   42   37   34   33   32   31   30   29   28   27   26   25   24   23   22   21   20   19   18   17   16   15   14   13   12   11   10    9    8    7    6    5    4    3    1    1    2    1    1    1    3    3    4    1    2    3    3    3    7    5    7    5    8   11    9   13   20   20   22   36   44   47   74   85  143  251  967  437   98   12
35   53   52   42   36   34   32   31   30   29   28   27   26   25   24   23   22   21   20   19   18   17   16   15   14   13   12   11   10    9    8    7    6    5    4    3    1    1    2    1    1    3    4    3    2    2    3    3    3    5    4    7    6    9   11    9   14   16   18   26   30   45   46   72   81  137  242  917  469  114   18
36   53   52   42   36   34   32   31   30   29   28   27   26   25   24   23   22   21   20   19   18   17   16   15   14   13   12   11   10    9    8    7    6    5    4    3    2    1    1    2    1    1    3    4    3    2    1    3    3    3    4    5    4    8    9   11    7   12   18   19   25   27   43   46   68   81  133  233  871  494  130   23    1
37   53   52   42   41   35   33   32   31   30   29   28   27   26   25   24   23   22   21   20   19   18   17   16   15   14   13   12   11   10    9    8    7    6    5    4    3    2    1    1    1    1    1    1    3    3    3    1    2    2    3    3    4    4    5    8    7   11    7   14   15   21   19   32   41   43   63   78  125  235  809  526  151   29    2
36   53   52   42   40   35   32   31   30   29   28   27   26   25   24   23   22   21   20   19   18   17   16   15   14   13   12   11   10    9    8    7    6    5    4    3    2    1    1    1    1    1    4    2    2    2    3    2    3    1    5    5    3    6   10   10    6   14   15   20   17   29   38   47   66   70  122  232  761  546  163   38    3
36   52   51   42   38   34   32   31   30   29   28   27   26   25   24   23   22   21   20   19   18   17   16   15   14   13   12   11   10    9    8    7    6    5    4    3    2    1    1    1    1    1    4    2    2    2    3    2    2    2    5    5    3    3   11   10    8   11   15   17   22   24   36   43   64   72  115  227  727  550  189   39    5
37   52   50   42   38   33   32   31   30   29   28   27   26   25   24   23   22   21   20   19   18   17   16   15   14   13   12   11   10    9    8    7    6    5    4    3    2    1    1    1    1    1    1    2    4    1    2    3    3    1    1    3    7    3    4   10   10    7   11   15   18   22   20   36   39   61   76  108  209  704  555  209   43    7    1
35   52   49   42   38   32   31   30   29   28   27   25   24   23   22   21   20   19   18   17   16   15   14   13   12   11   10    9    8    7    6    5    4    3    2    1    1    1    1    1    3    4    1    1    4    3    2    3    6    3    5    9   10    6   13   12   19   23   19   35   36   62   77  103  199  671  563  219   51    8    1
35   52   48   41   36   32   31   30   29   28   27   25   24   23   22   21   20   19   18   17   16   15   14   13   12   11   10    9    8    7    6    5    4    3    2    1    1    1    1    1    2    5    1    1    2    4    3    2    6    3    6    6   10    6   13   11   20   22   17   28   39   59   68  104  195  643  563  237   58   11    1
35   52   47   40   36   32   31   30   29   28   27   25   24   23   22   21   20   19   18   17   16   15   14   13   12   11   10    9    8    7    6    5    4    3    2    1    1    1    1    1    2    4    2    1    1    4    1    4    5    3    6    7    8    8   11    9   19   20   23   23   39   56   64  102  188  605  566  263   59   17    1
35   51   47   40   35   32   31   30   29   28   27   26   24   23   22   21   20   19   18   17   16   15   14   13   12   11   10    9    8    7    6    5    4    3    2    1    1    1    1    1    2    2    2    1    1    2    2    4    5    2    7    7    6    7   12    8   16   21   24   21   41   44   67  101  175  563  577  287   71   17    1
35   50   46   39   34   32   31   30   29   28   27   26   25   24   23   21   20   19   18   17   16   15   14   13   12   11   10    9    8    7    6    5    4    3    2    1    1    1    1    1    1    2    3    1    1    2    1    1    3    5    9    6    7    5   14    7   16   17   24   23   40   43   63   94  176  532  564  312   78   20    1
36   49   45   38   34   32   31   30   29   28   27   26   25   24   23   22   21   20   19   18   17   16   15   14   13   12   11   10    9    8    7    6    5    4    3    2    1    1    1    1    1    1    2    2    1    2    2    1    1    2    5    1    7    8    6    5   12    7   16   18   22   22   37   40   60   96  167  504  551  335   92   20    1
36   46   45   37   34   32   31   30   29   28   27   26   25   24   23   22   21   20   19   18   17   16   15   14   13   12   11   10    9    8    7    6    5    4    3    2    1    1    1    1    1    1    1    2    2    1    2    2    1    1    4    1    8    6    5    8    9    7   15   17   20   24   33   41   58   91  163  480  552  340  102   23    1
33   45   37   34   31   30   29   28   27   26   24   23   22   21   20   19   18   17   16   15   14   13   12   11   10    9    8    7    6    5    4    3    2    1    2    1    1    2    2    2    1    1    3    2    2    3    4    9    4    9    9    5   16   13   23   22   33   35   61   86  166  435  555  350  113   28    2
34   44   43   37   34   31   30   29   28   27   26   24   23   22   21   20   19   18   17   16   15   14   13   12   11   10    9    8    7    6    5    4    3    2    1    1    1    1    1    1    1    3    2    1    3    2    1    4    2    8    5    9    6    8   14   15   20   24   29   32   63   81  149  412  550  364  129   30    3
34   42   41   36   34   30   29   28   27   26   25   24   23   22   21   20   19   18   17   16   15   14   13   12   11   10    9    8    7    6    5    4    3    2    1    1    1    1    1    2    2    2    2    1    2    1    1    4    3    7    5    7    6    9   14   16   16   26   28   29   61   80  142  385  544  375  141   31    4
33   42   40   35   31   30   29   28   27   26   24   23   22   21   20   19   18   17   16   15   14   13   12   11   10    9    8    7    6    5    4    3    2    1    1    1    1    1    1    2    2    2    1    2    2    3    4    6    5    6    7    8   13   12   19   23   29   29   62   75  134  362  534  377  159   38    4
32   41   40   35   30   29   28   27   26   24   23   22   21   20   19   18   17   16   15   14   13   12   11   10    9    8    7    6    5    4    3    2    1    1    1    1    1    3    1    2    2    1    3    2    4    5    6    7    5    8   11   11   19   24   23   27   67   69  122  343  518  388  171   47    6
31   40   35   30   29   28   27   26   24   23   22   21   20   19   18   17   16   15   14   13   12   11   10    9    8    7    6    5    4    3    2    1    2    1    1    3    1    2    2    1    2    2    5    3    8    7    3    7   10   10   20   23   25   23   63   67  121  318  506  391  189   52    6
31   40   39   35   30   29   28   26   24   23   22   21   20   19   18   17   16   15   14   13   12   11   10    9    8    7    6    5    4    3    2    1    1    1    1    1    3    1    4    1    2    1    4    4    6    9    4    7    7   12   17   22   28   23   57   62  116  312  485  389  197   66    6
31   39   38   34   29   28   26   25   24   23   22   21   20   19   18   17   16   15   14   13   12   11   10    9    8    7    6    5    4    3    2    1    1    1    1    3    2    2    2    1    1    2    2    5    6    6    3   10    7   11   16   17   25   25   52   64  105  291  469  401  212   75    6
30   39   38   33   29   28   26   25   23   22   21   20   19   18   17   16   15   14   13   12   11   10    9    8    7    6    5    4    3    2    1    1    1    1    2    3    2    2    2    2    2    3    6    6    4   10    8   10   14   16   24   25   50   61  101  277  459  407  212   80    8
30   37   33   29   28   26   25   24   23   22   21   20   19   18   17   16   15   14   13   12   11   10    9    8    7    6    5    4    3    2    1    2    1    1    4    1    2    1    1    3    1    2    6    3    7   10    9    7   14   16   27   22   44   63   99  263  444  414  209   87   11
30   37   36   32   29   28   26   24   23   22   21   20   19   18   17   16   15   14   13   12   11   10    9    8    7    6    5    4    3    2    1    1    1    1    1    3    2    3    1    2    1    3    6    2    7    7    7   13   11   17   26   20   42   63   93  239  439  420  215   89   14
30   36   35   31   29   28   26   24   23   22   21   20   19   18   17   16   15   14   13   12   11   10    9    8    7    6    5    4    3    2    1    1    1    1    1    2    2    4    1    1    2    3    6    2    4    8    8   10   15   11   28   20   41   56   96  215  423  423  224   98   17
29   36   34   28   27   26   24   23   22   21   20   19   18   17   16   15   14   13   12   11   10    9    8    7    6    5    4    3    2    1    1    1    1    3    2    3    1    2    2    2    4    3    4    9    6   12   14    9   27   20   41   55   90  206  398  425  234  104   20
30   36   34   28   27   26   25   24   23   22   21   20   19   18   17   16   15   14   13   12   11   10    9    8    7    6    5    4    3    2    1    1    1    1    1    3    1    3    1    2    1    2    4    3    4    6   10   12   12   10   20   23   37   52   81  196  385  424  242  113   23
27   36   34   26   24   23   22   21   20   19   18   17   16   15   14   13   12   11   10    9    8    7    6    5    4    3    2    1    1    1    4    4    1    1    1    2    4    1    6    5    7   12   14   12   16   23   33   49   77  188  369  420  243  126   27
28   35   34   26   25   24   23   22   21   20   19   18   17   16   15   14   13   12   11   10    9    8    7    6    5    4    3    2    1    1    1    3    1    3    2    1    1    2    2    3    4    7    6    9   14   14   16   22   29   50   71  175  348  423  251  136   26
26   35   34   26   25   24   23   22   20   18   17   16   15   14   13   12   11   10    9    8    7    6    5    4    3    2    1    1    1    1    3    1    3    1    3    4    4    7    7    7   11   14   17   22   28   42   76  165  331  405  268  144   29
27   34   26   25   24   23   22   21   20   19   18   17   16   15   14   13   12   11   10    9    8    7    6    5    4    3    2    1    2    1    1    2    3    1    1    2    1    3    2    9    8    6   11   12   18   20   25   44   71  153  322  400  269  151   32
26   34   32   25   24   23   21   20   19   18   17   16   15   14   13   12   11   10    9    8    7    6    5    4    3    2    1    1    1    2    1    3    1    1    2    4    2    6    9    6   11   11   18   15   31   36   65  149  306  389  290  145   40
26   34   31   25   24   23   21   20   19   18   17   16   15   14   13   12   11   10    9    8    7    6    5    4    3    2    1    1    1    2    1    3    1    1    2    3    3    4   10    7   10   11   17   13   28   38   60  140  290  371  306  154   43
24   34   30   24   23   21   20   18   17   16   15   14   13   12   11   10    9    8    7    6    5    4    3    2    1    1    1    2    4    1    1    2    4    3   10    8    9   11   16   14   25   33   60  125  284  359  321  153   48
23   30   24   23   22   20   18   17   16   15   14   13   12   11   10    9    8    7    6    5    4    3    2    1    1    2    2    2    2    2    1    5   10    7    8   12   15   10   23   33   61  111  262  364  322  163   50
22   30   24   22   19   18   17   16   15   14   13   12   11   10    9    8    7    6    5    4    3    2    1    1    2    4    2    2    1    4    9    7   10   11   13   13   19   32   61  105  253  352  328  161   54
24   30   24   22   21   20   19   18   17   16   15   14   13   12   11   10    9    8    7    6    5    4    3    2    1    1    2    2    1    1    1    2    1    4    7    4   15    9   11   14   19   28   55   98  236  349  325  171   63
22   30   24   22   20   19   18   16   15   14   13   12   11   10    9    8    7    6    5    4    3    2    1    1    2    2    1    1    3    4    6    5    9   14    7   15   21   27   50   94  221  333  329  182   64
23   29   24   23   22   21   19   18   16   15   14   13   12   11   10    9    8    7    6    5    4    3    2    1    1    1    1    1    1    1    3    3    7    2    8   16    7   14   19   26   51   84  203  322  329  200   66
23   28   23   22   21   19   18   17   16   15   14   13   12   11   10    9    8    7    6    5    4    3    2    1    1    1    2    1    1    2    1    3    5    3    6   16    7   14   18   23   47   83  196  310  324  203   71
22   27   23   22   21   18   17   16   15   14   13   12   11   10    9    8    7    6    5    4    3    2    1    1    1    2    1    2    2    2    3    3    7   14    6   13   16   24   46   71  178  314  319  211   76
22   26   23   22   21   18   17   16   15   14   13   12   11   10    9    8    7    6    5    4    3    2    1    1    1    2    1    2    2    1    4    2    6   13    9    9   14   24   48   68  172  301  313  214   80
22   26   23   22   21   18   17   16   15   14   13   12   11   10    9    8    7    6    5    4    3    2    1    1    1    2    1    1    2    1    5    2    5   12   10   10    9   22   45   69  159  285  312  218   89
22   26   23   22   21   20   17   16   15   14   13   12   11   10    9    8    7    6    5    4    3    2    1    1    1    1    1    1    3    1    3    4    5   10    8   13    9   20   42   69  150  268  313  217   95
21   26   22   21   20   17   16   15   14   13   12   11   10    9    8    7    6    5    4    3    2    1    1    1    1    2    1    3    2    2    6    8    7   14   11   17   39   65  143  261  304  225   94
21   26   22   21   20   19   16   15   14   13   12   11   10    9    8    7    6    5    4    3    2    1    1    1    1    1    1    4    2    2    5    8    6   12   11   16   38   62  130  241  311  226   97
20   25   22   20   19   16   15   14   13   12   11   10    9    8    7    6    5    4    3    2    1    1    1    2    1    1    2    3    3    7    9    8   12   10   33   58  123  219  314  236  104
20   25   22   20   19   16   15   14   13   12   11   10    9    8    7    6    5    4    3    2    1    1    1    1    1    1    1    3    2    7    9    9   12    8   30   51  113  216  308  240  103
18   24   22   20   19   14   13   12   11   10    9    8    7    6    5    4    3    2    1    1    1    1    1    4    2    3   11    9   12    7   27   49  100  203  306  241  109
17   24   22   19   14   13   12   11   10    9    8    7    6    5    4    3    2    1    1    1    2    3    3    3    7   12   11    5   22   46   95  195  301  240  107
17   24   21   19   14   13   12   11   10    9    8    7    6    5    4    3    2    1    1    1    2    3    2    2    7   13   10    5   18   42   89  184  289  246  110
17   24   21   19   14   13   12   11   10    9    8    7    6    5    4    3    2    1    1    1    2    3    1    2    6   13   10    6   17   40   83  167  281  251  117
17   21   20   19   14   13   12   11   10    9    8    7    6    5    4    3    2    1    1    1    1    2    1    3    6   11    5   12   16   35   80  152  269  254  123
16   20   19   14   13   12   11   10    9    8    7    6    5    4    3    2    1    1    1    1    2    1    6   11    4   13   14   35   67  150  252  253  130
14   18   14   13   11   10    9    8    7    6    5    4    3    2    1    1    1    2    5   10    5   11   13   35   58  145  235  250  130
14   17   13   12   11   10    9    8    7    6    5    4    3    2    1    1    2    1    4    7    8    7   13   31   53  140  216  242  143
14   17   13   12   11   10    9    8    7    6    5    4    3    2    1    1    1    2    3    7    6    7   13   28   49  130  207  236  148
14   17   13   12   11   10    9    8    7    6    5    4    3    2    1    1    1    1    1    9    4    5   15   24   45  122  202  237  145
13   17   13   11   10    9    8    7    6    5    4    3    2    1    1    1    2    9    4    5   14   23   34  114  193  227  139
13   17   13   11   10    9    8    7    6    5    4    3    2    1    1    1    2    8    4    3   12   17   35  102  183  225  138
13   17   13   11   10    9    8    7    6    5    4    3    2    1    1    1    2    6    5    3    7   17   34   91  176  207  136
13   16   13   11   10    9    8    7    6    5    4    3    2    1    1    1    2    5    5    2    8   14   32   81  171  189  141
13   16   13   11   10    9    8    7    6    5    4    3    2    1    1    1    2    5    5    2    7   14   30   72  170  177  139
13   15   12   11   10    9    8    7    6    5    4    3    2    1    1    1    1    5    5    2    8    9   33   62  162  163  136
12   15   12   10    9    8    7    6    5    4    3    2    1    1    1    4    3    4    8   10   26   58  145  159  137
12   14   12   10    9    8    7    6    5    4    3    2    1    1    1    1    6    2    8    7   25   43  137  151  134
12   14   12   10    9    8    7    6    5    4    3    2    1    1    1    1    4    4    5    6   23   37  115  142  123
11   14   12    9    8    7    6    5    4    3    2    1    1    1    4    5    2    7   14   30   85  118  101
11   14   12    9    8    7    6    5    4    3    2    1    1    1    3    3    1    8   11   27   68  107   89
11   13   11    9    8    7    6    5    4    3    2    1    1    1    1    5    1    5   13   21   60   99   83
11   13   10    9    8    7    6    5    4    3    2    1    1    1    1    5    1    4    9   19   56   96   72
10   10    9    8    7    6    5    4    3    2    1    1    1    2    3    2    8   20   47   86   69
 8    9    8    6    5    4    3    2    1    2    1    6    4   18   45   72   67
 8    9    8    6    5    4    3    2    1    1    2    5    4   16   41   73   64
 7    8    6    5    4    3    2    1    2    4    5   14   31   53   52
 7    8    6    5    4    3    2    1    2    4    4   14   32   49   50
 7    8    6    5    4    3    2    1    1    1    6    8   19   36   33
 5    5    4    3    2    1    3    3   11   11   16
 5    5    4    3    2    1    1    3    8   11   15
 6    7    5    4    3    2    1    1    1    2    5   13    7
 4    4    3    2    1    1    8    2   12
 4    4    3    2    1    1    1    3    5
 4    4    3    2    1    1    1    3    5
 4    4    3    2    1    1    1    3    5
 4    4    3    2    1    1    1    3    5
 4    4    3    2    1    1    1    3    5
 4    4    3    2    1    1    1    3    5
 4    4    3    2    1    1    1    3    5
 3    3    2    1    1    2    3
 3    3    2    1    1    2    3
 3    3    2    1    1    2    3
 2    2    1    2    2
 2    2    1    2    2
