# n  list(x)  list(y)
15    4    5    6    7    8    9   10   11   12   13   14   15   16   17   18    4   99  473  595  501  379  227  132   56   19    7    4    1    2    1
15    4    5    6    7    8    9   10   11   12   13   14   15   16   17   18    8  130  481  578  492  359  219  130   48   15    7    4    1    2    1
16    3    4    5    6    7    8    9   10   11   12   13   14   15   16   17   18    1   12  153  495  555  486  356  201  118   44   15    6    4    1    2    1
15    2    4    5    6    7    8    9   10   11   12   13   14   15   17   18    1   20  181  490  540  478  350  190  110   38   13    7    4    2    1
17    2    3    4    5    6    7    8    9   10   11   12   13   14   15   16   17   18    1    1   30  200  485  542  470  320  185  106   36   11    7    3    1    1    1
17    2    3    4    5    6    7    8    9   10   11   12   13   14   15   16   17   18    1    3   40  215  488  540  449  304  183   94   34   12    6    3    1    1    1
16    3    4    5    6    7    8    9   10   11   12   13   14   15   16   17   18    3   47  235  489  529  441  290  178   84   30   13    5    3    1    1    1
16    3    4    5    6    7    8    9   10   11   12   13   14   15   16   17   18    7   52  248  487  533  435  273  156   85   25   13    6    2    1    1    1
16    3    4    5    6    7    8    9   10   11   12   13   14   15   16   17   18   10   65  268  468  540  414  259  149   81   22   13    6    2    1    1    1
17    2    3    4    5    6    7    8    9   10   11   12   13   14   15   16   17   18    1   10   76  292  472  524  395  249  140   73   21   11    6    2    1    1    1
16    2    3    4    5    6    7    8    9   10   11   12   13   14   15   16   17    1   13   86  298  483  512  382  230  136   69   20   11    5    2    1    1
15    2    3    4    5    6    7    8    9   10   11   12   13   14   15   16    1   17   95  322  479  499  372  217  126   60   19   12    4    1    1
15    2    3    4    5    6    7    8    9   10   11   12   13   14   15   16    1   19  109  336  472  486  361  210  119   52   18   12    3    1    1
15    2    3    4    5    6    7    8    9   10   11   12   13   14   15   16    2   22  116  354  468  478  347  197  109   50   17   10    3    1    1
14    2    3    4    5    6    7    8    9   10   11   12   13   14   16    2   25  141  348  466  465  340  185  101   45   20    8    3    1
14    2    3    4    5    6    7    8    9   10   11   12   13   14   16    3   28  148  365  464  452  333  166  100   38   17    7    3    1
14    2    3    4    5    6    7    8    9   10   11   12   13   14   16    2   33  166  369  447  447  324  156   96   37   13    6    3    1
14    2    3    4    5    6    7    8    9   10   11   12   13   14   16    5   36  186  375  441  437  300  151   88   34   13    5    3    1
14    2    3    4    5    6    7    8    9   10   11   12   13   14   15    5   43  202  364  460  419  290  135   82   30   12    4    3    1
15    1    2    3    4    5    6    7    8    9   10   11   12   13   14   15    1    7   50  224  370  449  394  285  123   72   34    8    5    2    1
15    1    2    3    4    5    6    7    8    9   10   11   12   13   14   15    1    9   57  239  381  423  387  274  117   69   31    5    5    1    1
14    1    2    3    4    5    6    7    8    9   10   11   12   13   15    1   10   72  249  372  426  372  264  104   66   28    4    6    1
14    1    2    3    4    5    6    7    8    9   10   11   12   13   15    1   11   86  259  366  428  355  250  101   59   25    3    5    1
14    1    2    3    4    5    6    7    8    9   10   11   12   13   15    1   14   92  271  377  414  337  237   95   57   21    4    4    1
14    1    2    3    4    5    6    7    8    9   10   11   12   13   15    1   13  105  274  375  417  327  220   88   51   21    3    4    1
14    1    2    3    4    5    6    7    8    9   10   11   12   13   15    1   17  111  279  373  411  327  194   88   47   20    3    3    1
14    1    2    3    4    5    6    7    8    9   10   11   12   13   15    2   19  121  289  385  390  316  181   78   45   17    4    2    1
14    1    2    3    4    5    6    7    8    9   10   11   12   13   14    2   26  132  292  385  381  299  171   74   45   13    3    1    1
14    1    2    3    4    5    6    7    8    9   10   11   12   13   14    2   35  138  306  377  378  275  162   72   41    9    3    1    1
14    1    2    3    4    5    6    7    8    9   10   11   12   13   14    3   38  143  317  364  388  266  139   66   39    7    3    1    1
14    1    2    3    4    5    6    7    8    9   10   11   12   13   14    3   44  153  318  359  378  252  134   60   38    6    3    1    1
14    1    2    3    4    5    6    7    8    9   10   11   12   13   14    5   48  162  319  359  366  244  121   57   33    6    3    1    1
14    1    2    3    4    5    6    7    8    9   10   11   12   13   14    6   51  178  321  355  359  220  117   55   28    5    3    1    1
14    1    2    3    4    5    6    7    8    9   10   11   12   13   14    7   62  193  313  351  344  205  113   52   25    5    3    1    1
14    1    2    3    4    5    6    7    8    9   10   11   12   13   14   10   66  209  316  348  317  194  111   47   22    5    3    1    1
14    1    2    3    4    5    6    7    8    9   10   11   12   13   14   12   72  216  310  357  295  184  108   42   22    2    3    1    1
14    1    2    3    4    5    6    7    8    9   10   11   12   13   14   13   77  224  307  352  286  177   97   41   19    2    3    1    1
13    1    2    3    4    5    6    7    8    9   10   11   12   13   12   85  232  303  353  280  162   85   39   18    2    1    2
13    1    2    3    4    5    6    7    8    9   10   11   12   13   10   97  238  297  366  253  156   77   35   16    1    1    2
12    1    2    3    4    5    6    7    8    9   10   11   13   12  101  246  301  346  248  146   74   34   11    2    2
12    1    2    3    4    5    6    7    8    9   10   11   13   14  110  255  302  334  244  123   69   34    9    2    2
12    1    2    3    4    5    6    7    8    9   10   11   13   16  116  255  299  325  231  124   61   34    8    2    2
13    1    2    3    4    5    6    7    8    9   10   11   12   13   21  125  263  299  309  224  110   59   26    8    2    1    1
13    1    2    3    4    5    6    7    8    9   10   11   12   13   25  132  270  283  312  202  110   54   24    7    2    1    1
12    1    2    3    4    5    6    7    8    9   10   11   12   26  140  272  283  303  186  109   48   21    7    1    2
11    1    2    3    4    5    6    7    8    9   10   12   30  154  267  283  293  168  106   45   16    8    2
11    1    2    3    4    5    6    7    8    9   10   12   36  164  262  300  261  161   99   41   12    8    2
12    1    2    3    4    5    6    7    8    9   10   11   12   41  170  264  292  256  145   95   37   11    7    1    1
11    1    2    3    4    5    6    7    8    9   10   11   43  177  262  292  238  137   90   33   11    6    2
11    1    2    3    4    5    6    7    8    9   10   11   51  171  279  278  230  130   82   28   10    5    2
11    1    2    3    4    5    6    7    8    9   10   11   54  178  284  261  226  118   76   24   10    5    2
11    1    2    3    4    5    6    7    8    9   10   11   61  182  288  254  215  109   68   22    9    4    1
10    1    2    3    4    5    6    7    8    9   10   67  186  275  265  195  112   56   21    5    5
10    1    2    3    4    5    6    7    8    9   10   73  199  263  257  193  100   53   14    4    5
10    1    2    3    4    5    6    7    8    9   10   74  204  259  254  178   98   44   13    5    4
10    1    2    3    4    5    6    7    8    9   10   82  200  269  231  168   92   43   11    6    2
10    1    2    3    4    5    6    7    8    9   10   91  202  264  231  159   78   38   11    4    2
10    1    2    3    4    5    6    7    8    9   10   97  211  264  219  150   74   26    8    1    2
10    1    2    3    4    5    6    7    8    9   10   96  226  251  214  136   68   24    6    1    2
 9    1    2    3    4    5    6    7    8   10  107  237  235  209  116   67   20    5    2
10    1    2    3    4    5    6    7    8    9   10  110  249  227  193  112   58   18    2    1    1
10    1    2    3    4    5    6    7    8    9   10  120  248  217  182  103   51   15    2    1    1
10    1    2    3    4    5    6    7    8    9   10  131  243  220  170   88   48   12    1    1    1
10    1    2    3    4    5    6    7    8    9   10  138  235  218  149   88   41   11    1    1    1
10    1    2    3    4    5    6    7    8    9   10  143  228  204  143   84   39    8    1    1    1
 9    1    2    3    4    5    6    7    8    9  143  217  198  135   72   33    8    1    1
 9    1    2    3    4    5    6    7    8    9  136  209  184  131   66   29    7    1    1
 8    1    2    3    4    5    6    7    8  119  194  174  113   58   26    5    2
 8    1    2    3    4    5    6    7    8  119  193  156  104   54   23    5    1
 8    1    2    3    4    5    6    7    8  117  188  155   93   50   14    4    1
 7    1    2    3    4    5    6    7  114  176  153   90   47    9    4
 7    1    2    3    4    5    6    7  117  172  146   84   32    8    3
 7    1    2    3    4    5    6    7  111  152  131   73   27    7    1
 7    1    2    3    4    5    6    7  108  147  128   60   25    7    1
 6    1    2    3    4    5    6  103  135  115   58   20    7
 6    1    2    3    4    5    6   77   99   85   43   14    7
 6    1    2    3    4    5    6   44   57   49   27    9    3
 6    1    2    3    4    5    6   32   36   34   24    8    1
 5    1    2    3    4    5   25   35   30   24    3
 5    1    2    3    4    5   21   34   29   20    2
 5    1    2    3    4    5   20   34   30   18    2
 5    1    2    3    4    5   19   34   28   13    1
 4    1    2    3    4   12   21   14    5
 4    1    2    3    4   13   20   13    4
 4    1    2    3    4   12   20   12    4
 4    1    2    3    4    7   18    9    1
 4    1    2    3    4    5   12    7    1
 4    1    2    3    4    3    9    5    1
 4    1    2    3    4    3    7    1    1
 3    1    2    4    4    6    1
 3    1    2    4    4    5    1
 3    1    2    4    4    5    1
 3    1    2    3    3    2    1
 3    1    2    3    3    2    1
 2    1    3    3    1
 2    1    3    3    1
 2    1    3    3    1
 2    1    2    2    1
