# n  list(x)  list(y)
40   58   50   49   47   44   42   41   39   38   37   35   33   32   30   29   28   27   26   25   24   23   22   21   20   19   18   17   16   15   14   13   12   11   10    9    8    7    6    5    4    2    1    1    2    1    1    2    1    2    1    1    2    2    2    3    4    4    5    4    2    5   12    9    9    9    8   20   27   20   28   36   47   60   79   88  192  343 1302  159    4
41   58   57   49   47   44   41   40   39   37   36   35   33   32   31   30   29   28   27   26   25   24   23   22   21   20   19   18   17   16   15   14   13   12   11   10    9    8    7    6    5    4    1    1    1    3    1    1    2    1    1    2    1    1    1    2    2    2    2    6    3    2    4    6    8   11   10    9    6   15   29   21   28   34   47   56   80   82  182  325 1248  225   13
41   58   57   48   47   46   44   40   39   37   36   35   33   32   31   30   29   28   27   26   25   24   23   22   21   20   19   18   17   16   15   14   13   12   11   10    9    8    7    6    5    4    1    1    1    2    1    1    2    2    1    2    1    1    1    1    3    1    3    5    4    2    4    6    8    9   11    8    7   15   27   21   27   33   45   54   69   90  174  323 1167  292   24
41   58   56   47   45   44   40   39   37   36   35   33   32   31   30   29   28   27   26   25   24   23   22   21   20   19   18   17   16   15   14   13   12   11   10    9    8    7    6    5    4    3    1    1    2    2    1    1    3    1    2    1    1    1    1    3    1    3    4    3    4    4    6    6   10   10    9    7   15   27   21   25   31   40   53   75   83  172  299 1113  341   40    2
42   57   56   47   46   45   44   43   39   38   37   36   35   32   31   30   29   28   27   26   25   24   23   22   21   20   19   18   17   16   15   14   13   12   11   10    9    8    7    6    5    4    3    1    1    1    1    1    1    1    1    2    1    2    1    1    2    2    2    3    1    5    2    5    4    9    5   11    8   12   13   22   25   22   30   40   48   73   77  160  286 1067  392   53    6
41   56   55   47   46   45   43   42   38   37   36   35   32   31   30   29   28   27   26   25   24   23   22   21   20   19   18   17   16   15   14   13   12   11   10    9    8    7    6    5    4    3    1    1    1    1    1    1    1    1    1    4    1    1    1    3    1    3    1    5    3    4    5    5    8    8   10   11   11   24   23   19   30   39   46   76   78  146  286 1003  431   70   10
40   55   54   47   46   45   41   38   36   35   32   31   30   29   28   27   26   25   24   23   22   21   20   19   18   17   16   15   14   13   12   11   10    9    8    7    6    5    4    3    2    1    1    1    1    1    1    1    2    4    1    1    2    2    3    1    4    4    4    4    5    7    7   10   13   11   16   29   21   27   34   50   69   74  144  265  959  455  100   14    1
42   55   54   46   45   43   41   38   36   35   34   33   32   31   30   29   28   27   26   25   24   23   22   21   20   19   18   17   16   15   14   13   12   11   10    9    8    7    6    5    4    3    2    1    1    1    1    1    1    1    1    3    1    1    1    1    2    2    2    2    2    4    6    4    5    6    6   12   11   12   15   24   25   27   32   50   66   72  138  257  894  498  117   17    2
41   55   54   46   45   41   40   37   36   35   33   32   31   30   29   28   27   26   25   24   23   22   21   20   19   18   17   16   15   14   13   12   11   10    9    8    7    6    5    4    3    2    1    1    1    1    1    1    1    1    3    1    2    1    1    3    1    1    4    1    6    6    6    6    4   10   14   11   16   17   28   27   33   46   63   70  133  250  857  516  131   21    3
38   54   45   44   40   39   35   33   32   31   30   29   28   27   26   25   24   23   22   21   20   19   18   17   16   15   14   13   12   11   10    9    8    7    6    5    4    3    2    2    1    1    1    1    5    1    1    2    1    3    1    1    3    2    5    4    8    3    6    9   12   13   13   16   24   28   34   43   60   72  129  234  799  544  160   28    5
39   54   53   45   44   40   38   35   34   33   31   30   29   28   27   26   25   24   23   22   21   20   19   18   17   16   15   14   13   12   11   10    9    8    7    6    5    4    3    2    1    1    1    1    1    1    3    2    1    2    2    2    1    1    3    1    6    4    7    3    6    9   10   13   13   13   28   23   41   41   56   69  124  224  759  548  189   35    5
39   53   52   44   40   37   35   34   33   32   31   30   29   28   27   26   25   24   23   22   21   20   19   18   17   16   15   14   13   12   11   10    9    8    7    6    5    4    3    2    1    1    2    1    1    2    1    1    1    1    2    2    2    1    3    1    4    4    8    4    2    9   12    8   13   15   23   23   35   44   53   68  118  213  714  575  202   47    8
38   52   44   43   40   37   35   34   32   31   30   29   28   27   26   25   24   23   22   21   20   19   18   17   16   15   14   13   12   11   10    9    8    7    6    5    4    3    2    2    1    1    1    1    1    2    2    1    1    3    2    1    2    2    4    4    6    6    1    7   10   12   12   11   26   24   30   44   55   66  115  204  676  586  214   52   12
36   52   43   40   37   35   33   32   30   29   28   27   26   25   24   23   22   21   20   19   18   17   16   15   14   13   12   11   10    9    8    7    6    5    4    3    2    1    2    1    1    1    2    2    1    2    2    2    3    2    2    5    3    9    2    6   11   11   12    9   26   22   29   43   55   64  106  194  637  592  244   57   14
37   52   43   42   40   37   34   33   32   29   28   27   26   25   24   23   22   21   20   19   18   17   16   15   14   13   12   11   10    9    8    7    6    5    4    3    2    1    1    1    1    1    1    1    2    2    3    1    3    2    3    2    4    3    8    3    6   10   12   11    6   25   22   29   45   50   60  101  181  627  583  261   65   13    1
36   52   42   40   37   34   33   32   29   28   27   26   25   24   23   22   21   20   19   18   17   16   15   14   13   12   11   10    9    8    7    6    5    4    3    2    1    1    1    2    1    1    1    3    1    2    3    2    2    3    5    2    7    5    4    9   14    8    9   23   17   32   42   53   58   97  175  583  588  283   74   13    1
36   52   42   40   37   34   33   32   29   28   27   26   25   24   23   22   21   20   19   18   17   16   15   14   13   12   11   10    9    8    7    6    5    4    3    2    1    1    1    2    1    1    1    3    1    2    3    2    1    4    4    2    7    6    4    9   11   11    8   22   14   30   40   53   60   87  183  555  581  291   81   16    2
35   51   41   40   37   34   32   29   28   27   26   25   24   23   22   21   20   19   18   17   16   15   14   13   12   11   10    9    8    7    6    5    4    3    2    1    1    1    2    1    1    4    1    2    3    1    2    2    5    1    7    6    5    7    8   16    7   20   13   28   39   55   57   85  164  531  589  298   90   20    3
34   51   41   40   36   34   32   29   27   26   25   24   23   22   21   20   19   18   17   16   15   14   13   12   11   10    9    8    7    6    5    4    3    2    1    1    1    2    1    1    4    1    5    1    1    3    4    2    7    6    4    6    7   14   10   20   13   27   35   51   54   85  150  512  577  321   99   22    3
36   51   41   40   39   35   34   32   31   29   27   26   25   24   23   22   21   20   19   18   17   16   15   14   13   12   11   10    9    8    7    6    5    4    3    2    1    1    1    1    1    1    1    1    3    1    5    1    1    2    4    1    7    5    5    6    6   12   11   17   15   26   33   50   52   83  143  484  573  331  110   26    5
34   50   39   34   32   31   30   29   27   26   25   24   23   22   21   20   19   18   17   16   15   14   13   12   11   10    9    8    7    6    5    4    3    2    1    1    3    2    1    2    1    1    3    2    1    3    1    3    7    4    7    4    8    9   11   14   19   24   35   45   50   79  141  464  558  344  122   26    5
34   50   38   37   34   31   30   29   27   26   25   24   23   22   21   20   19   18   17   16   15   14   13   12   11   10    9    8    7    6    5    4    3    2    1    1    1    1    2    2    1    2    3    2    1    2    2    2    6    6    7    4    5    8   11   14   16   27   34   42   51   77  129  439  548  352  137   35    5
33   49   38   36   34   31   29   27   26   25   24   23   22   21   20   19   18   17   16   15   14   13   12   11   10    9    8    7    6    5    4    3    2    1    1    1    1    2    2    3    1    2    3    1    2    2    6    5    7    5    5    6   12   10   20   26   31   41   47   74  122  402  552  372  143   38    5
34   49   38   36   34   31   29   28   27   26   25   24   23   22   21   20   19   18   17   16   15   14   13   12   11   10    9    8    7    6    5    4    3    2    1    1    1    1    2    2    2    1    1    2    2    2    2    2    5    5    7    5    5    5   11   10   18   27   31   39   46   66  120  372  540  386  159   41    6
34   49   38   35   34   31   30   29   27   26   25   24   23   22   21   20   19   18   17   16   15   14   13   12   11   10    9    8    7    6    5    4    3    2    1    1    1    1    2    1    1    2    2    2    1    3    2    2    4    3    7    5    7    6    7   10   19   26   26   41   43   66  110  355  529  390  171   47    7
35   48   38   34   33   31   30   29   28   27   26   25   24   23   22   21   20   19   18   17   16   15   14   13   12   11   10    9    8    7    6    5    4    3    2    1    1    1    2    1    1    1    1    1    1    2    1    2    4    2    4    1    6    8    5    6    6   10   15   25   29   35   45   51  115  321  520  402  188   55    6
33   47   37   34   32   31   29   27   26   25   24   23   22   21   20   19   18   17   16   15   14   13   12   11   10    9    8    7    6    5    4    3    2    1    1    1    2    1    1    2    1    1    1    2    2    4    1    3    6    9    4    4    7    8   17   23   28   35   44   51  101  298  502  413  211   57    8
34   47   36   34   33   32   30   29   28   26   25   24   23   22   21   20   19   18   17   16   15   14   13   12   11   10    9    8    7    6    5    4    3    2    1    1    1    1    1    1    1    1    1    2    1    2    1    4    2    3    5    8    4    4    8    6   13   27   26   31   43   54   93  282  477  430  217   64    9
31   34   33   32   30   29   27   25   24   23   22   21   20   19   18   17   16   15   14   13   12   11   10    9    8    7    6    5    4    3    2    1    1    1    1    1    2    1    1    3    2    3    1    4    3    7    4    6    7    6   12   23   25   31   40   50   89  258  460  434  242   71    8
31   34   33   32   30   28   27   25   24   23   22   21   20   19   18   17   16   15   14   13   12   11   10    9    8    7    6    5    4    3    2    1    1    1    1    1    1    2    1    3    1    3    2    4    3    6    4    4   10    5   12   20   25   32   34   48   87  239  440  440  257   76    9
29   34   33   30   27   26   24   23   22   21   20   19   18   17   16   15   14   13   12   11   10    9    8    7    6    5    4    3    2    1    1    1    2    2    1    2    2    1    4    3    3    6    5    4    9    5   11   20   24   29   37   42   87  223  420  436  273   82   12
30   34   33   30   29   27   26   24   23   22   21   20   19   18   17   16   15   14   13   12   11   10    9    8    7    6    5    4    3    2    1    1    1    1    1    2    1    1    1    3    3    2    3    7    6    4    9    4   10   20   23   30   36   39   82  205  408  435  282   88   13
29   34   33   30   29   27   26   23   22   21   20   19   18   17   16   15   14   13   12   11   10    9    8    7    6    5    4    3    2    1    1    1    1    1    1    2    1    1    3    3    5    5    7    4    9    4   11   16   21   32   38   37   77  194  394  428  290   94   15
30   34   33   30   28   27   26   25   23   22   21   20   19   18   17   16   15   14   13   12   11   10    9    8    7    6    5    4    3    2    1    1    1    1    1    1    1    1    1    1    3    2    6    4    7    5    5    7    9   12   22   31   37   36   65  189  369  429  304  103   17
28   34   33   30   28   27   25   23   21   20   19   18   17   16   15   14   13   12   11   10    9    8    7    6    5    4    3    2    1    1    1    1    1    1    2    1    3    2    5    6    2    8    5    9    7    8   27   27   34   37   60  170  369  413  313  113   20
28   34   33   30   28   27   25   23   21   20   19   18   17   16   15   14   13   12   11   10    9    8    7    6    5    4    3    2    1    1    1    1    1    1    2    1    2    2    6    4    4    7    3   10    5    9   28   20   32   39   57  157  354  396  332  120   26
29   34   33   30   28   27   25   24   23   21   20   19   18   17   16   15   14   13   12   11   10    9    8    7    6    5    4    3    2    1    1    1    1    1    1    1    1    1    1    3    6    3    5    6    4    9    6    8   25   21   31   37   49  151  334  395  335  130   28
29   34   33   29   28   27   25   24   23   21   20   19   18   17   16   15   14   13   12   11   10    9    8    7    6    5    4    3    2    1    1    1    1    1    1    1    1    1    1    3    3    6    4    3    7    8    8    8   21   20   28   36   51  140  311  390  345  136   34
27   34   33   28   27   25   24   23   20   19   18   17   16   15   14   13   12   11   10    9    8    7    6    5    4    3    2    1    1    1    2    1    1    1    1    2    5    5    3    4    6    9    9    6   19   22   26   36   46  128  291  387  354  142   37
26   34   32   28   27   24   23   20   19   18   17   16   15   14   13   12   11   10    9    8    7    6    5    4    3    2    1    1    1    1    2    1    2    2    5    4    3    4    6    8   10    5   21   19   28   33   46  121  280  368  350  157   41
25   34   32   28   27   23   21   19   18   17   16   15   14   13   12   11   10    9    8    7    6    5    4    3    2    1    1    1    1    2    2    1    5    4    4    4    5    9   10    6   16   17   28   34   46  105  267  360  351  168   45
26   34   32   28   27   23   22   21   19   18   17   16   15   14   13   12   11   10    9    8    7    6    5    4    3    2    1    1    1    1    2    1    1    1    2    5    4    6    4    8   10    8   14   15   27   37   43   93  259  341  362  172   49
25   34   31   26   25   23   22   21   18   17   16   15   14   13   12   11   10    9    8    7    6    5    4    3    2    1    1    1    2    1    1    1    1    7    3    4    6    6    8    9   12   18   19   42   37   92  243  322  374  179   52
26   33   31   26   25   24   23   21   19   18   17   16   15   14   13   12   11   10    9    8    7    6    5    4    3    2    1    1    1    1    1    1    1    1    1    2    4    4    6    4    9    9   14   17   19   33   41   76  244  308  366  195   53
26   32   31   26   25   24   23   20   19   18   17   16   15   14   13   12   11   10    9    8    7    6    5    4    3    2    1    1    1    1    1    1    1    1    1    2    2    6    5    2    7   10   15   17   15   31   42   70  228  302  366  203   56
25   32   31   26   24   23   20   19   18   17   16   15   14   13   12   11   10    9    8    7    6    5    4    3    2    1    1    1    1    1    2    1    1    1    3    5    6    1    7    8   17   18   12   28   41   66  218  295  357  207   59
25   31   30   26   24   23   20   19   18   17   16   15   14   13   12   11   10    9    8    7    6    5    4    3    2    1    1    1    1    1    2    1    1    1    1    7    5    2    5    9   16   18   13   22   43   65  194  292  352  209   69
24   31   30   25   23   22   20   19   17   16   15   14   13   12   11   10    9    8    7    6    5    4    3    2    1    1    1    1    2    1    1    1    2    5    7    2    5    7   17   15   17   19   34   69  173  291  346  212   76
22   30   23   22   21   19   17   16   15   14   13   12   11   10    9    8    7    6    5    4    3    2    1    2    1    1    2    1    1    7    7    2    3    6   13   18   16   20   30   65  158  275  337  224   87
22   30   29   23   21   20   19   16   15   14   13   12   11   10    9    8    7    6    5    4    3    2    1    1    1    1    2    1    1    5    7    4    2    6   13   18   12   18   31   63  142  269  331  228   91
22   30   29   23   21   20   19   16   15   14   13   12   11   10    9    8    7    6    5    4    3    2    1    1    1    1    1    2    1    5    6    5    2    6   11   20   11   18   30   63  130  251  327  226  103
22   29   28   22   21   20   19   16   15   14   13   12   11   10    9    8    7    6    5    4    3    2    1    1    1    1    1    1    1    4    4    7    2    4    8   19   13   18   27   60  124  237  321  229  112
21   28   27   21   20   19   16   15   14   13   12   11   10    9    8    7    6    5    4    3    2    1    1    1    1    1    1    3    4    6    4    4    8   13   15   20   23   55  108  235  310  239  115
20   28   26   21   20   19   15   14   13   12   11   10    9    8    7    6    5    4    3    2    1    1    1    1    1    1    7    6    4    3    7   14   14   18   23   55  101  223  298  247  114
19   27   24   21   19   15   14   13   12   11   10    9    8    7    6    5    4    3    2    1    1    1    1    2    6    7    3    4    5   14   10   19   23   49  100  207  285  259  118
19   27   21   20   19   15   14   13   12   11   10    9    8    7    6    5    4    3    2    1    1    1    1    2    5    6    4    2    7    9   12   18   24   43   89  193  288  256  125
19   27   21   20   19   15   14   13   12   11   10    9    8    7    6    5    4    3    2    1    1    1    1    2    3    8    3    2    5   10   11   13   26   38   83  185  273  258  126
19   27   20   19   17   15   14   13   12   11   10    9    8    7    6    5    4    3    2    1    1    1    2    1    2    6    3    2    4    8   13   11   24   34   77  177  267  253  124
19   26   19   18   17   15   14   13   12   11   10    9    8    7    6    5    4    3    2    1    1    1    2    1    1    5    5    2    3    5   13    9   23   35   72  163  258  253  127
19   26   19   18   17   15   14   13   12   11   10    9    8    7    6    5    4    3    2    1    1    1    2    1    1    3    4    5    3    4   11    6   26   30   71  145  248  250  134
18   26   18   17   15   14   13   12   11   10    9    8    7    6    5    4    3    2    1    1    2    2    1    2    2    6    5    4    9    5   24   29   63  137  236  261  130
18   25   18   17   15   14   13   12   11   10    9    8    7    6    5    4    3    2    1    1    2    2    1    2    2    4    6    4    8    5   16   32   59  125  226  257  133
17   24   18   16   14   13   12   11   10    9    8    7    6    5    4    3    2    1    1    2    2    3    1    3    6    4    7    4   13   27   53  119  201  255  133
17   24   18   17   16   13   12   11   10    9    8    7    6    5    4    3    2    1    1    1    1    2    3    4    4    6    6    5   12   24   51  107  196  252  137
16   24   16   15   13   12   11   10    9    8    7    6    5    4    3    2    1    1    2    2    2    2    5    5    7    6    7   26   42   98  195  242  138
15   23   15   13   12   11   10    9    8    7    6    5    4    3    2    1    1    4    1    1    5    4    6    7    7   23   41   94  171  239  142
16   20   15   14   13   12   11   10    9    8    7    6    5    4    3    2    1    1    3    1    1    1    4    4    5    6    7   15   44   78  163  228  147
15   20   15   13   12   11   10    9    8    7    6    5    4    3    2    1    1    2    2    1    4    5    4    5    7   16   38   69  155  215  134
15   20   15   13   12   11   10    9    8    7    6    5    4    3    2    1    1    2    2    1    3    5    4    5    5   12   33   70  136  195  129
16   20   15   14   13   12   11   10    9    8    7    6    5    4    3    2    1    1    1    1    1    1    3    4    3    5    6   10   30   66  125  181  131
15   20   14   13   12   11   10    9    8    7    6    5    4    3    2    1    1    2    1    1    2    2    5    4    4    8   30   53  121  171  121
14   20   14   13   11   10    9    8    7    6    5    4    3    2    1    1    2    1    3    1    5    3    3   10   27   54  108  160  125
14   19   13   12   11   10    9    8    7    6    5    4    3    2    1    1    1    2    3    1    5    2    1    9   24   41   78  140   95
14   18   13   12   11   10    9    8    7    6    5    4    3    2    1    1    1    2    3    1    4    3    1    8   20   40   73  130   96
13   18   13   12   10    9    8    7    6    5    4    3    2    1    1    1    1    2    5    1    3    8   20   31   72  128   95
13   18   12   11   10    9    8    7    6    5    4    3    2    1    1    1    1    1    5    1    4    7   19   25   69  118   90
13   16   12   11   10    9    8    7    6    5    4    3    2    1    1    1    1    1    4    2    2    7   14   28   51   90   74
12   15   12   11    9    8    7    6    5    4    3    2    1    1    1    1    5    1    3    6   13   24   49   82   70
11   13   11    9    8    7    6    5    4    3    2    1    1    2    3    1    5    4   12   22   42   72   65
11   13   10    9    8    7    6    5    4    3    2    1    1    2    1    2    2    3   14   22   34   66   70
10   13   10    9    7    6    5    4    3    2    1    1    2    1    4    2   13   21   34   63   67
10   13    9    8    7    6    5    4    3    2    1    1    2    1    2    1    4   10   14   32   35
 8    9    8    6    5    4    3    2    1    2    1    1    4   10    9   30   29
 7    9    8    5    4    3    2    1    2    1    5   10    9   28   28
 7    9    8    5    4    3    2    1    2    1    3    9   10   24   25
 7    9    8    5    4    3    2    1    2    1    1    4   11   13   16
 7    9    8    5    4    3    2    1    2    1    1    4   11   13   16
 6    8    7    4    3    2    1    1    2    3   10   12   14
 6    8    7    4    3    2    1    1    2    2   10   11   12
 6    8    7    4    3    2    1    1    2    2    9   10   11
 4    4    3    2    1    1    2    4    4
 4    4    3    2    1    1    2    1    4
 3    3    2    1    3    1    3
 3    3    2    1    1    1    3
 2    2    1    2    2
 2    2    1    2    2
