# n  list(x)  list(y)
26    4    5    6    7    8    9   10   11   12   13   14   15   16   17   18   19   20   21   22   23   24   25   26   29   31   34    4  132  828  515  337  208  144  106   58   43   39   25   17   10    4    9    4    3    3    1    2    1    2    1    2    2
27    4    5    6    7    8    9   10   11   12   13   14   15   16   17   18   19   20   21   22   23   24   25   26   29   30   33   34   11  170  825  496  320  195  141  100   56   42   39   23   14   10    5    7    4    4    3    1    1    2    1    1    2    1    1
26    4    5    6    7    8    9   10   11   12   13   14   15   16   17   18   19   20   21   22   23   24   25   29   30   33   34   23  212  796  483  308  188  134   97   53   43   34   23   14   10    5    6    4    4    3    1    1    3    1    2    1    1
26    3    4    5    6    7    8    9   10   11   12   13   14   15   16   17   18   19   20   21   22   24   25   29   30   33   34    1   33  254  759  480  289  186  126   91   57   41   34   19   15   10    4    6    3    5    3    2    2    2    1    1    1
27    3    4    5    6    7    8    9   10   11   12   13   14   15   16   17   18   19   20   21   22   23   24   25   29   30   33   34    2   48  280  747  461  282  172  126   83   60   37   33   17   13   10    5    4    5    4    2    1    1    2    2    1    1    1
25    3    4    5    6    7    8    9   10   11   12   13   14   15   16   17   18   19   20   21   22   23   25   29   30   33    1   55  309  737  448  263  167  126   76   59   34   35   14   15    9    4    4    4    4    2    2    2    2    1    2
26    3    4    5    6    7    8    9   10   11   12   13   14   15   16   17   18   19   20   21   22   23   25   27   28   30   33    4   68  315  738  428  261  160  118   73   61   31   31   14   14    9    3    3    6    3    2    1    2    1    1    1    2
25    3    4    5    6    7    8    9   10   11   12   13   14   15   16   17   18   19   20   21   22   23   25   27   29   33    8   89  324  725  405  251  160  111   74   63   27   29   13   13    9    3    3    6    3    1    1    3    1    1    2
24    3    4    5    6    7    8    9   10   11   12   13   14   15   16   17   18   19   20   21   23   25   27   29   32   12  102  345  703  393  244  158  106   66   60   27   27   15   11    7    5    5    4    2    1    3    1    1    2
25    3    4    5    6    7    8    9   10   11   12   13   14   15   16   17   18   19   20   21   23   24   25   27   29   32   13  120  360  676  385  240  155   97   64   59   24   29   14    8    9    3    6    4    1    1    1    2    1    1    2
26    3    4    5    6    7    8    9   10   11   12   13   14   15   16   17   18   19   20   21   23   24   25   27   29   30   31   19  136  374  641  389  228  149   93   67   54   25   24   13    9    8    3    5    4    1    1    1    2    1    1    1    1
27    2    3    4    5    6    7    8    9   10   11   12   13   14   15   16   17   18   19   20   21   23   24   25   27   28   29   31    1   22  150  393  610  378  224  141   98   62   50   23   23   14    8    8    3    4    4    1    1    1    2    1    1    1    1
27    2    3    4    5    6    7    8    9   10   11   12   13   14   15   16   17   18   19   20   21   23   24   25   26   28   29   31    1   27  161  402  598  370  214  133   97   58   47   25   21   14    5    8    4    5    1    1    1    1    2    1    1    1    1
27    2    3    4    5    6    7    8    9   10   11   12   13   14   15   16   17   18   19   20   21   22   23   24   25   28   29   31    1   34  176  410  582  359  198  124  102   59   42   23   21   13    6    7    4    4    1    1    1    1    2    1    1    1    1
26    2    3    4    5    6    7    8    9   10   11   12   13   14   15   16   17   18   19   20   22   23   24   25   27   29   30    2   37  191  415  571  348  193  121   92   61   35   23   22    9    6    8    4    3    1    1    2    1    1    1    1    1
24    2    3    4    5    6    7    8    9   10   11   12   13   14   15   16   17   18   19   20   22   23   25   27   29    4   40  204  430  547  336  186  121   86   58   33   24   20    7    7    7    3    3    1    2    2    1    1    2
24    2    3    4    5    6    7    8    9   10   11   12   13   14   15   16   17   18   19   20   22   23   25   27   29    4   49  216  439  528  319  183  118   81   54   32   28   14    9    6    5    3    3    1    2    2    1    1    2
24    2    3    4    5    6    7    8    9   10   11   12   13   14   15   16   17   18   19   20   22   23   24   27   29    6   61  222  443  515  298  181  123   71   49   32   27   14    8    5    6    3    2    1    2    2    1    2    1
23    2    3    4    5    6    7    8    9   10   11   12   13   14   15   16   17   18   19   20   22   23   27   28    8   73  221  464  486  292  179  116   66   44   37   22   11    6    7    5    2    2    1    3    2    2    1
24    2    3    4    5    6    7    8    9   10   11   12   13   14   15   16   17   18   19   20   21   22   23   27   28   12   81  230  473  468  274  170  112   66   44   33   21   12    4    8    4    3    1    1    1    3    1    2    1
22    2    3    4    5    6    7    8    9   10   11   12   13   14   15   16   17   18   19   22   23   26   27   15   88  246  472  452  267  155  109   64   44   32   15   12    4   10    4    2    2    3    1    1    2
22    2    3    4    5    6    7    8    9   10   11   12   13   14   15   16   17   18   19   22   23   25   27   17   93  264  473  431  258  146  104   62   45   28   16    9    6    9    3    2    2    3    1    1    2
22    2    3    4    5    6    7    8    9   10   11   12   13   14   15   16   17   19   20   21   22   25   27   18  109  279  460  434  240  138   91   69   36   27   15    6    6    9    4    2    1    2    1    1    2
22    1    2    3    4    5    6    7    8    9   10   11   12   13   14   15   16   17   19   20   21   25   27    2   15  115  297  470  411  230  131   87   64   35   25   14    4    8    7    3    1    1    2    1    2
22    1    2    3    4    5    6    7    8    9   10   11   12   13   14   15   16   17   18   21   25   26   27    2   21  120  312  459  401  218  129   80   59   33   23   15    4    7    8    2    2    2    1    1    1
23    1    2    3    4    5    6    7    8    9   10   11   12   13   14   15   16   17   18   20   21   25   26   27    1   22  134  326  443  394  208  119   78   54   33   23   13    5    6    8    1    2    1    1    1    1    1
22    1    2    3    4    5    6    7    8    9   10   11   12   13   14   15   16   17   18   19   21   25   27    1   25  148  339  440  374  194  116   71   57   30   20   10    8    5    5    1    2    1    1    1    1
22    1    2    3    4    5    6    7    8    9   10   11   12   13   14   15   16   17   18   19   21   25   27    1   30  153  346  444  364  178  110   65   53   32   15   12    5    6    4    1    2    1    1    1    1
22    1    2    3    4    5    6    7    8    9   10   11   12   13   14   15   16   17   18   19   21   25   27    1   38  159  352  437  358  165  102   63   54   27   15    8    7    4    3    2    1    1    1    1    1
20    1    2    3    4    5    6    7    8    9   10   11   12   13   14   15   16   17   18   21   27    1   40  177  365  417  352  153   99   54   52   26   14    8    6    2    3    2    2    1    1
20    1    2    3    4    5    6    7    8    9   10   11   12   13   14   15   16   17   18   21   26    2   46  185  362  426  328  148   91   57   45   25   12    7    6    2    3    1    2    1    1
20    1    2    3    4    5    6    7    8    9   10   11   12   13   14   15   16   17   18   20   26    6   45  197  373  411  316  141   80   58   43   22   12    7    4    3    2    1    2    1    1
19    1    2    3    4    5    6    7    8    9   10   11   12   13   14   15   16   17   18   26    7   52  207  386  392  300  134   80   54   39   20    9    6    4    3    2    1    2    1
18    1    2    3    4    5    6    7    8    9   10   11   12   13   14   15   16   18   26   11   53  217  386  378  288  125   82   51   37   21    6    6    4    3    3    2    1
19    1    2    3    4    5    6    7    8    9   10   11   12   13   14   15   16   17   18   26   12   56  231  393  354  282  122   78   47   32   19    5    6    4    2    3    1    1    1
18    1    2    3    4    5    6    7    8    9   10   11   12   13   14   15   16   17   25   13   65  239  379  348  267  120   74   45   33   17    5    6    6    1    2    2    1
18    1    2    3    4    5    6    7    8    9   10   11   12   13   14   15   16   17   24   13   77  239  380  350  245  111   69   44   34   14    6    7    3    2    1    2    1
17    1    2    3    4    5    6    7    8    9   10   11   12   13   14   16   17   24   13   85  249  381  338  232  105   61   40   32   13    8    6    4    1    2    1
17    1    2    3    4    5    6    7    8    9   10   11   12   13   14   15   17   23   15   96  247  396  319  211  102   59   41   27   12    7    6    4    1    2    1
17    1    2    3    4    5    6    7    8    9   10   11   12   13   14   15   16   23   20   98  247  407  306  197   98   53   38   26   12    7    5    3    1    2    1
17    1    2    3    4    5    6    7    8    9   10   11   12   13   14   15   16   23   21  102  258  404  287  194   90   51   34   24   12    8    3    3    2    1    1
17    1    2    3    4    5    6    7    8    9   10   11   12   13   14   15   16   22   23  111  260  408  281  173   87   47   32   20   10    7    3    3    2    1    1
17    1    2    3    4    5    6    7    8    9   10   11   12   13   14   15   16   22   22  127  262  394  262  174   81   46   34   16   11    6    2    3    2    1    1
17    1    2    3    4    5    6    7    8    9   10   11   12   13   14   15   16   22   26  137  254  406  248  156   80   46   28   14   11    4    3    2    2    1    1
16    1    2    3    4    5    6    7    8    9   10   11   12   13   14   15   21   32  140  257  397  243  141   79   41   30   12    9    4    3    3    2    1
16    1    2    3    4    5    6    7    8    9   10   11   12   13   14   15   21   36  143  268  385  234  135   72   37   31   11    5    3    4    3    1    1
16    1    2    3    4    5    6    7    8    9   10   11   12   13   14   15   21   40  150  275  364  232  119   71   36   27   10    6    4    3    2    1    1
16    1    2    3    4    5    6    7    8    9   10   11   12   13   14   15   21   42  156  274  373  209  109   68   33   26   10    8    2    3    1    1    1
15    1    2    3    4    5    6    7    8    9   10   11   12   13   14   21   47  161  274  358  207  104   60   30   21   10    7    2    3    2    1
15    1    2    3    4    5    6    7    8    9   10   11   12   13   14   19   51  168  274  351  190  101   54   26   22   11    3    2    3    2    1
15    1    2    3    4    5    6    7    8    9   10   11   12   13   14   19   52  176  277  343  179   93   46   26   23    5    4    1    4    1    1
14    1    2    3    4    5    6    7    8    9   10   11   12   13   19   56  188  264  342  164   88   44   28   18    4    3    2    4    1
13    1    2    3    4    5    6    7    8    9   10   11   13   18   60  195  268  322  153   85   46   22   15    5    4    4    1
14    1    2    3    4    5    6    7    8    9   10   11   12   13   18   61  212  267  306  139   84   35   24   13    5    3    1    2    1
13    1    2    3    4    5    6    7    8    9   10   11   12   16   69  214  273  297  124   69   40   20   11    4    3    3    1
13    1    2    3    4    5    6    7    8    9   10   11   12   15   75  221  278  283  116   58   36   18    6    3    2    3    1
13    1    2    3    4    5    6    7    8    9   10   11   12   14   85  214  278  274  103   57   32   13    4    3    2    2    1
13    1    2    3    4    5    6    7    8    9   10   11   12   14   94  209  280  265   94   45   29   14    2    2    1    2    1
13    1    2    3    4    5    6    7    8    9   10   11   12   14   99  221  280  248   82   43   22   11    3    1    2    1    1
12    1    2    3    4    5    6    7    8    9   10   11   13  100  227  279  230   77   37   19   10    3    1    3    1
11    1    2    3    4    5    6    7    8    9   10   11  104  229  273  210   74   34   18    8    3    2    2
11    1    2    3    4    5    6    7    8    9   10   11  104  227  277  188   66   32   16    9    2    3    1
10    1    2    3    4    5    6    7    8    9   10  104  245  260  169   62   30   11    9    3    3
10    1    2    3    4    5    6    7    8    9   10  123  236  249  157   56   20   11    9    1    3
10    1    2    3    4    5    6    7    8    9   10  131  222  239  145   52   19   11    8    1    3
10    1    2    3    4    5    6    7    8    9   10  138  223  222  131   45   21   11    5    2    2
10    1    2    3    4    5    6    7    8    9   10  143  218  207  120   48   16   11    4    1    1
10    1    2    3    4    5    6    7    8    9   10  139  218  192  106   44   16   10    4    1    1
10    1    2    3    4    5    6    7    8    9   10  136  219  179  103   38   17    8    4    1    1
10    1    2    3    4    5    6    7    8    9   10  143  206  167   90   32   17    5    4    1    1
 9    1    2    3    4    5    6    7    8    9  137  197  154   82   25   18    5    2    1
 9    1    2    3    4    5    6    7    8    9  143  180  143   76   25   14    4    2    1
 9    1    2    3    4    5    6    7    8    9  138  178  136   63   28   10    5    1    1
 9    1    2    3    4    5    6    7    8    9  139  167  126   59   27    6    5    1    1
 9    1    2    3    4    5    6    7    8    9  129  159  117   53   22    7    3    1    1
 9    1    2    3    4    5    6    7    8    9  108  138   98   43   18    5    3    1    1
 7    1    2    3    4    5    6    7  102  122   98   34   16    5    2
 7    1    2    3    4    5    6    7   95  120   84   31   15    5    2
 7    1    2    3    4    5    6    7   90  110   73   23   15    3    2
 7    1    2    3    4    5    6    7   78  104   61   22   11    2    2
 7    1    2    3    4    5    6    7   69   95   53   17   10    2    2
 6    1    2    3    4    5    7   59   73   40   13    7    2
 7    1    2    3    4    5    6    7   49   58   29   10    5    1    1
 6    1    2    3    4    5    7   23   18   16    3    2    1
 6    1    2    3    4    5    7   16   13    8    2    1    1
 6    1    2    3    4    5    6   14   14    7    2    1    1
 5    1    2    3    4    5   10    8    2    2    2
 3    1    2    4    6    6    3
 3    1    2    3    3    7    1
 3    1    2    3    3    7    1
 3    1    2    3    3    7    1
 3    1    2    3    3    4    1
 3    1    2    4    4    1    1
 3    1    2    4    4    1    1
 3    1    2    3    3    1    1
 2    1    2    2    2
 2    1    2    2    2
