# n  list(x)  list(y)
18    4    5    6    7    8    9   10   11   12   13   14   15   16   17   18   19   21   24    4  130  695  524  406  249  168  110   81   47   36   21    9    5    8    4    2    1
19    4    5    6    7    8    9   10   11   12   13   14   15   16   17   18   19   20   21   24    8  172  670  512  403  235  162  105   79   46   37   19    7    5    9    3    1    1    1
19    4    5    6    7    8    9   10   11   12   13   14   15   16   17   18   19   20   21   24   15  221  638  501  389  236  155   98   73   44   35   19    6    5    9    3    1    1    1
19    4    5    6    7    8    9   10   11   12   13   14   15   16   17   18   19   20   21   23   23  247  629  491  376  228  147   93   71   46   33   16    5    6    8    3    1    1    1
19    3    4    5    6    7    8    9   10   11   12   13   14   15   16   17   18   19   20   23    2   28  271  631  483  356  214  151   80   73   40   33   13    6    8    5    4    1    1
18    3    4    5    6    7    8    9   10   11   12   13   14   15   16   17   18   19   23    2   44  287  630  465  341  211  143   85   63   43   30    8    5    8    5    4    1
18    3    4    5    6    7    8    9   10   11   12   13   14   15   16   17   18   19   23    5   52  305  642  438  330  201  139   82   63   41   24    7    6    8    4    2    1
18    3    4    5    6    7    8    9   10   11   12   13   14   15   16   17   18   19   22    6   72  315  636  428  324  188  131   78   64   35   21    7    5    9    3    2    1
18    3    4    5    6    7    8    9   10   11   12   13   14   15   16   17   18   19   22   12   76  336  623  422  307  179  128   81   56   34   19    7    7    7    3    2    1
19    2    3    4    5    6    7    8    9   10   11   12   13   14   15   16   17   18   19   21    1   14   90  364  594  410  298  170  125   80   54   34   15    6    9    6    3    1    1
19    2    3    4    5    6    7    8    9   10   11   12   13   14   15   16   17   18   19   21    1   21   93  388  578  400  292  162  115   80   53   29   15    8    6    6    1    1    1
19    2    3    4    5    6    7    8    9   10   11   12   13   14   15   16   17   18   19   21    2   24  106  395  570  389  277  163  109   75   51   27   18    4    7    5    1    1    1
19    2    3    4    5    6    7    8    9   10   11   12   13   14   15   16   17   18   19   20    3   33  127  396  559  374  268  166   95   75   43   27   15    7    4    5    1    1    1
19    2    3    4    5    6    7    8    9   10   11   12   13   14   15   16   17   18   19   20    6   34  143  411  534  380  246  162   90   70   47   19   14    8    3    5    1    1    1
19    2    3    4    5    6    7    8    9   10   11   12   13   14   15   16   17   18   19   20    6   38  156  419  523  366  234  162   86   67   46   15   16    5    3    5    1    1    1
18    2    3    4    5    6    7    8    9   10   11   12   13   14   15   16   17   18   20    6   49  175  428  507  361  215  153   87   60   41   15   14    6    3    2    2    1
18    2    3    4    5    6    7    8    9   10   11   12   13   14   15   16   17   18   20   12   47  195  425  496  358  203  139   87   59   39   15   12    5    3    2    2    1
17    2    3    4    5    6    7    8    9   10   11   12   13   14   15   16   18   20   14   60  211  418  489  343  205  127   80   59   32   15   11    4    4    2    1
18    2    3    4    5    6    7    8    9   10   11   12   13   14   15   16   17   18   19   15   75  218  422  475  333  196  120   80   55   27   14   10    3    4    1    1    1
18    2    3    4    5    6    7    8    9   10   11   12   13   14   15   16   17   18   19   16   80  242  420  460  322  182  113   84   52   23   13    8    4    3    1    1    1
18    2    3    4    5    6    7    8    9   10   11   12   13   14   15   16   17   18   19   16   85  260  425  445  315  166  110   77   53   18   12    9    4    2    1    1    1
17    2    3    4    5    6    7    8    9   10   11   12   13   14   15   16   17   19   16   99  268  419  438  297  160  110   71   52   18   14    5    3    3    1    1
17    2    3    4    5    6    7    8    9   10   11   12   13   14   15   16   17   19   20  102  287  415  427  283  154  105   70   43   22   11    4    3    2    1    1
16    2    3    4    5    6    7    8    9   10   11   12   13   14   15   17   18   24  108  305  424  394  273  154   94   67   41   20   10    4    5    1    1
17    1    2    3    4    5    6    7    8    9   10   11   12   13   14   15   17   18    1   26  124  309  431  371  261  146   90   67   35   19    9    5    4    1    1
17    1    2    3    4    5    6    7    8    9   10   11   12   13   14   15   17   18    1   28  134  326  421  358  253  139   85   63   31   18    7    6    3    1    1
17    1    2    3    4    5    6    7    8    9   10   11   12   13   14   15   16   18    2   36  137  337  410  348  247  131   77   64   29   16    5    6    3    1    1
17    1    2    3    4    5    6    7    8    9   10   11   12   13   14   15   16   18    2   41  143  341  412  338  234  128   73   60   27   11    5    6    2    1    1
17    1    2    3    4    5    6    7    8    9   10   11   12   13   14   15   16   17    3   47  158  340  396  324  227  132   67   56   26    9    6    5    2    1    1
17    1    2    3    4    5    6    7    8    9   10   11   12   13   14   15   16   17    5   54  162  351  389  312  211  135   61   48   24   10    5    4    2    1    1
17    1    2    3    4    5    6    7    8    9   10   11   12   13   14   15   16   17    8   57  173  355  378  307  194  131   60   44   23    8    5    3    2    1    1
17    1    2    3    4    5    6    7    8    9   10   11   12   13   14   15   16   17    9   64  178  362  376  292  189  120   54   42   20    9    3    3    2    1    1
17    1    2    3    4    5    6    7    8    9   10   11   12   13   14   15   16   17   11   68  191  348  373  290  180  110   57   35   19    8    3    4    1    1    1
17    1    2    3    4    5    6    7    8    9   10   11   12   13   14   15   16   17   12   79  200  340  362  277  178  101   62   30   17    7    5    2    1    1    1
17    1    2    3    4    5    6    7    8    9   10   11   12   13   14   15   16   17   13   80  208  335  362  265  174   97   57   28   15    8    3    2    1    1    1
17    1    2    3    4    5    6    7    8    9   10   11   12   13   14   15   16   17   15   85  211  333  358  254  166   97   53   24   15    7    2    2    1    1    1
16    1    2    3    4    5    6    7    8    9   10   11   12   13   14   16   17   16   87  224  335  357  229  163   92   48   24   11    7    2    3    1    1
15    1    2    3    4    5    6    7    8    9   10   11   12   13   14   16   21   95  227  335  348  231  150   80   47   18    9    7    2    3    2
15    1    2    3    4    5    6    7    8    9   10   11   12   13   14   16   27   99  232  339  335  230  139   70   40   16   11    6    2    2    2
15    1    2    3    4    5    6    7    8    9   10   11   12   13   15   16   32  105  242  338  326  226  121   63   35   15    9    8    2    1    1
15    1    2    3    4    5    6    7    8    9   10   11   12   13   15   16   30  113  246  338  319  219  109   61   27   16    9    8    1    1    1
14    1    2    3    4    5    6    7    8    9   10   11   12   15   16   34  123  246  341  318  194  100   59   24   17    9    5    1    1
14    1    2    3    4    5    6    7    8    9   10   11   12   15   16   35  128  249  336  304  195   96   53   22   16    7    5    1    1
14    1    2    3    4    5    6    7    8    9   10   11   12   15   16   42  129  260  335  287  187   86   48   21   16    9    1    1    1
14    1    2    3    4    5    6    7    8    9   10   11   12   15   16   48  133  266  329  275  173   84   45   19   16    7    1    1    1
14    1    2    3    4    5    6    7    8    9   10   11   12   15   16   48  144  271  317  259  167   78   43   20   16    5    1    1    1
14    1    2    3    4    5    6    7    8    9   10   11   12   15   16   52  146  280  310  254  151   73   41   16   15    4    1    1    1
14    1    2    3    4    5    6    7    8    9   10   11   12   14   16   57  156  281  308  238  142   65   38   17   11    4    1    1    1
14    1    2    3    4    5    6    7    8    9   10   11   12   14   16   62  168  276  303  234  124   60   37   16    8    4    1    1    1
14    1    2    3    4    5    6    7    8    9   10   11   12   14   16   67  176  270  295  228  121   53   37   11    7    3    1    1    1
14    1    2    3    4    5    6    7    8    9   10   11   12   14   16   71  181  277  290  217  110   50   29    9    7    2    1    1    1
14    1    2    3    4    5    6    7    8    9   10   11   12   14   16   73  190  271  284  207   95   47   27    7    8    1    1    1    1
14    1    2    3    4    5    6    7    8    9   10   11   12   14   16   78  197  265  278  197   86   39   27    8    6    1    1    1    1
14    1    2    3    4    5    6    7    8    9   10   11   12   14   15   79  204  258  267  189   80   37   23    9    5    1    1    1    1
14    1    2    3    4    5    6    7    8    9   10   11   12   14   15   93  194  261  260  170   76   33   20   13    1    1    1    1    1
13    1    2    3    4    5    6    7    8    9   10   11   13   15   95  207  257  243  161   69   33   16   12    1    2    1    1
13    1    2    3    4    5    6    7    8    9   10   11   12   15  102  206  260  231  150   63   29   17   10    1    2    1    1
13    1    2    3    4    5    6    7    8    9   10   11   12   15  104  211  252  221  135   61   26   16    9    2    1    1    1
13    1    2    3    4    5    6    7    8    9   10   11   12   15  113  206  253  212  132   49   24   15    8    2    1    1    1
13    1    2    3    4    5    6    7    8    9   10   11   12   15  115  210  252  193  122   51   21   14    6    2    1    1    1
12    1    2    3    4    5    6    7    8    9   10   11   14  123  207  239  187  111   48   22    8    5    1    2    1
11    1    2    3    4    5    6    7    8    9   11   14  126  207  235  185   92   47   19    9    4    2    1
12    1    2    3    4    5    6    7    8    9   10   11   14  130  204  235  174   88   39   18    7    4    1    1    1
10    1    2    3    4    5    6    7    8    9   14  140  194  243  160   76   35   14    8    3    1
10    1    2    3    4    5    6    7    8    9   14  146  189  245  142   71   26   14    6    2    1
10    1    2    3    4    5    6    7    8    9   13  144  202  219  140   60   27   10    6    2    1
10    1    2    3    4    5    6    7    8    9   13  135  204  211  128   52   22   10    5    1    1
 9    1    2    3    4    5    6    7    8   13  133  218  192  117   50   20    6    4    1
 9    1    2    3    4    5    6    7    8   13  129  213  184  109   40   17    6    3    1
 9    1    2    3    4    5    6    7    8   13  126  206  175  102   38   13    6    2    1
 9    1    2    3    4    5    6    7    8   13  129  197  166   91   35   12    7    1    1
 9    1    2    3    4    5    6    7    8   13  126  189  143   82   26   13    4    1    1
 9    1    2    3    4    5    6    7    8   11  111  140   97   66   21   11    4    1    1
 9    1    2    3    4    5    6    7    8   11  111  132   89   61   20   10    3    1    1
 9    1    2    3    4    5    6    7    8   11   99  126   85   56   18    7    3    1    1
 9    1    2    3    4    5    6    7    8   11   91  117   84   44   15    6    3    1    1
 8    1    2    3    4    5    6    7   11   84  115   65   39   18    2    4    1
 8    1    2    3    4    5    6    7   11   75  116   55   35   18    1    3    1
 8    1    2    3    4    5    6    7   11   53   71   29   22    8    2    1    1
 7    1    2    3    4    5    6   11   50   58   25   21    6    3    1
 7    1    2    3    4    5    6   10   43   53   26   16    7    2    1
 7    1    2    3    4    5    6   10   30   36   19   11    3    2    1
 7    1    2    3    4    5    6   10   31   33   17   10    2    2    1
 6    1    2    3    4    5    6   12   13   11    3    1    1
 5    1    2    3    4    6   10   12   10    4    1
 4    1    2    3    4    9    8    7    4
 4    1    2    3    4    9   10    5    3
 4    1    2    3    4    5    6    3    1
 4    1    2    3    4    5    6    3    1
 4    1    2    3    4    4    5    2    1
 4    1    2    3    4    4    5    2    1
 4    1    2    3    4    3    5    1    1
 4    1    2    3    4    3    5    1    1
 4    1    2    3    4    3    5    1    1
 3    1    2    4    4    4    1
 3    1    2    4    4    3    1
 2    1    2    2    1
