# n  list(x)  list(y)
 8    3    4    5    6    7    8    9   10    2   23  206  644 1000  557   64    4
 8    3    4    5    6    7    8    9   10    3   33  228  665  974  511   57    4
 8    3    4    5    6    7    8    9   10    5   44  253  698  914  482   50    4
 9    2    3    4    5    6    7    8    9   10    1    8   52  271  714  889  439   48    3
 9    2    3    4    5    6    7    8    9   10    1   12   60  309  708  859  403   46    2
 8    3    4    5    6    7    8    9   10   15   70  339  704  837  365   43    2
 8    3    4    5    6    7    8    9   10   17   96  359  697  802  338   40    1
 9    2    3    4    5    6    7    8    9   10    2   20  116  382  694  767  306   37    1
 9    2    3    4    5    6    7    8    9   10    5   22  121  401  715  720  284   31    1
 9    2    3    4    5    6    7    8    9   10    5   32  143  404  705  689  267   29    1
 9    2    3    4    5    6    7    8    9   10    5   41  150  433  701  646  249   24    1
 9    2    3    4    5    6    7    8    9   10    5   46  172  448  688  621  223   21    1
 9    2    3    4    5    6    7    8    9   10    7   51  182  464  678  603  196   18    1
 9    2    3    4    5    6    7    8    9   10    8   56  189  492  685  555  172   17    1
 9    2    3    4    5    6    7    8    9   10   10   60  205  512  684  508  156   14    1
 8    2    3    4    5    6    7    8    9   13   62  218  527  661  487  143   14
 8    2    3    4    5    6    7    8    9   20   62  242  534  653  448  133    8
 8    2    3    4    5    6    7    8    9   20   73  257  543  649  409  117    7
 9    1    2    3    4    5    6    7    8    9    1   28   76  269  553  623  388  108    4
 9    1    2    3    4    5    6    7    8    9    4   26   85  288  550  611  361   96    4
 9    1    2    3    4    5    6    7    8    9    4   28  101  306  565  577  330   85    4
 9    1    2    3    4    5    6    7    8    9    4   29  112  337  546  559  318   66    4
 9    1    2    3    4    5    6    7    8    9    4   31  128  349  529  555  293   59    2
 9    1    2    3    4    5    6    7    8    9    4   36  137  366  532  541  253   54    2
 9    1    2    3    4    5    6    7    8    9    5   40  150  379  523  524  229   49    1
 9    1    2    3    4    5    6    7    8    9    7   47  157  381  536  489  211   46    1
 9    1    2    3    4    5    6    7    8    9    7   51  169  408  515  460  198   41    1
 9    1    2    3    4    5    6    7    8    9    7   56  184  425  503  429  183   37    1
 9    1    2    3    4    5    6    7    8    9    9   62  200  425  502  401  168   32    1
 9    1    2    3    4    5    6    7    8    9   12   67  201  431  497  388  149   28    1
 9    1    2    3    4    5    6    7    8    9   14   69  226  429  486  363  135   26    1
 9    1    2    3    4    5    6    7    8    9   14   74  245  424  480  342  124   20    1
 8    1    2    3    4    5    6    7    8   17   76  253  435  462  320  116   20
 8    1    2    3    4    5    6    7    8   18   80  269  441  440  309   97   20
 8    1    2    3    4    5    6    7    8   21   92  271  440  422  292   94   17
 8    1    2    3    4    5    6    7    8   23   99  280  432  424  266   85   15
 8    1    2    3    4    5    6    7    8   26  106  284  437  414  240   82    9
 8    1    2    3    4    5    6    7    8   32  113  295  423  401  226   76    7
 8    1    2    3    4    5    6    7    8   32  123  298  417  392  211   64    5
 8    1    2    3    4    5    6    7    8   35  130  307  414  373  203   51    4
 8    1    2    3    4    5    6    7    8   41  138  318  401  357  188   46    3
 8    1    2    3    4    5    6    7    8   48  140  338  390  337  172   41    2
 8    1    2    3    4    5    6    7    8   54  149  336  391  318  156   36    2
 8    1    2    3    4    5    6    7    8   54  175  329  374  308  144   31    2
 8    1    2    3    4    5    6    7    8   58  177  339  365  289  133   28    2
 8    1    2    3    4    5    6    7    8   66  183  350  344  276  117   26    2
 8    1    2    3    4    5    6    7    8   65  189  351  326  266  108   24    2
 8    1    2    3    4    5    6    7    8   66  200  354  314  251   97   19    2
 8    1    2    3    4    5    6    7    8   71  204  352  316  231   83   18    2
 8    1    2    3    4    5    6    7    8   73  212  348  317  205   71   18    1
 8    1    2    3    4    5    6    7    8   79  210  330  308  199   70   16    1
 8    1    2    3    4    5    6    7    8   88  222  323  292  184   63   15    1
 8    1    2    3    4    5    6    7    8   91  232  321  275  170   64   10    1
 8    1    2    3    4    5    6    7    8   90  242  312  274  150   60   10    1
 7    1    2    3    4    5    6    7   99  243  298  264  142   59    7
 7    1    2    3    4    5    6    7  101  221  265  224  119   50    7
 7    1    2    3    4    5    6    7  102  226  260  219  107   43    7
 7    1    2    3    4    5    6    7  110  224  247  207   94   39    7
 7    1    2    3    4    5    6    7  105  221  244  194   83   38    6
 7    1    2    3    4    5    6    7  106  226  235  182   75   31    6
 7    1    2    3    4    5    6    7   96  191  184  146   58   16    2
 7    1    2    3    4    5    6    7   56  121  131   80   28   11    1
 7    1    2    3    4    5    6    7   34   78   82   51   19    4    1
 5    1    2    3    4    5   19   47   40   29    9
 5    1    2    3    4    5   21   44   39   30    8
 5    1    2    3    4    5   23   40   47   22    6
 5    1    2    3    4    5   21   44   44   20    5
 5    1    2    3    4    5   19   40   32   17    1
 5    1    2    3    4    5   18   40   29   16    1
 6    1    2    3    4    5    6   17   22   21    9    4    3
 5    1    2    3    4    5   13   20   20    5    5
 5    1    2    3    4    5   10   23   13    5    1
 5    1    2    3    4    5   10   22   11    5    1
 5    1    2    3    4    5   10   18    7    5    1
 4    1    2    3    4    9   15    7    5
 5    1    2    3    4    5    7   12    5    7    2
 4    1    2    3    4    8   13    6    5
 5    1    2    3    4    5    7    7   10    4    1
 5    1    2    3    4    5    7    7    8    3    1
 5    1    2    3    4    5    7    7    8    3    1
 5    1    2    3    4    5    7    7    8    3    1
 4    1    2    3    4    4    8    2    1
 4    1    2    3    4    4    7    2    1
 4    1    2    3    4    4    7    2    1
 4    1    2    3    4    3    7    1    1
 4    1    2    3    4    3    7    1    1
 4    1    2    3    4    3    6    1    1
 4    1    2    3    4    3    6    1    1
 4    1    2    3    4    3    5    1    1
 4    1    2    3    4    3    5    1    1
 4    1    2    3    4    1    4    1    1
 4    1    2    3    4    1    4    1    1
 2    1    2    2    3
 2    1    2    2    3
 2    1    2    2    3
 3    1    2    3    1    2    1
