# n  list(x)  list(y)
17    4    5    6    7    8    9   10   11   12   13   14   15   16   17   18   19   21    2   99  565  610  445  316  190  129   63   43   15    5    7    4    1    5    1
11    4    5    6    7    8    9   10   11   12   13   14   17  150  590  593  433  296  175  117   61   38    5
11    3    4    5    6    7    8    9   10   11   12   13    1   29  191  600  591  422  281  168  102   51   14
10    3    4    5    6    7    8    9   10   11   12    2   43  244  600  579  415  261  160   88   33
10    3    4    5    6    7    8    9   10   11   12    3   63  284  607  565  403  249  150   71    5
 9    3    4    5    6    7    8    9   10   11    5   80  319  620  553  389  239  130   40
 9    3    4    5    6    7    8    9   10   11   12   94  350  642  536  365  228  117    6
 8    3    4    5    6    7    8    9   10   16  114  393  641  518  345  219   79
 9    2    3    4    5    6    7    8    9   10    2   19  136  427  637  516  325  192   46
 9    2    3    4    5    6    7    8    9   10    2   23  160  469  627  503  311  167   13
 8    2    3    4    5    6    7    8    9    2   31  185  506  614  496  281  135
 8    2    3    4    5    6    7    8    9    2   41  216  526  617  462  270   91
 9    1    2    3    4    5    6    7    8    9    1    4   55  237  546  618  446  233   60
 9    1    2    3    4    5    6    7    8    9    2    7   68  271  557  613  416  212   29
 8    1    2    3    4    5    6    7    8    2    8   77  307  586  591  395  184
 8    1    2    3    4    5    6    7    8    2   12   95  341  592  568  373  142
 8    1    2    3    4    5    6    7    8    3   15  118  361  606  549  349   99
 8    1    2    3    4    5    6    7    8    3   22  131  388  619  542  309   61
 8    1    2    3    4    5    6    7    8    3   28  151  409  633  523  277   25
 7    1    2    3    4    5    6    7    3   35  170  435  643  506  232
 7    1    2    3    4    5    6    7    4   46  192  463  628  478  188
 7    1    2    3    4    5    6    7    6   55  215  483  631  438  146
 7    1    2    3    4    5    6    7    6   62  245  504  627  403  102
 7    1    2    3    4    5    6    7    9   72  267  536  604  372   64
 7    1    2    3    4    5    6    7   12   82  289  569  583  334   30
 6    1    2    3    4    5    6   18   91  307  602  557  299
 6    1    2    3    4    5    6   26  107  328  604  530  253
 6    1    2    3    4    5    6   31  125  358  604  493  212
 6    1    2    3    4    5    6   35  139  384  628  441  171
 6    1    2    3    4    5    6   41  152  418  616  413  130
 6    1    2    3    4    5    6   46  171  451  602  385   89
 6    1    2    3    4    5    6   53  193  486  573  359   54
 6    1    2    3    4    5    6   60  203  527  565  321   16
 5    1    2    3    4    5   70  225  545  546  279
 5    1    2    3    4    5   82  247  556  520  232
 5    1    2    3    4    5   95  270  562  492  189
 5    1    2    3    4    5  110  298  572  453  150
 5    1    2    3    4    5  118  335  584  401  118
 5    1    2    3    4    5  135  363  580  367   83
 5    1    2    3    4    5  147  400  565  345   42
 5    1    2    3    4    5  157  427  576  307    3
 4    1    2    3    4  172  423  554  265
 4    1    2    3    4  172  424  514  231
 4    1    2    3    4  185  437  483  192
 4    1    2    3    4  206  447  450  153
 4    1    2    3    4  201  440  417  114
 4    1    2    3    4  203  436  379   83
 4    1    2    3    4  194  411  328   45
 4    1    2    3    4  200  424  294    8
 3    1    2    3  186  361  248
 3    1    2    3  123  250  169
 3    1    2    3   88  182  126
 3    1    2    3   58  128   84
 3    1    2    3   37   79   45
 3    1    2    3    9   21   11
 3    1    2    3   10   22    8
 3    1    2    3    5   16    3
 2    1    2    2    9
 2    1    2    2    9
 2    1    2    2    9
 2    1    2    2    9
 2    1    2    2    9
 2    1    2    2    9
 2    1    2    2    5
