# n  list(x)  list(y)
22    4    5    6    7    8    9   10   11   12   13   14   15   16   17   18   19   20   21   22   27   28   34    4  132  696  573  413  228  128  100   76   53   24   27   17    4    6    6    5    2    3    1    1    1
21   34    4    5    6    7    8    9   10   11   12   13   14   15   16   17   18   19   20   21   22   27    1    9  167  694  547  399  224  120   97   75   51   23   26   15    5    5    5    5    2    3    2
23    3    4    5    6    7    8    9   10   11   12   13   14   15   16   17   18   19   20   21   22   25   27   32    1   22  196  689  542  374  213  115   96   69   49   19   26   16    1    7    4    4    2    2    1    1    1
23    3    4    5    6    7    8    9   10   11   12   13   14   15   16   17   18   19   20   21   22   25   26   32    2   28  230  675  537  353  205  113   86   68   48   17   25   16    3    5    5    3    2    1    1    1    1
22    3    4    5    6    7    8    9   10   11   12   13   14   15   16   17   18   19   20   21   25   26   32    4   43  248  664  530  332  198  115   79   66   42   19   26   13    3    4    6    2    3    1    1    1
23    2    3    4    5    6    7    8    9   10   11   12   13   14   15   16   17   18   19   20   21   24   26   32    1    4   49  272  665  505  315  192  113   83   63   37   18   25   12    4    5    5    1    3    1    1    1
23    2    3    4    5    6    7    8    9   10   11   12   13   14   15   16   17   18   19   20   21   24   26   32    1    9   63  288  662  490  297  186  114   71   65   31   18   27    8    3    6    4    1    3    1    1    1
22    2    3    4    5    6    7    8    9   10   11   12   13   14   15   16   17   18   19   21   24   26   31    2   12   80  301  648  479  284  187  105   66   65   28   17   24    7    3    7    4    3    1    1    1
22    2    3    4    5    6    7    8    9   10   11   12   13   14   15   16   17   18   19   21   24   26   31    2   16   95  317  638  458  277  183   95   69   59   27   14   24    7    4    5    4    3    1    1    1
22    2    3    4    5    6    7    8    9   10   11   12   13   14   15   16   17   18   19   21   24   26   31    2   20  113  327  636  428  272  173   98   71   47   26   17   21    6    5    4    3    3    1    1    1
23    2    3    4    5    6    7    8    9   10   11   12   13   14   15   16   17   18   19   20   21   23   26   31    3   26  122  351  616  411  260  171   93   68   47   26   15   18    5    5    5    2    1    2    1    1    1
24    1    2    3    4    5    6    7    8    9   10   11   12   13   14   15   16   17   18   19   20   21   22   26   31    1    2   30  130  386  577  411  242  165   93   66   43   25   15   16    7    3    5    2    1    2    1    1    1
24    1    2    3    4    5    6    7    8    9   10   11   12   13   14   15   16   17   18   19   20   21   22   26   31    1    3   33  143  394  565  397  235  160   92   61   42   23   14   14    7    3    5    2    2    1    1    1    1
23    1    2    3    4    5    6    7    8    9   10   11   12   13   14   15   16   17   18   19   20   22   26   31    1    4   41  169  402  532  390  227  154   91   55   42   21   13   13    5    2    5    4    1    1    1    1
23    1    2    3    4    5    6    7    8    9   10   11   12   13   14   15   16   17   18   19   20   22   26   30    1    6   49  172  423  516  369  217  154   89   52   40   18   17    7    6    2    5    3    1    1    1    1
23    1    2    3    4    5    6    7    8    9   10   11   12   13   14   15   16   17   18   19   20   22   26   30    1    9   49  190  431  502  365  205  142   81   56   35   19   14    8    4    2    7    1    1    1    1    1
22    1    2    3    4    5    6    7    8    9   10   11   12   13   14   15   16   17   18   19   20   25   30    1   13   57  206  433  503  335  208  125   77   57   31   18   12    8    2    3    6    2    1    1    1
22    1    2    3    4    5    6    7    8    9   10   11   12   13   14   15   16   17   18   19   20   25   30    1   13   68  226  434  483  322  196  119   80   48   34   17   12    6    3    2    6    2    1    1    1
22    1    2    3    4    5    6    7    8    9   10   11   12   13   14   15   16   17   18   19   20   25   29    1   16   78  236  437  455  321  190  119   77   38   33   17   13    3    3    4    4    2    1    1    1
22    1    2    3    4    5    6    7    8    9   10   11   12   13   14   15   16   17   18   19   20   25   29    4   16   87  245  426  449  306  187  117   73   38   31   14   14    3    5    2    4    1    1    1    1
22    1    2    3    4    5    6    7    8    9   10   11   12   13   14   15   16   17   18   19   20   25   29    5   16   96  252  442  424  304  171  109   71   38   30   14   12    5    1    2    4    1    1    1    1
21    1    2    3    4    5    6    7    8    9   10   11   12   13   14   15   16   17   18   20   24   29    5   20  107  256  445  417  283  176   96   72   31   29   16    8    3    2    1    5    1    1    1
21    1    2    3    4    5    6    7    8    9   10   11   12   13   14   15   16   17   18   20   24   29    6   23  111  274  443  399  272  178   82   69   33   25   17    6    1    2    2    4    1    1    1
21    1    2    3    4    5    6    7    8    9   10   11   12   13   14   15   16   17   18   20   23   27    7   29  117  274  438  389  264  171   82   70   27   26   13    6    1    2    3    3    1    1    1
21    1    2    3    4    5    6    7    8    9   10   11   12   13   14   15   16   17   18   20   22   27    6   38  115  290  430  377  255  164   79   62   29   24   12    6    1    3    2    3    1    1    1
21    1    2    3    4    5    6    7    8    9   10   11   12   13   14   15   16   17   18   20   22   27    9   37  121  311  408  370  250  151   90   51   25   23   11    5    2    3    1    3    1    1    1
20    1    2    3    4    5    6    7    8    9   10   11   12   13   14   15   16   18   20   22   27   10   40  132  317  415  343  240  143   92   48   23   20   11    4    2    4    3    1    1    1
20    1    2    3    4    5    6    7    8    9   10   11   12   13   14   15   16   18   20   21   27   11   42  149  323  398  339  227  142   87   42   20   19   10    4    2    4    3    1    1    1
19    1    2    3    4    5    6    7    8    9   10   11   12   13   14   15   16   18   20   27   12   44  163  325  394  325  222  136   78   37   24   15    9    4    3    3    3    2    1
19    1    2    3    4    5    6    7    8    9   10   11   12   13   14   15   16   18   20   27   16   48  172  322  399  308  207  136   70   39   20   15    7    5    2    3    3    1    1
20    1    2    3    4    5    6    7    8    9   10   11   12   13   14   15   16   17   18   20   27   19   54  178  326  398  293  195  130   64   40   18   12    7    6    1    3    1    2    1    1
20    1    2    3    4    5    6    7    8    9   10   11   12   13   14   15   16   17   18   20   27   20   58  190  317  397  286  185  120   68   32   20    9    7    7    1    2    1    2    1    1
19    1    2    3    4    5    6    7    8    9   10   11   12   13   14   15   16   17   19   27   23   64  197  334  379  274  182  110   62   27   18    8    8    4    2    1    3    1    1
19    1    2    3    4    5    6    7    8    9   10   11   12   13   14   15   16   17   19   27   24   75  209  329  358  277  171  110   53   23   19    7    9    3    1    1    2    1    1
17    1    2    3    4    5    6    7    8    9   10   11   12   13   14   17   19   26   26   80  222  327  358  269  154  102   49   20   20    5    8    4    2    1    1
17    1    2    3    4    5    6    7    8    9   10   11   12   13   14   17   19   24   27   89  230  328  352  246  159   90   45   21   16    6    6    4    2    1    1
18    1    2    3    4    5    6    7    8    9   10   11   12   13   14   16   17   18   24   30   92  241  333  345  221  157   80   47   18   15    5    6    4    1    1    1    1
18    1    2    3    4    5    6    7    8    9   10   11   12   13   14   16   17   18   23   28   99  242  339  340  203  151   74   47   14   15    7    5    3    1    1    1    1
17    1    2    3    4    5    6    7    8    9   10   11   12   13   14   16   17   22   32  108  241  339  326  201  136   72   44   18   10    8    5    2    1    2    1
16    1    2    3    4    5    6    7    8    9   10   11   12   13   16   17   21   36  111  244  339  321  192  131   64   38   18   10    7    6    2    1    1
15    1    2    3    4    5    6    7    8    9   10   11   12   13   16   21   37  115  248  343  314  179  125   59   33   18   10    7    4    3    1
16    1    2    3    4    5    6    7    8    9   10   11   12   13   15   16   20   38  123  257  347  287  179  110   60   28   16   10    7    3    1    2    1
16    1    2    3    4    5    6    7    8    9   10   11   12   13   15   16   20   42  132  267  333  280  169  104   50   27   16   11    6    2    1    2    1
16    1    2    3    4    5    6    7    8    9   10   11   12   13   14   16   19   43  149  274  322  267  155   98   48   24   16    9    5    2    1    2    1
16    1    2    3    4    5    6    7    8    9   10   11   12   13   14   16   19   43  162  269  319  254  145   96   46   23   15    7    6    1    1    2    1
16    1    2    3    4    5    6    7    8    9   10   11   12   13   14   16   18   46  168  272  308  257  133   84   45   20   15    8    4    1    1    2    1
15    1    2    3    4    5    6    7    8    9   10   11   12   13   16   18   50  172  279  296  253  120   83   42   17   14    7    3    1    2    1
14    1    2    3    4    5    6    7    8    9   10   11   12   16   18   53  176  285  288  241  111   77   39   16   11    8    3    2    1
15    1    2    3    4    5    6    7    8    9   10   11   12   15   16   18   54  182  283  293  221  110   67   35   19    7    9    2    1    1    1
14    1    2    3    4    5    6    7    8    9   10   11   12   15   17   55  190  284  288  208  101   65   29   16    8    9    1    2    1
15    1    2    3    4    5    6    7    8    9   10   11   12   13   15   16   58  199  282  280  192  105   53   31   11    8    8    1    1    1    1
14    1    2    3    4    5    6    7    8    9   10   11   12   14   15   64  200  286  273  179   92   48   30   10   11    4    2    1    1
13    1    2    3    4    5    6    7    8    9   10   11   12   15   64  202  290  259  171   91   43   28    8   10    3    3    1
13    1    2    3    4    5    6    7    8    9   10   11   12   15   69  212  281  250  160   86   42   28    8    7    3    2    1
12    1    2    3    4    5    6    7    8    9   10   11   15   81  213  280  239  150   82   35   25    9    6    4    1
12    1    2    3    4    5    6    7    8    9   10   11   15   91  219  264  238  133   77   37   21   10    4    4    1
12    1    2    3    4    5    6    7    8    9   10   11   15   95  219  257  234  122   76   36   18    9    4    4    1
12    1    2    3    4    5    6    7    8    9   10   11   15  102  220  255  215  119   69   32   16    9    4    4    1
12    1    2    3    4    5    6    7    8    9   10   11   15  104  220  251  205  110   66   30   15    7    4    3    1
12    1    2    3    4    5    6    7    8    9   10   11   14  103  228  249  185  102   63   28   15    7    3    3    1
11    1    2    3    4    5    6    7    8    9   10   11  110  237  225  193   93   52   25   13    8    1    3
10    1    2    3    4    5    6    7    8    9   11  113  240  222  178   85   49   26   10    5    3
11    1    2    3    4    5    6    7    8    9   10   11  114  244  210  173   78   50   22    7    4    1    2
11    1    2    3    4    5    6    7    8    9   10   11  118  243  202  169   66   44   22    7    3    1    1
 9    1    2    3    4    5    6    7    8    9  125  235  200  151   65   43   14    6    4
 9    1    2    3    4    5    6    7    8    9  132  230  192  141   60   39   10    3    4
 9    1    2    3    4    5    6    7    8    9  136  222  185  129   55   39    8    4    2
 9    1    2    3    4    5    6    7    8    9  140  216  180  119   55   34    7    4    2
 9    1    2    3    4    5    6    7    8    9  139  211  178  107   53   29    8    3    2
 9    1    2    3    4    5    6    7    8    9  143  210  168   97   47   27    4    2    2
 9    1    2    3    4    5    6    7    8    9  144  212  155   82   43   23    4    1    2
 9    1    2    3    4    5    6    7    8    9  132  205  151   75   36   17    3    1    2
 9    1    2    3    4    5    6    7    8    9  134  194  137   70   30   13    2    1    1
 9    1    2    3    4    5    6    7    8    9  132  173  129   61   26   10    2    1    1
 9    1    2    3    4    5    6    7    8    9  129  168  120   54   22    7    2    1    1
 8    1    2    3    4    5    6    8    9  125  157  112   50   18    7    1    1
 8    1    2    3    4    5    6    8    9  116  146   99   47   16    5    1    1
 8    1    2    3    4    5    6    8    9  114  137   88   41   15    2    1    1
 8    1    2    3    4    5    6    8    9  102  128   74   36    9    2    1    1
 8    1    2    3    4    5    6    7    9   80   97   69   23    7    1    1    1
 7    1    2    3    4    5    6    8   78   90   60   18    6    2    1
 5    1    2    3    4    5   21   21   13    6    2
 6    1    2    3    4    5    6   18   16   11    3    1    2
 6    1    2    3    4    5    6   17   16    9    2    2    1
 5    1    2    3    4    6    8   11    6    2    1
 4    1    2    3    4    7    6    1    2
 4    1    2    3    4    6    6    2    1
 4    1    2    3    4    5    7    1    1
 3    1    2    3    4    7    2
 3    1    2    3    4    4    2
 3    1    2    3    4    2    2
 2    1    3    5    3
 2    1    3    5    3
 3    1    2    3    4    1    2
 3    1    2    3    4    1    2
 3    1    2    3    3    1    1
 3    1    2    3    3    1    1
 3    1    2    3    3    1    1
 2    1    2    2    2
