# n  list(x)  list(y)
 9    3    4    5    6    7    8    9   10   11    2   36  196  630 1024  559   47    5    1
 9    3    4    5    6    7    8    9   10   11    2   47  222  667  974  512   47    3    1
 8    3    4    5    6    7    8    9   10    7   54  248  676  953  470   38    4
 9    2    3    4    5    6    7    8    9   10    1   11   55  284  681  931  422   36    4
 9    2    3    4    5    6    7    8    9   10    2   13   65  308  696  884  402   27    3
 9    2    3    4    5    6    7    8    9   10    3   17   83  329  693  851  373   23    3
 9    2    3    4    5    6    7    8    9   10    4   18   91  355  709  806  348   17    2
 8    2    3    4    5    6    7    8    9    4   19  102  384  720  767  311   18
 8    2    3    4    5    6    7    8    9    4   23  108  423  726  718  282   16
 8    2    3    4    5    6    7    8    9    4   29  119  447  729  679  253   15
 8    2    3    4    5    6    7    8    9    6   30  136  483  711  643  229   12
 9    1    2    3    4    5    6    7    8    9    1    7   33  156  486  709  614  207   12
 9    1    2    3    4    5    6    7    8    9    1    8   40  172  500  702  580  186   11
 9    1    2    3    4    5    6    7    8    9    1    9   49  186  512  698  533  176   11
 9    1    2    3    4    5    6    7    8    9    1   12   56  206  531  663  507  163   11
 9    1    2    3    4    5    6    7    8    9    2   15   66  219  531  658  477  147   10
 9    1    2    3    4    5    6    7    8    9    3   18   71  245  541  631  443  138   10
 9    1    2    3    4    5    6    7    8    9    3   20   84  263  539  615  414  127   10
 9    1    2    3    4    5    6    7    8    9    3   22   88  270  558  614  372  114    9
 9    1    2    3    4    5    6    7    8    9    3   21   97  294  563  584  354  100    9
 9    1    2    3    4    5    6    7    8    9    3   21  115  309  557  582  313   92    8
 9    1    2    3    4    5    6    7    8    9    3   25  123  325  565  546  299   81    8
 9    1    2    3    4    5    6    7    8    9    2   26  130  350  562  527  271   75    7
 9    1    2    3    4    5    6    7    8    9    2   34  137  363  576  485  255   67    6
 9    1    2    3    4    5    6    7    8    9    2   42  154  378  544  479  236   61    4
 9    1    2    3    4    5    6    7    8    9    2   44  169  381  540  478  205   52    4
 9    1    2    3    4    5    6    7    8    9    2   53  173  402  529  451  192   44    4
 9    1    2    3    4    5    6    7    8    9    3   55  196  411  516  417  189   34    4
 9    1    2    3    4    5    6    7    8    9    5   63  206  409  515  399  168   31    4
 9    1    2    3    4    5    6    7    8    9    6   69  217  412  509  375  158   25    4
 9    1    2    3    4    5    6    7    8    9    8   71  224  428  491  355  147   22    4
 9    1    2    3    4    5    6    7    8    9   10   73  239  424  485  330  142   18    4
 9    1    2    3    4    5    6    7    8    9   14   81  244  431  471  312  125   20    2
 9    1    2    3    4    5    6    7    8    9   13   90  255  430  453  298  113   20    2
 9    1    2    3    4    5    6    7    8    9   14  106  258  433  435  280  105   16    2
 9    1    2    3    4    5    6    7    8    9   16  111  276  438  413  259   97   12    2
 9    1    2    3    4    5    6    7    8    9   17  121  290  435  395  242   86   11    2
 9    1    2    3    4    5    6    7    8    9   20  128  302  434  386  215   76   11    2
 9    1    2    3    4    5    6    7    8    9   21  132  304  425  359  204   70    8    2
 9    1    2    3    4    5    6    7    8    9   23  149  307  420  345  193   53    8    2
 9    1    2    3    4    5    6    7    8    9   29  150  312  425  322  177   51    7    2
 9    1    2    3    4    5    6    7    8    9   34  147  325  411  311  172   42    6    2
 9    1    2    3    4    5    6    7    8    9   35  158  332  403  296  156   37    4    2
 9    1    2    3    4    5    6    7    8    9   36  171  331  393  276  147   37    3    2
 9    1    2    3    4    5    6    7    8    9   43  172  332  391  263  133   32    3    2
 9    1    2    3    4    5    6    7    8    9   45  185  326  376  253  122   32    2    2
 9    1    2    3    4    5    6    7    8    9   51  187  331  362  243  108   31    2    2
 8    1    2    3    4    5    6    7    8   56  200  333  359  221   91   28    3
 8    1    2    3    4    5    6    7    8   60  205  343  339  206   85   23    3
 8    1    2    3    4    5    6    7    8   68  203  354  329  187   78   17    2
 8    1    2    3    4    5    6    7    8   75  209  343  326  173   65   17    1
 8    1    2    3    4    5    6    7    8   77  218  330  317  160   63   13    1
 7    1    2    3    4    5    6    7   80  219  324  309  154   55   12
 7    1    2    3    4    5    6    7   85  224  315  304  138   48   10
 7    1    2    3    4    5    6    7   89  218  318  284  129   45    8
 7    1    2    3    4    5    6    7   84  227  318  261  118   43    4
 7    1    2    3    4    5    6    7   93  241  304  246  105   39    4
 7    1    2    3    4    5    6    7  101  228  292  219  100   30    3
 7    1    2    3    4    5    6    7   98  209  280  196   89   27    3
 7    1    2    3    4    5    6    7   94  199  282  182   84   22    2
 7    1    2    3    4    5    6    7   59  103  157   74   37    8    1
 7    1    2    3    4    5    6    7   59  109  147   60   35    5    1
 6    1    2    3    4    5    6   42  101  105   88   29    5
 6    1    2    3    4    5    6   42  104   97   85   23    4
 6    1    2    3    4    5    6   46   92  100   43   18    3
 6    1    2    3    4    5    6   44   81   91   39   13    3
 6    1    2    3    4    5    6   41   71   76   28   13    3
 6    1    2    3    4    5    6   25   61   55   28    8    1
 6    1    2    3    4    5    6   17   40   35   12    4    2
 6    1    2    3    4    5    6   14   36   32   14    4    1
 6    1    2    3    4    5    6   14   35   31   11    3    1
 5    1    2    3    4    5   12   24   22    6    4
 5    1    2    3    4    5   11   25   21    6    4
 5    1    2    3    4    5   10   19   20    6    4
 5    1    2    3    4    5    8   26   13    4    1
 5    1    2    3    4    5    6   18   17    4    1
 5    1    2    3    4    5    6   19   15    4    1
 5    1    2    3    4    5    6   19   15    4    1
 5    1    2    3    4    5    4    9    3    2    1
 5    1    2    3    4    5    4    9    3    2    1
 5    1    2    3    4    5    4    9    3    2    1
 5    1    2    3    4    5    2    3    4    1    2
 5    1    2    3    4    5    2    3    4    1    2
 5    1    2    3    4    5    2    3    4    1    2
 4    1    2    3    4    3    6    1    1
 3    1    2    3    3    6    1
 3    1    2    3    3    5    1
 3    1    2    3    3    5    1
 3    1    2    3    3    5    1
 3    1    2    3    3    5    1
 3    1    2    3    3    5    1
 3    1    2    3    3    3    1
 3    1    2    3    3    3    1
 3    1    2    3    3    3    1
 2    1    2    2    2
 2    1    2    2    1
 2    1    2    2    1
 2    1    2    2    1
