# n  list(x)  list(y)
29   39   31   30   29   28   27   26   25   24   23   22   21   20   19   18   17   16   15   14   13   12   11   10    9    8    7    6    5    4    1    1    5    1    1    4    2    4    4   10    5    6   11   16   10   12   13   37   44   46   59   77  100  141  209  397 1125  155    4
30   39   31   30   29   28   27   26   25   24   23   22   21   20   19   18   17   16   15   14   13   12   11   10    9    8    7    6    5    4    3    1    1    3    3    1    4    1    4    3    9    7    6   11   14    9   12   14   36   41   47   55   75   95  141  203  380 1072  214   12    1
29   39   30   29   28   27   26   25   24   23   22   21   20   19   18   17   16   15   14   13   12   11   10    9    8    7    6    5    4    3    1    2    4    2    2    2    3    1   13    7    4   12   14    8    9   14   36   38   44   59   68   96  133  195  373 1011  276   21    2
29   38   30   29   28   27   26   25   24   23   22   21   20   19   18   17   16   15   14   13   12   11   10    9    8    7    6    5    4    3    1    2    3    1    3    2    1    4   11    9    2   13   13    7    9   12   35   38   43   60   65   89  134  192  355  965  322   30    4
29   38   30   29   28   27   26   25   24   23   22   21   20   19   18   17   16   15   14   13   12   11   10    9    8    7    6    5    4    3    1    1    3    1    4    1    1    2   14    7    3   13   14    7    7   13   30   35   46   59   64   88  127  190  332  929  357   47    4
29   38   30   29   28   27   26   25   24   23   22   21   20   19   18   17   16   15   14   13   12   11   10    9    8    7    6    5    4    3    1    1    3    1    4    1    1    2   12    9    3   11   16    6    7   12   30   32   48   58   62   83  129  188  312  889  381   63   10
29   38   29   28   27   26   25   24   23   22   21   20   19   18   17   16   15   14   13   12   11   10    9    8    7    6    5    4    3    2    1    3    2    2    3    1    1    9    9    6   12   10   11    7   11   30   29   43   60   55   81  129  178  311  847  412   74   12    1
28   38   29   28   27   26   24   23   22   21   20   19   18   17   16   15   14   13   12   11   10    9    8    7    6    5    4    3    2    1    1    3    3    3    2    6   10    8   11   10   11    8   10   27   29   40   56   54   82  125  171  307  795  446   90   15    1
28   38   29   28   27   26   24   23   22   21   20   19   18   17   16   15   14   13   12   11   10    9    8    7    6    5    4    3    2    1    1    2    4    3    2    3   11    9   10   10   13    7   10   24   31   35   60   54   75  127  163  300  755  463  109   17    1
29   38   29   28   27   26   25   24   23   22   21   20   19   18   17   16   15   14   13   12   11   10    9    8    7    6    5    4    3    2    1    1    1    5    2    1    1    3   11    8   10    9   12   11   10   18   33   29   51   58   73  121  156  291  718  485  128   26    2
27   38   29   27   26   24   23   22   21   20   19   18   17   16   15   14   13   12   11   10    9    8    7    6    5    4    3    2    1    1    4    3    3    2    8   10   10    9   11   11   10   15   34   29   44   65   66  119  147  280  682  500  151   33    2
27   37   29   27   26   24   23   22   21   20   19   18   17   16   15   14   13   12   11   10    9    8    7    6    5    4    3    2    1    1    4    3    2    3    7    8   10    9   12    7   14   14   29   31   44   59   65  116  141  268  663  498  172   41    3
28   37   29   27   26   25   24   23   22   21   20   19   18   17   16   15   14   13   12   11   10    9    8    7    6    5    4    3    2    1    1    2    4    1    1    3    8    6    9   10   12    5   13   11   27   34   43   52   70  102  143  256  632  498  200   52    4
28   37   29   27   26   25   24   23   22   21   20   19   18   17   16   15   14   13   12   11   10    9    8    7    6    5    4    3    2    1    1    1    4    2    1    3    6    7    7    9   12    8   13   11   24   33   39   49   69   99  133  247  616  496  223   55    6
27   37   29   26   25   24   23   22   21   20   19   18   17   16   15   14   13   12   11   10    9    8    7    6    5    4    3    2    1    1    4    3    1    2    5    8    5   10   11    9   13    8   23   31   41   44   67  100  127  235  581  511  236   65    8
27   35   28   26   25   24   23   22   21   20   19   18   17   16   15   14   13   12   11   10    9    8    7    6    5    4    3    2    1    1    3    4    1    1    4    9    4   10   11    6   14   11   17   27   45   41   66   95  126  229  550  515  253   73    8
26   35   28   26   25   23   22   21   20   19   18   17   16   15   14   13   12   11   10    9    8    7    6    5    4    3    2    1    1    3    4    1    4    9    5    9   12    6   14   10   15   27   41   44   61   97  122  226  524  504  269   82    9
27   34   28   26   25   24   23   22   21   20   19   18   17   16   15   14   13   12   11   10    9    8    7    6    5    4    3    2    1    1    2    2    1    2    4    6    6    8    9   10   13   11   13   26   44   39   52   98  120  207  510  505  285   88   12
27   34   27   26   25   24   23   22   21   20   19   18   17   16   15   14   13   12   11   10    9    8    7    6    5    4    3    2    1    1    1    2    1    1    4    5    9    7    9    9   13    9   16   20   40   44   49   91  116  201  489  498  304   92   18
28   34   27   26   25   24   23   22   21   20   19   18   17   16   15   14   13   12   11   10    9    8    7    6    5    4    3    2    1    1    1    1    2    1    1    3    6    8    8    6   11   10    9   17   17   37   40   50   85  118  197  451  510  315   98   21    1
27   34   26   25   24   23   22   21   20   19   18   17   16   15   14   13   12   11   10    9    8    7    6    5    4    3    2    1    1    1    2    1    2    3    6    7    6    8   11    9    9   13   18   34   41   48   83  112  189  421  517  323  111   23    1
27   32   26   25   24   23   22   21   20   19   18   17   16   15   14   13   12   11   10    9    8    7    6    5    4    3    2    1    1    1    2    1    1    4    5    8    5    9    7   12    9   14   16   30   42   48   79  107  181  407  490  344  126   25    1
25   31   25   23   22   21   20   19   18   17   16   15   14   13   12   11   10    9    8    7    6    5    4    3    2    1    1    3    2    4    5    8    3    9    8   11    8   13   15   27   38   51   73  104  176  385  493  346  134   30    3
25   31   25   23   22   21   20   19   18   17   16   15   14   13   12   11   10    9    8    7    6    5    4    3    2    1    1    3    2    4    3    9    2    9   10   10    9    9   18   24   41   46   70  103  172  360  488  344  150   31    7
26   30   25   24   23   22   21   20   19   18   17   16   15   14   13   12   11   10    9    8    7    6    5    4    3    2    1    1    2    1    1    5    1    9    3    7   12    8   10    8   17   21   40   45   64  104  172  345  456  363  163   35    7
26   30   25   24   23   22   21   20   19   18   17   16   15   14   13   12   11   10    9    8    7    6    5    4    3    2    1    1    2    1    1    4    2    7    5    5   13    8   10    9   14   22   40   37   65   99  169  316  450  375  171   43    6
25   30   25   24   22   21   20   19   18   17   16   15   14   13   12   11   10    9    8    7    6    5    4    3    2    1    1    2    1    5    2    5    6    6   10    9    8    9   15   23   37   38   58  101  160  307  429  385  175   46   12
24   30   24   22   21   20   19   18   17   16   15   14   13   12   11   10    9    8    7    6    5    4    3    2    1    1    3    2    5    4    5    7    9   10    9    8   14   23   34   38   51   99  158  287  420  388  185   51   14
24   30   24   22   21   20   19   18   17   16   15   14   13   12   11   10    9    8    7    6    5    4    3    2    1    1    2    2    4    6    5    6    9    9   11    7   15   20   29   37   54   95  146  274  425  376  193   60   13
24   30   24   22   21   20   19   18   17   16   15   14   13   12   11   10    9    8    7    6    5    4    3    2    1    1    2    2    4    5    5    4   11    8    9   10   12   17   31   35   48   96  137  266  413  362  213   68   15
24   30   24   22   21   20   19   18   17   16   15   14   13   12   11   10    9    8    7    6    5    4    3    2    1    1    2    2    2    5    6    5    8    8   12    8   13   13   31   33   46   87  138  252  405  364  215   78   14
24   30   24   22   21   20   19   18   17   16   15   14   13   12   11   10    9    8    7    6    5    4    3    2    1    1    2    1    3    4    4    7    6    9   12    9   12   11   27   35   44   83  131  238  387  376  219   85   17
23   24   22   21   20   19   18   17   16   15   14   13   12   11   10    9    8    7    6    5    4    3    2    1    2    1    3    3    4    6    7    8   11   12    7   13   20   34   46   82  126  223  371  379  231   89   20
23   24   22   21   20   19   18   17   16   15   14   13   12   11   10    9    8    7    6    5    4    3    2    1    1    2    1    2    3    5    9    5   12   12    8   12   20   33   42   78  108  224  359  372  249   94   21
23   24   22   21   20   19   18   17   16   15   14   13   12   11   10    9    8    7    6    5    4    3    2    1    1    1    2    2    2    5    7    7   11    9    6   15   18   29   40   69  107  219  356  354  264  102   21
23   24   22   21   20   19   18   17   16   15   14   13   12   11   10    9    8    7    6    5    4    3    2    1    1    1    2    2    2    5    7    7    9   10    7   12   16   30   41   63  103  210  345  351  264  112   22
22   24   21   20   19   18   17   16   15   14   13   12   11   10    9    8    7    6    5    4    3    2    1    1    3    1    3    2    8    7    9    6   11   11   16   28   38   61   98  199  325  347  272  126   25
22   24   21   20   19   18   17   16   15   14   13   12   11   10    9    8    7    6    5    4    3    2    1    1    2    2    1    4    6    8    9    6   11   11   13   32   36   58   94  187  307  348  276  131   27
22   24   21   20   19   18   17   16   15   14   13   12   11   10    9    8    7    6    5    4    3    2    1    1    1    3    1    4    5    8    6    8   10   12    9   33   32   61   82  172  297  352  276  143   29
21   24   20   19   18   17   16   15   14   13   12   11   10    9    8    7    6    5    4    3    2    1    1    4    1    4    4    7    7    6   10   11    9   33   29   56   82  159  283  342  287  151   34
21   24   20   19   18   17   16   15   14   13   12   11   10    9    8    7    6    5    4    3    2    1    1    4    1    4    4    6    8    6    8   12    9   30   29   55   80  152  272  338  290  151   35
21   24   20   19   18   17   16   15   14   13   12   11   10    9    8    7    6    5    4    3    2    1    1    4    1    4    2    7    7    7    9   12    7   26   29   51   80  131  270  338  293  151   40
21   24   20   19   18   17   16   15   14   13   12   11   10    9    8    7    6    5    4    3    2    1    1    4    1    3    2    8    5    8    7   12    8   20   31   51   74  132  254  331  293  154   45
21   24   20   19   18   17   16   15   14   13   12   11   10    9    8    7    6    5    4    3    2    1    1    4    1    2    2    8    6    6    7   12   10   16   34   46   69  125  239  330  293  163   43
21   23   20   19   18   17   16   15   14   13   12   11   10    9    8    7    6    5    4    3    2    1    1    3    2    2    1    6    7    6    6   13    8   18   31   41   67  118  222  331  290  166   49
21   23   20   19   18   17   16   15   14   13   12   11   10    9    8    7    6    5    4    3    2    1    1    2    3    1    2    4    6    7    5   14    8   16   30   38   61  117  200  335  285  173   53
21   23   20   19   18   17   16   15   14   13   12   11   10    9    8    7    6    5    4    3    2    1    1    1    3    1    3    3    7    5    5   12    8   16   28   34   58  115  185  331  291  170   59
19   22   19   18   16   15   14   13   12   11   10    9    8    7    6    5    4    3    2    1    1    3    2    4    6    6    4   10   10   15   27   30   59  101  187  325  282  175   60
20   22   19   18   17   16   15   14   13   12   11   10    9    8    7    6    5    4    3    2    1    1    3    1    1    3    6    5    6    9   11   11   26   33   52   97  179  313  276  184   62
19   19   18   17   16   15   14   13   12   11   10    9    8    7    6    5    4    3    2    1    2    2    1    2    5    5    8    6   11   11   25   30   49   93  160  296  294  188   65
19   19   18   17   16   15   14   13   12   11   10    9    8    7    6    5    4    3    2    1    1    3    1    2    4    5    7    6    6   15   21   29   44   96  144  289  290  193   72
19   19   18   17   16   15   14   13   12   11   10    9    8    7    6    5    4    3    2    1    1    1    2    3    1    6    7    6    7   15   21   25   38   94  129  280  295  193   79
18   19   17   16   15   14   13   12   11   10    9    8    7    6    5    4    3    2    1    1    2    3    2    4    7    6    5   14   21   27   33   92  120  260  297  197   86
18   19   17   16   15   14   13   12   11   10    9    8    7    6    5    4    3    2    1    1    2    1    4    2    6    5    7   13   18   25   34   77  121  250  293  201   90
17   19   17   16   15   13   12   11   10    9    8    7    6    5    4    3    2    1    1    1    1    4    6    6    6   12   14   25   36   76  109  245  276  212   93
17   19   17   16   15   13   12   11   10    9    8    7    6    5    4    3    2    1    1    1    1    4    4    5    9   12   11   25   31   73  105  225  278  205  104
16   17   15   14   13   12   11   10    9    8    7    6    5    4    3    2    1    1    3    3    2    7    6   13   11   22   32   63   97  206  279  212  109
16   17   15   14   13   12   11   10    9    8    7    6    5    4    3    2    1    1    1    5    1    8    6    9   12   22   26   66   90  193  275  212  106
15   16   14   13   12   11   10    9    8    7    6    5    4    3    2    1    1    4    2    6    7    7   12   22   20   62   90  178  268  215  113
15   16   14   13   12   11   10    9    8    7    6    5    4    3    2    1    1    3    3    4    9    5   12   17   22   59   89  161  261  212  122
15   16   14   13   12   11   10    9    8    7    6    5    4    3    2    1    1    3    1    4    8    4   15   15   22   54   81  155  258  206  121
14   15   14   12   11   10    9    8    7    6    5    4    3    2    1    1    2    5    4    7   12   15   22   47   78  153  243  211  120
14   15   14   12   11   10    9    8    7    6    5    4    3    2    1    1    2    4    2    7   11   15   23   40   76  146  229  212  122
15   15   14   13   12   11   10    9    8    7    6    5    4    3    2    1    1    1    1    3    2    8    8   16   18   37   75  137  216  215  117
15   15   14   13   12   11   10    9    8    7    6    5    4    3    2    1    1    1    1    1    3    7    6   18   17   34   73  128  207  216  118
14   14   13   12   11   10    9    8    7    6    5    4    3    2    1    2    1    1    3    5    8   15   13   29   68  111  202  211  119
12   13   11   10    9    8    7    6    5    4    3    2    1    1    4    5    7   14   11   24   58  106  179  224  130
12   12   11   10    9    8    7    6    5    4    3    2    1    1    2    5    6    9   13   23   51  107  166  218  130
12   12   11   10    9    8    7    6    5    4    3    2    1    1    2    2    6   11   12   19   45  100  150  219  121
12   12   11   10    9    8    7    6    5    4    3    2    1    1    2    1    4    8   12   16   37   97  138  219  117
11   11   10    9    8    7    6    5    4    3    2    1    1    2    3    7   11   17   28   93  128  211  113
10   10    9    8    7    6    5    4    3    2    1    3    3    3   14   13   25   83  118  206  118
10   10    9    8    7    6    5    4    3    2    1    3    2    3   13   12   25   70  113  188  119
10   10    9    8    7    6    5    4    3    2    1    2    2    2   10   14   23   64  102  174  115
10   10    9    8    7    6    5    4    3    2    1    1    2    2    8   13   18   54   87  162  111
10   10    9    8    7    6    5    4    3    2    1    1    2    1    8   10   21   46   80  151  113
10   10    9    8    7    6    5    4    3    2    1    1    1    2    5    8   23   38   72  142  107
 9   10    8    7    6    5    4    3    2    1    1    1    6    5   24   36   70  132  100
 8   10    7    6    5    4    3    2    1    1    4    8   17   35   63  118   92
 8   10    7    6    5    4    3    2    1    1    3    6   15   33   50  105   80
 8    9    7    6    5    4    3    2    1    1    3    3   14   27   45   88   71
 8    8    7    6    5    4    3    2    1    1    2    3   12   22   34   70   68
 7    7    6    5    4    3    2    1    1    5    7   16   24   45   46
 7    7    6    5    4    3    2    1    1    2    8   17   20   46   41
 7    7    6    5    4    3    2    1    1    2    5   16   19   39   33
 7    7    6    5    4    3    2    1    1    1    3   14   16   34   28
 6    6    5    4    3    2    1    1    3    6    7   21   12
 6    6    5    4    3    2    1    1    2    6    8   21   10
 6    6    5    4    3    2    1    1    2    6    7   17   11
 6    6    5    4    3    2    1    1    1    6    5   14   12
 5    5    4    3    2    1    2    4    1   11    7
 5    5    4    3    2    1    1    3    1   12    6
 3    4    2    1    1    5    4
 2    2    1    6    2
 2    2    1    6    2
 2    2    1    6    2
 2    2    1    2    2
 2    2    1    2    2
 2    2    1    1    2
