# n  list(x)  list(y)
13    4    5    6    7    8    9   10   11   12   13   14   15   17    4  102  477  591  494  401  208  120   55   29   12    6    1
13    4    5    6    7    8    9   10   11   12   13   14   15   17   11  122  477  593  489  372  207  105   55   25   12    6    1
13    4    5    6    7    8    9   10   11   12   13   14   15   17   16  155  469  594  473  353  198  100   54   22   10    5    1
14    3    4    5    6    7    8    9   10   11   12   13   14   15   17    1   17  179  487  571  468  351  167   99   50   21    8    5    1
14    3    4    5    6    7    8    9   10   11   12   13   14   15   17    1   23  205  503  550  460  330  157   91   51   17    6    5    1
14    3    4    5    6    7    8    9   10   11   12   13   14   15   17    3   34  220  491  546  451  320  151   86   47   14    7    4    1
14    3    4    5    6    7    8    9   10   11   12   13   14   15   17    3   47  233  493  547  434  304  139   84   46    9    7    3    1
13    3    4    5    6    7    8    9   10   11   12   13   14   17    5   60  257  491  532  414  296  129   78   44    9    9    1
13    3    4    5    6    7    8    9   10   11   12   13   14   17    8   78  263  488  536  394  277  128   72   39    7    9    1
13    3    4    5    6    7    8    9   10   11   12   13   14   17   10   87  267  510  528  384  259  111   69   35    8    6    1
14    2    3    4    5    6    7    8    9   10   11   12   13   14   16    1   16   94  282  498  509  395  235  109   64   33    8    5    1
14    2    3    4    5    6    7    8    9   10   11   12   13   14   16    2   18  107  293  507  500  371  221  104   59   32    5    5    1
14    2    3    4    5    6    7    8    9   10   11   12   13   14   16    2   22  114  310  503  488  362  205  102   55   28    4    4    1
15    1    2    3    4    5    6    7    8    9   10   11   12   13   14   15    2    2   25  131  327  490  483  337  195   95   55   25    4    3    1
15    1    2    3    4    5    6    7    8    9   10   11   12   13   14   15    2    3   31  140  346  490  467  324  178   90   48   23    5    2    1
14    1    2    3    4    5    6    7    8    9   10   11   12   13   14    2    4   38  151  353  492  452  307  168   84   47   19    6    2
14    1    2    3    4    5    6    7    8    9   10   11   12   13   14    2    6   46  157  363  491  443  291  153   82   46   13    5    2
14    1    2    3    4    5    6    7    8    9   10   11   12   13   14    2    8   47  182  365  493  428  273  142   75   41   12    5    2
14    1    2    3    4    5    6    7    8    9   10   11   12   13   14    2   12   56  186  379  482  409  267  132   71   38   11    4    1
14    1    2    3    4    5    6    7    8    9   10   11   12   13   14    2   13   69  197  385  472  390  260  124   66   32   10    4    1
14    1    2    3    4    5    6    7    8    9   10   11   12   13   14    3   15   77  221  382  457  380  246  116   60   29   10    3    1
14    1    2    3    4    5    6    7    8    9   10   11   12   13   14    4   16   85  231  388  457  357  228  120   48   29    8    3    1
14    1    2    3    4    5    6    7    8    9   10   11   12   13   14    4   17   95  241  397  436  362  205  114   45   23    7    3    1
14    1    2    3    4    5    6    7    8    9   10   11   12   13   14    4   28   92  254  407  433  334  191  110   41   23    5    2    1
14    1    2    3    4    5    6    7    8    9   10   11   12   13   14    5   30  100  263  412  423  313  188   97   41   21    4    2    1
14    1    2    3    4    5    6    7    8    9   10   11   12   13   14    6   39  106  275  419  405  298  176   88   37   21    2    2    1
14    1    2    3    4    5    6    7    8    9   10   11   12   13   14    6   43  112  275  428  407  278  158   82   37   17    3    1    1
13    1    2    3    4    5    6    7    8    9   10   11   12   14    8   47  121  280  428  396  269  140   80   33   16    4    1
13    1    2    3    4    5    6    7    8    9   10   11   12   14   11   49  129  298  412  391  255  131   72   32   13    4    1
13    1    2    3    4    5    6    7    8    9   10   11   12   13   11   52  139  297  424  379  235  124   66   30   12    3    1
12    1    2    3    4    5    6    7    8    9   10   11   13   12   57  150  299  423  359  223  122   58   31   13    1
12    1    2    3    4    5    6    7    8    9   10   11   13   13   61  158  305  426  339  212  115   53   29   11    1
12    1    2    3    4    5    6    7    8    9   10   11   13   16   66  164  316  425  323  198  107   42   30   10    1
12    1    2    3    4    5    6    7    8    9   10   11   13   17   66  176  329  408  309  191   99   41   27    8    1
12    1    2    3    4    5    6    7    8    9   10   11   13   19   73  192  323  399  295  190   87   37   23    8    1
12    1    2    3    4    5    6    7    8    9   10   11   12   19   76  212  326  389  273  184   81   35   20    7    1
12    1    2    3    4    5    6    7    8    9   10   11   12   20   82  217  325  383  264  174   74   35   16    7    1
12    1    2    3    4    5    6    7    8    9   10   11   12   23   88  221  331  368  255  166   64   34   15    6    1
11    1    2    3    4    5    6    7    8    9   10   11   23   95  231  339  349  244  152   63   33   13    4
11    1    2    3    4    5    6    7    8    9   10   11   26   98  243  339  342  228  138   62   30   12    3
11    1    2    3    4    5    6    7    8    9   10   11   25  113  246  341  325  219  131   54   28   10    3
11    1    2    3    4    5    6    7    8    9   10   11   31  122  254  336  312  201  122   54   28    7    3
11    1    2    3    4    5    6    7    8    9   10   11   31  131  265  330  305  195  109   48   24    5    2
11    1    2    3    4    5    6    7    8    9   10   11   32  133  274  325  298  179  108   38   23    6    1
11    1    2    3    4    5    6    7    8    9   10   11   36  138  280  324  282  169  100   37   21    4    1
11    1    2    3    4    5    6    7    8    9   10   11   45  142  288  314  276  157   84   38   18    4    1
11    1    2    3    4    5    6    7    8    9   10   11   51  148  292  313  259  147   74   40   15    3    1
10    1    2    3    4    5    6    7    8    9   10   53  161  292  303  250  137   72   36   11    3
10    1    2    3    4    5    6    7    8    9   10   58  166  297  290  239  131   69   31    7    2
10    1    2    3    4    5    6    7    8    9   10   65  166  305  279  227  125   61   31    4    2
10    1    2    3    4    5    6    7    8    9   10   73  168  313  271  206  121   54   25    4    2
10    1    2    3    4    5    6    7    8    9   10   79  179  301  271  187  117   49   22    4    2
10    1    2    3    4    5    6    7    8    9   10   82  183  300  260  178  107   50   19    4    1
10    1    2    3    4    5    6    7    8    9   10   87  196  300  245  168  101   41   18    2    1
10    1    2    3    4    5    6    7    8    9   10   88  200  287  244  161   93   38   16    2    1
10    1    2    3    4    5    6    7    8    9   10   92  206  285  237  151   82   34   13    2    1
10    1    2    3    4    5    6    7    8    9   10  100  206  278  225  145   74   33   10    2    1
10    1    2    3    4    5    6    7    8    9   10  103  214  267  217  133   68   32   11    1    1
10    1    2    3    4    5    6    7    8    9   10  110  211  262  207  130   63   27   11    1    1
 9    1    2    3    4    5    6    7    8   10  116  215  249  201  121   62   22   11    1
 9    1    2    3    4    5    6    7    8    9  129  211  243  191  106   62   19    7    1
 9    1    2    3    4    5    6    7    8    9  134  197  247  178  106   57   16    4    1
 9    1    2    3    4    5    6    7    8    9  142  199  243  164  100   52   12    1    1
 9    1    2    3    4    5    6    7    8    9  141  204  239  154   89   46    8    1    1
 9    1    2    3    4    5    6    7    8    9  147  203  236  137   80   38    6    1    1
 8    1    2    3    4    5    6    7    8  136  208  208  129   68   29    6    1
 7    1    2    3    4    5    6    7  138  201  205  117   62   27    3
 7    1    2    3    4    5    6    7  129  190  203   91   59   22    3
 7    1    2    3    4    5    6    7  129  184  180   87   53   14    2
 7    1    2    3    4    5    6    7  123  183  172   79   49   12    2
 6    1    2    3    4    5    6   96  151  128   68   36   12
 6    1    2    3    4    5    6   68  111   90   44   24    4
 6    1    2    3    4    5    6   58   82   69   34   15    3
 6    1    2    3    4    5    6   59   81   60   30   15    2
 6    1    2    3    4    5    6   52   74   56   20   14    2
 6    1    2    3    4    5    6   52   70   53   19   13    2
 6    1    2    3    4    5    6   39   45   37   18    6    2
 6    1    2    3    4    5    6   36   45   31   16    7    1
 6    1    2    3    4    5    6   30   29   24   15    4    1
 6    1    2    3    4    5    6   30   27   22   15    4    1
 6    1    2    3    4    5    6   29   28   16   12    3    1
 6    1    2    3    4    5    6   27   24   12   10    3    1
 5    1    2    3    4    5   24   23   10    9    4
 5    1    2    3    4    5   21   22   10    9    3
 5    1    2    3    4    5   18   18   11    7    3
 5    1    2    3    4    5   11   15    4    5    1
 5    1    2    3    4    5   11   14    4    5    1
 4    1    2    3    4   10   13    6    4
 3    1    2    3    4    7    2
 3    1    2    3    3    6    1
 2    1    2    2    5
 3    1    2    3    3    2    1
 3    1    2    3    3    1    1
 2    1    2    2    2
 2    1    2    2    2
 2    1    2    2    2
 2    1    2    2    2
 2    1    2    2    2
 2    1    2    2    1
