#n_nodes  m_edges  aspl  diameter  acluster  assort    n_conn  n_comp  o_largestc
2500  9900   4.60025322129   8  0.109441399423   0.0787935476548  4   1  2500
2475  9702   4.62032058663   8  0.108892898989   0.0783123604177  4   1  2475
2450  9514   4.62989475088   8  0.108678613621    0.079338248647  4   1  2450
2425  9329   4.64319927869   8  0.108504526439   0.0797546085587  3   1  2425
2400  9132   4.66060059747   8  0.109107011096   0.0774450835739  3   1  2400
2375  8939   4.67606721944   9  0.109110865641   0.0779336988696  3   1  2375
2350  8762   4.69012001485   9   0.10929259211   0.0825117994283  3   1  2350
2325  8563   4.71569818444   9  0.109792253697    0.078207511497  3   1  2325
2300  8374   4.74040055222   9  0.109970032515   0.0756198218553  3   1  2300
2275  8189   4.76478336088   9    0.1093786537   0.0766647784145  3   1  2275
2250  8000    4.7860983153   9  0.109852478953   0.0738416876202  3   1  2250
2225  7831   4.80213644814   9  0.110164379612   0.0722357835376  3   1  2225
2200  7662   4.82124064657   9  0.109575140139    0.071129245636  3   1  2200
2175  7498   4.83136418911   9  0.109689471983   0.0734722479585  2   1  2175
2150  7356   4.84236086011   9  0.110127340533   0.0725152742174  2   1  2150
2125  7191   4.86291835604   9  0.110178364711   0.0709308742331  2   1  2125
2100  7003   4.90438258581   9  0.109499242691   0.0765576032311  2   1  2100
2075  6849   4.91757502527  10  0.109781241062   0.0796854046811  2   1  2075
2050  6676   4.94659762644  10  0.109194329359   0.0805978975971  2   1  2050
2025  6518   4.97150978383  10  0.109047156167   0.0809505550617  2   1  2025
2000  6368   4.98146273137  10  0.109027198111   0.0794244673163  2   1  2000
1975  6223   4.99767509266  10  0.108841629106   0.0750442579816  1   1  1975
1950  6074   5.01409322335  10  0.109036784325   0.0794641174999  1   1  1950
1925  5919   5.04263790264  10  0.109342864189   0.0719471369323  1   1  1925
1900  5767   5.06897757823  10  0.108338499503     0.07564664204  1   1  1900
1875  5601   5.11532408396  10  0.108942804149   0.0693254246357  1   1  1875
1850  5468   5.14022481107  10  0.109568206921   0.0693082257526  1   1  1850
1825  5317   5.16451213651  10  0.109209629469   0.0693318356683  1   1  1825
1800  5166   5.19173429683  10  0.108018676456   0.0664585428132  1   1  1800
1775  5038   5.20384902425  10  0.107336532216   0.0616762465161  1   1  1775
1750  4896   5.23696871682  11  0.106875946202   0.0580211109251  1   1  1750
1725  4743   5.28742997411  11  0.105946926707   0.0585067281304  1   1  1725
1700  4619   5.30228785099  11  0.105881194829   0.0580285168311  1   1  1700
1675  4477   5.33704452647  11  0.105593520738   0.0578026520705  1   1  1675
1650  4338   5.37647940901  11  0.106446810593   0.0590394235545  1   1  1650
1625  4203   5.40839939371  12  0.105234816291   0.0563357788578  1   1  1625
1600  4079   5.42507582864  12  0.103872401544   0.0626965212509  1   1  1600
1575  3951   5.46048123273  12  0.105511659051   0.0568560024093  1   1  1575
1550  3847   5.47633478415  12  0.106410339724   0.0645699054504  1   1  1550
1525  3732   5.52033773856  12  0.106975824945   0.0625437734603  1   3  1523
1500  3608     5.557218576  13  0.106422971788   0.0660889116376  1   3  1498
1475  3495   5.57977471295  13  0.107741243212   0.0712339464792  1   3  1473
1450  3388   5.61724552159  13  0.110260389657   0.0707665820064  1   5  1446
1425  3266   5.66142591986  13  0.109903038253   0.0770486192641  1   6  1420
1400  3155   5.70364135951  13  0.110322778419   0.0727612561375  1   6  1393
1375  3042    5.7678935818  13  0.107016108629   0.0699601782488  1   6  1368
1350  2928   5.81415763977  13    0.1060246467   0.0785886378698  1   7  1342
1325  2816   5.89421130736  13  0.104069228547   0.0750256097335  1   7  1317
1300  2717   5.92785473673  14  0.105557842496   0.0650837372109  1   8  1291
1275  2591   6.03809452447  14 0.0990990402023   0.0675643474855  1   8  1266
1250  2488   6.14255543136  14 0.0949359485111   0.0635489027942  1   8  1241
1225  2385   6.22802821096  14 0.0977248399015   0.0586632094151  1   8  1216
1200  2301   6.32041703187  14  0.100793627435   0.0641875687897  1  11  1188
1175  2184   6.42895789332  14  0.101104071822   0.0636983595947  1  14  1156
1150  2092   6.49982990664  14  0.098807136816     0.05823775591  1  15  1130
1125  2007   6.56768804512  14 0.0978351161157   0.0652675785631  1  15  1105
1100  1925   6.62525258267  14 0.0989974208434   0.0584228680411  1  17  1078
1075  1836   6.78562638757  16  0.101390178698   0.0476781647322  1  19  1051
1050  1752    6.8467988378  16  0.101794296642   0.0541787754097  1  24  1019
1025  1680    6.9292725438  16 0.0983560390725   0.0626351506479  1  27   991
1000  1608   7.10740299724  18 0.0981113836704   0.0546596964196  1  28   966
 975  1527   7.22757382473  18 0.0969261430349   0.0492996197293  1  31   938
 950  1459   7.31610722745  18 0.0988277195514   0.0315861855001  1  33   912
 925  1380   7.53370088103  18 0.0979636010248   0.0237851958941  1  36   882
 900  1298   7.81582562354  18  0.094725169197  0.00377097407455  1  40   852
 875  1220   8.24835892375  23 0.0904246672495    0.016385971788  1  43   822
 850  1147   8.47458079353  23 0.0860458670912   0.0119777855124  1  46   794
 825  1070   8.79781221829  23 0.0844472924736   0.0193626198834  1  53   760
 800   998   8.79191788604  21 0.0800174572902   0.0172933048909  1  64   715
 775   928   9.11981434432  24 0.0826296541117   0.0218576744473  1  70   668
 750   859   9.64717109952  25 0.0707626057784  0.00854194761903  1  76   634
 725   805   10.1619282093  28 0.0745739278403 -0.00859936177079  1  81   597
 700   748   10.0915466741  26 0.0793130366901  -0.0321280379372  1  95   549
 675   702   10.5296130848  34 0.0762937916784  -0.0286113495994  1 100   507
 650   643   10.8502883372  31 0.0770505559052  -0.0369149940816  1 107   454
 625   596    11.162999185  30 0.0733030620561  -0.0559284116331  1 113   409
 600   559   10.9673205582  28 0.0635923600209  -0.0579091696473  1 115   364
 575   516   11.5259416043  28 0.0646074646075  -0.0554707398656  1 122   333
 550   469   11.4823680218  27 0.0586556644318  -0.0488880459007  1 133   277
 525   426   14.3946984436  36 0.0559014267185  -0.0107927716832  1 137   257
 500   387   16.5721055895  46 0.0716744913928  -0.0463139848151  1 148   213
 475   336   13.0673325104  33 0.0584577114428  -0.0680538648813  1 163   134
 450   301   12.2380952381  31  0.058431372549  -0.0593220338983  1 167    85
 425   262   5.82580645161  16 0.0655913978495    0.113744075829  1 178    31
 400   231   5.47035573123  14             0.0    -0.16814159292  1 182    23
 375   201   4.26842105263   9             0.0   -0.303921568627  1 185    20
 350   174   4.66666666667  12  0.175925925926   -0.158301158301  1 183    18
 325   152   4.66666666667  12  0.175925925926   -0.158301158301  1 178    18
 300   131           4.625  12  0.208333333333   -0.307692307692  1 173    16
 275   107   3.71794871795   9   0.25641025641              -0.4  1 172    13
 250    84   2.55555555556   5             0.0   -0.263157894737  1 170     9
 225    64   2.39285714286   5             0.0   -0.484848484848  1 162     8
 200    52   2.06666666667   4  0.388888888889  -0.0909090909091  1 149     6
 175    44   2.06666666667   4  0.388888888889  -0.0909090909091  1 132     6
 150    34   2.06666666667   4  0.388888888889  -0.0909090909091  1 117     6
 125    20             1.7   3  0.466666666667   -0.111111111111  1 106     5
 100    11   1.33333333333   2             0.0              -1.0  1  89     3
  75     9   1.33333333333   2             0.0              -1.0  1  66     3
  50     3   1.33333333333   2             0.0              -1.0  1  47     3
  25     1             1.0   1             0.0                na  1  24     2
   1     0               0   0             0.0                na  0   1     1
