# n  list(x)  list(y)
41   83   60   59   50   48   45   43   42   37   36   35   34   33   31   30   29   28   27   26   25   24   23   22   21   20   19   18   17   16   15   14   13   12   11   10    9    8    7    6    5    4    1    1    1    1    1    1    1    2    1    2    1    1    2    1    3    1    5    2    8    6    3    9    6    8   10   12   14   13   26   28   25   40   47   48   74  109  157  326 1334  165    4
39   83   60   59   50   48   45   43   42   41   36   35   34   33   30   28   27   26   25   24   23   22   21   20   19   18   17   16   15   14   13   12   11   10    9    8    7    6    5    4    1    1    1    1    1    1    1    1    1    2    1    2    2    4    4    3    7    5    4   10    6    9    7   13   13   13   25   27   24   42   46   40   76  101  159  307 1265  236   13
40   82   59   58   50   48   44   43   42   41   36   35   34   33   30   28   27   26   25   24   23   22   21   20   19   18   17   16   15   14   13   12   11   10    9    8    7    6    5    4    3    1    1    1    1    1    1    1    1    1    1    2    2    2    4    3    4    6    5    5    7    7    8    6   12   14   16   21   28   24   39   47   41   73  103  153  291 1200  294   22    1
40   80   58   57   50   47   44   43   41   35   34   33   32   30   29   28   27   26   25   24   23   22   21   20   19   18   17   16   15   14   13   12   11   10    9    8    7    6    5    4    3    1    1    1    1    1    1    1    2    1    3    1    1    3    1    2    4    6    5    4    6    8    7    7   11   11   19   21   23   28   36   47   42   65  101  149  276 1122  368   36    2
40   79   58   57   49   47   43   41   39   35   34   32   30   29   28   27   26   25   24   23   22   21   20   19   18   17   16   15   14   13   12   11   10    9    8    7    6    5    4    3    2    1    1    1    1    1    2    1    1    1    3    2    3    1    2    2    7    4    6    6    7    5    8   10    8   20   23   17   30   37   49   39   67  101  143  265 1046  422   52    4    1
40   77   58   57   48   47   43   41   38   35   34   32   30   29   28   27   26   25   24   23   22   21   20   19   18   17   16   15   14   13   12   11   10    9    8    7    6    5    4    3    2    1    1    1    1    1    2    1    1    1    3    2    2    2    2    1    7    5    5    7    6    4    7   13    6   18   23   20   28   37   49   35   67   99  137  264  978  459   73    5    1
40   77   57   55   48   47   42   41   38   34   33   31   30   29   28   27   26   25   24   23   22   21   20   19   18   17   16   15   14   13   12   11   10    9    8    7    6    5    4    3    2    1    1    1    1    1    2    1    1    1    2    2    1    1    2    2    6    2    5   10    4    3    9   11    8   14   24   20   28   34   50   37   57  105  131  251  923  488   98   11    1
42   76   57   54   48   47   42   41   40   38   34   33   32   31   30   29   28   27   26   25   24   23   22   21   20   19   18   17   16   15   14   13   12   11   10    9    8    7    6    5    4    3    2    1    1    1    1    1    1    1    1    1    1    1    1    2    1    1    1    1    6    4    2   10    5    3    9   11   10   10   24   22   24   35   52   37   56   92  132  244  869  521  113   15    1
41   75   55   52   48   47   42   40   39   38   34   33   32   31   30   29   27   26   25   24   23   22   21   20   19   18   17   16   15   14   13   12   11   10    9    8    7    6    5    4    3    2    1    1    1    1    1    1    1    1    1    1    1    1    2    1    1    2    4    5    3    8    5    3    9   10    9   11   19   22   21   37   49   37   56   87  123  245  804  551  137   26    1
38   72   54   52   46   41   39   38   37   34   32   30   29   27   26   25   24   23   22   21   20   19   18   17   16   15   14   13   12   11   10    9    8    7    6    5    4    3    2    1    1    1    2    1    1    1    1    1    2    2    2    2    3    5    3    8    5    3    6   10   10   11   17   22   22   34   47   41   53   78  123  236  767  556  165   31    1
38   72   54   52   46   40   38   37   34   32   31   30   29   27   26   25   24   23   22   21   20   19   18   17   16   15   14   13   12   11   10    9    8    7    6    5    4    3    2    1    1    1    1    1    2    1    1    1    1    1    3    2    2    5    4    8    5    3    4    6   14    9   18   21   21   34   46   42   46   80  109  235  715  585  181   39    1
37   68   53   52   46   38   37   34   32   30   29   28   27   26   25   24   23   22   21   20   19   18   17   16   15   14   13   12   11   10    9    8    7    6    5    4    3    2    1    1    1    1    2    2    1    1    1    2    2    2    2    3    4    7    5    5    4    3   16    6   19   22   20   31   46   35   47   77  108  221  687  591  203   44    2
37   67   53   51   45   38   37   34   32   30   29   28   27   26   25   24   23   22   21   20   19   18   17   16   15   14   13   12   11   10    9    8    7    6    5    4    3    2    1    1    1    1    2    2    1    1    1    2    2    2    2    1    3    8    3    5    5    5   13    9   15   21   22   30   46   37   42   71  112  207  660  589  224   49    4
35   67   52   49   45   38   37   36   32   30   29   28   26   24   23   22   21   20   19   18   17   16   15   14   13   12   11   10    9    8    7    6    5    4    3    2    1    1    1    1    1    2    1    2    1    2    2    4    3    5    5    6    5    5   12   11   13   22   20   28   44   37   45   67  107  201  625  591  248   52    4
39   67   51   49   43   38   37   36   35   32   31   30   29   28   27   26   25   24   23   22   21   20   19   18   17   16   15   14   13   12   11   10    9    8    7    6    5    4    3    2    1    1    1    1    1    1    1    1    1    1    1    2    1    1    3    1    3    4    5    4    6    6   11   11   13   21   19   27   42   36   46   66  107  193  595  580  269   63    4
38   65   51   49   42   38   36   35   34   31   29   28   27   26   25   24   23   22   21   20   19   18   17   16   15   14   13   12   11   10    9    8    7    6    5    4    3    2    1    1    1    1    1    1    1    1    1    1    2    2    1    2    2    1    5    5    4    6    6    8   14   12   20   15   28   41   33   49   61  109  181  570  576  280   79    3    1
38   65   51   47   42   38   36   35   34   30   29   28   27   26   25   24   23   22   21   20   19   18   17   16   15   14   13   12   11   10    9    8    7    6    5    4    3    2    1    1    1    1    1    1    1    1    1    1    1    2    2    2    1    2    4    5    5    4    7    9   12   11   19   14   31   37   35   49   58  103  175  546  566  296   91    3    1
37   64   51   47   42   36   35   34   30   29   28   27   26   25   24   23   22   21   20   19   18   17   16   15   14   13   12   11   10    9    8    7    6    5    4    3    2    1    1    1    1    1    2    1    1    1    1    2    1    1    2    2    5    3    6    5    3   10   13    8   15   20   25   35   36   48   57   95  164  522  568  310  102    6    1
37   64   50   47   40   36   35   33   30   29   28   27   26   25   24   23   22   21   20   19   18   17   16   15   14   13   12   11   10    9    8    7    6    5    4    3    2    1    1    1    1    1    1    2    1    1    1    1    2    1    2    1    3    5    5    7    3    8   10    7   14   24   21   31   38   42   59   93  152  493  564  325  117   11    1
36   62   50   46   40   36   34   32   30   29   28   26   25   24   23   22   21   20   19   18   17   16   15   14   13   12   11   10    9    8    7    6    5    4    3    2    1    1    1    1    1    1    1    1    1    1    1    3    1    1    4    3    7    5    4    7   11    5   14   22   25   26   36   42   57   91  150  457  546  357  121   19    1
35   62   49   46   40   35   34   32   29   28   26   25   24   23   22   21   20   19   18   17   16   15   14   13   12   11   10    9    8    7    6    5    4    3    2    1    1    1    1    1    1    1    1    1    2    2    1    2    4    1    7    6    5    5    9    8   13   18   25   29   32   41   55   95  143  427  539  369  124   28    2
35   62   49   44   40   35   33   31   29   28   26   25   24   23   22   21   20   19   18   17   16   15   14   13   12   11   10    9    8    7    6    5    4    3    2    1    1    1    1    1    1    1    1    1    2    1    1    3    2    2    5    6    5    6    8    6   16   12   28   31   32   37   54   86  146  395  533  385  129   34    2
34   61   48   44   40   35   33   31   29   28   26   24   23   22   21   20   19   18   17   16   15   14   13   12   11   10    9    8    7    6    5    4    3    2    1    1    1    1    1    1    1    1    1    2    1    1    3    1    5    6    3    8    7    7   13   15   21   37   28   35   53   81  143  371  527  384  152   36    2
34   60   47   44   39   35   32   30   29   27   26   24   23   22   21   20   19   18   17   16   15   14   13   12   11   10    9    8    7    6    5    4    3    2    1    1    1    1    1    1    1    1    1    1    2    1    2    2    3    5    5    8    5    8   10   13   22   34   28   38   51   75  135  345  525  399  156   41    3
33   60   47   43   39   35   31   30   29   27   26   23   22   21   20   19   18   17   16   15   14   13   12   11   10    9    8    7    6    5    4    3    2    1    1    1    1    1    1    1    1    1    1    2    2    3    3    4    5    6    8    6   12   10   19   31   29   38   45   76  136  322  511  398  171   48    6
33   60   47   42   39   35   31   30   29   27   26   23   22   21   20   19   18   17   16   15   14   13   12   11   10    9    8    7    6    5    4    3    2    1    1    1    1    1    1    1    1    1    1    2    2    1    4    3    6    6    7    7   11   10   17   30   29   38   47   65  130  312  491  397  190   55    6
34   59   46   42   39   33   31   30   29   27   26   25   23   22   21   20   19   18   17   16   15   14   13   12   11   10    9    8    7    6    5    4    3    2    1    1    1    1    1    1    1    1    1    1    1    1    1    1    4    3    6    6    7    5    9   13   17   28   28   36   50   61  118  302  488  390  198   59    9
34   58   45   42   39   32   31   30   29   27   26   25   23   22   21   20   19   18   17   16   15   14   13   12   11   10    9    8    7    6    5    4    3    2    1    1    1    1    1    1    1    1    1    1    1    1    1    1    3    2    8    4    8    4    8   13   16   27   27   33   51   58  116  285  468  402  205   65    9
32   57   44   41   37   32   31   30   27   26   25   23   22   21   19   18   17   16   15   14   13   12   11   10    9    8    7    6    5    4    3    2    1    1    1    1    1    1    1    1    2    1    1    1    1    3    8    5    8    3    7   14   17   25   27   32   48   54  113  268  458  398  221   66   12
31   57   44   40   35   32   30   27   26   24   23   22   21   19   18   17   16   15   14   13   12   11   10    9    8    7    6    5    4    3    2    1    1    1    1    1    1    2    2    1    1    1    1    2    5    4    9    4    7   13   16   22   29   27   45   54  111  245  449  400  239   68   13
30   57   44   39   35   32   30   27   26   23   22   21   19   18   17   16   15   14   13   12   11   10    9    8    7    6    5    4    3    2    1    1    1    1    1    1    2    1    2    1    1    3    4    4   10    4    7   11   16   22   28   25   45   52  104  234  437  399  244   76   13
30   57   42   39   32   31   30   27   26   23   22   21   19   18   17   16   15   14   13   12   11   10    9    8    7    6    5    4    3    2    1    1    1    1    1    1    2    1    2    1    1    3    4    4    7    7    5    8   15   23   25   26   36   58   94  226  423  394  254   88   13
29   38   32   30   28   27   26   23   22   21   20   19   18   17   16   15   14   13   12   11   10    9    8    7    6    5    4    3    2    1    1    1    2    1    1    1    2    1    1    2    1    6    6    8    6    6   14   21   25   29   30   57   91  206  403  388  270   98   20
30   38   31   30   29   28   27   24   23   22   21   20   19   18   17   16   15   14   13   12   11   10    9    8    7    6    5    4    3    2    1    1    1    1    1    1    1    1    1    2    1    2    1    5    4    8    6    7   12   20   24   26   34   49   89  194  394  387  270  106   23
29   38   30   29   28   26   24   23   22   21   20   19   18   17   16   15   14   13   12   11   10    9    8    7    6    5    4    3    2    1    1    1    1    2    1    1    1    1    1    3    1    2    5    8    8    6   13   16   25   28   33   45   91  180  381  384  275  106   27
27   37   29   28   26   24   22   21   20   19   18   17   16   15   14   13   12   11   10    9    8    7    6    5    4    3    2    1    1    2    2    1    1    1    2    2    2    2    4    9    6    7   12   13   25   30   29   42   89  177  355  386  279  109   34
28   36   29   28   27   26   24   22   21   20   19   18   17   16   15   14   13   12   11   10    9    8    7    6    5    4    3    2    1    1    1    2    1    1    1    1    2    1    3    1    4    8    5    6   14   14   21   32   26   42   78  178  341  387  281  111   33
28   36   29   28   27   26   23   22   21   20   19   18   17   16   15   14   13   12   11   10    9    8    7    6    5    4    3    2    1    1    1    2    1    1    1    1    1    2    3    1    3    8    4    7   14   12   20   30   29   41   70  166  318  390  289  118   36
27   34   29   28   26   23   22   21   20   19   18   17   16   15   14   13   12   11   10    9    8    7    6    5    4    3    2    1    1    1    2    1    1    1    1    2    3    1    2    6    5    8   13    8   22   26   31   37   68  157  304  389  287  126   40
26   31   29   28   26   23   21   20   19   18   17   16   15   14   13   12   11   10    9    8    7    6    5    4    3    2    1    1    1    2    1    1    1    3    1    1    3    5    6    7   14    7   21   23   29   37   67  141  287  391  286  140   42
26   31   29   27   26   22   21   20   19   18   17   16   15   14   13   12   11   10    9    8    7    6    5    4    3    2    1    1    1    2    1    1    1    2    2    1    2    6    3    9   10    8   20   23   27   35   66  134  279  382  285  149   39
25   31   28   27   26   22   21   20   19   18   16   15   14   13   12   11   10    9    8    7    6    5    4    3    2    1    1    1    2    1    1    1    2    2    1    7    4    7   11    9   16   25   24   28   67  120  267  383  284  153   45
25   31   28   26   25   22   21   20   19   18   16   15   14   13   12   11   10    9    8    7    6    5    4    3    2    1    1    1    2    1    1    1    2    2    1    5    5    7   11    9   14   22   24   30   61  116  257  364  300  151   49
25   30   28   26   25   22   21   20   19   18   16   15   14   13   12   11   10    9    8    7    6    5    4    3    2    1    1    1    2    1    1    1    1    3    1    4    5    8    7   11   16   19   26   25   54  112  239  361  310  151   52
23   30   28   25   22   20   19   18   16   15   14   13   12   11   10    9    8    7    6    5    4    3    2    1    1    1    3    1    2    3    1    4    5    7    6   12   17   18   21   28   50  109  226  345  315  153   58
24   30   28   25   24   22   20   19   17   16   15   14   13   12   11   10    9    8    7    6    5    4    3    2    1    1    1    2    1    1    2    3    1    3    5    7    6   11   17   19   19   29   43  108  207  334  319  161   60
23   29   25   23   22   20   19   18   16   15   14   13   12   11   10    9    8    7    6    5    4    3    2    1    1    1    1    2    2    2    1    3    6    4    7    9   15   21   18   28   36  109  188  315  328  174   63
21   29   24   22   20   19   16   15   14   13   12   11   10    9    8    7    6    5    4    3    2    1    1    1    3    2    2    3    3    6    5    8   17   17   22   25   33   98  182  301  325  191   62
23   28   24   22   21   20   19   18   16   15   14   13   12   11   10    9    8    7    6    5    4    3    2    1    1    1    1    2    2    1    1    3    3    3    7    8   12   21   20   25   30   89  169  300  320  194   66
24   28   24   22   21   20   19   18   17   16   15   14   13   12   11   10    9    8    7    6    5    4    3    2    1    1    1    1    2    1    1    1    1    3    2    2    5   10   12   19   19   25   28   80  161  290  311  205   72
23   28   24   22   20   19   18   17   16   15   14   13   12   11   10    9    8    7    6    5    4    3    2    1    1    1    1    2    2    1    1    2    3    1    5   10   11   17   18   24   30   72  151  280  302  213   77
21   28   22   20   19   18   17   16   15   13   12   11   10    9    8    7    6    5    4    3    2    1    1    2    1    3    1    1    2    3    5    9   11   14   22   21   29   63  135  269  308  213   87
20   21   19   18   17   16   15   14   13   12   11   10    9    8    7    6    5    4    3    2    1    2    2    1    2    2    3    1    3    6   14   14   17   25   29   58  127  247  306  221   95
20   21   20   19   17   16   15   14   13   12   11   10    9    8    7    6    5    4    3    2    1    1    1    2    2    3    3    1    2    5    9   19   15   23   30   57  123  226  303  223  102
19   21   20   19   16   15   14   13   12   11   10    9    8    7    6    5    4    3    2    1    1    1    2    4    2    3    1    4    9   14   19   17   31   52  118  219  288  229  109
19   21   20   18   16   15   14   13   12   11   10    9    8    7    6    5    4    3    2    1    1    1    2    4    1    3    1    4    8   14   19   17   28   43  114  214  285  224  115
18   20   17   16   15   14   13   12   11   10    9    8    7    6    5    4    3    2    1    2    2    3    2    1    2    1    7   11   24   16   23   41  109  207  281  224  116
18   19   17   16   15   14   13   12   11   10    9    8    7    6    5    4    3    2    1    2    2    2    3    1    2    1    5   12   17   22   21   36   98  207  271  223  119
18   19   17   16   15   14   13   12   11   10    9    8    7    6    5    4    3    2    1    2    2    2    2    2    2    1    3   14   13   23   17   36   93  194  259  231  123
18   19   17   16   15   14   13   12   11   10    9    8    7    6    5    4    3    2    1    1    3    2    2    1    3    1    3   10   15   22   13   38   80  189  239  244  125
18   19   17   16   15   14   13   12   11   10    9    8    7    6    5    4    3    2    1    1    2    2    2    2    3    1    2    6   16   19   16   32   73  180  239  237  130
17   18   16   15   14   13   12   11   10    9    8    7    6    5    4    3    2    1    1    4    2    1    3    2    2    1   15   17   21   31   69  174  216  237  138
17   18   16   15   14   13   12   11   10    9    8    7    6    5    4    3    2    1    1    2    2    2    2    3    2    1   13   15   22   27   56  158  218  239  137
15   17   15   14   13   12   11    9    8    7    6    5    4    3    2    1    1    2    2    1    4    4   12   14   21   24   51  150  216  223  150
15   15   14   13   12   11   10    9    8    7    6    5    4    3    2    1    1    3    1    3    4    1   11   10   19   22   53  129  203  226  150
14   14   13   12   11   10    9    8    7    6    5    4    3    2    1    1    3    4    1    2    7    8   19   16   49  117  188  237  153
13   13   12   11   10    9    8    7    6    5    4    3    2    1    4    2    2    2    6    2   20   16   47  106  180  231  145
12   13   12   10    9    8    7    6    5    4    3    2    1    3    2    5    4    4   13   18   43   97  174  226  143
13   13   12   11   10    9    8    7    6    5    4    3    2    1    1    3    1    3    4    6   12   16   39   91  163  229  134
13   13   12   11   10    9    8    7    6    5    4    3    2    1    1    3    1    3    4    4    7   19   37   77  160  222  142
12   12   11   10    9    8    7    6    5    4    3    2    1    1    2    3    3    5    5   15   33   72  143  222  140
12   12   11   10    9    8    7    6    5    4    3    2    1    1    2    2    3    4    5    9   34   70  131  204  139
11   12   11   10    8    7    6    5    4    3    2    1    1    1    3    6    6    8   29   67  120  201  134
11   12   11   10    8    7    6    5    4    3    2    1    1    1    2    6    5    5   24   64  108  192  126
10   12   10    8    7    6    5    4    3    2    1    1    3    3    7    5   17   63   94  167  108
10   12   10    8    7    6    5    4    3    2    1    1    3    2    3   10   13   50   96  145  114
11   12   10    9    8    7    6    5    4    3    2    1    1    2    1    1    3    9   13   49   88  129  111
11   12   10    9    8    7    6    5    4    3    2    1    1    2    1    1    3    7   12   44   78  113  108
11   11   10    9    8    7    6    5    4    3    2    1    1    1    2    1    3    1   15   34   67  103   94
10   10    9    8    7    6    5    4    3    2    1    1    3    1    2    1   11   25   63   95   87
 9    9    8    7    6    5    4    3    2    1    2    2    2    1    4   19   36   59   58
 8    9    8    7    5    4    3    2    1    1    3    2    4   19   29   49   54
 8    9    8    7    5    4    3    2    1    1    2    3    2   20   24   47   50
 7    9    7    5    4    3    2    1    1    3    2   16   21   38   45
 6    7    5    4    3    2    1    2    1    5   10   14   15
 6    7    5    4    3    2    1    1    2    4    9   12   12
 6    6    5    4    3    2    1    1    1    2    2    7    7
 6    6    5    4    3    2    1    1    1    2    2    7    7
 6    6    5    4    3    2    1    1    1    2    2    7    7
 6    6    5    4    3    2    1    1    1    2    1    8    6
 5    6    4    3    2    1    1    3    1    6    7
 4    6    3    2    1    1    3    6    3
 4    6    3    2    1    1    3    6    3
 4    6    3    2    1    1    2    7    2
 4    6    3    2    1    1    2    7    2
 4    5    3    2    1    1    1    7    2
 2    3    1    1    3
 2    2    1    1    2
 2    2    1    1    2
