# n  list(x)  list(y)
13    4    5    6    7    8    9   10   11   12   13   14   15   17    4   97  468  587  539  382  201  118   58   29   10    5    2
14    3    4    5    6    7    8    9   10   11   12   13   14   15   17    1   14  113  481  579  528  361  195  107   53   27   10    4    2
15    3    4    5    6    7    8    9   10   11   12   13   14   15   16   17    3   21  131  481  581  514  347  178  106   52   21   11    2    1    1
15    2    3    4    5    6    7    8    9   10   11   12   13   14   15   17    1    5   26  145  494  569  506  334  168   97   45   21   11    2    1
15    2    3    4    5    6    7    8    9   10   11   12   13   14   15   17    1   10   32  173  485  574  480  323  155   95   40   19   11    1    1
15    2    3    4    5    6    7    8    9   10   11   12   13   14   15   17    1   11   39  194  497  554  466  307  156   80   42   18    8    1    1
15    2    3    4    5    6    7    8    9   10   11   12   13   14   15   17    3   14   46  217  480  568  452  285  142   76   43   14    8    1    1
15    2    3    4    5    6    7    8    9   10   11   12   13   14   15   17    3   18   48  233  499  556  436  272  127   73   38   12    8    1    1
15    2    3    4    5    6    7    8    9   10   11   12   13   14   15   17    3   20   64  246  496  555  417  246  127   71   35   12    6    1    1
16    1    2    3    4    5    6    7    8    9   10   11   12   13   14   15   17    1    2   23   67  273  503  535  402  232  123   63   35    9    5    1    1
15    2    3    4    5    6    7    8    9   10   11   12   13   14   15   17    4   22   80  290  506  520  389  216  118   61   28   11    3    1    1
15    2    3    4    5    6    7    8    9   10   11   12   13   14   15   17    6   24   89  315  498  511  370  203  114   55   27    8    3    1    1
15    2    3    4    5    6    7    8    9   10   11   12   13   14   15   17    7   25  101  339  486  516  340  195  103   53   23    8    2    1    1
15    2    3    4    5    6    7    8    9   10   11   12   13   14   15   17    7   25  114  355  481  496  333  188   97   45   22    9    1    1    1
15    2    3    4    5    6    7    8    9   10   11   12   13   14   15   17    7   30  129  364  476  485  316  175   94   44   19    8    1    1    1
14    2    3    4    5    6    7    8    9   10   11   12   13   15   16    7   32  140  374  479  466  313  157   93   36   20    6    1    1
14    2    3    4    5    6    7    8    9   10   11   12   13   15   16    7   43  155  376  473  460  292  151   82   35   18    6    1    1
14    1    2    3    4    5    6    7    8    9   10   11   12   13   15    1    7   46  167  387  471  444  278  140   79   32   15    6    2
14    1    2    3    4    5    6    7    8    9   10   11   12   13   15    1   10   48  190  385  476  429  256  134   70   29   14    6    2
13    2    3    4    5    6    7    8    9   10   11   12   13   15   11   55  197  382  492  403  248  121   67   29   11    6    2
13    2    3    4    5    6    7    8    9   10   11   12   13   15   10   63  205  396  485  388  229  118   61   28    9    5    2
13    2    3    4    5    6    7    8    9   10   11   12   13   14   14   76  214  399  481  367  215  118   51   25    7    5    2
13    2    3    4    5    6    7    8    9   10   11   12   13   14   15   82  232  398  471  356  202  110   46   23    9    3    2
13    2    3    4    5    6    7    8    9   10   11   12   13   14   17   88  248  409  458  333  193  102   43   21    7    3    2
13    2    3    4    5    6    7    8    9   10   11   12   13   14   20  102  254  413  438  321  185   99   35   22    6    3    1
14    1    2    3    4    5    6    7    8    9   10   11   12   13   14    1   25  103  267  417  419  322  170   90   32   20    4    3    1
14    1    2    3    4    5    6    7    8    9   10   11   12   13   14    2   28  109  264  425  422  307  159   78   30   17    5    2    1
14    1    2    3    4    5    6    7    8    9   10   11   12   13   14    4   29  117  271  427  412  298  143   73   32   10    6    1    1
13    1    2    3    4    5    6    7    8    9   10   11   12   14    3   34  120  287  428  391  281  138   69   30   11    6    1
13    1    2    3    4    5    6    7    8    9   10   11   12   14    4   35  128  297  429  372  270  132   63   27   10    6    1
13    1    2    3    4    5    6    7    8    9   10   11   12   14    4   43  135  316  406  373  246  127   61   23   10    4    1
13    1    2    3    4    5    6    7    8    9   10   11   12   14    4   45  154  328  395  363  229  114   59   21    9    2    1
13    1    2    3    4    5    6    7    8    9   10   11   12   13    5   55  156  338  383  361  210  109   53   19    8    1    1
13    1    2    3    4    5    6    7    8    9   10   11   12   13    6   59  170  333  390  346  195  102   49   14    7    1    1
13    1    2    3    4    5    6    7    8    9   10   11   12   13    7   66  174  339  384  336  180   96   44   14    6    1    1
13    1    2    3    4    5    6    7    8    9   10   11   12   13    8   73  184  347  370  318  172   91   40   12    5    1    1
13    1    2    3    4    5    6    7    8    9   10   11   12   13    8   84  194  349  368  296  156   92   35   10    4    1    1
12    1    2    3    4    5    6    7    8    9   10   11   12   10   86  208  348  351  281  156   86   33    9    4    1
12    1    2    3    4    5    6    7    8    9   10   11   12   17   90  212  348  340  277  150   72   31    6    4    1
12    1    2    3    4    5    6    7    8    9   10   11   12   22   93  217  352  330  261  143   69   25    7    3    1
11    1    2    3    4    5    6    7    8    9   10   11   25  103  220  339  328  250  136   62   25    5    4
11    1    2    3    4    5    6    7    8    9   10   11   26  110  231  338  320  232  129   57   19    6    3
11    1    2    3    4    5    6    7    8    9   10   11   29  115  242  333  314  216  115   58   15    5    3
11    1    2    3    4    5    6    7    8    9   10   11   34  120  255  319  304  204  112   51   13    6    2
11    1    2    3    4    5    6    7    8    9   10   11   37  123  273  319  289  183  110   41   15    3    2
11    1    2    3    4    5    6    7    8    9   10   11   39  124  282  318  272  175  105   38   11    4    1
10    1    2    3    4    5    6    7    8    9   10   40  134  279  321  258  172   99   25   12    3
10    1    2    3    4    5    6    7    8    9   10   43  144  277  305  255  169   88   26    9    2
10    1    2    3    4    5    6    7    8    9   10   47  159  268  308  240  158   83   19    8    2
10    1    2    3    4    5    6    7    8    9   10   51  164  271  306  229  145   73   20    6    2
10    1    2    3    4    5    6    7    8    9   10   56  167  278  298  220  131   66   18    6    2
10    1    2    3    4    5    6    7    8    9   10   59  180  283  285  204  120   64   15    4    2
10    1    2    3    4    5    6    7    8    9   10   61  186  280  274  189  115   61   15    3    2
10    1    2    3    4    5    6    7    8    9   10   71  193  278  261  175  110   57   12    1    2
10    1    2    3    4    5    6    7    8    9   10   74  200  273  260  172   89   52    9    1    2
10    1    2    3    4    5    6    7    8    9   10   77  198  281  245  167   79   44    7    1    2
10    1    2    3    4    5    6    7    8    9   10   85  201  274  228  160   79   40    6    1    2
 9    1    2    3    4    5    6    7    8   10   83  207  256  226  147   77   36    6    2
 9    1    2    3    4    5    6    7    8   10   90  217  241  215  141   68   32    6    2
 9    1    2    3    4    5    6    7    8   10   98  223  231  213  128   60   25    5    2
 9    1    2    3    4    5    6    7    8   10   99  227  235  192  128   45   24    3    2
 9    1    2    3    4    5    6    7    8    9  102  235  243  168  118   37   21    2    2
 9    1    2    3    4    5    6    7    8    9  108  238  228  160  108   33   17    2    1
 8    1    2    3    4    5    6    7    8  113  240  210  150  101   31   14    3
 8    1    2    3    4    5    6    7    8  116  224  209  146   85   29   12    2
 7    1    2    3    4    5    6    7  121  215  214  134   72   25   11
 7    1    2    3    4    5    6    7  125  216  199  135   55   23    9
 7    1    2    3    4    5    6    7  130  212  186  125   50   21    8
 7    1    2    3    4    5    6    7  135  202  179  111   46   19    6
 7    1    2    3    4    5    6    7  136  199  164  104   44   14    4
 7    1    2    3    4    5    6    7  123  161  139   81   35   13    3
 7    1    2    3    4    5    6    7   79  112   81   50   21    4    3
 7    1    2    3    4    5    6    7   76   85   57   40   16    1    1
 7    1    2    3    4    5    6    7   61   69   47   28   15    1    1
 7    1    2    3    4    5    6    7   54   70   47   24   12    1    1
 6    1    2    3    4    5    6   26   43   30    9    4    1
 5    1    2    3    4    5   19   38   22    4    3
 5    1    2    3    4    5   15   28   16    3    3
 5    1    2    3    4    5   19   12   19    3    4
 5    1    2    3    4    5   11   12   10    2    1
 5    1    2    3    4    5    9   12    8    2    1
 5    1    2    3    4    5    9   10    8    2    1
 4    1    2    3    4    5    9    5    1
 4    1    2    3    4    4   10    4    1
 4    1    2    3    4    6    7    4    1
 4    1    2    3    4    3    3    5    2
 4    1    2    3    4    2    4    4    2
 4    1    2    3    4    2    4    4    2
 3    1    2    3    4    5    2
 3    1    2    3    4    5    2
 3    1    2    3    4    5    2
 3    1    2    3    3    5    1
 3    1    2    3    3    3    1
 3    1    2    3    3    3    1
 2    1    2    2    3
 2    1    2    2    3
 2    1    2    2    1
 2    1    2    2    1
