# n  list(x)  list(y)
26    4    5    6    7    8    9   10   11   12   13   14   15   16   17   18   19   20   21   22   23   25   28   29   30   31   41    4  119  830  523  350  206  139   95   58   57   34   21   18   16    5    8    4    1    1    3    2    2    1    1    1    1
27    4    5    6    7    8    9   10   11   12   13   14   15   16   17   18   19   20   21   22   23   24   25   28   29   30   31   40    9  165  806  507  338  193  143   88   59   54   30   23   16   16    6    5    4    1    1    3    1    1    2    1    1    1    1
28    3    4    5    6    7    8    9   10   11   12   13   14   15   16   17   18   19   20   21   22   23   24   25   28   29   30   31   39    1   15  205  777  496  326  191  135   87   60   46   31   22   18   13    6    4    4    1    2    2    1    1    2    1    1    1    1
27    3    4    5    6    7    8    9   10   11   12   13   14   15   16   17   18   19   20   21   22   23   25   27   28   29   31   39    1   34  230  753  484  321  190  124   83   55   45   30   23   14   14    6    3    3    1    3    1    1    1    2    1    1    1
25    3    4    5    6    7    8    9   10   11   12   13   14   15   16   17   18   19   20   22   23   25   27   28   29   37    4   48  253  740  475  301  183  121   84   49   46   23   26    9   14    7    3    3    3    1    1    1    2    2    1
25    3    4    5    6    7    8    9   10   11   12   13   14   15   16   17   18   19   20   22   23   25   27   28   29   37    4   65  279  724  463  285  180  120   76   45   47   18   23   10   13    7    2    3    3    1    1    2    1    2    1
25    3    4    5    6    7    8    9   10   11   12   13   14   15   16   17   18   19   20   22   23   25   27   28   29   37    6   72  306  715  442  277  175  119   72   39   43   17   24    9   11    7    2    3    3    1    1    2    1    2    1
26    3    4    5    6    7    8    9   10   11   12   13   14   15   16   17   18   19   20   21   22   23   25   27   28   29   37   11   84  326  708  417  265  175  113   65   42   37   17   23    8   12    7    1    3    2    1    1    1    2    1    2    1
27    2    3    4    5    6    7    8    9   10   11   12   13   14   15   16   17   18   19   20   21   22   23   25   27   28   29   37    1   15   94  360  674  396  269  164  109   61   42   34   21   19    9   10    7    1    3    2    1    1    1    2    2    1    1
26    2    3    4    5    6    7    8    9   10   11   12   13   14   15   16   17   18   19   20   21   22   23   27   28   29   37    4   17  106  380  660  372  255  165  102   67   35   37   19   17    8   10    6    1    4    1    1    2    3    1    1    1
26    2    3    4    5    6    7    8    9   10   11   12   13   14   15   16   17   18   19   20   21   22   23   27   28   29   35    5   24  121  386  649  371  247  151   92   60   36   34   20   17    7   10    6    3    1    2    1    1    3    1    1    1
25    1    2    3    4    5    6    7    8    9   10   11   12   13   14   15   16   17   18   19   20   21   23   27   28   34    1    6   25  133  401  633  356  238  152   87   55   34   34   21   14    9    8    5    2    2    2    1    3    2    1
26    1    2    3    4    5    6    7    8    9   10   11   12   13   14   15   16   17   18   19   20   21   23   26   27   28   33    1    6   27  151  417  608  342  234  144   81   56   33   30   23   12   10    8    5    2    1    2    1    1    3    1    1
24    1    2    3    4    5    6    7    8    9   10   11   12   13   14   15   16   17   18   19   21   23   25   27   32    1    7   36  166  441  579  320  232  133   83   59   26   30   20   10   10    9    3    2    2    1    1    3    1
24    1    2    3    4    5    6    7    8    9   10   11   12   13   14   15   16   17   18   19   21   23   25   27   31    1    7   45  190  436  558  319  222  124   80   57   28   24   18    9   13    7    2    3    1    1    1    3    1
24    1    2    3    4    5    6    7    8    9   10   11   12   13   14   15   16   17   18   19   21   23   24   27   30    1   10   51  208  444  548  306  210  122   70   50   29   24   13   15    6    6    3    2    1    1    1    3    1
23    1    2    3    4    5    6    7    8    9   10   11   12   13   14   15   16   17   18   21   23   26   27   30    1   12   60  217  461  516  313  188  120   68   45   28   21   12   15    6    6    4    1    2    2    1    1
24    1    2    3    4    5    6    7    8    9   10   11   12   13   14   15   16   17   18   21   22   23   26   27   30    1   15   67  229  473  492  301  183  109   63   49   23   20   13   16    5    5    4    1    1    1    2    1    1
24    1    2    3    4    5    6    7    8    9   10   11   12   13   14   15   16   17   18   20   22   23   26   27   30    1   16   74  246  469  477  294  170  105   62   51   17   19   15   14    6    5    2    1    1    1    2    1    1
25    1    2    3    4    5    6    7    8    9   10   11   12   13   14   15   16   17   18   19   22   23   25   26   27   30    3   17   87  254  467  479  286  151   96   63   43   18   17   14   10    8    3    2    1    1    1    1    1    1    1
24    1    2    3    4    5    6    7    8    9   10   11   12   13   14   15   16   17   18   19   22   23   25   27   30    3   17  104  265  469  456  274  142   91   65   39   18   16   13   12    6    1    2    1    1    1    2    1    1
23    1    2    3    4    5    6    7    8    9   10   11   12   13   14   15   16   18   19   22   23   25   27   30    3   21  115  278  477  434  257  137   83   65   39   16   14   14    7    6    2    1    1    1    2    1    1
25    1    2    3    4    5    6    7    8    9   10   11   12   13   14   15   16   17   18   19   20   22   24   25   26   30    3   25  123  290  479  412  250  131   87   54   35   15   11   14    9    3    1    1    1    1    1    1    1    1    1
24    1    2    3    4    5    6    7    8    9   10   11   12   13   14   15   16   17   19   20   21   22   24   26   30    4   26  134  299  480  398  234  127   79   54   32   14   13   12    8    2    2    1    1    1    1    1    1    1
23    1    2    3    4    5    6    7    8    9   10   11   12   13   14   15   16   17   19   20   21   23   26   30    3   29  149  288  493  380  221  128   69   53   31   12   15   11    8    1    2    1    2    1    1    1    1
23    1    2    3    4    5    6    7    8    9   10   11   12   13   14   15   16   17   19   20   21   23   25   29    2   36  157  298  488  362  206  128   70   48   26   12   13   10    9    1    1    2    1    1    1    1    1
23    1    2    3    4    5    6    7    8    9   10   11   12   13   14   15   16   17   18   19   21   23   25   28    3   39  177  303  468  346  199  130   62   46   24   13   12    9    9    1    1    1    2    1    1    1    1
23    1    2    3    4    5    6    7    8    9   10   11   12   13   14   15   16   17   18   19   21   22   25   27    3   46  178  322  449  343  191  118   56   48   22   11   12    8    8    1    1    2    1    1    1    1    1
21    1    2    3    4    5    6    7    8    9   10   11   12   13   14   15   16   17   19   21   24   27    4   53  187  315  461  310  192  109   60   45   16   13    9    9    7    2    2    1    2    1    1
21    1    2    3    4    5    6    7    8    9   10   11   12   13   14   15   16   17   19   20   24   27    4   62  201  317  471  285  173  103   61   44   13   12    7   10    4    1    2    1    1    1    1
20    1    2    3    4    5    6    7    8    9   10   11   12   13   14   15   16   17   19   24   26    7   68  207  327  452  269  175   92   60   43   11   11    8    9    3    2    1    2    1    1
21    1    2    3    4    5    6    7    8    9   10   11   12   13   14   15   16   17   18   19   24   26    9   73  217  326  435  266  169   86   60   35   11   12    7    9    2    2    1    1    1    1    1
19    1    2    3    4    5    6    7    8    9   10   11   12   13   14   15   16   17   18   24   12   79  217  338  427  256  159   85   53   28   15    6    6    9    3    1    2    1    2
19    1    2    3    4    5    6    7    8    9   10   11   12   13   14   15   16   17   18   24   12   85  232  344  410  245  153   81   43   29   11    7    5    9    3    1    1    1    2
18    1    2    3    4    5    6    7    8    9   10   11   12   13   14   15   16   18   23   15   95  243  352  390  233  142   73   43   26   12    7    5    7    2    1    1    2
19    1    2    3    4    5    6    7    8    9   10   11   12   13   14   15   16   17   22   23   15  102  244  350  380  223  140   69   37   27   12    7    6    5    2    1    1    1    1
19    1    2    3    4    5    6    7    8    9   10   11   12   13   14   15   16   17   22   23   18  105  250  356  362  217  130   62   40   24   11    8    6    4    1    1    1    1    1
19    1    2    3    4    5    6    7    8    9   10   11   12   13   14   15   16   17   22   23   22  109  260  372  329  215  120   58   34   22   11    7    5    4    1    1    1    1    1
17    1    2    3    4    5    6    7    8    9   10   11   12   13   14   16   17   22   30  110  260  364  320  210  117   52   34   20   10    9    6    2    1    1    2
17    1    2    3    4    5    6    7    8    9   10   11   12   13   14   16   17   22   34  111  260  371  317  190  106   53   30   21    8   10    4    2    1    1    2
17    1    2    3    4    5    6    7    8    9   10   11   12   13   14   16   17   22   36  114  264  367  313  175  104   50   28   16   10    8    4    1    1    1    2
16    1    2    3    4    5    6    7    8    9   10   11   12   13   16   17   22   42  117  273  377  294  161   92   50   29   12    9    8    2    1    1    1
16    1    2    3    4    5    6    7    8    9   10   11   12   13   16   17   22   42  128  283  375  268  158   85   46   28   12    7    7    2    1    1    1
16    1    2    3    4    5    6    7    8    9   10   11   12   13   16   17   21   47  143  280  364  255  152   81   41   26   12    7    6    2    1    1    1
16    1    2    3    4    5    6    7    8    9   10   11   12   13   16   17   20   54  149  285  354  241  148   70   39   27    9    8    5    2    1    1    1
16    1    2    3    4    5    6    7    8    9   10   11   12   13   16   17   20   55  151  290  344  240  139   62   38   24    9    8    4    2    1    1    1
15    1    2    3    4    5    6    7    8    9   10   11   12   13   16   19   54  158  297  329  232  127   63   37   23    9    8    1    2    2    1
15    1    2    3    4    5    6    7    8    9   10   11   12   13   16   19   56  161  313  310  224  113   63   35   21    9    6    1    2    2    1
16    1    2    3    4    5    6    7    8    9   10   11   12   13   15   16   19   61  165  322  296  211  103   62   37   15   10    4    1    1    1    1    1
16    1    2    3    4    5    6    7    8    9   10   11   12   13   14   16   19   66  172  328  278  198  104   53   37   12   10    3    1    1    1    1    1
16    1    2    3    4    5    6    7    8    9   10   11   12   13   14   15   19   63  182  315  280  184  101   54   30   10   10    1    1    1    1    1    1
15    1    2    3    4    5    6    7    8    9   10   11   13   14   15   18   70  180  313  270  174   99   51   28   12    7    2    1    1    1    1
15    1    2    3    4    5    6    7    8    9   10   11   13   14   15   18   80  188  294  271  165   90   45   29   10    7    2    1    1    1    1
13    1    2    3    4    5    6    7    8    9   10   12   14   17   83  193  302  257  158   74   46   22   12    5    1    2    1
13    1    2    3    4    5    6    7    8    9   10   12   14   17   90  191  305  242  153   62   45   19   10    5    2    1    1
13    1    2    3    4    5    6    7    8    9   10   12   14   16   89  197  307  229  137   63   38   18    9    3    2    1    1
13    1    2    3    4    5    6    7    8    9   10   12   14   16   93  206  295  223  125   63   35   16    8    2    2    1    1
14    1    2    3    4    5    6    7    8    9   10   11   12   13   16  103  218  285  211  121   52   27   18    4    2    1    1    1    1
14    1    2    3    4    5    6    7    8    9   10   11   12   13   16  105  218  280  211  105   52   22   18    4    1    1    1    1    1
12    1    2    3    4    5    6    7    8    9   11   13   16  107  227  271  197   99   46   24   12    4    2    1    1
12    1    2    3    4    5    6    7    8    9   10   13   16  107  225  276  183   97   36   21    7    4    1    1    1
11    1    2    3    4    5    6    7    8    9   13   16  113  232  262  173   89   36   14    6    5    1    1
11    1    2    3    4    5    6    7    8    9   13   16  115  219  262  168   76   34   13    6    5    1    1
11    1    2    3    4    5    6    7    8    9   13   16  112  228  253  146   76   28   13    7    3    1    1
11    1    2    3    4    5    6    7    8    9   13   15  119  228  234  136   66   25   12    7    3    1    1
11    1    2    3    4    5    6    7    8    9   13   14  125  238  222  119   55   23   14    3    1    1    1
10    1    2    3    4    5    6    7    8    9   13  126  238  200  115   50   24   11    2    1    2
10    1    2    3    4    5    6    7    8    9   13  133  227  187  106   51   19    8    2    1    2
11    1    2    3    4    5    6    7    8    9   12   13  136  228  175  101   44   18    7    1    1    1    1
10    1    2    3    4    5    6    7    8    9   12  136  232  155   90   37   16    5    1    1    2
 9    1    2    3    4    5    6    7    9   12  128  231  141   85   33   13    5    1    2
 9    1    2    3    4    5    6    7    9   12  122  225  130   80   24   11    5    1    2
10    1    2    3    4    5    6    7    9   11   12  119  207  120   81   19   10    4    1    1    1
 8    1    2    3    4    5    6    7   11  110  186  106   65   21    7    3    2
 9    1    2    3    4    5    6    7   10   11  108  177   95   57   20    5    2    1    1
 9    1    2    3    4    5    6    7   10   11  106  168   90   49   20    3    1    1    1
 8    1    2    3    4    5    6   10   11  104  158   83   47   18    3    1    1
 8    1    2    3    4    5    6   10   11   97  143   76   40   14    2    1    1
 7    1    2    3    4    5    6   10   81  129   76   33    7    2    2
 7    1    2    3    4    5    6   10   73  116   71   28    6    2    2
 7    1    2    3    4    5    6   10   69  111   66   26    5    2    2
 7    1    2    3    4    5    6   10   61  104   56   21    3    1    2
 8    1    2    3    4    5    6    9   10   56   83   48   14    3    1    1    1
 8    1    2    3    4    5    6    8   10   50   78   42   13    2    1    1    1
 7    1    2    3    4    5    8   10   33   40   17    5    2    1    1
 7    1    2    3    4    5    8   10   29   33   14    4    1    1    1
 7    1    2    3    4    5    6   10   20   29   13    1    1    1    1
 6    1    2    3    4    5   10   21   26   12    2    1    1
 4    1   10    3    2   11    1    7   17
 4    9    2    3    1    1   17    6   11
 4    1    2    3    7   10   17    3    1
 4    1    2    3    6    8   11    2    1
 4    1    2    3    6    7   12    1    1
 3    1    2    5    5    7    1
 3    1    2    5    5    7    1
 3    1    2    4    4    4    1
 3    1    2    3    3    2    1
 2    1    2    2    3
 2    1    2    2    2
