# n  list(x)  list(y)
18   22   21   20   19   17   16   15   14   13   12   11   10    9    8    7    6    5    4    1    1    1    1    7    7   17   21   44   78  132  192  275  445  506  625  143    4
18   22   21   20   18   17   16   15   14   13   12   11   10    9    8    7    6    5    4    1    1    1    1    7    6   15   18   43   74  120  192  269  430  497  619  174    7
18   22   21   20   18   17   16   15   14   13   12   11   10    9    8    7    6    5    4    1    1    1    1    6    6   16   16   35   77  112  181  267  414  490  613  199   14
18   22   21   19   18   17   16   15   14   13   12   11   10    9    8    7    6    5    4    1    1    1    1    6    4   15   17   32   72  110  175  263  394  479  599  229   26
19   22   21   19   18   17   16   15   14   13   12   11   10    9    8    7    6    5    4    3    1    1    1    1    5    5   14   15   32   62  107  164  259  377  481  591  243   40    1
19   22   21   19   18   17   16   15   14   13   12   11   10    9    8    7    6    5    4    3    1    1    1    1    5    3   12   16   27   60  104  155  240  375  479  573  269   51    2
19   22   21   19   18   17   16   15   14   13   12   11   10    9    8    7    6    5    4    3    1    1    1    1    4    4   12   12   29   49  101  148  235  360  475  574  279   61    3
18   22   21   18   17   16   15   14   13   12   11   10    9    8    7    6    5    4    3    1    1    2    4    4   11   12   26   48   98  138  224  349  470  551  307   74    5
18   22   21   18   17   16   15   14   13   12   11   10    9    8    7    6    5    4    3    1    1    2    4    4   10   12   26   43   89  141  214  331  468  540  318   88    8
18   22   21   18   17   16   15   14   13   12   11   10    9    8    7    6    5    4    3    1    1    2    4    3   11   11   20   39   85  132  213  314  462  535  333   98   11
17   21   18   17   16   15   14   13   12   11   10    9    8    7    6    5    4    3    2    2    4    2   10   10   18   33   80  118  213  305  443  537  349  109   15
17   21   18   17   16   15   14   13   12   11   10    9    8    7    6    5    4    3    2    2    4    2    8   10   16   34   68  115  210  282  434  529  369  119   21
18   21   18   17   16   15   14   13   12   11   10    9    8    7    6    5    4    3    2    2    2    3    3    7    9   16   31   67  114  199  266  427  509  387  133   24    1
18   21   18   17   16   15   14   13   12   11   10    9    8    7    6    5    4    3    2    2    2    3    3    6    9   16   29   62  108  191  265  403  505  389  150   30    2
19   21   20   18   17   16   15   14   13   12   11   10    9    8    7    6    5    4    3    2    1    1    1    2    4    6    9   14   26   52  111  170  265  393  502  393  165   33    2
19   21   19   18   17   16   15   14   13   12   11   10    9    8    7    6    5    4    3    2    1    1    1    1    3    6    9   14   24   48   98  172  251  379  497  396  184   38    2
18   21   19   17   16   15   14   13   12   11   10    9    8    7    6    5    4    3    2    1    1    2    2    7    6   14   24   43   95  155  244  372  480  413  188   50    3
19   20   19   17   16   15   14   13   12   11   10    9    8    7    6    5    4    3    2    1    1    1    2    1    5    8   11   24   42   92  152  226  369  465  408  207   57    3    1
19   20   19   17   16   15   14   13   12   11   10    9    8    7    6    5    4    3    2    1    1    1    1    1    6    7   11   22   35   86  146  214  352  449  431  218   62    6    1
19   20   19   17   16   15   14   13   12   11   10    9    8    7    6    5    4    3    2    1    1    1    1    1    5    6   11   22   31   82  140  199  334  445  436  228   72    9    1
18   20   19   17   15   14   13   12   11   10    9    8    7    6    5    4    3    2    1    1    1    1    6    5   11   21   29   76  134  189  320  426  443  243   80   13    1
18   20   18   17   15   14   13   12   11   10    9    8    7    6    5    4    3    2    1    1    1    1    6    4   10   22   25   72  131  185  298  411  447  252   93   15    1
17   19   17   15   14   13   12   11   10    9    8    7    6    5    4    3    2    1    1    2    4    4    8   22   27   60  127  179  297  397  433  270   96   22    1
18   18   17   16   15   14   13   12   11   10    9    8    7    6    5    4    3    2    1    1    1    1    3    4    7   21   23   59  115  178  283  392  441  265  104   26    1
17   18   16   15   14   13   12   11   10    9    8    7    6    5    4    3    2    1    1    1    3    5    5   16   22   56  110  174  273  391  430  274  110   28    1
17   18   16   15   14   13   12   11   10    9    8    7    6    5    4    3    2    1    1    1    3    5    4   14   21   57   98  173  260  383  417  286  118   31    3
17   18   16   15   14   13   12   11   10    9    8    7    6    5    4    3    2    1    1    1    2    5    2   13   21   52   98  165  242  387  396  298  129   34    4
17   18   16   15   14   13   12   11   10    9    8    7    6    5    4    3    2    1    1    1    2    4    3   12   16   52   86  169  231  380  391  292  143   38    4
17   17   16   15   14   13   12   11   10    9    8    7    6    5    4    3    2    1    1    1    2    2    4   11   14   49   83  155  225  365  395  292  156   41    4
16   17   16   15   13   12   11   10    9    8    7    6    5    4    3    2    1    1    1    2    5   10   14   46   78  148  208  361  382  300  167   47    5
17   17   16   15   14   13   12   11   10    9    8    7    6    5    4    3    2    1    1    1    1    1    2   10   11   45   67  147  206  346  382  301  169   55    5
16   16   15   14   13   12   11   10    9    8    7    6    5    4    3    2    1    2    1    1    1    9    8   46   63  134  198  331  376  314  178   58    5
15   16   15   13   12   11   10    9    8    7    6    5    4    3    2    1    2    1    1    8    8   41   59  120  204  308  377  313  191   60    7
15   16   15   13   12   11   10    9    8    7    6    5    4    3    2    1    2    1    1    8    8   35   59  114  183  304  372  318  200   58   12
15   16   15   13   12   11   10    9    8    7    6    5    4    3    2    1    2    1    1    6   10   29   57  102  178  292  363  322  205   67   15
16   16   15   14   13   12   11   10    9    8    7    6    5    4    3    2    1    1    1    1    1    6    9   25   54   96  163  285  354  329  210   74   14
16   16   15   14   13   12   11   10    9    8    7    6    5    4    3    2    1    1    1    1    1    6    7   26   45   93  155  273  335  341  218   79   16
15   15   14   13   12   11   10    9    8    7    6    5    4    3    2    1    1    2    1    5    7   23   41   82  154  259  326  349  221   85   17
14   15   14   12   11   10    9    8    7    6    5    4    3    2    1    1    2    5    7   20   35   75  152  246  314  355  230   85   21
14   15   13   12   11   10    9    8    7    6    5    4    3    2    1    1    1    4    6   18   36   64  142  232  312  357  236   89   24
14   15   13   12   11   10    9    8    7    6    5    4    3    2    1    1    1    4    5   18   32   59  126  226  306  354  248   92   25
14   14   13   12   11   10    9    8    7    6    5    4    3    2    1    1    1    3    4   17   26   51  113  219  310  342  258   98   28
14   14   13   12   11   10    9    8    7    6    5    4    3    2    1    1    1    3    3   15   27   45  104  193  308  347  260  110   29
13   14   12   11   10    9    8    7    6    5    4    3    2    1    1    4    2   14   25   42   99  176  294  348  264  120   32
13   14   12   11   10    9    8    7    6    5    4    3    2    1    1    4    1   12   20   44   93  170  275  341  270  127   37
13   14   12   11   10    9    8    7    6    5    4    3    2    1    1    3    2    8   22   38   87  166  259  329  275  144   35
12   12   11   10    9    8    7    6    5    4    3    2    1    4    2    6   18   40   80  157  256  314  278  153   34
12   12   11   10    9    8    7    6    5    4    3    2    1    3    3    5   14   36   70  145  255  310  281  156   39
12   12   11   10    9    8    7    6    5    4    3    2    1    3    3    4   14   28   67  136  248  304  277  161   47
12   12   11   10    9    8    7    6    5    4    3    2    1    3    3    3   13   25   64  129  235  293  279  169   50
12   12   11   10    9    8    7    6    5    4    3    2    1    2    3    3   12   25   58  120  222  288  281  171   54
12   12   11   10    9    8    7    6    5    4    3    2    1    2    2    4   11   22   49  121  211  278  286  172   57
12   12   11   10    9    8    7    6    5    4    3    2    1    2    2    2   12   16   51  108  203  258  293  178   63
11   11   10    9    8    7    6    5    4    3    2    1    4    2   10   15   51   96  198  244  288  186   65
11   11   10    9    8    7    6    5    4    3    2    1    3    2    9   11   46   90  180  241  280  199   70
11   11   10    9    8    7    6    5    4    3    2    1    1    3    9   12   41   88  171  223  283  197   79
10   10    9    8    7    6    5    4    3    2    1    4    7   11   34   84  168  210  274  206   83
10   10    9    8    7    6    5    4    3    2    1    1    8    8   33   67  159  203  272  204   96
 9    9    8    7    6    5    4    3    2    1    8    7   26   60  160  196  258  208   96
 9    9    8    7    6    5    4    3    2    1    7    7   20   51  141  200  251  217   97
 9    9    8    7    6    5    4    3    2    1    6    8   15   43  128  192  246  223  101
 9    9    8    7    6    5    4    3    2    1    6    6   15   40  116  177  240  219  101
 9    9    8    7    6    5    4    3    2    1    5    6   15   30  110  170  230  212  110
 9    9    8    7    6    5    4    3    2    1    2    7   13   21  107  160  220  207  114
 9    9    8    7    6    5    4    3    2    1    1    8    7   23   94  154  210  208  114
 9    9    8    7    6    5    4    3    2    1    1    6    7   18   85  144  201  207  116
 8    8    7    6    5    4    3    2    1    6    7   16   82  135  193  207  116
 8    8    7    6    5    4    3    2    1    5    7   12   70  124  188  188  113
 8    8    7    6    5    4    3    2    1    4    5   13   60  120  182  187  115
 8    8    7    6    5    4    3    2    1    3    4   13   52  111  170  177  112
 8    8    7    6    5    4    3    2    1    2    5   11   47   97  163  164  113
 8    8    7    6    5    4    3    2    1    2    5   11   37   90  144  156  104
 8    8    7    6    5    4    3    2    1    1    5   10   31   85  132  155  110
 8    8    7    6    5    4    3    2    1    1    5    5   19   45   76   83   54
 8    8    7    6    5    4    3    2    1    1    4    6   17   40   68   82   53
 8    8    7    6    5    4    3    2    1    1    3    4   19   35   60   81   54
 8    8    7    6    5    4    3    2    1    1    2    5   16   32   57   82   51
 8    8    7    6    5    4    3    2    1    1    2    3    8   30   55   78   51
 7    7    6    5    4    3    2    1    2    3    7   21   52   70   43
 7    7    6    5    4    3    2    1    2    1    3   14   36   50   31
 7    7    6    5    4    3    2    1    1    2    2   14   34   46   31
 6    6    5    4    3    2    1    1    2    8   19   26   19
 5    6    4    3    2    1    1    8   19   23   21
 5    6    4    3    2    1    1    4    4   12    6
 5    6    4    3    2    1    1    3    5    8    7
 5    6    4    3    2    1    1    3    4    7    6
 3    3    2    1    3    6    5
 3    3    2    1    3    6    5
 3    3    2    1    2    7    4
 4    5    3    2    1    1    2    5    3
 4    4    3    2    1    1    2    3    4
 3    3    2    1    1    3    3
 3    3    2    1    1    3    3
 3    3    2    1    1    3    3
 3    3    2    1    1    2    3
 2    2    1    3    2
 2    2    1    1    2
