# n  list(x)  list(y)
19    4    5    6    7    8    9   10   11   12   13   14   15   16   17   18   19   20   22   30    4  116  712  536  386  258  183  106   68   45   24   26   10    9    8    2    5    1    1
19    4    5    6    7    8    9   10   11   12   13   14   15   16   17   18   19   20   22   28    7  144  701  526  377  253  176  101   63   44   27   22    9    8    8    4    3    1    1
19    4    5    6    7    8    9   10   11   12   13   14   15   16   17   18   19   20   22   28   11  186  674  520  368  247  164   96   63   43   25   20    8    9    8    3    3    1    1
19    4    5    6    7    8    9   10   11   12   13   14   15   16   17   18   19   20   22   28   19  222  669  497  361  233  164   89   60   40   25   16    7    9    7    4    1    1    1
20    3    4    5    6    7    8    9   10   11   12   13   14   15   16   17   18   19   20   21   28    2   33  241  667  477  356  229  154   80   58   37   22   15    9   10    5    2    1    1    1
19    3    4    5    6    7    8    9   10   11   12   13   14   15   16   17   18   19   20   28    4   54  254  657  463  354  213  150   76   53   34   22   13   11    8    4    3    1    1
20    2    3    4    5    6    7    8    9   10   11   12   13   14   15   16   17   18   19   20   28    1    8   62  277  639  450  342  207  143   78   47   37   20   14   10    8    2    3    1    1
20    2    3    4    5    6    7    8    9   10   11   12   13   14   15   16   17   18   19   20   26    1   12   70  298  627  443  329  208  132   71   46   36   15   13    9    9    2    2    1    1
20    2    3    4    5    6    7    8    9   10   11   12   13   14   15   16   17   18   19   20   26    1   13   83  326  601  439  319  195  133   62   48   36    8   14    8    9    1    2    1    1
20    2    3    4    5    6    7    8    9   10   11   12   13   14   15   16   17   18   19   20   25    1   17  104  331  586  433  316  181  123   62   46   33    8   13    7    9    1    2    1    1
19    2    3    4    5    6    7    8    9   10   11   12   13   14   15   16   17   18   19   24    2   24  124  336  579  423  294  182  112   60   46   28    7   13    8    7    1    3    1
19    2    3    4    5    6    7    8    9   10   11   12   13   14   15   16   17   18   19   24    2   24  145  348  562  406  288  177  109   57   44   26    7   10    8    7    3    1    1
19    2    3    4    5    6    7    8    9   10   11   12   13   14   15   16   17   18   19   23    2   37  148  364  551  391  279  170  103   56   43   20    8   10    8    6    2    1    1
19    2    3    4    5    6    7    8    9   10   11   12   13   14   15   16   17   18   19   22    3   46  165  365  534  391  267  160   98   55   39   16    8   11    7    7    1    1    1
19    2    3    4    5    6    7    8    9   10   11   12   13   14   15   16   17   18   19   22    5   51  176  378  522  374  261  151   93   55   35   15    9    9    7    6    1    1    1
19    2    3    4    5    6    7    8    9   10   11   12   13   14   15   16   17   18   19   22    7   57  189  386  506  371  257  139   85   55   26   17   10    6    7    4    1    1    1
20    1    2    3    4    5    6    7    8    9   10   11   12   13   14   15   16   17   18   19   22    1    6   64  200  390  498  367  252  124   78   52   26   12   10    6    8    3    1    1    1
19    1    2    3    4    5    6    7    8    9   10   11   12   13   14   15   16   17   18   22    1    6   71  215  397  490  364  231  118   72   48   24   12    7    7    7    2    2    1
19    1    2    3    4    5    6    7    8    9   10   11   12   13   14   15   16   17   18   22    1    8   76  225  417  472  352  221  108   70   45   19   12    8    7    4    2    2    1
19    1    2    3    4    5    6    7    8    9   10   11   12   13   14   15   16   17   18   21    1   10   88  238  414  472  328  215  103   68   34   21   11    7    9    1    3    1    1
19    1    2    3    4    5    6    7    8    9   10   11   12   13   14   15   16   17   18   21    1   12  106  243  411  463  323  201   99   59   29   22   10    7    8    2    2    1    1
19    1    2    3    4    5    6    7    8    9   10   11   12   13   14   15   16   17   18   21    1   16  118  250  420  447  310  191   87   57   29   20    9    7    8    2    1    1    1
19    1    2    3    4    5    6    7    8    9   10   11   12   13   14   15   16   17   18   21    2   21  116  272  411  445  299  177   78   54   27   19   10    9    5    2    1    1    1
18    1    2    3    4    5    6    7    8    9   10   11   12   13   14   15   16   18   20    2   22  130  285  412  430  286  160   78   48   29   19    6   11    3    2    1    1
18    1    2    3    4    5    6    7    8    9   10   11   12   13   14   15   16   18   20    3   27  132  298  415  419  277  142   73   45   32   13    7   10    3    2    1    1
18    1    2    3    4    5    6    7    8    9   10   11   12   13   14   15   16   18   19    4   35  139  304  416  393  279  131   69   42   29   10    9    9    2    2    1    1
18    1    2    3    4    5    6    7    8    9   10   11   12   13   14   15   16   17   18    7   46  134  315  411  393  254  130   58   43   27    8   10    8    2    2    1    1
18    1    2    3    4    5    6    7    8    9   10   11   12   13   14   15   16   17   18    8   49  145  325  407  380  235  124   54   45   22    8   11    6    3    1    1    1
18    1    2    3    4    5    6    7    8    9   10   11   12   13   14   15   16   17   18    9   54  166  318  402  371  224  112   51   45   17    9   11    5    3    1    1    1
17    1    2    3    4    5    6    7    8    9   10   11   12   13   14   15   16   17   10   54  177  329  385  368  213  103   49   41   16   11    8    5    2    1    2
16    1    2    3    4    5    6    7    8    9   10   11   12   13   14   15   17   11   65  188  330  385  348  195  101   50   39   10   12    5    6    2    2
16    1    2    3    4    5    6    7    8    9   10   11   12   13   14   15   17   12   74  191  324  404  308  192   97   54   32   11   11    5    6    1    2
16    1    2    3    4    5    6    7    8    9   10   11   12   13   14   15   17   12   81  196  338  388  310  175   87   50   31    9   10    5    4    1    2
16    1    2    3    4    5    6    7    8    9   10   11   12   13   14   15   17   17   89  207  338  372  306  156   85   45   30    8   10    4    4    2    1
16    1    2    3    4    5    6    7    8    9   10   11   12   13   14   15   17   18   99  201  354  358  303  139   77   48   26   10    6    4    4    1    1
16    1    2    3    4    5    6    7    8    9   10   11   12   13   14   15   17   21  103  206  364  342  287  133   73   45   25   10    6    3    4    1    1
15    1    2    3    4    5    6    7    8    9   10   11   12   13   14   17   24  103  229  355  330  275  125   71   43   21   12    3    4    3    1
15    1    2    3    4    5    6    7    8    9   10   11   12   13   14   16   25  111  239  347  322  265  116   66   39   22   10    4    5    1    1
15    1    2    3    4    5    6    7    8    9   10   11   12   13   14   15   30  109  255  343  316  245  117   58   36   22    7    4    4    1    1
15    1    2    3    4    5    6    7    8    9   10   11   12   13   14   15   35  114  262  343  292  240  112   51   39   19    6    4    3    1    1
14    1    2    3    4    5    6    7    8    9   10   11   12   14   15   37  120  267  338  286  221  107   54   35   18    5    7    1    1
14    1    2    3    4    5    6    7    8    9   10   11   12   14   15   42  122  277  332  281  202  103   54   32   16    6    4    1    1
14    1    2    3    4    5    6    7    8    9   10   11   12   14   15   44  123  279  328  280  187  102   51   28   16    6    2    1    1
13    1    2    3    4    5    6    7    8    9   10   11   12   14   44  135  280  309  291  173   94   43   27   15    6    2    2
14    1    2    3    4    5    6    7    8    9   10   11   12   13   14   51  146  281  303  270  173   81   43   27   11    7    1    1    1
14    1    2    3    4    5    6    7    8    9   10   11   12   13   14   54  150  280  309  264  154   76   42   21   11    6    1    1    1
14    1    2    3    4    5    6    7    8    9   10   11   12   13   14   57  155  283  305  256  143   66   43   19   11    4    1    1    1
12    1    2    3    4    5    6    7    8    9   10   11   13   62  158  302  289  246  132   61   39   18   10    2    1
12    1    2    3    4    5    6    7    8    9   10   11   13   66  161  303  281  234  127   60   32   16    9    2    1
12    1    2    3    4    5    6    7    8    9   10   11   13   69  169  310  271  219  119   54   31   14    8    1    1
12    1    2    3    4    5    6    7    8    9   10   11   13   81  166  314  261  209  113   45   29   13    7    1    1
12    1    2    3    4    5    6    7    8    9   10   11   13   81  184  297  262  191  107   41   28   12    7    1    1
11    1    2    3    4    5    6    7    8    9   10   12   85  197  286  261  173   99   38   29   10    4    1
11    1    2    3    4    5    6    7    8    9   10   11   95  202  286  242  168   84   40   25   12    2    1
11    1    2    3    4    5    6    7    8    9   10   11   98  209  279  236  153   77   40   25    7    2    1
11    1    2    3    4    5    6    7    8    9   10   11  100  213  276  225  146   71   40   19    5    2    1
11    1    2    3    4    5    6    7    8    9   10   11  113  215  264  214  135   67   38   17    3    2    1
10    1    2    3    4    5    6    7    8    9   10  119  208  255  214  119   64   34   15    3    3
10    1    2    3    4    5    6    7    8    9   10  118  213  254  201  107   61   33   13    2    3
10    1    2    3    4    5    6    7    8    9   10  124  222  244  192   97   57   28   12    3    1
 9    1    2    3    4    5    6    7    8    9  131  222  238  178   91   52   29    6    3
 9    1    2    3    4    5    6    7    8    9  128  224  228  164   86   50   25    4    3
 9    1    2    3    4    5    6    7    8    9  139  221  217  159   80   42   22    5    2
 9    1    2    3    4    5    6    7    8    9  140  220  208  156   69   38   18    5    1
 8    1    2    3    4    5    6    7    8  133  229  192  145   68   36   17    5
 8    1    2    3    4    5    6    7    8  137  221  182  130   70   27   13    5
 8    1    2    3    4    5    6    7    8  137  226  167  125   57   28    9    4
 8    1    2    3    4    5    6    7    8  140  219  159  113   51   22   10    2
 8    1    2    3    4    5    6    7    8  139  204  155  107   41   21    9    2
 8    1    2    3    4    5    6    7    8  132  193  161   86   42   17    7    1
 8    1    2    3    4    5    6    7    8  139  176  143   75   39   13    5    1
 7    1    2    3    4    5    6    7  132  176  137   69   39    9    6
 7    1    2    3    4    5    6    7  131  169  132   61   30   10    5
 7    1    2    3    4    5    6    7  124  147  112   55   25   10    3
 7    1    2    3    4    5    6    7  117  135  103   47   23   10    3
 7    1    2    3    4    5    6    7  104  130   82   46   21    5    3
 7    1    2    3    4    5    6    7   97  125   74   42   17    4    2
 7    1    2    3    4    5    6    7   84  107   69   30   10    3    1
 7    1    2    3    4    5    6    7   69   80   51   23    9    1    1
 7    1    2    3    4    5    6    7   65   76   45   21    7    1    1
 7    1    2    3    4    5    6    7   57   75   34   17    4    1    1
 7    1    2    3    4    5    6    7   51   72   28   16    2    1    1
 6    1    2    3    4    5    6   37   63   20   13    1    1
 4    1    2    3    4   25   33   15    9
 4    1    2    3    4   19   15   11    6
 4    1    2    3    4    9    8    3    2
 4    1    2    3    4    9    8    3    2
 4    1    2    3    4    9    8    3    2
 4    1    2    3    4    7    9    3    1
 4    1    2    3    4    6    8    2    1
 4    1    2    3    4    5    8    1    1
 3    1    2    3    4    3    2
 3    1    2    3    4    3    2
 3    1    2    3    4    3    2
 2    1    2    2    2
 2    1    2    2    1
 2    1    2    2    1
