#n_nodes  m_edges  aspl  diameter  acluster  assort    n_conn  n_comp  o_largestc
2500  9900   5.93048547419  13  0.119962457683   0.0841314970538  4   1  2500
2475  9720   5.93854829622  14  0.120833549087   0.0831230753658  4   1  2475
2450  9550   5.94148582095  14  0.120764677889   0.0901401433779  4   1  2450
2425  9376   5.94669218468  14  0.121073459782   0.0902094069449  3   1  2425
2400  9190   5.95851222732  14  0.121222653221   0.0895996125841  3   1  2400
2375  9001   5.97542322529  14  0.121646173836   0.0893666550769  3   1  2375
2350  8814   5.98801010842  14  0.121312390977   0.0990557366324  3   1  2350
2325  8627    6.0134654748  14  0.120564399677   0.0944720407023  3   1  2325
2300  8430   6.03644684835  14  0.119908824895   0.0959050645699  2   1  2300
2275  8230    6.0757683126  14  0.119330962252   0.0895810016062  2   1  2275
2250  8043   6.09053663357  14  0.118702818273   0.0920574672164  2   1  2250
2225  7846   6.12320224719  14  0.118433726178   0.0976990112346  2   1  2225
2200  7694   6.12530158336  14  0.118152005971    0.102135890298  2   1  2200
2175  7499   6.16146263575  14  0.118749633583    0.096713992277  2   1  2175
2150  7328   6.18198145162  14  0.118848297773   0.0899939724023  2   1  2150
2125  7146   6.21754913039  14  0.118475361317   0.0863271504925  2   1  2125
2100  6978   6.24177454116  14  0.118354774933   0.0856767498867  2   1  2100
2075  6817   6.26536045823  14  0.118881901782   0.0820461374429  2   1  2075
2050  6656   6.27839207704  14   0.11820259065   0.0841921315238  2   1  2050
2025  6489   6.28919826282  14  0.118093345128    0.092719131256  2   1  2025
2000  6315   6.34224612306  14  0.118254474202   0.0901091562079  2   1  2000
1975  6139   6.38198453311  14  0.116952185152   0.0989071118286  1   1  1975
1950  5982   6.40803620529  14   0.11689698001    0.101312052078  1   1  1950
1925  5826   6.44245646246  14  0.117831244725   0.0908038110271  1   1  1925
1900  5652   6.50144951637  15  0.118833604476   0.0917124133749  1   1  1900
1875  5496   6.55688822483  16  0.118579680537   0.0915400061398  1   1  1875
1850  5348   6.58329791122  16  0.118358427829   0.0912024180942  1   1  1850
1825  5192    6.6096803653  16  0.117758463222   0.0884122437764  1   1  1825
1800  5060   6.63141683651  16  0.118811286934   0.0871316152434  1   1  1800
1775  4925   6.68909347857  16  0.118715281037   0.0888067571881  1   1  1775
1750  4794   6.70995344278  16  0.117917056986    0.094908260707  1   1  1750
1725  4663   6.74151475937  16  0.118257904842   0.0891399835326  1   2  1724
1700  4529   6.77362697242  16  0.117677244028   0.0888111885803  1   2  1699
1675  4402   6.80169494676  16  0.118354793322   0.0989940680833  1   3  1673
1650  4290   6.81722431488  17  0.117842536453     0.10273732117  1   3  1648
1625  4157   6.86541873029  17  0.116844228625    0.100563493788  1   3  1623
1600  4033   6.90797043581  17  0.116303088594    0.104361061731  1   3  1598
1575  3911   7.00196218309  17  0.115838228664   0.0946372552479  1   3  1573
1550  3801   7.03766897337  17   0.11783223416   0.0877009163351  1   3  1548
1525  3666   7.13079690044  17  0.121035138714   0.0734983199782  1   3  1523
1500  3536   7.21186312018  17  0.121763838848   0.0694072057892  1   4  1497
1475  3400   7.28880718841  16   0.12158716727   0.0639038367771  1   5  1471
1450  3279   7.39172809094  17  0.123061532854   0.0535757926273  1   6  1445
1425  3182   7.46229296964  17  0.122252303955   0.0596500438469  1   5  1421
1400  3077   7.52414495302  17  0.121246499419   0.0586989748484  1   6  1395
1375  2980   7.57681749586  17  0.122172592911   0.0594253039242  1   9  1367
1350  2879   7.64606913156  17  0.124303528147    0.061076874385  1  10  1340
1325  2776   7.69633370081  17  0.124030138642   0.0581038628531  1  12  1314
1300  2663   7.80718074196  17  0.120968830169    0.057918998831  1  13  1288
1275  2570   7.84674924159  17  0.120531807606   0.0602676620294  1  15  1261
1250  2472   7.95693259775  17  0.119678835481   0.0675797755704  1  17  1234
1225  2374   8.07097321056  19  0.120864778014   0.0700873263792  1  16  1210
1200  2275    8.2163131675  19  0.123406081098   0.0524886095946  1  18  1183
1175  2174   8.33443489755  19  0.118613159624   0.0553979946103  1  19  1157
1150  2079   8.46751873737  19  0.119513524301   0.0534727192735  1  21  1128
1125  1985   8.51643696293  20  0.120814379208   0.0505203839263  1  22  1102
1100  1888   8.69300420077  21  0.117186214302   0.0584304484261  1  24  1075
1075  1815    8.7432763372  21  0.116317011016   0.0598873011008  1  26  1047
1050  1725     8.957610894  21  0.117163362208   0.0636232917218  1  29  1019
1025  1647   9.04576063605  20  0.115781810036   0.0657340382884  1  30   992
1000  1560   9.26057446305  21  0.113736327001   0.0666037277833  1  32   965
 975  1481    9.3457230615  23  0.110095340612   0.0666288495514  1  39   929
 950  1398   9.57735849057  25  0.112324049117   0.0519455189483  1  41   901
 925  1350    9.7018769947  25  0.115678243775   0.0494358681812  1  44   872
 900  1291   9.84365123524  26  0.115230177582   0.0366007280699  1  47   842
 875  1225    10.006701738  28  0.110365176746   0.0319105023415  1  51   815
 850  1148   10.5881742437  28  0.103845222968   0.0386416890557  1  55   787
 825  1081   11.0514296693  28  0.100021815009   0.0208456910796  1  54   764
 800  1019   11.3544703259  28 0.0959644322845  0.00910173024625  1  58   731
 775   969   11.5019464473  28 0.0980620155039   0.0198342480854  1  64   688
 750   915   11.6842606857  30 0.0971631205674   0.0339549852286  1  66   658
 725   863   11.7122008584  30  0.101770050125   0.0382306889353  1  76   608
 700   793    12.100746454  32 0.0939637826962   0.0263046400039  1  89   568
 675   727   13.3611229356  35 0.0909370199693  0.00880010745879  1  98   527
 650   677   15.5363743517  41 0.0865818010372  -0.0173773962494  1  98   505
 625   624   16.7457518082  41 0.0901498929336  -0.0386566313369  1 107   467
 600   580   18.3315185857  46 0.0930521091811  -0.0848153214774  1 112   403
 575   531    19.473483066  46 0.0894222222222   -0.136458166693  1 120   375
 550   485   17.8837232781  47 0.0875886524823   -0.119390211659  1 129   282
 525   444   18.5384497549  48 0.0822916666667   -0.185964044203  1 133   256
 500   399   18.5887377964  48 0.0818055555556   -0.186942475529  1 144   240
 475   364   13.6642857143  34 0.0629399585921   -0.181533564664  1 150   161
 450   323   11.0748143918  27 0.0773462783172  -0.0825446898002  1 159   103
 425   291   10.7165621735  25 0.0791666666667  -0.0550314465409  1 160    88
 400   256   9.26799758016  21  0.103448275862         -0.109375  1 164    58
 375   227   5.16551724138  13             0.1   -0.177489177489  1 165    30
 350   205   5.33846153846  13 0.0320512820513   -0.267295597484  1 158    26
 325   171   4.14705882353  10             0.0   -0.316017316017  1 164    17
 300   148           4.125  10             0.0   -0.190476190476  1 159    16
 275   132           4.125  10             0.0   -0.190476190476  1 148    16
 250   106   2.37777777778   5            0.15   -0.178571428571  1 147    10
 225    80   3.05555555556   7             0.0   -0.333333333333  1 145     9
 200    66   2.39285714286   5             0.0   -0.484848484848  1 134     8
 175    54   2.39285714286   5             0.0   -0.484848484848  1 121     8
 150    39   2.38095238095   5             0.0   -0.333333333333  1 111     7
 125    28   2.38095238095   5             0.0   -0.333333333333  1  97     7
 100    19   2.13333333333   4             0.0   -0.666666666667  1  81     6
  75     6   1.66666666667   3             0.0              -0.5  1  69     4
  50     4   1.66666666667   3             0.0              -0.5  1  46     4
  25     0               0   0             0.0                na  0  25     1
   1     0               0   0             0.0                na  0   1     1
