# n  list(x)  list(y)
39   65   54   46   45   44   40   39   37   35   34   33   32   30   29   28   27   26   25   24   23   22   21   20   19   18   17   16   15   14   13   12   11   10    9    8    7    6    5    4    1    2    1    1    2    3    2    1    1    3    1    2    2    2    2    4    5    8    7    6    3   13    6    7   11   18   23   25   32   32   46   66   71  118  159  318 1334  158    4
38   65   54   45   44   39   38   37   35   34   33   32   30   29   28   27   26   25   24   23   22   21   20   19   18   17   16   15   14   13   12   11   10    9    8    7    6    5    4    1    2    1    3    2    1    3    1    2    1    3    1    3    2    3    5    8    6    8    2    8    8    9    8   20   22   21   34   33   46   61   64  118  157  303 1261  238    6
39   65   53   44   43   39   38   37   35   34   33   32   30   29   28   27   26   25   24   23   22   21   20   19   18   17   16   15   14   13   12   11   10    9    8    7    6    5    4    3    1    1    1    3    1    1    3    1    2    1    4    1    2    2    2    4   10    3    9    5    6    8    9    9   16   24   19   34   33   45   60   65  108  153  293 1190  307   13    1
38   65   52   43   39   38   37   36   34   32   31   30   29   28   27   26   25   24   23   22   21   20   19   18   17   16   15   14   13   12   11   10    9    8    7    6    5    4    3    1    1    4    1    1    1    2    3    2    1    1    2    2    2    4    7    6    6    7    6    7   12    7   15   22   19   30   38   41   50   70  105  144  282 1137  353   32    1
38   65   52   43   39   37   36   34   33   32   31   30   29   28   27   26   25   24   23   22   21   20   19   18   17   16   15   14   13   12   11   10    9    8    7    6    5    4    3    1    1    4    1    2    2    2    1    2    1    1    2    2    2    2    8    6    6    6    5    8   13    2   17   24   17   29   35   42   49   66  108  135  276 1074  393   54    1
39   65   52   43   41   39   37   36   34   33   32   31   30   29   28   27   26   25   24   23   22   21   20   19   18   17   16   15   14   13   12   11   10    9    8    7    6    5    4    3    1    1    3    1    1    2    2    2    1    1    1    2    2    2    2    1    9    5    6    7    4    6   12    6   15   24   14   31   36   40   48   61  106  129  273 1027  419   70    2
40   62   52   43   41   39   38   37   36   35   34   33   32   30   29   28   27   26   25   24   23   22   21   20   19   18   17   16   15   14   13   12   11   10    9    8    7    6    5    4    3    1    1    2    1    1    1    2    1    1    1    1    2    2    2    3    2    1    6    6    5    7    4    6   10    7   14   18   20   27   32   41   45   63   93  129  259  975  467   86    5
39   62   52   42   41   39   38   37   35   34   33   31   30   29   28   27   26   25   24   23   22   21   20   19   18   17   16   15   14   13   12   11   10    9    8    7    6    5    4    3    1    1    2    1    1    1    1    1    1    2    1    3    2    3    1    2    5    3    8    4    5    8   10    7   11   18   21   22   32   43   38   64   87  122  246  927  506  105    9
40   61   51   42   41   39   38   37   35   34   33   32   31   30   29   28   27   26   25   24   23   22   21   20   19   18   17   16   15   14   13   12   11   10    9    8    7    6    5    4    3    1    1    2    1    1    1    1    1    1    1    1    1    2    3    3    1    2    3    5    7    4    5    7   11    7   12   17   19   20   29   47   36   58   93  113  238  890  518  116   21
38   61   50   42   41   40   39   38   37   34   32   31   29   28   27   26   25   24   23   22   21   20   19   18   17   16   15   14   13   12   11   10    9    8    7    6    5    4    3    1    1    1    1    1    1    1    1    2    2    1    2    4    1    2    4    2    9    4    4    6   12    7   13   16   19   15   30   44   39   58   91  105  232  838  534  144   27
40   61   50   42   41   40   39   38   37   34   33   32   30   29   28   27   26   25   24   23   22   21   20   19   18   17   16   15   14   13   12   11   10    9    8    7    6    5    4    3    2    1    1    1    1    1    1    1    1    1    1    2    1    2    3    2    1    4    3    6    6    5    5   12    8   10   15   18   17   27   40   43   54   86   99  225  805  534  177   29    1
39   61   50   42   40   39   38   37   34   32   31   30   29   28   27   26   25   24   23   22   21   20   19   18   17   16   15   14   13   12   11   10    9    8    7    6    5    4    3    2    1    1    1    2    1    1    1    1    1    2    1    2    3    1    2    3    2    6    6    6    5   11    8   10   13   18   18   24   41   43   47   93   94  214  752  565  187   35    3
37   60   49   40   39   38   37   33   31   30   29   28   27   26   25   24   23   22   21   20   19   18   17   16   15   14   13   12   11   10    9    8    7    6    5    4    3    2    1    1    2    1    2    1    1    2    1    1    3    1    3    3    1    6    5    4    7    8   10   10   15   13   19   23   35   44   46   86   90  212  706  572  218   43    4
37   60   48   40   39   37   35   33   31   30   28   27   26   25   24   23   22   21   20   19   18   17   16   15   14   13   12   11   10    9    8    7    6    5    4    3    2    1    1    1    1    1    3    1    1    1    1    3    1    1    3    2    6    4    6    5    5    9   10   15   14   15   23   27   48   41   86   93  193  656  591  240   61    4    2
38   60   48   39   38   37   36   34   32   30   29   28   27   26   25   24   23   22   21   20   19   18   17   16   15   14   13   12   11   10    9    8    7    6    5    4    3    2    1    1    1    1    1    1    2    1    1    1    1    1    1    1    2    4    4    5    5    7    3    8   10   12   16   16   20   24   47   41   85   91  182  623  587  262   71    9    2
34   59   47   38   36   34   32   30   28   27   25   24   23   22   21   20   19   18   17   16   15   14   13   12   11   10    9    8    7    6    5    4    3    2    1    1    1    2    2    1    2    1    2    1    3    1    5    6    5    7    4    6    9   14   13   19   17   21   45   41   80   89  180  575  601  280   79   10    2
35   59   47   38   37   36   34   32   30   28   27   25   24   23   22   21   20   19   18   17   16   15   14   13   12   11   10    9    8    7    6    5    4    3    2    1    1    1    1    1    2    1    2    1    2    1    3    1    3    8    5    4    6    5    9   13   12   21   17   23   41   40   77   89  171  557  588  296   82   14    2
36   59   47   38   37   36   35   34   32   30   28   27   25   24   23   22   21   20   19   18   17   16   15   14   13   12   11   10    9    8    7    6    5    4    3    2    1    1    1    1    1    1    1    1    2    1    1    2    1    3    3    7    4    5    6    5    8   13   11   23   16   23   37   38   76   90  169  508  605  297   97   15    1
36   59   46   37   36   35   34   32   30   28   27   26   25   24   23   22   21   20   19   18   17   16   15   14   13   12   11   10    9    8    7    6    5    4    3    2    1    1    1    1    1    2    1    2    1    1    1    1    1    2    4    4    7    3    6    7    5   15   11   19   15   26   31   38   73   92  166  477  594  316  105   18    1
35   58   46   36   35   34   33   32   30   28   27   25   24   23   22   21   20   19   18   17   16   15   14   13   12   11   10    9    8    7    6    5    4    3    2    1    1    1    1    1    2    1    2    1    1    1    1    2    4    4    2    7    6    5    5   11   13   17   20   23   27   39   64   86  165  454  593  323  118   22    1
34   57   46   35   33   32   31   29   28   26   25   24   23   22   21   20   19   18   17   16   15   14   13   12   11   10    9    8    7    6    5    4    3    2    1    1    1    2    3    1    1    1    1    1    1    2    3    4    3    6    6    6    5   11   11   16   20   24   26   36   63   87  156  437  571  345  125   21    2
34   55   45   35   34   33   32   31   28   26   25   24   23   22   21   20   19   18   17   16   15   14   13   12   11   10    9    8    7    6    5    4    3    2    1    1    1    1    1    2    2    1    1    1    1    2    2    4    2    2    7    8    7    7   11   14   20   29   22   33   58   86  146  420  553  364  135   28    2
32   55   44   35   33   32   31   26   25   24   23   22   21   20   19   18   17   16   15   14   13   12   11   10    9    8    7    6    5    4    3    2    1    1    1    1    3    1    2    1    2    2    2    4    1    3    6    7    7    6   12   14   17   32   21   32   54   83  142  399  533  380  145   32    3
31   54   44   35   32   31   30   26   24   23   22   21   20   19   18   17   16   15   14   13   12   11   10    9    8    7    6    5    4    3    2    1    1    1    1    2    2    1    1    3    2    5    1    2    5    8    7    6    9   15   16   26   27   31   51   74  145  366  521  397  157   37    4
30   53   43   35   32   31   30   25   24   22   21   20   19   18   17   16   15   14   13   12   11   10    9    8    7    6    5    4    3    2    1    1    1    1    1    1    3    1    3    6    2    2    4    8    4    8    8   14   15   27   27   32   50   65  141  346  511  404  169   40    4
29   41   34   31   30   29   25   24   22   21   20   19   18   17   16   15   14   13   12   11   10    9    8    7    6    5    4    3    2    1    1    1    1    3    1    1    3    3    2    1    3    9    4    6    9   14   10   27   25   30   49   63  135  314  490  427  191   45    6
29   41   34   30   29   25   24   23   22   21   20   19   18   17   16   15   14   13   12   11   10    9    8    7    6    5    4    3    2    1    1    1    2    3    1    2    1    2    2    2    2    7    6    6    9   13   11   24   20   32   48   62  125  302  476  432  198   52    7
30   40   33   30   29   28   25   24   23   22   21   20   19   18   17   16   15   14   13   12   11   10    9    8    7    6    5    4    3    2    1    1    1    1    2    2    1    1    2    2    1    2    3    6    7    3    9   11   11   24   20   22   51   59  124  286  459  433  216   57    7
29   40   32   29   28   27   24   23   22   21   20   19   18   17   16   15   14   13   12   11   10    9    8    7    6    5    4    3    2    1    1    1    1    3    1    1    3    2    1    1    4    5    8    3    7   12   11   22   21   20   49   55  121  258  445  447  226   60   10
29   39   31   28   27   26   24   23   22   21   20   19   18   17   16   15   14   13   12   11   10    9    8    7    6    5    4    3    2    1    1    1    1    3    1    1    2    1    2    1    3    5    8    3    5   11   14   18   23   18   45   56  113  248  429  444  237   68   12
28   39   29   28   27   26   24   22   21   20   19   18   17   16   15   14   13   12   11   10    9    8    7    6    5    4    3    2    1    1    1    1    2    2    1    3    2    1    3    5    6    3    6   10   16   12   24   21   40   56  112  232  413  443  243   77   13
29   39   29   28   27   26   25   24   22   21   20   19   18   17   16   15   14   13   12   11   10    9    8    7    6    5    4    3    2    1    1    1    1    2    1    1    1    2    2    2    3    5    6    1    6   11   12   16   23   20   38   47  110  217  402  445  246   86   15
28   39   28   27   26   25   24   22   21   20   19   18   17   16   15   14   13   12   11   10    9    8    7    6    5    4    3    2    1    1    2    2    1    1    1    1    3    1    4    2    9    1    3   13   10   17   23   19   39   48   96  200  397  440  253   94   17
26   39   28   27   25   24   21   20   19   18   17   16   15   14   13   12   11   10    9    8    7    6    5    4    3    2    1    1    2    2    2    1    3    2    4    1    9    2    3   10   10   18   21   20   34   47   91  188  375  449  258  101   19
26   39   28   27   24   23   21   20   19   18   17   16   15   14   13   12   11   10    9    8    7    6    5    4    3    2    1    1    2    2    2    1    3    2    4    1    6    4    3    9    9   19   22   19   29   50   84  177  359  449  258  112   19
26   39   28   27   24   23   21   20   19   18   17   16   15   14   13   12   11   10    9    8    7    6    5    4    3    2    1    1    2    2    2    1    2    1    6    1    4    5    3   10    8   16   23   18   29   46   73  178  343  443  264  118   21
26   37   28   27   24   22   21   20   19   18   17   16   15   14   13   12   11   10    9    8    7    6    5    4    3    2    1    1    1    3    1    1    2    1    5    2    5    4    3   10    4   16   18   21   28   46   68  169  324  432  279  129   22
26   36   27   26   24   22   21   20   19   18   17   16   15   14   13   12   11   10    9    8    7    6    5    4    3    2    1    1    2    2    1    1    2    1    4    2    5    3    2    9    7   16   14   19   29   45   61  158  309  418  299  136   24
27   36   27   26   24   23   22   21   20   19   18   17   16   15   14   13   12   11   10    9    8    7    6    5    4    3    2    1    1    1    2    1    1    1    2    1    4    2    4    3    3    7    8   16   14   16   30   43   57  152  286  421  299  142   27
26   36   27   25   23   22   21   20   19   18   17   16   15   14   13   12   11   10    9    8    7    6    5    4    3    2    1    1    1    1    2    1    1    2    4    2    3    4    3    5    8   12   12   22   23   44   58  138  270  418  290  160   34
25   35   26   25   23   22   20   19   18   17   16   15   14   13   12   11   10    9    8    7    6    5    4    3    2    1    1    1    1    2    1    2    3    3    3    4    3    5    8    9   14   21   21   43   57  123  254  413  296  165   41
24   32   26   25   22   20   19   18   17   16   15   14   13   12   11   10    9    8    7    6    5    4    3    2    1    1    1    1    3    1    4    3    3    3    3    5    8    7   13   23   20   39   56  117  242  398  305  167   45
24   31   25   24   22   20   19   18   17   16   15   14   13   12   11   10    9    8    7    6    5    4    3    2    1    1    1    1    3    1    3    4    2    4    2    6    7    5   13   23   19   38   53  100  233  389  309  181   45
24   31   25   24   22   20   19   18   17   16   15   14   13   12   11   10    9    8    7    6    5    4    3    2    1    1    1    1    3    1    1    5    2    4    1    6    6    7    7   28   17   33   50   95  214  384  307  190   53
23   31   24   22   21   19   18   17   16   15   14   13   12   11   10    9    8    7    6    5    4    3    2    1    1    2    2    1    2    2    5    3    2    5    6    7    6   26   16   31   41   92  193  385  316  187   59
24   31   24   23   22   21   19   18   17   16   15   14   13   12   11   10    9    8    7    6    5    4    3    2    1    1    1    1    1    2    2    1    5    3    3    4    6    5    6   21   17   27   43   86  189  353  325  199   64
23   31   24   22   21   20   19   17   16   15   14   13   12   11   10    9    8    7    6    5    4    3    2    1    1    1    1    1    1    3    5    2    3    5    3    7    5   21   14   31   35   88  168  338  333  197   77
23   31   24   21   20   19   18   17   16   15   14   13   12   11   10    9    8    7    6    5    4    3    2    1    1    1    1    2    2    1    3    2    5    3    5    6    6   16   17   30   31   79  158  334  332  202   77
21   31   22   20   19   17   16   15   14   13   12   11   10    9    8    7    6    5    4    3    2    1    1    1    2    3    2    2    6    2    5    6    4   15   17   31   31   72  143  330  327  203   87
21   31   21   20   19   17   16   15   14   13   12   11   10    9    8    7    6    5    4    3    2    1    1    1    2    2    2    3    5    3    5    6    4   13   14   29   35   61  135  319  325  205   95
21   29   21   20   19   17   16   15   14   13   12   11   10    9    8    7    6    5    4    3    2    1    1    1    1    3    2    3    5    3    5    4    6   11   14   26   37   55  125  303  327  205  100
20   28   20   19   17   16   15   14   13   12   11   10    9    8    7    6    5    4    3    2    1    1    1    3    3    1    2    6    4    5    6   10   13   22   32   52  116  291  322  213  107
20   28   20   19   17   16   15   14   13   12   11   10    9    8    7    6    5    4    3    2    1    1    1    3    2    2    2    3    4    7    7    9   10   23   31   48  109  267  329  216  105
21   26   20   19   18   17   16   15   14   13   12   11   10    9    8    7    6    5    4    3    2    1    1    1    1    1    2    2    2    3    2    8    6    8   11   20   27   47  100  249  312  231  115
21   25   20   19   18   17   16   15   14   13   12   11   10    9    8    7    6    5    4    3    2    1    1    1    1    1    2    1    3    3    1    8    6    9    9   19   22   41   95  237  293  245  119
20   20   19   18   17   16   15   14   13   12   11   10    9    8    7    6    5    4    3    2    1    1    1    1    1    2    3    2    1    8    4   10    8   20   16   46   80  223  288  251  120
18   19   18   17   16   15   14   12   11   10    9    8    7    6    5    4    3    2    1    1    1    1    2    1    4    8    4    8   10   19   17   42   73  206  274  255  131
19   19   18   17   16   15   14   13   12   11   10    9    8    7    6    5    4    3    2    1    1    1    1    1    1    1    4    8    4    4   12   16   20   38   68  192  259  260  140
17   18   17   16   15   13   12   11   10    9    8    7    6    5    4    3    2    1    1    2    1    1    3    7    5    3   12   14   21   37   61  178  247  261  140
16   17   16   15   13   12   11   10    9    8    7    6    5    4    3    2    1    2    2    1    2    6    6    2   13   11   22   32   60  166  238  257  142
17   17   16   15   14   13   12   11   10    9    8    7    6    5    4    3    2    1    1    1    2    1    1    5    5    4   10    9   22   27   56  160  226  247  155
15   15   14   13   12   11   10    9    8    7    6    5    4    3    2    1    2    2    2    3    7    3    9    9   23   23   52  147  226  241  153
15   15   14   13   12   11   10    9    8    7    6    5    4    3    2    1    1    2    2    2    7    3    7   10   21   22   51  136  222  235  155
15   15   14   13   12   11   10    9    8    7    6    5    4    3    2    1    1    2    1    3    6    4    4    9   21   22   48  120  221  226  160
14   15   14   12   11   10    9    8    7    6    5    4    3    2    1    1    2    3    4    4    5    7   17   28   41  108  208  228  162
14   15   14   12   11   10    9    8    7    6    5    4    3    2    1    1    2    2    5    1    7    5   14   28   39   96  198  224  160
14   15   14   12   11   10    9    8    7    6    5    4    3    2    1    1    2    1    4    3    6    5   13   27   34   91  183  220  151
14   14   13   12   11   10    9    8    7    6    5    4    3    2    1    1    2    1    2    4    5    7   10   27   28   88  172  215  147
13   13   12   11   10    9    8    7    6    5    4    3    2    1    2    2    2    4    3    6   11   21   29   87  154  209  149
13   13   12   11   10    9    8    7    6    5    4    3    2    1    2    1    2    5    3    3   12   18   29   82  141  206  135
12   13   11   10    9    8    7    6    5    4    3    2    1    2    2    4    3    4   11   18   24   72  137  193  129
12   13   11   10    9    8    7    6    5    4    3    2    1    2    2    2    4    4    9   15   27   68  125  181  129
12   13   11   10    9    8    7    6    5    4    3    2    1    2    1    1    4    5    5   16   17   56  113  166  116
13   13   12   11   10    9    8    7    6    5    4    3    2    1    1    1    1    1    3    5    2   17   17   46   96  160  116
10   12    9    8    7    6    5    4    3    2    1    2    4    4    2   10   17   37   87  156  112
10   11    9    8    7    6    5    4    3    2    1    1    2    5    2    8   16   31   75  141  108
10   11    9    8    7    6    5    4    3    2    1    1    2    2    2    8   13   24   66  123   98
 9    9    8    7    6    5    4    3    2    1    2    2    3    5   12   19   64  102   85
 9    9    8    7    6    5    4    3    2    1    1    2    3    4    7   17   49   80   72
 8    9    7    6    5    4    3    2    1    1    4    3    7   13   43   82   65
 8    9    7    6    5    4    3    2    1    1    1    2    7    9   36   66   51
 6    9    5    4    3    2    1    1    9    7   27   56   43
 5    5    4    3    2    1    5    7   11   28   28
 5    5    4    3    2    1    3    3    8   17   17
 5    5    4    3    2    1    2    4    7   16   15
 5    5    4    3    2    1    2    2    6    8   12
 4    4    3    2    1    1    4    7    8
 4    7    3    2    1    1    4    5    7
 4    7    3    2    1    1    4    5    7
 4    7    3    2    1    1    4    5    7
 4    7    3    2    1    1    3    5    6
 4    7    3    2    1    1    3    5    6
 4    6    3    2    1    1    3    4    5
 4    4    3    2    1    1    1    3    5
 4    4    3    2    1    1    1    2    5
 3    3    2    1    1    2    3
 2    2    1    1    2
 2    2    1    1    2
