# n  list(x)  list(y)
19    4    5    6    7    8    9   10   11   12   13   14   15   16   17   18   19   20   21   22    4  104  562  600  474  302  190  106   72   38   18    9    7    4    5    2    1    1    1
19    4    5    6    7    8    9   10   11   12   13   14   15   16   17   18   19   20   21   22    8  132  556  593  464  293  177  104   65   39   14   11    5    4    6    1    1    1    1
18    4    5    6    7    8    9   10   11   12   13   14   15   16   17   18   19   21   22   13  164  558  574  460  281  163  105   59   31   14    9    6    3    6    2    1    1
19    3    4    5    6    7    8    9   10   11   12   13   14   15   16   17   18   19   20   21    2   18  195  560  561  438  260  168  101   54   28   12   11    4    6    4    1    1    1
19    3    4    5    6    7    8    9   10   11   12   13   14   15   16   17   18   19   20   21    2   26  216  572  546  415  256  150   99   52   27   12   10    4    6    4    1    1    1
19    3    4    5    6    7    8    9   10   11   12   13   14   15   16   17   18   19   20   21    2   28  249  572  535  402  249  134   95   49   26    9    8    5    6    3    1    1    1
19    3    4    5    6    7    8    9   10   11   12   13   14   15   16   17   18   19   20   21    5   37  267  567  531  394  225  135   89   43   23    9   11    4    5    2    1    1    1
18    3    4    5    6    7    8    9   10   11   12   13   14   15   16   17   18   20   21    6   49  292  555  518  382  220  124   84   39   25   12    6    4    4    3    1    1
18    3    4    5    6    7    8    9   10   11   12   13   14   15   16   17   18   20   21    7   66  315  546  496  371  213  115   79   39   22   15    4    4    3    3    1    1
17    3    4    5    6    7    8    9   10   11   12   13   14   15   16   17   18   21    8   81  336  529  482  356  209  112   78   36   18   14    4    6    2    3    1
17    3    4    5    6    7    8    9   10   11   12   13   14   15   16   17   18   21   12   95  344  530  456  344  207  112   73   33   16   14    5    4    2    2    1
17    3    4    5    6    7    8    9   10   11   12   13   14   15   16   17   18   20   19  111  345  538  442  325  197  113   64   31   16   12    5    2    2    2    1
18    2    3    4    5    6    7    8    9   10   11   12   13   14   15   16   17   18   20    1   24  126  356  522  440  312  190  102   61   29   14   13    3    2    2    2    1
18    2    3    4    5    6    7    8    9   10   11   12   13   14   15   16   17   18   20    4   25  141  367  500  438  300  184   93   60   29   13   11    4    2    1    2    1
18    2    3    4    5    6    7    8    9   10   11   12   13   14   15   16   17   18   19    5   29  152  378  506  423  281  172   91   55   26   14    9    3    2    1    2    1
18    2    3    4    5    6    7    8    9   10   11   12   13   14   15   16   17   18   19    8   38  158  394  488  413  271  162   89   52   21   14    8    4    1    2    1    1
18    2    3    4    5    6    7    8    9   10   11   12   13   14   15   16   17   18   19   10   39  173  398  495  390  261  157   80   48   19   15    7    3    2    1    1    1
18    2    3    4    5    6    7    8    9   10   11   12   13   14   15   16   17   18   19   15   45  171  411  493  378  252  141   80   44   16   14    7    3    2    1    1    1
18    1    2    3    4    5    6    7    8    9   10   11   12   13   14   15   16   17   19    1   19   50  186  414  483  364  247  131   73   41   15   13    7    2    2    1    1
18    1    2    3    4    5    6    7    8    9   10   11   12   13   14   15   16   17   18    1   22   61  193  420  475  344  236  126   70   38   14   13    7    2    1    1    1
18    1    2    3    4    5    6    7    8    9   10   11   12   13   14   15   16   17   18    2   26   67  207  429  464  328  231  114   64   35   16    7    6    1    1    1    1
17    1    2    3    4    5    6    7    8    9   10   11   12   13   14   15   16   17    3   32   71  219  426  460  318  218  105   60   34   15    4    6    1    1    2
17    1    2    3    4    5    6    7    8    9   10   11   12   13   14   15   16   17    5   31   81  236  431  442  307  200  102   58   30   15    3    5    1    1    2
16    1    2    3    4    5    6    7    8    9   10   11   12   13   14   15   17    5   33   91  246  430  428  304  187   95   53   27   14    4    4    2    2
16    1    2    3    4    5    6    7    8    9   10   11   12   13   14   15   17    7   36   94  260  435  404  300  176   89   52   23   11    6    2    3    1
16    1    2    3    4    5    6    7    8    9   10   11   12   13   14   15   17    7   39  101  276  432  398  278  165   89   50   18    9    6    3    2    1
16    1    2    3    4    5    6    7    8    9   10   11   12   13   14   15   17    8   42  114  283  435  384  266  150   84   48   16    8    5    4    1    1
15    1    2    3    4    5    6    7    8    9   10   11   12   13   14   15    9   43  118  286  445  372  246  146   83   42   16    7    7    2    2
15    1    2    3    4    5    6    7    8    9   10   11   12   13   14   15   12   43  131  291  433  357  250  133   81   38   14    7    5    2    2
15    1    2    3    4    5    6    7    8    9   10   11   12   13   14   15   13   44  140  302  414  348  240  135   75   35   13    6    5    2    2
15    1    2    3    4    5    6    7    8    9   10   11   12   13   14   15   12   50  150  304  422  323  226  127   75   34   11    6    5    3    1
15    1    2    3    4    5    6    7    8    9   10   11   12   13   14   15   12   52  168  308  413  307  221  123   65   29   13    4    5    3    1
15    1    2    3    4    5    6    7    8    9   10   11   12   13   14   15   12   60  174  320  395  292  215  120   59   28   11    4    5    3    1
15    1    2    3    4    5    6    7    8    9   10   11   12   13   14   15   16   67  169  332  399  274  204  114   51   27    9    4    5    2    1
15    1    2    3    4    5    6    7    8    9   10   11   12   13   14   15   18   71  177  330  398  263  201   98   50   22   10    3    5    2    1
14    1    2    3    4    5    6    7    8    9   10   11   12   13   14   24   74  191  331  387  256  191   85   44   21    9    3    6    2
13    1    2    3    4    5    6    7    8    9   10   11   12   13   27   86  200  313  388  248  178   82   39   18    9    3    7
13    1    2    3    4    5    6    7    8    9   10   11   12   13   31   94  203  332  363  239  160   79   40   13   10    2    7
13    1    2    3    4    5    6    7    8    9   10   11   12   13   35   98  211  340  350  219  157   69   38   10   11    4    4
13    1    2    3    4    5    6    7    8    9   10   11   12   13   39  104  217  336  340  209  144   71   32   10    9    5    3
13    1    2    3    4    5    6    7    8    9   10   11   12   13   44  114  217  326  336  203  131   70   29    7    9    6    2
13    1    2    3    4    5    6    7    8    9   10   11   12   13   45  121  226  315  332  198  120   60   31    7    8    4    2
13    1    2    3    4    5    6    7    8    9   10   11   12   13   48  129  235  304  330  192  100   57   28    7    7    4    2
13    1    2    3    4    5    6    7    8    9   10   11   12   13   46  135  244  306  315  180   96   50   27    5    8    3    2
13    1    2    3    4    5    6    7    8    9   10   11   12   13   47  137  243  310  296  179   90   50   21    6    7    3    2
13    1    2    3    4    5    6    7    8    9   10   11   12   13   51  141  247  307  291  164   88   43   19    3    8    2    2
13    1    2    3    4    5    6    7    8    9   10   11   12   13   54  143  249  312  277  153   87   35   16    5    6    3    1
12    1    2    3    4    5    6    7    8    9   10   11   12   61  148  245  321  259  146   73   36   13    5    5    3
12    1    2    3    4    5    6    7    8    9   10   11   12   63  154  253  314  244  139   64   34   11    5    5    3
12    1    2    3    4    5    6    7    8    9   10   11   12   64  160  262  300  235  131   53   35    9    4    5    3
12    1    2    3    4    5    6    7    8    9   10   11   12   62  163  262  306  215  125   52   28   10    2    7    1
11    1    2    3    4    5    6    7    8    9   10   11   59  172  265  305  193  119   49   27    7    3    5
11    1    2    3    4    5    6    7    8    9   10   11   63  181  262  290  187  111   46   24    5    3    5
11    1    2    3    4    5    6    7    8    9   10   11   72  177  266  280  178  105   40   22    4    4    4
11    1    2    3    4    5    6    7    8    9   10   11   78  189  259  265  176   92   38   17    5    3    4
11    1    2    3    4    5    6    7    8    9   10   11   79  198  252  257  165   85   35   17    3    5    2
11    1    2    3    4    5    6    7    8    9   10   11   88  199  248  244  161   72   33   18    3    5    1
11    1    2    3    4    5    6    7    8    9   10   11   95  197  249  237  152   58   32   17    3    5    1
11    1    2    3    4    5    6    7    8    9   10   11  106  194  246  232  141   51   30   15    4    4    1
11    1    2    3    4    5    6    7    8    9   10   11  110  191  253  212  134   49   26   13    4    4    1
11    1    2    3    4    5    6    7    8    9   10   11  105  201  252  196  123   42   26   11    5    3    1
11    1    2    3    4    5    6    7    8    9   10   11  115  192  255  183  114   41   24    7    5    3    1
11    1    2    3    4    5    6    7    8    9   10   11  117  193  261  172   95   38   21    8    1    3    1
11    1    2    3    4    5    6    7    8    9   10   11  118  201  248  173   77   39   15    7    3    1    1
11    1    2    3    4    5    6    7    8    9   10   11  116  200  254  154   74   36   10    7    3    1    1
10    1    2    3    4    5    6    7    8    9   10  118  207  235  145   69   32    7    7    3    2
10    1    2    3    4    5    6    7    8    9   10  119  201  226  140   61   28    8    7    2    2
10    1    2    3    4    5    6    7    8    9   10  127  200  218  125   55   22    8    7    2    2
10    1    2    3    4    5    6    7    8    9   10  135  186  214  116   54   15    8    6    1    2
10    1    2    3    4    5    6    7    8    9   10  130  188  202  107   50   16    7    4    1    2
10    1    2    3    4    5    6    7    8    9   10  124  185  187  100   44   16    5    4    2    1
 9    1    2    3    4    5    6    7    8    9  123  191  175   94   38   11    6    3    2
 9    1    2    3    4    5    6    7    8    9  120  184  166   91   27    9    6    1    1
 8    1    2    3    4    5    6    7    9  119  171  160   77   27    7    5    1
 8    1    2    3    4    5    6    7    9  119  164  148   66   22    9    2    1
 8    1    2    3    4    5    6    7    9  113  162  133   59   19    6    2    1
 8    1    2    3    4    5    6    7    9  109  158  121   53   18    5    1    1
 8    1    2    3    4    5    6    7    9  107  159  101   46   10    5    1    1
 7    1    2    3    4    5    6    7  103  151   91   38    7    5    1
 6    1    2    3    4    5    6   96  141   83   31    7    5
 6    1    2    3    4    5    6   93  130   81   28    6    5
 6    1    2    3    4    5    6   92  115   76   22    6    3
 6    1    2    3    4    5    6   56   65   43   15    5    1
 6    1    2    3    4    5    6   50   61   43   13    3    1
 5    1    2    3    4    5   19   37   16    6    1
 5    1    2    3    4    5   17   19   14    4    3
 5    1    2    3    4    5   16   18   10    4    2
 5    1    2    3    4    5   17   16    9    4    2
 5    1    2    3    4    5   11   12    8    1    1
 3    1    2    3    4    2    4
 3    1    2    3    4    2    4
 3    1    2    3    3    3    3
 3    1    2    3    3    4    1
 3    1    2    3    3    2    1
 3    1    2    3    3    2    1
 2    1    2    2    2
 2    1    2    2    1
 2    1    2    2    1
