# n  list(x)  list(y)
39   65   54   46   45   44   40   39   37   35   34   33   32   30   29   28   27   26   25   24   23   22   21   20   19   18   17   16   15   14   13   12   11   10    9    8    7    6    5    4    1    2    1    1    2    3    2    1    1    3    1    2    2    2    2    4    5    8    7    6    3   13    6    7   11   18   23   25   32   32   46   66   71  118  159  318 1334  158    4
41   65   54   53   45   44   43   40   39   38   37   34   33   32   31   30   29   28   27   26   25   24   23   22   21   20   19   18   17   16   15   14   13   12   11   10    9    8    7    6    5    4    1    1    1    1    2    1    2    1    1    2    2    1    1    2    1    1    2    3    6    7    7    7    4   12    4    4   12   16   22   27   33   28   46   67   67  107  154  310 1252  245   12
41   65   54   53   45   44   43   40   38   37   34   33   32   31   30   29   28   27   26   25   24   23   22   21   20   19   18   17   16   15   14   13   12   11   10    9    8    7    6    5    4    3    1    1    1    1    1    2    2    1    3    1    2    1    1    1    2    2    3    4    9    6    8    3   11    6    4   10   14   23   24   32   28   43   69   69  100  148  292 1199  292   29    1
42   64   53   52   45   44   43   42   40   38   36   35   34   33   31   30   29   28   27   26   25   24   23   22   21   20   19   18   17   16   15   14   13   12   11   10    9    8    7    6    5    4    3    1    1    1    1    1    1    1    2    1    2    1    1    2    1    2    2    2    1    5    8    8    7    1   12    7    3   12   11   23   21   34   25   45   62   72   92  146  282 1135  346   41    3
41   64   53   51   44   43   42   40   37   36   35   34   33   31   30   29   28   27   26   25   24   23   22   21   20   19   18   17   16   15   14   13   12   11   10    9    8    7    6    5    4    3    1    1    1    2    1    1    2    1    2    1    1    1    2    2    2    2    1    4    7    8    7    2    9    8    5   10   13   19   20   30   27   41   62   68   92  142  278 1061  404   56    3
41   63   53   51   44   43   42   40   39   37   36   35   33   31   30   29   28   27   26   25   24   23   22   21   20   19   18   17   16   15   14   13   12   11   10    9    8    7    6    5    4    3    1    1    1    1    2    1    1    1    1    2    1    2    1    3    1    3    1    2    8    7    6    3    4   13    3    9   12   17   22   30   26   39   61   69   87  135  265 1004  443   80    6
41   63   53   51   43   42   41   39   38   37   36   35   33   31   30   29   28   27   26   25   24   23   22   21   20   19   18   17   16   15   14   13   12   11   10    9    8    7    6    5    4    3    1    1    1    2    1    1    1    1    1    1    2    2    1    1    2    2    3    2    5    5   10    2    5    9    7    8   11   15   18   29   29   31   60   71   82  128  257  949  482   97   14
39   63   52   51   42   41   38   37   35   34   33   31   30   29   28   27   26   25   24   23   22   21   20   19   18   17   16   15   14   13   12   11   10    9    8    7    6    5    4    3    1    1    1    3    1    1    2    2    1    2    1    1    2    1    3    3    4    6    8    4    3    7    9    9   10   16   18   24   29   32   58   71   84  115  249  904  509  114   16
38   62   51   50   42   41   38   37   35   34   33   31   29   28   27   26   25   24   23   22   21   20   19   18   17   16   15   14   13   12   11   10    9    8    7    6    5    4    3    1    1    1    2    2    1    2    2    1    1    2    2    2    3    3    3    7    8    3    4    4   11   10    9   15   17   23   27   34   56   65   91  105  239  856  532  131   24
41   61   51   50   42   41   38   37   36   35   33   32   31   30   29   28   27   26   25   24   23   22   21   20   19   18   17   16   15   14   13   12   11   10    9    8    7    6    5    4    3    2    1    1    1    1    2    1    1    1    2    1    1    1    1    1    1    4    3    3    7    9    3    3    5    9   11    8   16   16   17   31   30   57   61   89   96  231  811  556  153   28    1
38   60   51   50   42   41   38   36   35   33   31   30   28   27   26   25   24   23   22   21   20   19   18   17   16   15   14   13   12   11   10    9    8    7    6    5    4    3    2    1    1    1    1    2    1    1    3    1    1    2    2    4    1    4    7    9    4    3    5    9   11    5   14   19   15   29   30   50   66   82   96  222  765  562  183   36    2
37   60   51   50   41   37   35   34   33   31   30   29   28   27   25   24   23   22   21   20   19   18   17   16   15   14   13   12   11   10    9    8    7    6    5    4    3    2    1    1    1    3    1    2    2    1    1    1    1    2    3    2    6   12    1    6    3    8    8   10   10   16   16   34   27   47   67   77   96  212  718  585  197   42    5
37   59   51   50   41   40   37   34   32   31   29   28   27   26   25   24   23   22   21   20   19   18   17   16   15   14   13   12   11   10    9    8    7    6    5    4    3    2    1    1    1    1    2    1    3    1    1    2    1    2    2    1    5    7    7    4    4    8    7   11    9   12   17   34   25   45   61   75   94  208  681  584  225   50    7
37   59   50   49   40   37   34   33   32   31   29   28   27   26   25   24   23   22   21   20   19   18   17   16   15   14   13   12   11   10    9    8    7    6    5    4    3    2    1    1    1    3    1    2    1    1    1    2    1    1    3    1    5    6    5    6    5    6    6   12    8   12   16   35   23   42   59   75   95  199  637  594  242   60    7
35   58   49   48   40   34   33   32   31   29   28   26   25   24   23   22   21   20   19   18   17   16   15   14   13   12   11   10    9    8    7    6    5    4    3    2    1    1    1    3    1    2    1    2    1    2    3    1    4    5    6    7    5    6    5   10    9   10   16   30   26   38   59   75   93  196  592  597  263   71    8
33   58   47   40   34   33   32   31   30   28   26   24   23   22   21   20   19   18   17   16   15   14   13   12   11   10    9    8    7    6    5    4    3    2    1    2    3    1    1    1    1    2    3    2    3    5    6    5    7    6    3   12    9   10   15   23   24   41   59   67   94  185  574  586  272   92   10
34   58   47   46   40   34   33   31   30   29   28   26   24   23   22   21   20   19   18   17   16   15   14   13   12   11   10    9    8    7    6    5    4    3    2    1    1    1    3    1    1    1    2    1    3    1    3    5    5    4    8    5    4    9   12    9   16   22   23   36   56   67   91  175  541  588  286  100   19
34   57   45   44   39   33   32   31   30   28   27   25   24   23   22   21   20   19   18   17   16   15   14   13   12   11   10    9    8    7    6    5    4    3    2    1    1    1    2    1    1    1    2    2    2    1    2    6    5    3    4    5    7    6   15    6   13   22   26   33   49   63   94  162  507  581  317  110   24
33   55   44   39   38   31   30   28   27   25   24   23   22   21   20   19   18   17   16   15   14   13   12   11   10    9    8    7    6    5    4    3    2    1    1    2    1    1    3    2    2    2    1    2    5    5    3    4    6    6    6   13    8   12   20   25   36   45   61   93  145  499  566  335  113   26    1
34   55   44   43   38   31   30   28   27   26   25   24   23   22   21   20   19   18   17   16   15   14   13   12   11   10    9    8    7    6    5    4    3    2    1    1    1    1    2    2    3    1    2    1    1    2    3    5    4    3    5    6    5   13   10   10   21   24   33   45   59   87  141  469  560  351  125   28    1
31   55   42   37   31   30   27   26   24   23   22   21   20   19   18   17   16   15   14   13   12   11   10    9    8    7    6    5    4    3    2    1    1    2    1    2    3    2    2    3    2    4    3    3    4    5    5   12   11   10   19   25   31   46   53   84  136  428  561  367  137   36    2
33   53   42   36   31   30   29   27   26   25   24   23   22   21   20   19   18   17   16   15   14   13   12   11   10    9    8    7    6    5    4    3    2    1    1    2    1    2    2    1    1    2    1    2    3    2    4    3    4    5    5    9   11    8   23   20   26   49   54   70  140  398  565  373  146   39    3
34   52   42   39   36   31   30   29   27   26   25   24   23   22   21   20   19   18   17   16   15   14   13   12   11   10    9    8    7    6    5    4    3    2    1    1    1    1    1    2    1    2    1    1    2    1    4    2    4    2    3    6    4    8   11    9   19   24   21   47   57   67  137  369  556  384  158   40    4
35   52   40   39   36   31   30   29   28   27   26   25   24   23   22   21   20   19   18   17   16   15   14   13   12   11   10    9    8    7    6    5    4    3    2    1    1    1    1    1    2    1    1    1    1    1    1    1    5    2    4    2    2    4    6    8    7   10   20   23   19   44   53   71  132  339  541  400  169   47    4
33   52   40   38   36   31   30   29   28   27   26   24   23   22   21   20   18   17   16   15   14   13   12   11   10    9    8    7    6    5    4    3    2    1    1    1    1    1    1    1    1    2    1    1    1    6    1    3    3    4    5   10    9    9   16   25   19   40   52   71  124  317  537  401  181   50    5
34   52   40   37   36   31   30   29   28   26   25   24   23   22   21   20   19   18   17   16   15   14   13   12   11   10    9    8    7    6    5    4    3    2    1    1    1    1    1    1    1    1    1    2    1    1    3    4    1    4    1    2    6    9    9    8   15   26   18   36   45   74  119  297  535  400  190   55    6
32   52   40   37   36   31   29   28   26   24   23   22   21   20   19   18   17   16   15   14   13   12   11   10    9    8    7    6    5    4    3    2    1    1    1    1    1    1    1    2    2    2    2    3    3    2    3    2    2   13    7   10   12   21   21   33   40   74  113  285  522  396  207   60    7
32   52   38   37   35   30   29   28   26   24   23   22   21   20   19   18   17   16   15   14   13   12   11   10    9    8    7    6    5    4    3    2    1    1    1    1    1    1    1    2    1    1    3    3    1    2    4    2    3    8    9    9   13   18   22   31   39   69  114  258  503  404  223   69    7
30   52   38   37   35   30   28   26   24   23   22   21   19   18   17   16   15   14   13   12   11   10    9    8    7    6    5    4    3    2    1    1    1    1    1    1    3    1    1    3    3    1    5    2    2   10    8   10    9   17   22   28   41   67  106  248  481  409  230   80    6
30   51   38   36   34   30   27   26   24   23   22   21   19   18   17   16   15   14   13   12   11   10    9    8    7    6    5    4    3    2    1    1    1    1    1    1    2    2    1    2    3    2    4    2    3    8    6   11   10   16   20   27   36   70  101  245  445  422  232   88   10
30   51   38   35   34   30   27   26   23   22   21   20   19   18   17   16   15   14   13   12   11   10    9    8    7    6    5    4    3    2    1    1    1    1    1    1    1    3    1    4    1    1    1    4    4    7    7    8    7   18   17   25   28   70   98  228  430  435  235   97   12
29   51   38   34   33   30   26   25   22   21   20   19   18   17   16   15   14   13   12   11   10    9    8    7    6    5    4    3    2    1    1    1    1    1    1    3    1    4    1    1    2    4    3    8    6    6    7   15   19   23   29   66   93  215  417  434  241  103   17
27   50   37   33   29   26   25   22   21   20   18   17   16   15   14   13   12   11   10    9    8    7    6    5    4    3    2    1    1    1    2    1    1    3    3    1    2    5    4    7    6    7    7   14   16   26   24   66   89  209  394  437  246  108   18
27   48   37   33   28   25   24   22   20   19   18   17   16   15   14   13   12   11   10    9    8    7    6    5    4    3    2    1    1    1    2    1    3    1    3    2    1    5    3    7    5    5    8   13   15   26   25   58   91  197  370  430  263  117   19
27   47   37   33   27   25   24   22   20   19   18   17   16   15   14   13   12   11   10    9    8    7    6    5    4    3    2    1    1    1    2    1    3    1    3    2    1    4    2    5    7    5    6   11   14   28   23   53   90  184  361  411  277  130   21
28   47   36   33   27   25   24   23   22   21   20   18   17   16   15   14   13   12   11   10    9    8    7    6    5    4    3    2    1    1    1    2    1    1    2    1    2    1    2    4    2    5    8    5    6    9   14   27   20   48   88  175  343  407  292  132   22
27   46   36   33   27   25   23   22   21   19   18   17   16   15   14   13   12   11   10    9    8    7    6    5    4    3    2    1    1    1    2    1    1    2    3    1    1    5    2    5    7    6    3    9   12   25   22   44   81  161  330  398  302  148   23
26   46   33   32   26   24   23   22   21   19   18   16   15   14   13   12   11   10    9    8    7    6    5    4    3    2    1    1    1    1    1    1    1    3    1    1    5    5    8    5    2    8   11   25   24   42   71  152  318  380  312  157   34
28   46   33   31   26   24   23   22   21   20   19   18   17   16   15   14   13   12   11   10    9    8    7    6    5    4    3    2    1    1    1    1    1    1    1    2    1    1    1    3    2    4    8    6    2    8   11   19   26   39   71  137  301  369  324  165   38
27   45   31   25   24   23   22   21   20   19   18   17   16   15   14   13   12   11   10    9    8    7    6    5    4    3    2    1    1    2    1    1    1    2    1    1    1    2    3    4    6    8    2    6   10   20   22   38   68  131  271  385  317  173   42
25   44   31   25   23   22   21   19   18   17   16   15   14   13   12   11   10    9    8    7    6    5    4    3    2    1    1    1    1    1    3    1    1    2    3    4    5    6    4    5    7   22   17   42   58  119  254  393  314  187   43
24   43   29   24   23   22   21   18   17   16   15   14   13   12   11   10    9    8    7    6    5    4    3    2    1    1    1    1    1    2    2    3    2    4    6    5    4    5    6   19   18   38   58  115  238  390  321  187   42
24   43   27   23   22   21   20   18   17   16   15   14   13   12   11   10    9    8    7    6    5    4    3    2    1    1    1    2    2    1    1    3    1    5    4    6    5    5    6   18   15   37   51  111  234  374  321  194   44
25   43   27   23   22   21   20   19   18   17   16   15   14   13   12   11   10    9    8    7    6    5    4    3    2    1    1    1    1    2    1    1    1    2    1    6    3    6    4    5    8   13   18   33   48  102  226  357  332  197   49
23   42   27   23   22   21   19   18   16   15   14   13   12   11   10    9    8    7    6    5    4    3    2    1    1    1    1    1    2    2    2    6    3    6    5    5    5   12   19   30   40   97  217  354  328  201   53
22   41   26   23   22   21   18   16   15   14   13   12   11   10    9    8    7    6    5    4    3    2    1    1    1    1    1    2    4    5    3    5    6    5    2   10   17   32   38   90  201  346  322  213   57
23   40   26   22   21   20   18   17   16   15   14   13   12   11   10    9    8    7    6    5    4    3    2    1    1    1    2    1    1    2    2    5    2    6    4    6    3    9   16   30   40   79  201  325  317  222   60
23   36   25   22   21   20   18   17   16   15   14   13   12   11   10    9    8    7    6    5    4    3    2    1    1    1    1    1    2    2    1    3    5    5    4    5    5    6   15   32   38   72  192  314  314  224   66
24   35   24   22   21   20   19   18   17   16   15   14   13   12   11   10    9    8    7    6    5    4    3    2    1    1    1    1    1    1    1    1    2    2    5    6    4    1    8    5   12   31   34   70  183  294  314  232   73
21   24   22   19   18   17   16   15   14   13   12   11   10    9    8    7    6    5    4    3    2    1    1    1    3    1    2    1    6    5    2    2    6    7    8   31   33   57  170  289  305  247   79
20   23   22   19   18   17   16   15   14   13   11   10    9    8    7    6    5    4    3    2    1    1    1    1    3    1    2    6    5    2    7    7    6   29   34   57  156  281  299  244   89
20   22   19   18   17   16   15   14   13   12   11   10    9    8    7    6    5    4    3    2    1    1    1    2    2    1    4    4    3    3    5    6    7   22   32   55  145  266  303  244   98
19   21   19   18   17   15   14   13   12   11   10    9    8    7    6    5    4    3    2    1    1    1    2    1    6    2    4    4    4    7    6   20   27   53  123  262  304  248  103
20   21   19   18   17   16   15   14   13   12   11   10    9    8    7    6    5    4    3    2    1    1    1    1    1    1    5    2    4    4    3    7    5   17   28   49  117  248  297  247  110
18   20   19   17   15   14   13   12   11   10    9    8    7    6    5    4    3    2    1    1    1    2    5    2    4    5    2    6    6   12   28   48  113  226  289  257  114
18   20   18   17   15   14   13   12   11   10    9    8    7    6    5    4    3    2    1    1    1    2    3    4    2    3    6    5    5   14   24   45   99  213  288  258  117
18   20   18   17   15   14   13   12   11   10    9    8    7    6    5    4    3    2    1    1    1    2    2    4    3    2    6    4    5   10   25   42   91  200  278  263  126
18   20   18   17   16   14   13   12   11   10    9    8    7    6    5    4    3    2    1    1    1    1    1    5    4    1    4    7    5    9   22   39   79  193  279  247  136
16   18   17   14   13   12   11   10    9    8    7    6    5    4    3    2    1    2    1    3    4    2    5    5    5   10   13   37   73  172  263  268  142
16   17   16   14   13   12   11   10    9    8    7    6    5    4    3    2    1    2    1    3    3    3    4    5    5   10   12   34   64  171  247  263  149
16   17   16   14   13   12   11   10    9    8    7    6    5    4    3    2    1    1    2    2    3    2    5    5    3    7   13   24   61  166  238  255  160
16   17   16   15   13   12   11   10    9    8    7    6    5    4    3    2    1    1    1    1    3    2    5    4    5    4   12   20   58  139  245  241  172
15   16   14   13   12   11   10    9    8    7    6    5    4    3    2    1    2    1    1    3    6    3    5    4   13   15   53  123  239  240  173
15   16   14   13   12   11   10    9    8    7    6    5    4    3    2    1    2    1    1    3    5    2    6    4   13   14   53  114  227  238  169
14   16   13   12   11   10    9    8    7    6    5    4    3    2    1    2    1    3    5    3    5    5   11   14   49  104  215  229  164
13   16   12   11   10    9    8    7    6    5    4    3    2    1    2    4    3    4    4    6   12   11   46   96  211  227  156
13   16   12   11   10    9    8    7    6    5    4    3    2    1    2    1    3    5    4    7    9   12   41   97  181  231  158
12   15   11   10    9    8    7    6    5    4    3    2    1    2    2    3    4    7    8   12   34   89  167  229  155
12   15   13   10    9    8    7    6    5    4    3    2    1    1    1    3    3    5    9    9   34   81  151  228  153
12   14   12   10    9    8    7    6    5    4    3    2    1    1    1    2    4    4    8    7   32   69  149  221  149
12   13   12   10    9    8    7    6    5    4    3    2    1    1    1    2    4    4    7    6   29   62  140  200  149
11   12   10    9    8    7    6    5    4    3    2    1    2    1    4    5    6    6   24   54  139  177  141
11   12   10    9    8    7    6    5    4    3    2    1    2    1    2    5    7    6   21   47  128  172  134
11   12   10    9    8    7    6    5    4    3    2    1    2    1    1    3    8    6   17   41  118  169  132
11   12   11   10    9    7    6    5    4    3    2    1    1    1    1    1    8    8   15   35  105  157  128
10   11   10    9    7    6    5    4    3    2    1    1    1    2    6    8   12   34   94  155  123
 9   10    9    7    6    5    4    3    2    1    2    2    5    6   14   24   85  133  114
 9   10    9    7    6    5    4    3    2    1    2    2    4    6   11   23   73  115  106
10   10    9    8    7    6    5    4    3    2    1    2    1    1    3    4   14   19   59  112   97
 9   10    8    7    6    5    4    3    2    1    1    2    2    3    8   17   32   78   74
 9   10    8    7    6    5    4    3    2    1    1    2    1    3    7   15   33   71   71
 7    7    6    5    4    3    2    1    1    3    5   12   13   49   51
 6    6    5    4    3    2    1    3    3   10   13   41   44
 6    6    5    4    3    2    1    2    3    8   10   39   35
 6    6    5    4    3    2    1    1    2    3   11   25   21
 6    6    5    4    3    2    1    1    2    3    8   21   18
 5    6    4    3    2    1    1    1    4   13    8
 3    7    2    1    1    9    5
 3    7    2    1    1    9    5
 3    7    2    1    1    9    5
 3    7    2    1    1    6    5
 3    7    2    1    1    6    5
 3    3    2    1    2    3    4
 3    3    2    1    2    3    4
 2    2    1    1    2
 2    2    1    1    2
 2    2    1    1    2
