# n  list(x)  list(y)
 8    3    4    5    6    7    8    9   10    2   38  183  668 1030  518   57    4
 8    3    4    5    6    7    8    9   10    2   45  214  695  989  476   51    3
 8    3    4    5    6    7    8    9   10    4   58  250  707  940  443   46    2
 8    3    4    5    6    7    8    9   10    7   65  281  729  892  407   42    2
 9    2    3    4    5    6    7    8    9   10    1    7   79  303  735  856  378   40    1
 9    2    3    4    5    6    7    8    9   10    2   13   84  331  739  823  347   35    1
 8    2    3    4    5    6    7    8    9    2   17   99  347  758  780  315   32
 8    2    3    4    5    6    7    8    9    3   22  113  363  768  738  289   29
 9    1    2    3    4    5    6    7    8    9    1    3   28  121  386  780  684  270   27
 9    1    2    3    4    5    6    7    8    9    1    4   31  138  412  777  642  246   24
 9    1    2    3    4    5    6    7    8    9    1    5   35  162  421  778  602  227   19
 9    1    2    3    4    5    6    7    8    9    2    5   38  179  448  767  556  216   14
 9    1    2    3    4    5    6    7    8    9    2    6   46  193  460  763  523  194   13
 9    1    2    3    4    5    6    7    8    9    2    7   56  207  485  726  502  177   13
 9    1    2    3    4    5    6    7    8    9    2    8   70  221  504  695  475  164   11
 9    1    2    3    4    5    6    7    8    9    2   10   73  234  530  668  447  151   10
 9    1    2    3    4    5    6    7    8    9    2   13   83  255  528  654  418  138    9
 9    1    2    3    4    5    6    7    8    9    2   20   88  273  535  624  393  134    6
 9    1    2    3    4    5    6    7    8    9    5   16  102  294  525  609  378  115    6
 9    1    2    3    4    5    6    7    8    9    5   20  108  310  540  580  357   99    6
 9    1    2    3    4    5    6    7    8    9    6   23  115  338  521  561  336   94    6
 9    1    2    3    4    5    6    7    8    9    7   27  117  357  526  540  310   85    6
 9    1    2    3    4    5    6    7    8    9    9   29  128  361  524  528  286   80    5
 9    1    2    3    4    5    6    7    8    9   11   30  147  370  525  507  259   72    4
 9    1    2    3    4    5    6    7    8    9   12   35  157  383  529  474  243   64    3
 9    1    2    3    4    5    6    7    8    9   12   42  167  384  530  458  226   53    3
 9    1    2    3    4    5    6    7    8    9   14   49  176  400  518  437  203   50    3
 9    1    2    3    4    5    6    7    8    9   15   52  186  411  514  413  187   44    2
 9    1    2    3    4    5    6    7    8    9   15   58  205  418  492  396  172   41    2
 9    1    2    3    4    5    6    7    8    9   16   58  222  418  491  373  155   38    2
 9    1    2    3    4    5    6    7    8    9   17   67  235  433  472  344  144   34    2
 9    1    2    3    4    5    6    7    8    9   18   75  248  435  460  322  136   27    2
 9    1    2    3    4    5    6    7    8    9   19   89  258  434  450  299  125   22    2
 9    1    2    3    4    5    6    7    8    9   25   91  270  446  425  277  118   19    2
 9    1    2    3    4    5    6    7    8    9   27  102  274  447  404  265  109   18    2
 9    1    2    3    4    5    6    7    8    9   30  109  282  442  389  258   93   18    2
 9    1    2    3    4    5    6    7    8    9   31  118  293  434  376  240   89   16    1
 9    1    2    3    4    5    6    7    8    9   31  122  302  437  359  224   81   16    1
 9    1    2    3    4    5    6    7    8    9   33  132  313  433  353  201   68   14    1
 8    1    2    3    4    5    6    7    8   34  133  329  414  342  188   63   15
 8    1    2    3    4    5    6    7    8   38  138  329  414  332  167   59   15
 8    1    2    3    4    5    6    7    8   39  150  325  415  318  153   54   13
 8    1    2    3    4    5    6    7    8   42  164  317  411  308  138   49   13
 8    1    2    3    4    5    6    7    8   42  176  325  404  286  127   47    9
 8    1    2    3    4    5    6    7    8   49  185  318  401  270  116   43    7
 8    1    2    3    4    5    6    7    8   52  196  321  380  256  116   37    7
 8    1    2    3    4    5    6    7    8   51  207  318  368  230  104   29    7
 8    1    2    3    4    5    6    7    8   54  201  321  350  220   91   25    7
 8    1    2    3    4    5    6    7    8   57  205  332  341  204   74   23    7
 8    1    2    3    4    5    6    7    8   59  222  328  329  192   64   21    5
 8    1    2    3    4    5    6    7    8   69  221  332  313  170   61   21    4
 8    1    2    3    4    5    6    7    8   75  217  338  298  157   58   16    4
 8    1    2    3    4    5    6    7    8   78  220  335  286  137   56   14    2
 8    1    2    3    4    5    6    7    8   86  227  331  262  131   51   12    2
 8    1    2    3    4    5    6    7    8   77  230  333  251  114   48   12    1
 8    1    2    3    4    5    6    7    8   81  242  323  238  103   43   11    1
 8    1    2    3    4    5    6    7    8   87  253  309  221   94   35   10    1
 8    1    2    3    4    5    6    7    8   91  250  291  202   89   30    9    1
 7    1    2    3    4    5    6    7   96  250  275  186   85   30    8
 7    1    2    3    4    5    6    7   96  237  251  175   80   22    5
 7    1    2    3    4    5    6    7   84  206  232  148   63   16    3
 7    1    2    3    4    5    6    7   59  152  151  106   40    7    2
 7    1    2    3    4    5    6    7   40  119  127   82   25    6    2
 7    1    2    3    4    5    6    7   37  108  114   60   17    4    2
 6    1    2    3    4    5    6   25   69   70   33    9    3
 6    1    2    3    4    5    6   25   68   68   30    9    2
 6    1    2    3    4    5    6   22   61   48   24   10    1
 5    1    2    3    4    5   10   25   26   12    6
 5    1    2    3    4    5   11   24   25   10    6
 5    1    2    3    4    5   10   26   25    8    5
 5    1    2    3    4    5   10   22   16    6    4
 5    1    2    3    4    5    8   22   14    6    4
 5    1    2    3    4    5    7   22   13    6    4
 5    1    2    3    4    5    9   21   14    4    1
 5    1    2    3    4    5    4   10    9    8    3
 5    1    2    3    4    5    4   10    9    8    3
 5    1    2    3    4    5    5    9    9    8    2
 5    1    2    3    4    5    5    9    7    8    2
 5    1    2    3    4    5    4   11    7    6    1
 4    1    2    3    4    6    7    4    2
 4    1    2    3    4    6    6    4    2
 4    1    2    3    5    1   12    2    1
 4    1    2    3    5    1   12    2    1
 4    1    2    3    5    3    9    2    1
 3    1    2    3    5    7    3
 3    1    2    3    4    8    2
 3    1    2    3    4    8    2
 4    1    2    3    4    4    4    2    1
 3    1    2    3    3    5    1
 3    1    2    3    3    5    1
 3    1    2    3    3    5    1
 2    1    2    2    6
 2    1    2    2    6
 3    1    2    3    3    2    1
 2    1    2    2    3
 2    1    2    2    3
