# n  list(x)  list(y)
15    4    5    6    7    8    9   10   11   12   13   14   15   16   17   18    4   99  473  595  501  379  227  132   56   19    7    4    1    2    1
14    4    5    6    7    8    9   10   11   12   13   14   15   17   18   10  129  485  579  488  369  208  125   49   19    8    3    2    1
15    3    4    5    6    7    8    9   10   11   12   13   14   15   17   18    1   14  159  487  564  471  358  205  122   40   18    6    3    1    1
15    3    4    5    6    7    8    9   10   11   12   13   14   15   17   18    1   18  192  483  559  456  337  206  111   35   19    4    2    1    1
15    3    4    5    6    7    8    9   10   11   12   13   14   15   17   18    2   26  213  491  539  454  323  198   96   32   18    4    2    1    1
15    3    4    5    6    7    8    9   10   11   12   13   14   15   17   18    4   32  229  502  527  438  313  184   91   30   17    4    2    1    1
15    3    4    5    6    7    8    9   10   11   12   13   14   15   16   18    5   47  244  507  518  420  308  169   80   29   15    4    2    1    1
15    3    4    5    6    7    8    9   10   11   12   13   14   15   16   18    7   61  262  502  519  404  289  159   77   25   12    4    2    1    1
15    3    4    5    6    7    8    9   10   11   12   13   14   15   16   18   12   65  269  521  499  401  278  143   69   25   10    5    1    1    1
15    2    3    4    5    6    7    8    9   10   11   12   13   14   16   17    3   10   80  281  524  477  398  258  134   70   23    9    6    1    1
15    2    3    4    5    6    7    8    9   10   11   12   13   14   15   16    4   11   91  301  526  448  390  260  118   66   21    7    5    1    1
15    2    3    4    5    6    7    8    9   10   11   12   13   14   15   16    4   15  104  328  502  447  383  239  108   65   17    9    2    1    1
14    2    3    4    5    6    7    8    9   10   11   12   13   14   15    5   18  114  335  503  435  383  216  105   58   16    9    2    1
14    2    3    4    5    6    7    8    9   10   11   12   13   14   15    5   20  128  341  502  435  358  215   96   48   16    8    2    1
14    1    2    3    4    5    6    7    8    9   10   11   12   13   14    1    4   28  132  363  497  409  357  204   85   45   16    6    3
14    1    2    3    4    5    6    7    8    9   10   11   12   13   14    1    6   29  150  383  484  395  341  194   81   37   15    7    2
13    1    2    3    4    5    6    7    8    9   10   11   12   13    1   10   32  159  387  485  388  324  185   76   32   14    7
13    1    2    3    4    5    6    7    8    9   10   11   12   13    2   10   37  175  391  476  393  303  167   76   26   13    6
13    1    2    3    4    5    6    7    8    9   10   11   12   13    2   12   40  191  399  460  391  285  162   65   27   13    3
13    1    2    3    4    5    6    7    8    9   10   11   12   13    2   12   46  203  400  460  386  265  147   64   25   13    2
13    1    2    3    4    5    6    7    8    9   10   11   12   13    2   15   59  213  401  464  366  244  139   64   19   12    2
13    1    2    3    4    5    6    7    8    9   10   11   12   13    1   17   66  221  407  457  354  238  126   59   17   11    1
13    1    2    3    4    5    6    7    8    9   10   11   12   13    2   17   76  239  403  443  358  221  110   57   14    9    1
13    1    2    3    4    5    6    7    8    9   10   11   12   13    2   17   82  259  417  426  343  212   97   47   16    6    1
13    1    2    3    4    5    6    7    8    9   10   11   12   13    3   16   94  274  411  418  325  200   96   42   16    4    1
12    1    2    3    4    5    6    7    8    9   10   11   12    3   21  104  276  416  409  305  195   88   39   14    5
12    1    2    3    4    5    6    7    8    9   10   11   12    5   21  121  283  415  398  297  179   77   38   11    5
12    1    2    3    4    5    6    7    8    9   10   11   12    5   24  141  282  424  387  286  157   73   33    9    4
12    1    2    3    4    5    6    7    8    9   10   11   12    5   27  148  293  423  387  270  140   68   27    8    4
12    1    2    3    4    5    6    7    8    9   10   11   12    5   34  157  304  411  380  251  135   62   27    6    3
12    1    2    3    4    5    6    7    8    9   10   11   12    7   42  172  298  406  376  242  123   54   22    7    1
12    1    2    3    4    5    6    7    8    9   10   11   12    8   45  191  303  391  362  235  117   46   21    5    1
12    1    2    3    4    5    6    7    8    9   10   11   12    8   52  195  313  389  344  223  111   43   17    4    1
12    1    2    3    4    5    6    7    8    9   10   11   12   12   51  206  320  373  331  219  101   42   15    4    1
12    1    2    3    4    5    6    7    8    9   10   11   12   13   64  210  327  366  322  200   93   39   13    2    1
12    1    2    3    4    5    6    7    8    9   10   11   12   16   72  216  338  356  315  182   84   32   11    2    1
12    1    2    3    4    5    6    7    8    9   10   11   12   15   76  222  347  351  304  170   75   28    9    2    1
12    1    2    3    4    5    6    7    8    9   10   11   12   17   84  222  358  343  285  162   67   24    9    2    1
12    1    2    3    4    5    6    7    8    9   10   11   12   20   85  238  346  337  277  150   62   23    8    2    1
11    1    2    3    4    5    6    7    8    9   10   11   23   94  249  337  331  259  134   63   22    7    3
11    1    2    3    4    5    6    7    8    9   10   11   26  104  252  350  319  243  122   58   15    6    2
11    1    2    3    4    5    6    7    8    9   10   11   24  108  270  329  313  242  116   46   15    5    2
11    1    2    3    4    5    6    7    8    9   10   11   28  117  270  326  309  228  104   45   11    4    2
11    1    2    3    4    5    6    7    8    9   10   11   32  126  269  326  305  208   98   41   10    3    2
11    1    2    3    4    5    6    7    8    9   10   11   36  132  279  308  305  193   90   37    9    3    1
11    1    2    3    4    5    6    7    8    9   10   11   39  144  279  303  303  181   76   30    8    3    1
11    1    2    3    4    5    6    7    8    9   10   11   44  148  284  299  286  172   74   25    7    3    1
11    1    2    3    4    5    6    7    8    9   10   11   48  155  294  290  276  155   67   24    6    2    1
11    1    2    3    4    5    6    7    8    9   10   11   49  168  287  279  276  151   55   19    6    2    1
11    1    2    3    4    5    6    7    8    9   10   11   53  175  281  276  270  133   55   18    4    2    1
10    1    2    3    4    5    6    7    8    9   11   56  185  279  271  252  128   49   16    5    1
10    1    2    3    4    5    6    7    8    9   10   63  176  283  263  238  123   48   15    2    1
10    1    2    3    4    5    6    7    8    9   10   67  190  277  264  213  119   41   12    2    1
10    1    2    3    4    5    6    7    8    9   10   75  197  284  255  194  107   34   13    1    1
 9    1    2    3    4    5    6    7    8   10   82  198  288  253  182   87   30   11    1
 9    1    2    3    4    5    6    7    8   10   84  202  289  241  170   83   25    9    1
 9    1    2    3    4    5    6    7    8   10   88  215  281  229  160   77   17    7    1
 9    1    2    3    4    5    6    7    8   10   90  215  285  212  150   66   17    6    1
 9    1    2    3    4    5    6    7    8    9   93  223  283  196  140   60   15    5    1
 9    1    2    3    4    5    6    7    8    9   94  226  268  196  124   59   13    3    1
 8    1    2    3    4    5    6    7    8   95  223  260  190  117   54   12    4
 8    1    2    3    4    5    6    7    8   96  227  259  186   98   50   11    3
 8    1    2    3    4    5    6    7    8  104  222  254  172   92   46   10    1
 8    1    2    3    4    5    6    7    8  105  226  242  167   85   41    8    1
 8    1    2    3    4    5    6    7    8  107  216  213  163   71   41    5    1
 7    1    2    3    4    5    6    7  104  227  201  156   61   32    6
 7    1    2    3    4    5    6    7  106  230  190  148   46   27    6
 7    1    2    3    4    5    6    7  104  223  169  142   40   22    5
 7    1    2    3    4    5    6    7  105  207  167  128   37   16    3
 7    1    2    3    4    5    6    7  108  202  155  121   38   13    3
 7    1    2    3    4    5    6    7  107  198  134  102   32   10    3
 7    1    2    3    4    5    6    7   86  143  106   68   21    8    1
 6    1    2    3    4    5    6   60   99   70   46   16    7
 6    1    2    3    4    5    6   58   85   64   41   12    6
 6    1    2    3    4    5    6   52   79   63   38   11    6
 6    1    2    3    4    5    6   50   64   64   30   10    4
 6    1    2    3    4    5    6   40   59   46   26   10    3
 6    1    2    3    4    5    6   32   54   38   25   10    1
 5    1    2    3    4    5   32   51   36   19   10
 5    1    2    3    4    5   31   47   34   17    9
 5    1    2    3    4    5   23   30   21   15    6
 5    1    2    3    4    5   21   29   23   13    6
 5    1    2    3    4    5   13   15   20    8    3
 5    1    2    3    4    5   13   15   18    8    3
 5    1    2    3    4    5   13   15   16    7    1
 5    1    2    3    4    5   13   14   16    6    1
 5    1    2    3    4    5   13   12   12    5    1
 5    1    2    3    4    5    9    4   10    1    1
 5    1    2    3    4    5    4    3    5    1    1
 4    1    2    3    5    2    2    5    1
 4    1    2    3    4    1    2    5    1
 3    1    2    3    4    2    2
 3    1    2    3    4    2    2
 3    1    2    3    4    2    2
 3    1    2    3    3    2    1
 2    1    2    2    2
 2    1    2    2    2
