# n  list(x)  list(y)
37   69   58   49   48   46   41   35   34   33   32   31   30   28   27   26   25   24   23   22   21   20   19   18   17   16   15   14   13   12   11   10    9    8    7    6    5    4    1    1    2    1    1    2    1    2    2    1    3    4    3    6    6    8    3    5    9    7   10   17   11   15   18   24   22   39   50   62   86  107  145  360 1301  161    4
38   69   57   49   47   46   41   35   34   33   32   31   30   29   28   27   26   25   24   23   22   21   20   19   18   17   16   15   14   13   12   11   10    9    8    7    6    5    4    1    1    2    1    1    2    1    1    2    2    1    5    1    2    6    5    7    6    5    6    8    9   17   13   16   17   25   17   40   45   62   84  108  139  339 1230  233   15
37   69   57   49   46   41   40   35   34   33   32   30   29   28   27   26   25   24   23   22   21   20   19   18   17   16   15   14   13   12   11   10    9    8    7    6    5    4    1    1    2    2    1    1    1    1    2    2    3    4    1    5    7    6    5    6    4   11    9   12   15   16   12   28   19   39   38   66   77  107  140  321 1181  271   33
40   67   56   49   48   46   45   41   40   35   34   33   32   30   29   28   27   26   25   24   23   22   21   20   19   18   17   16   15   14   13   12   11   10    9    8    7    6    5    4    3    1    1    1    1    1    1    1    1    1    1    1    3    2    5    1    2    4   10    5    8    4    9    9    7   18   16   13   29   19   35   39   64   75  102  131  319 1128  309   47    1
41   66   56   49   48   46   45   40   38   35   34   33   32   31   30   29   28   27   26   25   24   23   22   21   20   19   18   17   16   15   14   13   12   11   10    9    8    7    6    5    4    3    1    1    1    1    1    1    1    1    1    1    1    2    1    1    6    1    1    5    8    5    9    5    6   10    7   15   20   13   26   20   33   38   62   76  100  131  299 1088  335   59    7
38   65   56   49   46   45   40   37   35   33   32   31   29   28   27   26   25   24   23   22   21   20   19   18   17   16   15   14   13   12   11   10    9    8    7    6    5    4    3    1    1    1    2    1    1    1    1    2    2    1    5    2    1    4    9    4    8    8    5    9    9   14   16   16   23   22   29   38   64   76   89  134  282 1023  388   73   10
38   64   56   49   45   44   40   37   34   33   32   30   29   28   27   26   25   24   23   22   21   20   19   18   17   16   15   14   13   12   11   10    9    8    7    6    5    4    3    1    1    1    1    2    1    1    1    2    1    2    4    2    2    4    7    5    8    8    4    9   10   12   17   15   23   20   29   38   60   76   88  135  262  968  432   87   11
39   63   55   49   44   43   40   36   34   33   32   30   29   28   27   26   25   24   23   22   21   20   19   18   17   16   15   14   13   12   11   10    9    8    7    6    5    4    3    2    1    1    1    1    2    1    1    1    2    1    1    4    2    3    3    6    5   10    5    6    9    7   13   19   14   20   21   27   40   56   77   82  134  246  919  460  110   13    1
38   62   54   49   43   42   40   35   34   33   32   29   28   27   26   25   24   23   22   21   20   19   18   17   16   15   14   13   12   11   10    9    8    7    6    5    4    3    2    1    1    1    2    1    1    1    1    2    1    4    3    2    2    7    6    9    4    6    9    6   13   16   14   20   23   27   36   52   75   87  125  233  869  488  135   15    2
37   61   53   49   43   42   40   35   34   33   32   29   27   26   25   24   23   22   21   20   19   18   17   16   15   14   13   12   11   10    9    8    7    6    5    4    3    2    1    1    1    1    1    2    1    1    2    1    4    4    1    5    8    7    4    8    8    4   13   16   12   17   26   24   30   57   71   83  127  228  822  496  164   20    4
38   60   50   48   43   41   40   39   34   33   32   29   27   26   25   24   23   22   21   20   19   18   17   16   15   14   13   12   11   10    9    8    7    6    5    4    3    2    1    1    1    1    1    1    1    1    2    2    1    4    3    2    4    8    7    4    9    5    7   12   16   12   16   24   25   28   56   68   86  122  217  799  493  182   25    3    1
37   60   50   48   43   40   39   34   33   32   29   27   26   25   24   23   22   21   20   19   18   17   16   15   14   13   12   11   10    9    8    7    6    5    4    3    2    1    1    1    1    1    2    1    1    1    3    4    3    2    4    7    7    3    8    8    5   13   16   12   13   23   23   30   52   67   83  120  208  763  498  204   30    6    1
38   60   49   48   42   40   39   34   32   31   29   28   27   26   25   24   23   22   21   20   19   18   17   16   15   14   13   12   11   10    9    8    7    6    5    4    3    2    1    1    1    1    1    2    1    1    2    2    3    1    2    3    3    6    8    4    8    7    6   10   15   16    8   23   24   28   46   66   81  112  204  718  515  224   38    8    1
39   59   48   47   41   40   38   34   32   31   30   29   28   27   26   25   24   23   22   21   20   19   18   17   16   15   14   13   12   11   10    9    8    7    6    5    4    3    2    1    1    1    1    1    1    2    1    1    2    1    2    1    3    3    3    5    6    5    8    7    4   11   15   17    8   22   25   25   45   62   77  104  194  690  524  242   45    8    2
38   58   48   47   41   39   38   37   34   32   30   29   27   26   25   24   23   22   21   20   19   18   17   16   15   14   13   12   11   10    9    8    7    6    5    4    3    2    1    1    1    1    1    1    1    1    1    1    2    3    3    2    4    4    5    7    6    7    4   11   14   20    7   22   26   19   41   65   71  101  190  659  524  255   56   11    2
38   56   48   47   40   39   38   36   32   31   29   28   27   26   25   24   23   22   21   20   19   18   17   16   15   14   13   12   11   10    9    8    7    6    5    4    3    2    1    1    1    1    1    1    1    1    1    1    1    3    2    2    4    2    3    9    8    6    5    9    7   24   10   19   28   19   38   64   66   96  186  618  526  278   69   12    2
36   54   48   46   39   38   36   31   29   28   27   26   25   24   23   22   21   20   19   18   17   16   15   14   13   12   11   10    9    8    7    6    5    4    3    2    1    1    1    1    1    2    1    2    1    1    3    3    4    1    2    8    9    8    2   10    9   20   12   17   29   20   37   59   65   95  181  585  525  293   74   16    2
35   54   47   46   39   37   36   31   29   28   27   26   25   23   22   21   20   19   18   17   16   15   14   13   12   11   10    9    8    7    6    5    4    3    2    1    1    1    1    1    1    2    2    1    1    3    3    4    2    9    8    7    3   10   10   18   10   19   29   17   36   54   67   92  172  559  514  309   90   17    2
35   54   47   46   37   36   31   29   28   27   26   25   24   23   22   21   20   19   18   17   16   15   14   13   12   11   10    9    8    7    6    5    4    3    2    1    1    1    1    2    2    2    1    1    2    3    4    1    1    8    8    6    6    8    9   18   12   18   27   19   34   51   66   92  159  526  517  326   98   17    3
37   53   47   45   37   36   35   31   30   29   28   27   26   25   24   23   22   21   20   19   18   17   16   15   14   13   12   11   10    9    8    7    6    5    4    3    2    1    1    1    1    1    2    1    1    1    1    1    1    2    1    5    1    7    6    8    5    3   12   17   13   15   27   22   25   52   61   87  161  484  523  336  115   21    4
36   53   47   45   37   36   34   31   29   28   27   26   25   24   23   22   21   20   19   18   17   16   15   14   13   12   11   10    9    8    7    6    5    4    3    2    1    1    1    1    1    2    1    1    1    1    2    2    1    5    1    6    6    7    5    3   12   16   14   14   24   23   27   49   59   83  150  458  527  346  122   24    4
36   53   47   45   37   35   34   31   29   28   27   26   25   24   23   22   21   20   19   18   17   16   15   14   13   12   11   10    9    8    7    6    5    4    3    2    1    1    1    1    1    2    1    1    1    1    2    1    1    3    2    4    5    6    7    3    7   21   14   10   24   24   25   46   56   80  139  435  520  356  140   30    4
36   53   47   45   37   35   34   30   29   28   27   26   25   24   23   22   21   20   19   18   17   16   15   14   13   12   11   10    9    8    7    6    5    4    3    2    1    1    1    1    1    2    1    1    1    1    1    2    1    2    2    4    5    4   10    3    5   20   15   10   22   24   23   48   51   79  130  420  501  370  151   31    6
35   53   46   37   35   34   30   29   28   27   26   25   24   23   22   21   20   19   18   17   16   15   14   13   12   11   10    9    8    7    6    5    4    3    2    1    1    1    1    2    1    1    1    1    1    1    1    2    1    5    2    6   10    4    5   16   19    8   15   27   27   41   51   78  124  391  503  378  157   36    7
33   52   46   37   34   30   29   27   26   25   24   23   22   21   20   19   18   17   16   15   14   13   12   11   10    9    8    7    6    5    4    3    2    1    1    1    1    3    1    1    2    1    1    1    1    5    2    6    6    7    3   16   21    9   13   23   30   38   47   79  114  367  499  379  169   45    8
34   52   46   37   34   33   30   28   27   26   25   24   23   22   21   20   19   18   17   16   15   14   13   12   11   10    9    8    7    6    5    4    3    2    1    1    1    1    2    1    1    1    2    1    1    1    1    4    3    6    6    4    5   14   21   10   10   24   26   37   47   76  109  352  484  387  176   51    9
33   51   46   35   34   32   30   28   26   25   24   23   22   21   20   19   18   17   16   15   14   13   12   11   10    9    8    7    6    5    4    3    2    1    1    1    1    2    1    1    1    1    3    1    1    4    2    4    4    5    7   10   19   12   12   21   27   36   44   66  108  330  475  397  190   53   10
33   51   45   35   34   31   29   27   26   25   24   23   22   21   20   19   18   17   16   15   14   13   12   11   10    9    8    7    6    5    4    3    2    1    1    1    1    2    1    1    1    1    1    2    1    3    3    2    6    4    8    6   17   14   12   18   29   34   42   65  109  299  464  414  191   61   11
31   50   45   34   32   31   28   26   25   24   22   21   20   19   18   17   16   15   14   13   12   11   10    9    8    7    6    5    4    3    2    1    1    1    2    1    1    1    2    1    2    4    2    3    4    4    6    9   10   19   12   17   29   34   37   60  107  282  444  418  207   68   11
30   49   45   34   33   31   28   26   24   22   21   20   19   18   17   16   15   14   13   12   11   10    9    8    7    6    5    4    3    2    1    1    1    1    1    2    1    2    2    5    2    2    4    4    6    7   11   14   17   15   27   35   33   55  106  267  428  424  209   78   14
31   49   45   34   33   31   30   28   26   25   24   22   21   19   18   17   16   15   14   13   12   11   10    9    8    7    6    5    4    3    2    1    1    1    1    1    1    1    1    1    1    2    5    2    6    4    3    8   10   12   16   19   26   34   31   53  106  249  403  431  221   85   13
30   47   43   33   31   29   28   26   25   24   22   21   19   18   17   16   15   14   13   12   11   10    9    8    7    6    5    4    3    2    1    1    1    2    1    1    1    1    1    2    4    3    5    4    3    9   10   11   14   19   25   34   31   51  102  233  402  415  229   93   15
31   46   43   33   31   30   29   28   26   25   24   22   21   19   18   17   16   15   14   13   12   11   10    9    8    7    6    5    4    3    2    1    1    1    1    1    1    1    1    1    1    2    3    4    3    5    4    7    8   14   12   17   27   25   38   49   91  227  383  418  238   99   15
31   46   40   33   31   30   28   27   26   25   24   22   21   19   18   17   16   15   14   13   12   11   10    9    8    7    6    5    4    3    2    1    1    1    1    1    1    1    1    1    1    2    1    6    2    5    4    8    7   13   13   14   24   27   36   45   84  213  375  415  250  100   17
29   45   39   31   29   27   26   25   24   21   20   19   18   17   16   15   14   13   12   11   10    9    8    7    6    5    4    3    2    1    1    1    2    1    1    1    2    1    6    1    2    4    4    6    9   11   12   14   24   29   31   42   83  200  358  409  264  105   21
29   45   38   31   28   27   26   25   24   21   20   19   18   17   16   15   14   13   12   11   10    9    8    7    6    5    4    3    2    1    1    1    2    1    1    1    1    2    4    3    1    1    8    5    9   10   13   12   23   30   33   39   83  188  336  407  270  112   23
29   45   37   31   30   27   25   24   23   22   21   20   19   17   16   15   14   13   12   11   10    9    8    7    6    5    4    3    2    1    1    1    1    1    1    2    1    1    1    1    5    2    5    7    9    9   11   11   23   26   30   40   83  174  316  416  265  128   24
30   43   37   31   28   27   25   24   23   22   21   20   19   18   17   16   15   14   13   12   11   10    9    8    7    6    5    4    3    2    1    1    1    1    1    1    2    1    1    1    1    3    2    1    3    7   11    8   11   12   21   25   31   38   77  159  303  410  275  136   24
28   43   36   31   28   26   25   24   22   20   19   18   17   16   15   14   13   12   11   10    9    8    7    6    5    4    3    2    1    1    1    1    1    1    1    2    2    4    2    1    2    6   10    8   11   12   19   25   30   34   74  158  294  397  275  143   28
29   43   36   31   28   26   25   24   23   22   20   19   18   17   16   15   14   13   12   11   10    9    8    7    6    5    4    3    2    1    1    1    1    1    1    1    1    1    2    4    1    2    1    5    7   12   10   11   21   23   25   35   73  147  285  372  291  153   30
28   43   36   31   28   25   23   22   21   20   19   18   17   16   15   14   13   12   11   10    9    8    7    6    5    4    3    2    1    1    1    1    1    2    2    1    1    4    1    1    2    4    8   10    9   14   14   24   24   33   78  140  260  369  298  158   33
28   42   35   31   28   25   24   22   21   20   19   18   17   16   15   14   13   12   11   10    9    8    7    6    5    4    3    2    1    1    1    1    1    1    1    2    2    3    1    2    2    2    9    8    9   15   11   25   19   37   68  139  246  360  301  167   33
27   42   35   31   25   24   22   21   20   19   18   17   16   15   14   13   12   11   10    9    8    7    6    5    4    3    2    1    1    1    1    2    1    1    3    3    1    2    2    2    7    7   11   12    9   23   23   31   60  141  234  351  289  185   37
26   42   35   30   25   24   22   21   20   18   17   16   15   14   13   12   11   10    9    8    7    6    5    4    3    2    1    1    1    1    2    1    1    1    4    2    3    1    7    6   13   11    7   21   23   23   62  133  227  324  296  196   44
27   41   35   29   25   24   23   22   21   20   18   17   16   15   14   13   12   11   10    9    8    7    6    5    4    3    2    1    1    1    1    1    1    1    1    1    4    1    1    2    8    5   12   13    6   19   22   22   55  126  218  318  295  202   49
25   40   34   28   24   22   21   20   19   18   16   15   14   13   12   11   10    9    8    7    6    5    4    3    2    1    1    1    1    2    1    2    3    1    1    3    6    6   12   12    7   14   22   20   50  113  215  311  294  205   57
24   33   26   24   23   22   21   20   19   17   15   14   13   12   11   10    9    8    7    6    5    4    3    2    1    1    1    1    1    1    2    2    2    1    6    8   11   11    8   13   20   23   42  106  205  299  292  214   61
23   32   26   24   23   21   20   19   17   15   14   13   12   11   10    9    8    7    6    5    4    3    2    1    1    1    1    1    3    1    3    1    5    7   11   11   10   10   21   20   44   92  194  292  289  224   62
24   32   25   24   23   21   20   19   18   17   15   14   13   12   11   10    9    8    7    6    5    4    3    2    1    1    1    1    1    3    1    1    2    1    5    2   10   13   10    9   21   17   44   83  183  288  292  226   66
23   30   25   24   23   21   19   18   17   15   14   13   12   11   10    9    8    7    6    5    4    3    2    1    1    1    1    1    3    1    2    2    5    2    6   11   14    9   20   15   38   76  179  282  283  234   69
23   30   25   24   22   21   19   18   17   15   14   13   12   11   10    9    8    7    6    5    4    3    2    1    1    1    1    1    3    1    2    2    5    1    6   11   12   12   19   15   35   67  168  273  286  231   76
23   30   25   24   21   20   19   18   17   15   14   13   12   11   10    9    8    7    6    5    4    3    2    1    1    1    1    3    1    1    1    3    2    3    6   10    6   14   21   13   36   64  155  265  284  226   86
23   30   25   23   21   19   18   17   16   15   14   13   12   11   10    9    8    7    6    5    4    3    2    1    1    1    1    2    2    2    2    1    2    3    6    9    5   13   16   17   33   58  140  249  289  231   89
24   30   25   23   21   20   19   18   17   16   15   14   13   12   11   10    9    8    7    6    5    4    3    2    1    1    1    1    1    1    2    2    2    1    2    3    3    6    8   11   16   18   33   52  124  244  285  232   90
23   30   25   21   20   19   18   17   16   15   14   13   12   11   10    9    8    7    6    5    4    3    2    1    1    1    1    2    2    1    2    1    3    1    4    6    7   12   12   21   30   43  124  232  272  231   94
23   30   25   21   20   19   18   17   16   15   14   13   12   11   10    9    8    7    6    5    4    3    2    1    1    1    1    2    2    1    1    2    2    1    4    7    7   10    8   23   30   43  111  225  269  229  100
22   29   25   21   20   18   17   16   15   14   13   12   11   10    9    8    7    6    5    4    3    2    1    1    1    1    2    3    1    1    3    1    4    7    7    9    7   15   29   43  110  214  261  224  107
21   27   24   20   19   18   17   15   14   13   12   11   10    9    8    7    6    5    4    3    2    1    1    1    2    1    1    2    3    2    2    6    6    9    9   14   20   38  107  207  256  226  113
21   26   23   20   19   18   17   15   14   13   12   11   10    9    8    7    6    5    4    3    2    1    1    1    1    1    2    2    3    2    1    6    7    8    8   13   22   33   95  201  250  227  116
20   25   23   19   18   17   16   15   14   12   11   10    9    8    7    6    5    4    3    2    1    1    1    1    1    2    2    1    4    5    4   11    9    9   20   28   89  192  238  232  120
18   25   23   19   16   14   13   12   11   10    9    8    7    6    5    4    3    2    1    1    1    1    4    3    2    4    3   11    8    9   17   27   85  177  230  231  120
19   25   22   19   16   15   14   13   12   11   10    9    8    7    6    5    4    3    2    1    1    1    1    2    2    3    2    3    3    8   11    9   14   24   81  159  237  228  116
19   24   21   19   16   15   14   13   12   11   10    9    8    7    6    5    4    3    2    1    1    1    1    1    3    3    2    2    4    8    9   11   13   18   74  150  234  224  121
17   24   18   15   14   13   12   11   10    9    8    7    6    5    4    3    2    1    1    1    2    2    2    5    1    8   10    7   12   19   64  141  225  224  134
17   23   18   15   14   13   12   11   10    9    8    7    6    5    4    3    2    1    1    1    1    3    1    6    1    7    9    9    9   19   52  139  217  219  135
17   23   18   15   14   13   12   11   10    9    8    7    6    5    4    3    2    1    1    1    1    3    1    6    1    4    8   11    8   19   45  137  194  212  139
17   23   18   15   14   13   12   11   10    9    8    7    6    5    4    3    2    1    1    1    1    2    1    5    2    5    6    8    9   18   42  117  194  202  140
17   21   18   15   14   13   12   11   10    9    8    7    6    5    4    3    2    1    1    1    1    2    1    4    2    5    6    8    8   17   41  100  189  188  143
17   20   17   15   14   13   12   11   10    9    8    7    6    5    4    3    2    1    1    1    1    1    2    3    2    4    8    5    9   18   38   93  175  184  140
17   19   16   15   14   13   12   11   10    9    8    7    6    5    4    3    2    1    1    1    1    1    1    1    3    3    5    9    6   15   34   89  157  189  140
16   19   16   15   13   12   11   10    9    8    7    6    5    4    3    2    1    1    1    1    2    1    3    1    5    8    9   13   25   82  143  189  137
15   19   16   15   13   12   11    9    8    7    6    5    4    3    2    1    1    1    1    2    1    3    4    9    8   12   23   74  141  185  127
15   18   15   13   12   11   10    9    8    7    6    5    4    3    2    1    1    2    1    1    3    1    4    9    6   11   20   63  133  185  129
15   18   15   14   12   11   10    9    8    7    6    5    4    3    2    1    1    1    1    1    2    2    3    8    8   12   16   54  123  183  125
15   18   15   13   12   11   10    9    8    7    6    5    4    3    2    1    1    1    1    1    1    1    4    4   12   10   14   50  118  179  119
15   16   15   13   12   11   10    9    8    7    6    5    4    3    2    1    1    1    1    1    1    1    3    5    9   11   11   44  110  158  120
13   15   13   12   10    9    8    7    6    5    4    3    2    1    2    1    1    1    4    3    9   12    7   34   99  158  118
13   15   14   13   12    9    8    7    6    5    4    3    2    1    1    1    1    1    3    5    7    7    8   30   91  137  109
10   13   12    8    7    6    5    4    3    2    1    1    3    7    5    6    9   23   64  107   85
 9   12    8    7    6    5    4    3    2    1    4    5    4    5    8   23   43   89   77
10   12   11    8    7    6    5    4    3    2    1    3    1    4    3    6    7   19   38   86   75
10   12   11    8    7    6    5    4    3    2    1    3    1    3    2    1    6   11   17   49   46
 9   12   11    8    7    5    4    3    2    1    2    2    2    3    6   11   15   39   40
 9   12   11    8    7    5    4    3    2    1    2    2    2    3    3   10   10   27   34
10   12   11   10    7    6    5    4    3    2    1    1    2    1    4    1    3    8   11   26   32
 8    9    7    6    5    4    3    2    1    3    1    3    3    4   10   17   27
 9    9    8    7    6    5    4    3    2    1    2    1    1    3    2    3    6   19   19
 9    9    8    7    6    5    4    3    2    1    2    1    1    3    1    4    6   19   18
 9    9    8    7    6    5    4    3    2    1    1    1    1    2    2    1    9   18   13
 8    8    7    6    5    4    3    2    1    1    1    1    3    1    6    9   10
 6    7    5    4    3    2    1    2    4    1    3    8    7
 7    7    6    5    4    3    2    1    1    1    1    1    1    5    7
 6    7    5    4    3    2    1    1    1    2    1    3    7
 6    6    5    4    3    2    1    1    1    2    1    3    6
 3    3    2    1    4    1    4
 3    3    2    1    4    1    4
 2    2    1    2    2
 2    2    1    1    2
