# n  list(x)  list(y)
29   44   36   33   31   30   29   26   25   24   23   22   21   20   19   18   17   16   15   14   13   12   11   10    9    8    7    6    5    4    1    2    2    1    1    2    2    2    4    8    5    9   10   15   13   19   24   33   31   38   70   81  104  151  185  394 1140  149    4
29   44   36   33   31   29   26   25   24   23   22   21   20   19   18   17   16   15   14   13   12   11   10    9    8    7    6    5    4    3    1    2    2    1    3    2    2    4    7    6    8    8   14   14   19   25   29   27   43   71   71  101  150  180  389 1084  195   16    1
29   44   36   33   31   29   26   25   24   23   22   21   20   19   18   17   16   15   14   13   12   11   10    9    8    7    6    5    4    3    1    2    2    1    3    2    2    4    5    8    6    7   16   14   15   24   29   25   43   70   70   99  148  178  357 1044  246   28    1
30   43   36   33   32   30   28   26   25   24   23   22   21   20   19   18   17   16   15   14   13   12   11   10    9    8    7    6    5    4    3    1    2    1    1    1    3    2    2    3    5    8    5    9   14   16   11   24   32   22   37   71   69   96  137  177  345  997  290   43    1
31   41   35   33   32   30   28   27   26   25   24   23   22   21   20   19   18   17   16   15   14   13   12   11   10    9    8    7    6    5    4    3    1    2    1    1    1    2    1    1    1    4    6    8    4    9   14   13   12   23   32   22   30   74   61  102  134  176  323  954  327   58    3
31   40   34   33   32   31   30   28   26   25   24   23   22   21   20   19   18   17   16   15   14   13   12   11   10    9    8    7    6    5    4    3    1    1    1    1    1    1    2    1    1    2    6    7    7    7   13   11   13   20   30   20   34   66   58   99  124  190  299  911  373   71    4
31   40   34   33   31   30   28   27   26   25   24   23   22   21   20   19   18   17   16   15   14   13   12   11   10    9    8    7    6    5    4    3    1    1    1    1    1    1    1    1    1    2    3    7    8    8   12   10   16   18   30   17   36   61   56   95  124  185  291  868  394   88   12
28   38   33   30   27   25   24   23   22   21   20   19   18   17   16   15   14   13   12   11   10    9    8    7    6    5    4    3    2    1    2    1    2    1    2    3    4    7   11   10   12   14   18   28   18   31   59   56   90  122  179  286  825  423  102   15    3
27   38   33   30   27   24   23   22   21   20   19   18   17   16   15   14   13   12   11   10    9    8    7    6    5    4    3    2    1    2    1    2    2    4    4    6    9   13   10   13   19   27   17   31   57   53   86  120  173  281  791  435  121   19    3
28   38   33   32   30   27   24   23   22   21   20   19   18   17   16   15   14   13   12   11   10    9    8    7    6    5    4    3    2    1    1    1    1    2    1    4    4    7    7   14    7   14   17   25   20   29   52   52   88  117  163  275  745  465  132   27    4
27   38   32   29   25   24   23   22   21   20   19   18   17   16   15   14   13   12   11   10    9    8    7    6    5    4    3    2    1    2    1    1    2    3    4    3    8   13    5   15   17   26   17   31   45   53   81  117  152  266  705  501  146   28    7
27   37   31   29   25   24   23   22   21   20   19   18   17   16   15   14   13   12   11   10    9    8    7    6    5    4    3    2    1    1    1    1    2    3    4    3    7   11    5   13   18   27   18   25   43   56   78  111  147  242  671  518  177   33    9
27   37   31   29   25   24   23   22   21   20   19   18   17   16   15   14   13   12   11   10    9    8    7    6    5    4    3    2    1    1    1    1    2    2    5    2    7   10    5   11   17   27   19   26   40   54   72  109  146  239  630  541  185   37   10
26   36   31   29   24   23   22   21   20   19   18   17   16   15   14   13   12   11   10    9    8    7    6    5    4    3    2    1    1    1    2    2    5    1    7    9    6   12   14   27   20   26   39   49   76   97  146  235  601  534  200   54   10
26   36   31   29   24   23   22   21   20   19   18   17   16   15   14   13   12   11   10    9    8    7    6    5    4    3    2    1    1    1    2    2    5    1    5    9    6   11   16   24   22   25   34   51   69   96  142  230  578  535  213   60   11
25   36   30   27   24   23   22   20   19   18   17   16   15   14   13   12   11   10    9    8    7    6    5    4    3    2    1    1    1    2    2    5    2   12    5    9   17   19   27   20   33   53   67   93  135  212  558  551  221   68   11
26   36   29   27   24   23   22   21   20   19   18   17   16   15   14   13   12   11   10    9    8    7    6    5    4    3    2    1    1    1    1    2    5    1    2   11    5    9   15   19   30   18   31   52   64   82  128  209  536  550  240   73   14
25   35   29   27   23   22   21   20   19   18   17   16   15   14   13   12   11   10    9    8    7    6    5    4    3    2    1    1    1    1    3    2    3    8    7    6   16   18   26   22   26   48   58   90  113  196  528  544  247   88   22
24   34   29   26   22   21   20   19   18   17   16   15   14   13   12   11   10    9    8    7    6    5    4    3    2    1    1    1    4    2    2    7    7    8   15   16   28   22   22   46   55   85  117  183  513  539  258   91   27
25   34   29   26   22   21   20   19   18   17   16   15   14   13   12   11   10    9    8    7    6    5    4    3    2    1    1    1    1    3    3    1    7    7    9   12   18   26   22   23   43   55   78  116  177  493  529  275   96   28    1
25   34   29   26   22   21   20   19   18   17   16   15   14   13   12   11   10    9    8    7    6    5    4    3    2    1    1    1    1    2    3    1    8    6    8   12   19   23   21   26   35   54   78  110  179  455  538  289   99   30    1
25   34   29   26   22   21   20   19   18   17   16   15   14   13   12   11   10    9    8    7    6    5    4    3    2    1    1    1    1    2    3    1    7    6    7   11   16   25   23   23   36   49   73  106  172  432  520  317  108   33    2
25   34   29   26   22   21   20   19   18   17   16   15   14   13   12   11   10    9    8    7    6    5    4    3    2    1    1    1    1    2    3    1    7    4    7   11   13   26   25   21   36   45   71  104  162  430  504  316  119   36    4
25   34   29   26   22   21   20   19   18   17   16   15   14   13   12   11   10    9    8    7    6    5    4    3    2    1    1    1    1    1    3    2    4    7    5    9   13   25   20   26   29   47   65  102  160  396  496  339  131   37    5
25   34   29   24   22   21   20   19   18   17   16   15   14   13   12   11   10    9    8    7    6    5    4    3    2    1    1    1    1    1    2    2    5    6    5    9   12   25   18   28   24   43   67   96  161  374  482  351  139   41    6
25   33   29   24   22   21   20   19   18   17   16   15   14   13   12   11   10    9    8    7    6    5    4    3    2    1    1    1    1    1    2    1    6    4    6    9    9   27   15   30   20   42   61   91  163  353  469  373  140   41    9
24   33   24   22   21   20   19   18   17   16   15   14   13   12   11   10    9    8    7    6    5    4    3    2    1    1    1    1    1    1    5    5    5    9    5   22   18   28   20   40   55   85  157  330  472  387  147   45   10
24   33   24   22   21   20   19   18   17   16   15   14   13   12   11   10    9    8    7    6    5    4    3    2    1    1    1    1    1    1    3    7    5    9    4   17   18   31   18   39   57   79  149  314  453  396  159   52   10
24   32   24   22   21   20   19   18   17   16   15   14   13   12   11   10    9    8    7    6    5    4    3    2    1    1    1    1    1    1    3    6    5    7    4   19   19   30   15   35   60   75  140  299  444  394  172   58    9
23   32   24   21   20   19   18   17   16   15   14   13   12   11   10    9    8    7    6    5    4    3    2    1    1    1    2    1    3    4    6    5    6   15   17   32   14   34   60   68  134  281  437  392  187   64   10
23   31   24   21   20   19   18   17   16   15   14   13   12   11   10    9    8    7    6    5    4    3    2    1    1    1    1    2    2    4    6    6    4   16   15   30   18   28   57   72  126  266  432  390  187   72   13
22   30   24   20   19   18   17   16   15   14   13   12   11   10    9    8    7    6    5    4    3    2    1    1    1    2    1    6    6    5    2   16   14   29   19   27   53   68  124  242  432  382  200   74   19
22   29   24   20   19   18   17   16   15   14   13   12   11   10    9    8    7    6    5    4    3    2    1    1    1    2    1    4    7    4    4   15   11   27   18   29   50   66  118  227  423  378  213   79   20
22   28   24   20   19   18   17   16   15   14   13   12   11   10    9    8    7    6    5    4    3    2    1    1    1    2    1    4    3    5    6   13   12   25   19   27   48   66  116  209  406  391  217   80   20
22   28   24   20   19   18   17   16   15   14   13   12   11   10    9    8    7    6    5    4    3    2    1    1    1    2    1    4    3    4    6   13   12   22   22   27   42   65  115  198  380  385  236   87   21
22   27   24   20   19   18   17   16   15   14   13   12   11   10    9    8    7    6    5    4    3    2    1    1    1    2    1    3    4    4    6   12   13   18   23   24   40   61  113  192  359  383  240  101   20
22   27   24   20   19   18   17   16   15   14   13   12   11   10    9    8    7    6    5    4    3    2    1    1    1    2    1    3    3    5    5   11   12   17   23   24   39   53  113  179  334  393  252  102   23
22   26   23   20   19   18   17   16   15   14   13   12   11   10    9    8    7    6    5    4    3    2    1    1    1    1    2    2    3    4    5   10   12   14   26   19   37   49  109  166  323  391  254  121   22
21   25   23   20   19   17   16   15   14   13   12   11   10    9    8    7    6    5    4    3    2    1    1    1    1    1    5    4    5    8   13   12   24   17   32   50  105  165  294  388  263  129   28
21   23   21   20   19   17   16   15   14   13   12   11   10    9    8    7    6    5    4    3    2    1    1    1    1    1    3    5    4    8   13    9   27   17   27   53   96  163  286  376  272  128   31
20   22   21   19   17   16   15   14   13   12   11   10    9    8    7    6    5    4    3    2    1    1    1    2    3    3    5    7   12    9   24   17   26   51   88  151  282  363  285  129   38
20   21   19   18   17   16   15   14   13   12   11   10    9    8    7    6    5    4    3    2    1    1    2    1    1    5    4    5    9   12   22   18   26   44   88  138  268  363  293  130   42
20   20   19   18   17   16   15   14   13   12   11   10    9    8    7    6    5    4    3    2    1    1    1    2    1    3    4    3   11   11   19   19   21   45   81  135  250  351  314  125   48
19   19   18   17   16   15   14   13   12   11   10    9    8    7    6    5    4    3    2    1    2    2    1    1    6    2    8   10   19   13   27   40   65  137  238  352  304  143   48
19   19   18   17   16   15   14   13   12   11   10    9    8    7    6    5    4    3    2    1    1    3    1    1    6    1    7    9   20   10   27   34   67  132  222  348  310  145   47
19   19   18   17   16   15   14   13   12   11   10    9    8    7    6    5    4    3    2    1    1    2    2    1    3    3    5   10   20   11   25   33   62  123  218  348  303  150   45
19   19   18   17   16   15   14   13   12   11   10    9    8    7    6    5    4    3    2    1    1    2    1    1    1    4    4   10   18   11   27   32   56  115  204  335  310  156   48
19   19   18   17   16   15   14   13   12   11   10    9    8    7    6    5    4    3    2    1    1    1    1    1    2    2    4    9   18   11   28   30   54  106  195  324  303  169   52
19   19   18   17   16   15   14   13   12   11   10    9    8    7    6    5    4    3    2    1    1    1    1    1    2    2    4    8   14   15   24   26   58   96  192  314  296  173   58
17   18   16   15   14   13   12   11   10    9    8    7    6    5    4    3    2    1    2    2    1    2    3    8   13   11   25   24   55   91  181  309  297  168   67
17   17   16   15   14   13   12   11   10    9    8    7    6    5    4    3    2    1    2    2    1    2    3    7   13   12   20   22   58   81  172  289  303  177   68
16   17   16   14   13   12   11   10    9    8    7    6    5    4    3    2    1    2    2    2    4    4   11   14   19   20   60   77  157  278  304  183   69
17   17   16   15   14   13   12   11   10    9    8    7    6    5    4    3    2    1    2    1    1    1    4    3   12   12   18   16   57   69  151  261  304  194   73
17   17   16   15   14   13   12   11   10    9    8    7    6    5    4    3    2    1    2    1    1    1    4    1   12   10   19   15   46   72  137  240  312  204   75
17   17   16   15   14   13   12   11   10    9    8    7    6    5    4    3    2    1    1    1    1    2    4    1   10    9   16   14   43   69  122  227  322  204   81
16   17   16   15   13   12   11   10    9    8    7    6    5    4    3    2    1    1    1    1    4    3   10    9   12   13   38   67  112  212  312  214   86
16   17   16   15   13   12   11   10    9    8    7    6    5    4    3    2    1    1    1    1    2    5    9    9   13   11   36   59  105  198  300  224   95
14   16   15   12   11   10    9    8    7    6    5    4    3    2    1    1    2    4    8   12   10   12   34   53   95  184  295  232  100
13   15   12   11   10    9    8    7    6    5    4    3    2    1    3    2    8    8   12   12   28   56   87  178  285  231   99
13   14   12   11   10    9    8    7    6    5    4    3    2    1    3    2    7    6   12   14   20   54   82  174  266  237   93
14   14   13   12   11   10    9    8    7    6    5    4    3    2    1    2    1    2    6    3   14   13   17   47   82  158  267  227  103
14   14   13   12   11   10    9    8    7    6    5    4    3    2    1    2    1    2    5    3    9   16   15   41   81  150  254  231  105
14   14   13   12   11   10    9    8    7    6    5    4    3    2    1    2    1    2    4    3    9   15   17   37   70  145  233  234  114
14   14   13   12   11   10    9    8    7    6    5    4    3    2    1    2    1    2    2    4    7   18   15   30   68  137  217  234  118
14   14   13   12   11   10    9    8    7    6    5    4    3    2    1    2    1    2    1    4    7   15   16   29   62  123  219  229  122
13   14   12   11   10    9    8    7    6    5    4    3    2    1    2    2    1    4    6   13   16   27   57  114  197  242  121
13   14   12   11   10    9    8    7    6    5    4    3    2    1    2    2    1    4    5   10   16   25   57  107  186  235  117
13   14   13   12   10    9    8    7    6    5    4    3    2    1    1    1    2    3    6   11   14   22   53   98  175  232  121
14   14   13   12   11   10    9    8    7    6    5    4    3    2    1    1    1    1    1    3    3    9   13   22   46   95  168  212  126
13   14   12   11   10    9    8    7    6    5    4    3    2    1    1    2    1    1    3   10    9   22   43   83  164  212  122
10   11   10    8    7    6    5    4    3    2    1    1    3    9    7   21   39   72  152  209  123
10   11   10    8    7    6    5    4    3    2    1    1    3    5   10   10   44   59  139  191  120
10   11   10    8    7    6    5    4    3    2    1    1    3    3   10   11   37   58  118  199  118
11   11   10    9    8    7    6    5    4    3    2    1    1    1    1    1    9    8   38   51   97  184  120
10   11   10    8    7    6    5    4    3    2    1    1    1    2    7    9   32   49   90  175  120
10   11   10    8    7    6    5    4    3    2    1    1    1    2    6    9   31   43   82  176  108
 9   10    8    7    6    5    4    3    2    1    2    1    6    8   27   33   81  151  110
 8   10    7    6    5    4    3    2    1    2    5    8   22   26   63  121   84
 8   10    7    6    5    4    3    2    1    2    4    7   22   25   44  102   74
 8    9    7    6    5    4    3    2    1    1    2    8   17   24   39   85   65
 8    9    7    6    5    4    3    2    1    1    2    8   15   25   38   80   64
 8    9    7    6    5    4    3    2    1    1    2    3   16   17   33   72   64
 8    9    7    6    5    4    3    2    1    1    2    2   12   18   29   63   60
 8    8    7    6    5    4    3    2    1    1    2    1    8   13   24   49   50
 7    7    6    5    4    3    2    1    1    1    6    6   19   31   32
 6    6    5    4    3    2    1    1    4    2    7   11   15
 6    6    5    4    3    2    1    1    2    4    6    8   14
 4    4    3    2    1    1    5    5    7
 4    4    3    2    1    1    5    5    7
 4    4    3    2    1    1    4    6    6
 4    4    3    2    1    1    3    7    5
 4    4    3    2    1    1    2    4    4
 3    3    2    1    3    2    3
 3    3    2    1    3    2    3
 3    3    2    1    1    1    3
 3    3    2    1    1    1    3
 2    2    1    2    2
