# n  list(x)  list(y)
11   14   13   12   11   10    9    8    7    6    5    4    3    4   25  108  222  426  786  459  330  133    4
12   14   13   12   11   10    9    8    7    6    5    4    3    2    5   22  100  212  413  748  469  350  138   15    1
12   14   13   12   11   10    9    8    7    6    5    4    3    1    6   14   99  201  396  692  520  350  148   20    3
12   14   13   12   11   10    9    8    7    6    5    4    3    1    5   12   92  182  386  664  535  353  167   25    3
12   14   13   12   11   10    9    8    7    6    5    4    3    1    3   12   83  171  368  631  558  355  181   34    3
12   14   13   12   11   10    9    8    7    6    5    4    3    1    3   11   74  162  346  600  568  363  198   46    3
12   14   13   12   11   10    9    8    7    6    5    4    3    1    3   10   69  150  330  584  564  366  213   55    5
12   14   13   12   11   10    9    8    7    6    5    4    3    1    2    9   63  141  308  550  574  384  222   66    5
13   14   13   12   11   10    9    8    7    6    5    4    3    2    1    2    8   59  133  294  517  570  404  227   78    6    1
13   14   13   12   11   10    9    8    7    6    5    4    3    2    1    2    8   52  124  282  484  560  434  225   94    7    2
12   13   12   11   10    9    8    7    6    5    4    3    2    3    8   49  112  268  469  541  443  245   98   12    2
12   13   12   11   10    9    8    7    6    5    4    3    2    3    7   43  100  252  448  539  457  260   99   15    2
13   13   12   11   10    9    8    7    6    5    4    3    2    1    2    7   43   91  243  432  524  455  269  110   20    3    1
13   13   12   11   10    9    8    7    6    5    4    3    2    1    2    4   42   83  232  418  499  464  284  118   24    4    1
13   13   12   11   10    9    8    7    6    5    4    3    2    1    2    2   38   77  222  395  494  468  289  130   28    4    1
13   13   12   11   10    9    8    7    6    5    4    3    2    1    2    2   34   73  205  379  482  475  293  140   33    6    1
13   13   12   11   10    9    8    7    6    5    4    3    2    1    2    2   31   72  185  371  462  469  310  151   36    7    2
13   13   12   11   10    9    8    7    6    5    4    3    2    1    1    2   28   61  174  364  428  472  334  157   44    7    3
13   13   12   11   10    9    8    7    6    5    4    3    2    1    1    2   24   56  164  333  430  457  353  175   45    7    3
13   13   12   11   10    9    8    7    6    5    4    3    2    1    1    2   22   51  144  319  426  453  358  187   48   11    3
12   13   11   10    9    8    7    6    5    4    3    2    1    1   18   50  128  301  420  449  369  197   53   11    3
12   13   11   10    9    8    7    6    5    4    3    2    1    1   18   45  113  281  413  456  368  209   56   12    1
12   13   11   10    9    8    7    6    5    4    3    2    1    1   11   42  107  262  403  441  386  214   66   13    2
12   13   11   10    9    8    7    6    5    4    3    2    1    1   10   37   98  244  386  437  399  221   72   16    2
12   13   11   10    9    8    7    6    5    4    3    2    1    1   10   31   94  228  367  440  399  229   74   22    3
12   13   11   10    9    8    7    6    5    4    3    2    1    1    9   24   89  212  362  425  408  238   78   24    3
12   13   11   10    9    8    7    6    5    4    3    2    1    1    7   20   84  187  361  423  403  252   78   28    4
12   13   11   10    9    8    7    6    5    4    3    2    1    1    7   16   76  173  338  423  404  264   86   31    4
12   13   11   10    9    8    7    6    5    4    3    2    1    1    4   18   65  163  319  419  402  278   90   34    5
12   13   11   10    9    8    7    6    5    4    3    2    1    1    4   18   53  154  307  402  397  288  106   37    6
12   13   11   10    9    8    7    6    5    4    3    2    1    1    3   16   51  142  291  392  389  293  124   39    7
12   13   11   10    9    8    7    6    5    4    3    2    1    1    3   14   43  127  295  384  378  292  134   44    8
12   13   11   10    9    8    7    6    5    4    3    2    1    1    3   12   40  120  271  381  370  295  145   52    8
12   13   11   10    9    8    7    6    5    4    3    2    1    1    3   12   38  114  260  364  373  292  152   54    9
12   13   11   10    9    8    7    6    5    4    3    2    1    1    3   11   33  101  250  346  370  301  164   56   11
12   13   11   10    9    8    7    6    5    4    3    2    1    1    2   11   29   88  233  327  386  299  173   57   16
11   13   10    9    8    7    6    5    4    3    2    1    1   10   26   82  216  317  379  298  187   61   19
11   13   10    9    8    7    6    5    4    3    2    1    1    9   26   73  204  311  355  305  197   69   21
11   13   10    9    8    7    6    5    4    3    2    1    1    8   25   63  189  305  353  305  196   79   22
11   13   10    9    8    7    6    5    4    3    2    1    1    6   24   58  179  295  338  307  204   83   26
11   12   10    9    8    7    6    5    4    3    2    1    1    6   17   58  161  281  335  311  207   91   28
11   12   10    9    8    7    6    5    4    3    2    1    1    5   15   54  143  267  319  322  225   90   30
11   12   10    9    8    7    6    5    4    3    2    1    1    4   13   48  134  250  317  319  231   98   31
11   12   10    9    8    7    6    5    4    3    2    1    1    3   12   44  124  231  310  317  236  106   34
11   12   10    9    8    7    6    5    4    3    2    1    1    2   11   38  111  222  306  299  255  111   37
11   11   10    9    8    7    6    5    4    3    2    1    1    1   12   34   97  220  280  308  260  117   36
11   11   10    9    8    7    6    5    4    3    2    1    1    1   12   25   82  219  274  295  268  122   37
10   11    9    8    7    6    5    4    3    2    1    1   11   23   77  208  264  290  269  124   44
10   11    9    8    7    6    5    4    3    2    1    1   11   19   69  199  254  285  261  140   46
10   11    9    8    7    6    5    4    3    2    1    1    7   16   59  180  247  289  264  147   46
10   10    9    8    7    6    5    4    3    2    1    1    7   13   54  167  237  274  266  161   50
10   10    9    8    7    6    5    4    3    2    1    1    5   12   44  158  229  270  270  165   52
10   10    9    8    7    6    5    4    3    2    1    1    4   12   34  136  216  278  266  174   56
10   10    9    8    7    6    5    4    3    2    1    1    3   10   33  124  201  271  260  183   65
10   10    9    8    7    6    5    4    3    2    1    1    3    9   31  116  190  252  275  181   67
 9    9    8    7    6    5    4    3    2    1    4    9   28  106  180  238  275  185   75
 9    9    8    7    6    5    4    3    2    1    3    9   20   95  185  223  267  187   83
 9    9    8    7    6    5    4    3    2    1    3    9   19   77  184  209  268  190   90
 9    9    8    7    6    5    4    3    2    1    3    5   17   63  175  208  256  204   89
 9    9    8    7    6    5    4    3    2    1    3    3   15   59  159  199  255  206   90
 9    9    8    7    6    5    4    3    2    1    3    2   15   48  154  184  256  212   92
 9    9    8    7    6    5    4    3    2    1    3    1   12   48  132  179  248  215   95
 9    9    8    7    6    5    4    3    2    1    3    1   11   48  116  167  242  218  102
 9    9    8    7    6    5    4    3    2    1    3    1   11   41   99  164  231  205  106
 9    9    8    7    6    5    4    3    2    1    2    2    9   35   88  155  223  211  110
 9    9    8    7    6    5    4    3    2    1    2    1    9   32   77  145  196  191  112
 8    8    7    6    5    4    3    2    1    3    6   26   65  138  187  177  102
 7    7    6    5    4    3    2    1    7   18   54  108  146  148   93
 7    7    6    5    4    3    2    1    5   17   44  109  131  131   82
 7    7    6    5    4    3    2    1    3   15   41   90  128  106   72
 7    7    6    5    4    3    2    1    2    9   30   62   85   84   51
 7    7    6    5    4    3    2    1    2    8   21   58   83   78   50
 7    7    6    5    4    3    2    1    1    6   20   38   49   52   34
 7    7    6    5    4    3    2    1    1    5   18   34   53   50   30
 7    7    6    5    4    3    2    1    1    4   11   18   22   27   16
 7    7    6    5    4    3    2    1    1    4   11   17   18   29   14
 7    7    6    5    4    3    2    1    1    4    9   12   13   23   13
 7    7    6    5    4    3    2    1    1    3    8   11   10   26   13
 7    7    6    5    4    3    2    1    1    1    7   13    9   25   15
 6    7    5    4    3    2    1    1    6   12   11   21   18
 6    7    5    4    3    2    1    1    6   12    9   19   18
 6    6    5    4    3    2    1    1    5    8   11   19   18
 6    6    5    4    3    2    1    1    3    7   11   13   18
 6    6    5    4    3    2    1    1    3    7   10   14   17
 6    6    5    4    3    2    1    1    3    3   10   11   13
 5    5    4    3    2    1    1    2    6   12    7
 5    5    4    3    2    1    1    2    2    7    5
 5    5    4    3    2    1    1    2    2    7    5
 4    4    3    2    1    3    2    5    6
 4    4    3    2    1    3    1    3    5
 4    4    3    2    1    1    2    1    6
 3    3    2    1    3    1    5
 3    3    2    1    3    1    5
 3    3    2    1    1    3    3
 2    2    1    2    2
 2    2    1    1    2
 2    2    1    1    2
